1436261400000 39.93
1436261460000 39.995
1436261520000 40.109
1436261580000 40.29
1436261640000 40.13
1436261700000 39.99
1436261760000 40.2297
1436261820000 40.22
1436261880000 40.06
1436261940000 40.11
1436262000000 40.03
1436262060000 39.83
1436262120000 39.8654
1436262180000 39.89
1436262240000 39.88
1436262300000 39.854
1436262360000 39.79
1436262420000 39.8746
1436262480000 39.96
1436262540000 39.98
1436262600000 39.97
1436262660000 39.85
1436262720000 39.83
1436262780000 39.88
1436262840000 39.82
1436262900000 39.83
1436262960000 39.76
1436263020000 39.77
1436263080000 39.7
1436263140000 39.52
1436263200000 39.46
1436263260000 39.55
1436263320000 39.64
1436263380000 39.705
1436263440000 39.59
1436263500000 39.57
1436263560000 39.57
1436263620000 39.61
1436263680000 39.51
1436263740000 39.55
1436263800000 39.63
1436263860000 39.65
1436263920000 39.69
1436263980000 39.82
1436264040000 39.93
1436264100000 39.85
1436264160000 39.79
1436264220000 39.8835
1436264280000 39.86
1436264340000 39.9036
1436264400000 39.91
1436264460000 39.82
1436264520000 39.82
1436264580000 39.87
1436264640000 39.8699
1436264700000 39.89
1436264760000 39.84
1436264820000 39.8
1436264880000 39.73
1436264940000 39.85
1436265000000 39.83
1436265060000 39.75
1436265120000 39.73
1436265180000 39.7205
1436265240000 39.69
1436265300000 39.7199
1436265360000 39.62
1436265420000 39.64
1436265480000 39.5464
1436265540000 39.48
1436265600000 39.48
1436265660000 39.341
1436265720000 39.3801
1436265780000 39.4199
1436265840000 39.38
1436265900000 39.545
1436265960000 39.52
1436266020000 39.562
1436266080000 39.61
1436266140000 39.61
1436266200000 39.626
1436266260000 39.58
1436266320000 39.6
1436266380000 39.63
1436266440000 39.59
1436266500000 39.5846
1436266560000 39.48
1436266620000 39.49
1436266680000 39.44
1436266740000 39.4
1436266800000 39.36
1436266860000 39.3001
1436266920000 39.3181
1436266980000 39.36
1436267040000 39.37
1436267100000 39.3536
1436267160000 39.35
1436267220000 39.33
1436267280000 39.33
1436267340000 39.39
1436267400000 39.39
1436267460000 39.45
1436267520000 39.46
1436267580000 39.475
1436267640000 39.436
1436267700000 39.4
1436267760000 39.41
1436267820000 39.467
1436267880000 39.405
1436267940000 39.3999
1436268000000 39.39
1436268060000 39.4
1436268120000 39.35
1436268180000 39.43
1436268240000 39.42
1436268300000 39.4
1436268360000 39.37
1436268420000 39.35
1436268480000 39.47
1436268540000 39.44
1436268600000 39.43
1436268660000 39.38
1436268720000 39.3881
1436268780000 39.41
1436268840000 39.33
1436268900000 39.3049
1436268960000 39.29
1436269020000 39.39
1436269080000 39.37
1436269140000 39.42
1436269200000 39.49
1436269260000 39.54
1436269320000 39.54
1436269380000 39.6
1436269440000 39.59
1436269500000 39.62
1436269560000 39.58
1436269620000 39.5101
1436269680000 39.56
1436269740000 39.45
1436269800000 39.4
1436269860000 39.42
1436269920000 39.46
1436269980000 39.486
1436270040000 39.45
1436270100000 39.5
1436270160000 39.57
1436270220000 39.66
1436270280000 39.65
1436270340000 39.65
1436270400000 39.6399
1436270460000 39.6199
1436270520000 39.6
1436270580000 39.6235
1436270640000 39.63
1436270700000 39.66
1436270760000 39.66
1436270820000 39.64
1436270880000 39.66
1436270940000 39.675
1436271000000 39.67
1436271060000 39.64
1436271120000 39.66
1436271180000 39.68
1436271240000 39.62
1436271300000 39.65
1436271360000 39.68
1436271420000 39.67
1436271480000 39.68
1436271540000 39.7451
1436271600000 39.775
1436271660000 39.82
1436271720000 39.8
1436271780000 39.776
1436271840000 39.8
1436271900000 39.81
1436271960000 39.82
1436272020000 39.87
1436272080000 39.9
1436272140000 39.901
1436272200000 39.91
1436272260000 39.91
1436272320000 39.941
1436272380000 39.94
1436272440000 39.94
1436272500000 39.96
1436272560000 39.9001
1436272620000 39.87
1436272680000 39.92
1436272740000 39.93
1436272800000 39.97
1436272860000 40.0068
1436272920000 39.99
1436272980000 39.95
1436273040000 39.95
1436273100000 39.97
1436273160000 40.02
1436273220000 40.03
1436273280000 39.98
1436273340000 39.9799
1436273400000 39.96
1436273460000 39.95
1436273520000 39.911
1436273580000 39.87
1436273640000 39.86
1436273700000 39.9
1436273760000 39.9
1436273820000 39.92
1436273880000 40.0
1436273940000 40.049
1436274000000 40.02
1436274060000 40.02
1436274120000 40.02
1436274180000 39.97
1436274240000 39.996
1436274300000 40.02
1436274360000 40.03
1436274420000 40.0
1436274480000 39.99
1436274540000 40.04
1436274600000 40.06
1436274660000 40.095
1436274720000 40.15
1436274780000 40.2
1436274840000 40.18
1436274900000 40.22
1436274960000 40.17
1436275020000 40.1211
1436275080000 40.11
1436275140000 40.13
1436275200000 40.1364
1436275260000 40.11
1436275320000 40.06
1436275380000 40.07
1436275440000 40.09
1436275500000 40.07
1436275560000 40.08
1436275620000 40.13
1436275680000 40.18
1436275740000 40.2099
1436275800000 40.26
1436275860000 40.265
1436275920000 40.229
1436275980000 40.225
1436276040000 40.205
1436276100000 40.2
1436276160000 40.21
1436276220000 40.175
1436276280000 40.17
1436276340000 40.19
1436276400000 40.19
1436276460000 40.145
1436276520000 40.15
1436276580000 40.17
1436276640000 40.18
1436276700000 40.233
1436276760000 40.25
1436276820000 40.265
1436276880000 40.24
1436276940000 40.24
1436277000000 40.25
1436277060000 40.2426
1436277120000 40.255
1436277180000 40.167
1436277240000 40.19
1436277300000 40.21
1436277360000 40.23
1436277420000 40.26
1436277480000 40.22
1436277540000 40.19
1436277600000 40.2
1436277660000 40.24
1436277720000 40.2251
1436277780000 40.24
1436277840000 40.26
1436277900000 40.26
1436277960000 40.26
1436278020000 40.23
1436278080000 40.18
1436278140000 40.21
1436278200000 40.18
1436278260000 40.16
1436278320000 40.165
1436278380000 40.1648
1436278440000 40.19
1436278500000 40.21
1436278560000 40.19
1436278620000 40.15
1436278680000 40.1699
1436278740000 40.1135
1436278800000 40.1
1436278860000 40.11
1436278920000 40.07
1436278980000 40.08
1436279040000 40.11
1436279100000 40.07
1436279160000 40.07
1436279220000 40.12
1436279280000 40.12
1436279340000 40.1349
1436279400000 40.13
1436279460000 40.1146
1436279520000 40.09
1436279580000 40.11
1436279640000 40.12
1436279700000 40.11
1436279760000 40.13
1436279820000 40.11
1436279880000 40.07
1436279940000 40.12
1436280000000 40.15
1436280060000 40.2
1436280120000 40.26
1436280180000 40.26
1436280240000 40.31
1436280300000 40.37
1436280360000 40.38
1436280420000 40.41
1436280480000 40.4
1436280540000 40.375
1436280600000 40.3149
1436280660000 40.309
1436280720000 40.31
1436280780000 40.28
1436280840000 40.33
1436280900000 40.36
1436280960000 40.345
1436281020000 40.39
1436281080000 40.38
1436281140000 40.523
1436281200000 40.59
1436281260000 40.5849
1436281320000 40.53
1436281380000 40.56
1436281440000 40.49
1436281500000 40.51
1436281560000 40.4793
1436281620000 40.47
1436281680000 40.47
