1436261400000 17.15
1436261640000 16.9
1436261700000 16.91
1436261760000 16.83
1436261820000 16.78
1436261880000 16.67
1436261940000 16.69
1436262000000 16.8
1436262060000 16.79
1436262180000 16.72
1436262240000 16.7
1436262300000 16.76
1436262360000 16.7
1436262420000 16.76
1436262600000 16.73
1436262720000 16.72
1436262840000 16.7432
1436262900000 16.7
1436262960000 16.72
1436263020000 16.71
1436263080000 16.7
1436263140000 16.71
1436263200000 16.69
1436263260000 16.7458
1436263380000 16.7
1436263440000 16.7
1436263500000 16.7
1436263560000 16.7
1436263620000 16.7
1436263680000 16.7
1436263740000 16.706
1436263800000 16.71
1436263860000 16.725
1436263920000 16.72
1436263980000 16.71
1436264040000 16.7
1436264100000 16.72
1436264160000 16.7
1436264220000 16.7
1436264280000 16.7
1436264340000 16.71
1436264460000 16.7
1436264520000 16.71
1436264640000 16.71
1436264700000 16.7
1436264760000 16.38
1436264820000 16.4218
1436264940000 16.425
1436265000000 16.37
1436265060000 16.28
1436265120000 16.235
1436265180000 16.26
1436265240000 16.18
1436265300000 16.21
1436265360000 16.18
1436265420000 16.1
1436265540000 16.01
1436265600000 16.04
1436265720000 16.0
1436265780000 15.94
1436265840000 15.93
1436265900000 15.93
1436266020000 16.0
1436266080000 16.06
1436266140000 16.13
1436266200000 16.15
1436266260000 16.1699
1436266320000 16.2
1436266380000 16.29
1436266440000 16.34
1436266500000 16.36
1436266560000 16.37
1436266620000 16.38
1436266740000 16.37
1436266800000 16.3728
1436266860000 16.38
1436266920000 16.35
1436267100000 16.37
1436267160000 16.37
1436267220000 16.37
1436267280000 16.38
1436267340000 16.375
1436267580000 16.38
1436267640000 16.38
1436267700000 16.38
1436267760000 16.45
1436267880000 16.47
1436268000000 16.39
1436268060000 16.35
1436268240000 16.314
1436268300000 16.35
1436268360000 16.39
1436268480000 16.44
1436268720000 16.34
1436268780000 16.23
1436268840000 16.13
1436268900000 16.1
1436269020000 16.11
1436269080000 16.17
1436269140000 16.18
1436269260000 16.26
1436269320000 16.26
1436269380000 16.31
1436269440000 16.36
1436269500000 16.38
1436269560000 16.33
1436269620000 16.32
1436269680000 16.35
1436269920000 16.39
1436269980000 16.3424
1436270160000 16.45
1436270220000 16.5
1436270280000 16.61
1436270340000 16.52
1436270520000 16.45
1436270580000 16.48
1436270700000 16.5628
1436270760000 16.52
1436270820000 16.52
1436271000000 16.54
1436271060000 16.46
1436271120000 16.47
1436271420000 16.47
1436271960000 16.46
1436272080000 16.46
1436272140000 16.455
1436272200000 16.45
1436272260000 16.48
1436272320000 16.47
1436272440000 16.48
1436272500000 16.5
1436272620000 16.6
1436272740000 16.6
1436272920000 16.67
1436272980000 16.68
1436273100000 16.655
1436273220000 16.73
1436273280000 16.84
1436273520000 16.79
1436273640000 16.79
1436273700000 16.83
1436273820000 16.82
1436273880000 16.87
1436274120000 16.85
1436274240000 16.84
1436274300000 16.84
1436274480000 16.81
1436274540000 16.81
1436274660000 16.85
1436274780000 16.87
1436274840000 16.88
1436274960000 16.91
1436275200000 16.83
1436275260000 16.8
1436275380000 16.79
1436275500000 16.7806
1436275620000 16.76
1436275920000 16.79
1436276040000 16.8
1436276220000 16.84
1436276280000 16.84
1436276640000 16.85
1436276760000 16.89
1436276820000 16.88
1436276940000 16.8724
1436277120000 16.91
1436277420000 16.91
1436277480000 16.91
1436277660000 16.9
1436277720000 16.9
1436277780000 16.95
1436277960000 16.88
1436278080000 16.84
1436278140000 16.81
1436278200000 16.85
1436278260000 16.89
1436278320000 16.89
1436278680000 16.89
1436278740000 16.84
1436278920000 16.8
1436278980000 16.8
1436279040000 16.75
1436279340000 16.79
1436279400000 16.8
1436279460000 16.8
1436279580000 16.83
1436279640000 16.89
1436279700000 16.83
1436279880000 16.82
1436280060000 16.89
1436280180000 16.97
1436280240000 17.0
1436280300000 17.05
1436280420000 17.08
1436280480000 17.03
1436280660000 17.05
1436280720000 17.03
1436280840000 17.01
1436280900000 17.0
1436281080000 17.03
1436281140000 17.1296
1436281200000 17.14
1436281320000 17.13
1436281380000 17.08
1436281440000 17.09
1436281500000 17.07
1436281560000 17.02
