1436261400000 22.76
1436261760000 22.65
1436261940000 22.41
1436262240000 22.41
1436262300000 22.5
1436262660000 22.49
1436262720000 22.57
1436263080000 22.49
1436263200000 22.49
1436263560000 22.5
1436264100000 22.56
1436264760000 22.49
1436264880000 22.49
1436264940000 22.49
1436265120000 22.423
1436265240000 22.41
1436265360000 22.39
1436265420000 22.395
1436265480000 22.37
1436265540000 22.38
1436265600000 22.42
1436265660000 22.44
1436265720000 22.43
1436265840000 22.445
1436265900000 22.47
1436265960000 22.51
1436266020000 22.53
1436266080000 22.54
1436266140000 22.55
1436266200000 22.59
1436266260000 22.57
1436266320000 22.56
1436266380000 22.53
1436266440000 22.55
1436266500000 22.54
1436266560000 22.54
1436266800000 22.53
1436266980000 22.5
1436267520000 22.44
1436267580000 22.44
1436267820000 22.43
1436268060000 22.42
1436268240000 22.425
1436268360000 22.425
1436268540000 22.41
1436268600000 22.4
1436268780000 22.39
1436268840000 22.36
1436269080000 22.35
1436269320000 22.44
1436269440000 22.45
1436269740000 22.45
1436269920000 22.4
1436270160000 22.45
1436270220000 22.55
1436270280000 22.5
1436270520000 22.47
1436270820000 22.48
1436271060000 22.49
1436271240000 22.44
1436271540000 22.43
1436271660000 22.39
1436271840000 22.41
1436271900000 22.41
1436271960000 22.46
1436272320000 22.49
1436272680000 22.5
1436272920000 22.55
1436273040000 22.58
1436273520000 22.57
1436273580000 22.54
1436273640000 22.57
1436273940000 22.57
1436274180000 22.57
1436274240000 22.6
1436274300000 22.58
1436274360000 22.57
1436274780000 22.595
1436275380000 22.6
1436275740000 22.56
1436275860000 22.555
1436276580000 22.58
1436276640000 22.59
1436277120000 22.57
1436277840000 22.46
1436277900000 22.44
1436278020000 22.46
1436278260000 22.465
1436278320000 22.49
1436278440000 22.49
1436278680000 22.5
1436278740000 22.5
1436278800000 22.49
1436278920000 22.48
1436278980000 22.49
1436279280000 22.49
1436279340000 22.49
1436279460000 22.53
1436279580000 22.53
1436279880000 22.55
1436280000000 22.56
1436280060000 22.58
1436280180000 22.63
1436280360000 22.64
1436280420000 22.65
1436280480000 22.63
1436280540000 22.61
1436280840000 22.62
1436280960000 22.57
1436281080000 22.62
1436281140000 22.69
1436281200000 22.66
1436281260000 22.66
1436281320000 22.66
1436281500000 22.61
