1436261400000 54.71
1436261460000 54.69
1436261640000 54.45
1436261700000 54.46
1436261880000 54.4
1436261940000 54.26
1436262180000 54.26
1436262240000 54.16
1436262300000 54.12
1436262360000 53.94
1436262420000 53.99
1436262540000 54.11
1436262600000 54.1
1436262660000 54.11
1436262720000 54.28
1436262780000 54.38
1436262840000 54.4
1436262900000 54.405
1436262960000 54.21
1436263020000 54.1936
1436263140000 53.8601
1436263260000 53.83
1436263380000 53.95
1436263560000 53.84
1436263620000 53.84
1436263680000 53.74
1436263800000 53.93
1436263920000 53.94
1436263980000 54.0
1436264040000 54.03
1436264220000 53.98
1436264280000 53.96
1436264340000 54.06
1436264460000 54.07
1436264520000 54.2
1436264640000 54.19
1436264700000 54.11
1436264760000 53.94
1436264880000 53.93
1436264940000 53.885
1436265000000 53.89
1436265060000 53.76
1436265120000 53.77
1436265180000 53.79
1436265300000 53.91
1436265360000 53.8375
1436265420000 53.93
1436265480000 53.93
1436265540000 53.9
1436265600000 53.92
1436265660000 53.8525
1436265720000 53.87
1436265840000 53.83
1436265900000 53.83
1436265960000 53.96
1436266020000 54.06
1436266080000 53.97
1436266200000 54.05
1436266260000 54.03
1436266320000 54.13
1436266380000 54.13
1436266440000 54.19
1436266500000 54.22
1436266560000 54.08
1436266800000 54.03
1436266860000 53.85
1436266980000 53.81
1436267040000 53.77
1436267100000 53.72
1436267160000 53.64
1436267220000 53.65
1436267280000 53.75
1436267460000 53.85
1436267580000 53.93
1436267640000 53.71
1436267700000 53.71
1436267760000 53.82
1436267880000 53.73
1436267940000 53.8
1436268000000 53.63
1436268060000 53.63
1436268120000 53.51
1436268180000 53.57
1436268240000 53.56
1436268300000 53.53
1436268420000 53.53
1436268480000 53.49
1436268540000 53.46
1436268660000 53.42
1436268720000 53.4
1436268780000 53.37
1436268840000 53.37
1436268900000 53.27
1436268960000 53.27
1436269020000 53.37
1436269140000 53.45
1436269320000 53.6
1436269380000 53.67
1436269440000 53.72
1436269500000 53.68
1436269560000 53.73
1436269620000 53.63
1436269800000 53.58
1436269860000 53.58
1436269920000 53.58
1436270040000 53.574
1436270100000 53.57
1436270160000 53.64
1436270220000 53.8
1436270280000 53.87
1436270340000 53.88
1436270400000 53.83
1436270460000 53.857
1436270520000 53.79
1436270580000 53.83
1436270640000 53.77
1436270700000 53.76
1436270760000 53.72
1436271060000 53.65
1436271180000 53.66
1436271240000 53.66
1436271360000 53.55
1436271480000 53.51
1436271540000 53.55
1436271720000 53.54
1436271780000 53.5
1436271900000 53.51
1436271960000 53.5
1436272020000 53.52
1436272080000 53.53
1436272140000 53.55
1436272260000 53.5
1436272380000 53.58
1436272440000 53.51
1436272560000 53.51
1436272680000 53.51
1436272860000 53.59
1436272920000 53.63
1436272980000 53.61
1436273040000 53.55
1436273100000 53.5454
1436273340000 53.74
1436273400000 53.74
1436273580000 53.8
1436273640000 53.8
1436273700000 53.81
1436273760000 53.87
1436273820000 53.84
1436273880000 53.89
1436273940000 54.07
1436274060000 54.06
1436274120000 53.95
1436274180000 53.91
1436274240000 53.92
1436274300000 53.93
1436274360000 53.91
1436274420000 53.92
1436274480000 53.93
1436274540000 53.94
1436274600000 53.98
1436274660000 54.02
1436274720000 54.11
1436274780000 54.16
1436274840000 54.18
1436274900000 54.21
1436274960000 54.08
1436275020000 53.97
1436275080000 53.94
1436275140000 54.03
1436275320000 54.06
1436275380000 54.08
1436275440000 54.08
1436275560000 54.11
1436275680000 54.12
1436275740000 54.16
1436275860000 54.16
1436275920000 54.11
1436275980000 54.06
1436276040000 53.96
1436276160000 54.02
1436276220000 54.035
1436276280000 54.05
1436276340000 54.08
1436276400000 54.11
1436276460000 54.15
1436276580000 54.11
1436276640000 54.1
1436276700000 54.24
1436276760000 54.32
1436276880000 54.19
1436277000000 54.15
1436277060000 54.15
1436277120000 54.09
1436277180000 54.07
1436277240000 54.11
1436277360000 54.14
1436277480000 54.13
1436277540000 54.13
1436277600000 54.13
1436277660000 54.01
1436277720000 54.02
1436277780000 54.03
1436277900000 53.98
1436277960000 53.9701
1436278080000 54.05
1436278140000 54.0
1436278200000 54.06
1436278260000 54.09
1436278320000 54.12
1436278440000 54.16
1436278560000 54.11
1436278680000 54.06
1436278740000 53.98
1436278800000 54.05
1436278860000 54.1
1436279100000 53.97
1436279160000 53.94
1436279220000 53.917
1436279280000 53.92
1436279340000 53.9
1436279400000 53.85
1436279520000 53.87
1436279640000 53.85
1436279700000 53.8
1436279820000 53.77
1436279880000 53.8
1436280000000 53.83
1436280060000 53.87
1436280180000 53.91
1436280240000 54.1
1436280300000 54.1
1436280360000 54.09
1436280420000 54.1
1436280480000 54.12
1436280540000 54.09
1436280780000 54.07
1436280840000 54.11
1436280900000 54.08
1436280960000 54.1
1436281020000 54.16
1436281080000 54.21
1436281140000 54.31
1436281200000 54.37
1436281260000 54.37
1436281440000 54.39
1436281500000 54.38
1436281560000 54.32
