1436261400000 60.3
1436261460000 60.29
1436261520000 60.31
1436261580000 60.305
1436261640000 60.3
1436261700000 60.295
1436261760000 60.19
1436261820000 60.2
1436261880000 60.17
1436261940000 60.225
1436262000000 60.25
1436262060000 60.22
1436262120000 60.23
1436262180000 60.25
1436262240000 60.26
1436262300000 60.27
1436262360000 60.26
1436262420000 60.275
1436262480000 60.29
1436262540000 60.29
1436262600000 60.29
1436262660000 60.27
1436262720000 60.3
1436262780000 60.325
1436262840000 60.325
1436262900000 60.32
1436262960000 60.28
1436263020000 60.28
1436263080000 60.235
1436263140000 60.21
1436263200000 60.2
1436263260000 60.2054
1436263320000 60.22
1436263380000 60.22
1436263440000 60.2
1436263500000 60.21
1436263560000 60.21
1436263620000 60.19
1436263680000 60.09
1436263740000 60.08
1436263800000 60.1028
1436263860000 60.121
1436263920000 60.13
1436263980000 60.13
1436264040000 60.12
1436264100000 60.12
1436264160000 60.05
1436264220000 60.05
1436264280000 60.07
1436264340000 60.08
1436264400000 60.08
1436264460000 60.07
1436264520000 60.09
1436264580000 60.1
1436264640000 60.07
1436264700000 60.075
1436264760000 60.04
1436264820000 60.02
1436264880000 59.97
1436264940000 59.96
1436265000000 59.93
1436265060000 59.9
1436265120000 59.86
1436265180000 59.86
1436265240000 59.845
1436265300000 59.84
1436265360000 59.875
1436265420000 59.861
1436265480000 59.85
1436265540000 59.82
1436265600000 59.8
1436265660000 59.79
1436265720000 59.72
1436265780000 59.71
1436265840000 59.71
1436265900000 59.71
1436265960000 59.7
1436266020000 59.76
1436266080000 59.81
1436266140000 59.81
1436266200000 59.79
1436266260000 59.78
1436266320000 59.84
1436266380000 59.83
1436266440000 59.86
1436266500000 59.89
1436266560000 59.8551
1436266620000 59.8528
1436266680000 59.8
1436266740000 59.82
1436266800000 59.8221
1436266860000 59.82
1436266920000 59.83
1436266980000 59.835
1436267040000 59.77
1436267100000 59.7325
1436267160000 59.7125
1436267220000 59.725
1436267280000 59.71
1436267340000 59.72
1436267400000 59.715
1436267460000 59.73
1436267520000 59.745
1436267580000 59.781
1436267640000 59.76
1436267700000 59.76
1436267760000 59.8
1436267820000 59.795
1436267880000 59.8
1436267940000 59.78
1436268000000 59.801
1436268060000 59.77
1436268120000 59.77
1436268180000 59.79
1436268240000 59.81
1436268300000 59.78
1436268360000 59.74
1436268420000 59.74
1436268480000 59.771
1436268540000 59.75
1436268600000 59.74
1436268660000 59.7
1436268720000 59.74
1436268780000 59.72
1436268840000 59.691
1436268900000 59.7
1436268960000 59.68
1436269020000 59.7
1436269080000 59.7
1436269140000 59.73
1436269200000 59.75
1436269260000 59.78
1436269320000 59.78
1436269380000 59.81
1436269440000 59.84
1436269500000 59.84
1436269560000 59.83
1436269620000 59.835
1436269680000 59.86
1436269740000 59.84
1436269800000 59.845
1436269860000 59.84
1436269920000 59.83
1436269980000 59.821
1436270040000 59.83
1436270100000 59.85
1436270160000 59.92
1436270220000 60.0
1436270280000 59.98
1436270340000 59.96
1436270400000 59.961
1436270460000 59.99
1436270580000 59.99
1436270640000 59.9786
1436270700000 60.0
1436270760000 60.001
1436270820000 59.981
1436270880000 59.99
1436270940000 60.0
1436271000000 60.01
1436271060000 60.01
1436271120000 59.95
1436271180000 59.935
1436271240000 59.96
1436271300000 59.98
1436271360000 60.0
1436271420000 59.95
1436271480000 59.94
1436271540000 59.955
1436271600000 59.96
1436271660000 59.99
1436271720000 59.985
1436271780000 59.99
1436271840000 59.99
1436271900000 59.98
1436271960000 59.96
1436272020000 59.98
1436272140000 60.0
1436272200000 59.985
1436272260000 59.995
1436272320000 60.03
1436272380000 60.05
1436272440000 60.07
1436272500000 60.06
1436272560000 60.06
1436272620000 60.07
1436272680000 60.07
1436272740000 60.1
1436272800000 60.11
1436272860000 60.08
1436272920000 60.08
1436272980000 60.12
1436273040000 60.09
1436273100000 60.12
1436273160000 60.17
1436273220000 60.18
1436273280000 60.15
1436273340000 60.14
1436273400000 60.14
1436273460000 60.15
1436273520000 60.16
1436273580000 60.131
1436273640000 60.14
1436273700000 60.2
1436273760000 60.185
1436273820000 60.17
1436273880000 60.21
1436273940000 60.215
1436274000000 60.22
1436274060000 60.24
1436274120000 60.185
1436274180000 60.135
1436274240000 60.15
1436274300000 60.15
1436274360000 60.135
1436274420000 60.095
1436274480000 60.11
1436274540000 60.1399
1436274600000 60.13
1436274660000 60.13
1436274720000 60.19
1436274780000 60.26
1436274840000 60.251
1436274900000 60.3
1436274960000 60.23
1436275020000 60.161
1436275080000 60.16
1436275140000 60.17
1436275200000 60.21
1436275260000 60.182
1436275320000 60.17
1436275380000 60.16
1436275440000 60.191
1436275500000 60.205
1436275560000 60.205
1436275620000 60.205
1436275680000 60.21
1436275740000 60.26
1436275800000 60.3
1436275860000 60.311
1436275920000 60.23
1436275980000 60.245
1436276040000 60.27
1436276100000 60.3
1436276160000 60.285
1436276220000 60.271
1436276280000 60.27
1436276340000 60.271
1436276400000 60.3
1436276460000 60.31
1436276520000 60.33
1436276580000 60.33
1436276640000 60.365
1436276700000 60.44
1436276760000 60.38
1436276820000 60.341
1436276880000 60.34
1436276940000 60.36
1436277000000 60.381
1436277060000 60.33
1436277120000 60.33
1436277180000 60.31
1436277240000 60.275
1436277300000 60.27
1436277360000 60.31
1436277420000 60.365
1436277480000 60.35
1436277540000 60.331
1436277600000 60.34
1436277660000 60.38
1436277720000 60.39
1436277780000 60.34
1436277840000 60.36
1436277900000 60.371
1436277960000 60.35
1436278020000 60.38
1436278080000 60.33
1436278140000 60.32
1436278200000 60.35
1436278260000 60.35
1436278320000 60.32
1436278380000 60.31
1436278440000 60.3051
1436278500000 60.3
1436278560000 60.2846
1436278620000 60.31
1436278680000 60.28
1436278740000 60.235
1436278800000 60.21
1436278860000 60.2103
1436278920000 60.2
1436278980000 60.15
1436279040000 60.21
1436279100000 60.22
1436279160000 60.2
1436279220000 60.201
1436279280000 60.23
1436279340000 60.2
1436279400000 60.21
1436279460000 60.221
1436279520000 60.23
1436279580000 60.26
1436279640000 60.25
1436279700000 60.2
1436279760000 60.26
1436279820000 60.25
1436279880000 60.24
1436279940000 60.33
1436280000000 60.3
1436280060000 60.36
1436280120000 60.4
1436280180000 60.41
1436280240000 60.43
1436280300000 60.46
1436280360000 60.46
1436280420000 60.46
1436280480000 60.46
1436280540000 60.42
1436280600000 60.45
1436280660000 60.39
1436280720000 60.41
1436280780000 60.411
1436280840000 60.46
1436280900000 60.455
1436280960000 60.43
1436281020000 60.47
1436281080000 60.5
1436281140000 60.56
1436281200000 60.535
1436281260000 60.55
1436281320000 60.52
1436281380000 60.52
1436281440000 60.49
1436281500000 60.51
1436281560000 60.46
