1436261400000 25.29
1436261460000 25.37
1436261700000 25.08
1436262360000 25.03
1436262780000 25.0
1436263140000 24.91
1436263200000 24.935
1436263320000 24.98
1436263500000 24.995
1436263620000 25.02
1436263980000 24.99
1436264100000 24.95
1436264400000 24.995
1436265000000 24.93
1436265600000 24.84
1436265660000 24.81
1436265720000 24.785
1436265780000 24.785
1436266020000 24.75
1436266320000 24.8
1436266380000 24.845
1436266440000 24.87
1436266500000 24.91
1436266560000 24.87
1436266680000 24.9594
1436266740000 24.94
1436266800000 24.93
1436266860000 24.94
1436266920000 24.96
1436266980000 24.95
1436267160000 24.92
1436267220000 24.93
1436267280000 24.96
1436267520000 24.95
1436267580000 25.0
1436267760000 24.98
1436267820000 24.96
1436267880000 24.97
1436268060000 24.93
1436268180000 24.94
1436268480000 24.93
1436268780000 24.92
1436268840000 24.91
1436268900000 24.9
1436269080000 24.9
1436269440000 24.97
1436269800000 24.97
1436270160000 24.98
1436270220000 25.03
1436270280000 25.0903
1436270460000 25.05
1436270520000 25.07
1436270700000 25.06
1436271420000 25.06
1436271480000 25.06
1436271600000 25.05
1436272140000 25.02
1436272260000 25.05
1436272680000 25.08
1436272740000 25.08
1436273100000 25.075
1436273220000 25.1
1436273460000 25.13
1436273640000 25.18
1436273760000 25.16
1436273880000 25.17
1436274000000 25.19
1436274120000 25.18
1436274240000 25.19
1436274420000 25.16
1436274840000 25.22
1436275320000 25.18
1436275500000 25.18
1436275560000 25.16
1436275680000 25.17
1436276040000 25.15
1436276400000 25.17
1436276580000 25.19
1436276640000 25.21
1436276700000 25.26
1436276760000 25.25
1436276820000 25.2
1436276880000 25.19
1436277000000 25.21
1436277060000 25.26
1436277300000 25.2336
1436277420000 25.25
1436277720000 25.22
1436278500000 25.2058
1436278620000 25.2
1436278740000 25.18
1436278920000 25.11
1436279040000 25.1
1436279520000 25.1
1436279580000 25.13
1436279760000 25.12
1436280000000 25.12
1436280120000 25.17
1436280180000 25.18
1436280240000 25.24
1436280420000 25.22
1436280480000 25.25
1436280660000 25.21
1436280780000 25.33
1436280840000 25.28
1436281080000 25.33
1436281140000 25.39
1436281200000 25.42
1436281260000 25.47
1436281320000 25.44
1436281380000 25.44
1436281440000 25.495
1436281500000 25.48
1436281560000 25.43
