1436261400000 4.75
1436261460000 4.818
1436261520000 4.68
1436261580000 4.7
1436261640000 4.72
1436261700000 4.68
1436261760000 4.66
1436261820000 4.68
1436261880000 4.69
1436261940000 4.7
1436262000000 4.6999
1436262060000 4.69
1436262240000 4.685
1436262300000 4.695
1436262360000 4.6988
1436262420000 4.695
1436262480000 4.695
1436262540000 4.695
1436262600000 4.7
1436262720000 4.73
1436262780000 4.73
1436262840000 4.72
1436262960000 4.72
1436263020000 4.72
1436263080000 4.72
1436263140000 4.72
1436263320000 4.69
1436263380000 4.67
1436263440000 4.6301
1436263620000 4.64
1436263680000 4.66
1436263740000 4.655
1436263800000 4.6592
1436263860000 4.66
1436263920000 4.659
1436263980000 4.66
1436264040000 4.6488
1436264400000 4.65
1436264460000 4.64
1436264520000 4.65
1436264580000 4.6301
1436264640000 4.64
1436264880000 4.64
1436264940000 4.64
1436265000000 4.64
1436265060000 4.645
1436265180000 4.6399
1436265240000 4.637
1436265300000 4.645
1436265360000 4.6499
1436265420000 4.65
1436265480000 4.65
1436265540000 4.645
1436265660000 4.64
1436265720000 4.64
1436265840000 4.64
1436265900000 4.6099
1436266020000 4.6201
1436266200000 4.63
1436266320000 4.6155
1436266380000 4.62
1436266440000 4.62
1436266560000 4.61
1436266620000 4.6
1436266680000 4.6
1436266920000 4.6094
1436266980000 4.61
1436267040000 4.61
1436267220000 4.6199
1436267280000 4.6388
1436267340000 4.639
1436267400000 4.65
1436267520000 4.64
1436267580000 4.65
1436267700000 4.6459
1436267760000 4.65
1436267940000 4.65
1436268060000 4.65
1436268180000 4.65
1436268300000 4.65
1436268420000 4.64
1436268540000 4.67
1436268960000 4.6501
1436269020000 4.68
1436269140000 4.63
1436269320000 4.64
1436269380000 4.64
1436269500000 4.64
1436269560000 4.6344
1436269680000 4.6
1436269740000 4.639
1436269860000 4.6
1436269920000 4.64
1436270100000 4.61
1436270160000 4.63
1436270220000 4.6
1436270340000 4.63
1436270460000 4.63
1436270580000 4.6356
1436270640000 4.65
1436270760000 4.64
1436270820000 4.6207
1436270880000 4.61
1436270940000 4.61
1436271000000 4.62
1436271060000 4.62
1436271180000 4.61
1436271240000 4.6
1436271360000 4.6
1436271420000 4.605
1436271480000 4.605
1436271540000 4.61
1436271600000 4.6099
1436271660000 4.61
1436271720000 4.61
1436271780000 4.62
1436271840000 4.62
1436271900000 4.62
1436271960000 4.63
1436272140000 4.6
1436272740000 4.605
1436272800000 4.62
1436272860000 4.59
1436272920000 4.605
1436273160000 4.62
1436273460000 4.59
1436273580000 4.61
1436273640000 4.62
1436273700000 4.62
1436273760000 4.6
1436274000000 4.62
1436274060000 4.5928
1436274120000 4.59
1436274720000 4.62
1436274780000 4.61
1436274840000 4.6
1436274900000 4.6
1436275140000 4.6
1436275260000 4.6
1436275380000 4.6
1436275440000 4.6
1436275500000 4.6
1436275680000 4.6
1436275800000 4.6
1436275860000 4.59
1436275980000 4.6
1436276040000 4.6099
1436276100000 4.59
1436276160000 4.61
1436276220000 4.6
1436276340000 4.6
1436276460000 4.61
1436276520000 4.607
1436276580000 4.62
1436276760000 4.6
1436277120000 4.6
1436277240000 4.6
1436277420000 4.61
1436277660000 4.61
1436277840000 4.59
1436277900000 4.6099
1436277960000 4.6
1436278080000 4.6082
1436278140000 4.61
1436278320000 4.59
1436278380000 4.61
1436278440000 4.59
1436278500000 4.59
1436278680000 4.6
1436278740000 4.59
1436279100000 4.6
1436279220000 4.595
1436279340000 4.595
1436279580000 4.59
1436279700000 4.6
1436280000000 4.57
1436280420000 4.57
1436280480000 4.59
1436280540000 4.59
1436280660000 4.59
1436280720000 4.59
1436280780000 4.59
1436280900000 4.59
1436281080000 4.62
1436281200000 4.61
1436281320000 4.6199
1436281380000 4.63
