1436261400000 15.28
1436261460000 15.17
1436261580000 15.17
1436261640000 15.17
1436261760000 15.16
1436262540000 15.26
1436262660000 15.2173
1436262780000 15.25
1436263080000 15.26
1436263620000 15.23
1436264640000 15.1925
1436264940000 15.169
1436265000000 15.183
1436266140000 15.154
1436266800000 15.14
1436267280000 15.1716
1436267940000 15.1651
1436268000000 15.21
1436269680000 15.19
1436270580000 15.21
1436270640000 15.25
1436273580000 15.38
1436273640000 15.4
1436274120000 15.42
1436274420000 15.38
1436274960000 15.41
1436275200000 15.41
1436275440000 15.48
1436275980000 15.5006
1436276340000 15.53
1436276460000 15.54
1436278620000 15.491
1436278740000 15.54
1436278800000 15.49
1436279640000 15.55
1436279760000 15.4717
1436280060000 15.56
1436280300000 15.556
1436280480000 15.6
1436281380000 15.56
