1436261400000 15.28
1436261460000 15.27
1436261520000 15.27
1436261580000 15.34
1436261700000 15.26
1436261760000 15.3097
1436261820000 15.17
1436262000000 15.21
1436262120000 15.28
1436262180000 15.4
1436262240000 15.5
1436262300000 15.48
1436262360000 15.55
1436262420000 15.5
1436262600000 15.5
1436262660000 15.5
1436262720000 15.5499
1436262780000 15.5499
1436262900000 15.56
1436263020000 15.57
1436263140000 15.59
1436263200000 15.57
1436263260000 15.57
1436263380000 15.58
1436263500000 15.54
1436263620000 15.52
1436263740000 15.57
1436263800000 15.57
1436263920000 15.62
1436264040000 15.62
1436264100000 15.66
1436264220000 15.64
1436264340000 15.69
1436264520000 15.62
1436264580000 15.63
1436264760000 15.54
1436264820000 15.52
1436264940000 15.46
1436265000000 15.44
1436265060000 15.411
1436265300000 15.4
1436265360000 15.35
1436265540000 15.37
1436265720000 15.37
1436265780000 15.29
1436265840000 15.27
1436265900000 15.2
1436266080000 15.23
1436266200000 15.21
1436266320000 15.28
1436266380000 15.33
1436266500000 15.35
1436266560000 15.36
1436266620000 15.38
1436266800000 15.37
1436267040000 15.37
1436267160000 15.33
1436267220000 15.28
1436267340000 15.33
1436267400000 15.33
1436267460000 15.36
1436267520000 15.42
1436267580000 15.34
1436267820000 15.4
1436267880000 15.38
1436267940000 15.43
1436268000000 15.33
1436268060000 15.3001
1436268120000 15.325
1436268180000 15.3
1436268540000 15.28
1436268600000 15.23
1436269020000 15.27
1436269140000 15.31
1436269200000 15.37
1436269320000 15.36
1436269560000 15.312
1436269680000 15.34
1436269740000 15.39
1436269800000 15.4
1436269860000 15.36
1436269920000 15.35
1436270040000 15.33
1436270100000 15.37
1436270160000 15.36
1436270520000 15.33
1436270580000 15.34
1436270640000 15.36
1436270700000 15.41
1436270760000 15.41
1436270820000 15.45
1436270940000 15.5
1436271300000 15.46
1436271360000 15.49
1436271540000 15.46
1436271780000 15.5
1436271840000 15.5
1436272080000 15.55
1436272200000 15.48
1436272500000 15.55
1436273100000 15.57
1436273280000 15.67
1436273340000 15.64
1436273460000 15.69
1436273580000 15.63
1436273640000 15.66
1436274000000 15.63
1436274180000 15.61
1436274240000 15.66
1436274300000 15.59
1436274360000 15.58
1436274540000 15.5501
1436274780000 15.59
1436274840000 15.6
1436275020000 15.61
1436275200000 15.57
1436275500000 15.57
1436275560000 15.61
1436275800000 15.58
1436275920000 15.62
1436276400000 15.62
1436276640000 15.68
1436276700000 15.665
1436276820000 15.67
1436276880000 15.64
1436277060000 15.59
1436277120000 15.56
1436277360000 15.56
1436277480000 15.55
1436277540000 15.55
1436277600000 15.55
1436277660000 15.566
1436277720000 15.55
1436277780000 15.5899
1436277900000 15.55
1436278260000 15.586
1436278320000 15.59
1436278440000 15.57
1436278500000 15.56
1436278680000 15.56
1436278740000 15.55
1436278800000 15.57
1436278920000 15.52
1436278980000 15.52
1436279100000 15.47
1436279280000 15.472
1436279340000 15.47
1436279400000 15.47
1436279700000 15.53
1436279760000 15.515
1436279880000 15.53
1436280000000 15.53
1436280180000 15.56
1436280600000 15.6
1436280660000 15.53
1436280840000 15.6
1436281200000 15.54
1436281260000 15.57
1436281440000 15.59
