1436261400000 41.71
1436261460000 41.77
1436261520000 41.8001
1436261580000 41.94
1436261640000 41.9
1436261700000 41.81
1436261760000 41.849
1436261820000 41.788
1436261880000 41.75
1436261940000 41.67
1436262000000 41.72
1436262060000 41.681
1436262120000 41.78
1436262180000 41.77
1436262240000 41.76
1436262300000 41.77
1436262360000 41.65
1436262420000 41.65
1436262480000 41.71
1436262540000 41.72
1436262600000 41.7395
1436262660000 41.6
1436262720000 41.66
1436262780000 41.73
1436262840000 41.74
1436262900000 41.64
1436262960000 41.64
1436263020000 41.64
1436263080000 41.53
1436263200000 41.52
1436263260000 41.46
1436263320000 41.48
1436263380000 41.54
1436263440000 41.49
1436263500000 41.52
1436263560000 41.45
1436263620000 41.39
1436263680000 41.2001
1436263740000 41.19
1436263800000 41.289
1436263860000 41.32
1436263920000 41.33
1436263980000 41.37
1436264040000 41.36
1436264100000 41.26
1436264160000 41.25
1436264220000 41.23
1436264280000 41.27
1436264340000 41.35
1436264400000 41.3
1436264460000 41.2988
1436264520000 41.352
1436264580000 41.3367
1436264640000 41.36
1436264700000 41.35
1436264820000 41.29
1436264880000 41.25
1436264940000 41.32
1436265000000 41.26
1436265060000 41.2594
1436265120000 41.24
1436265180000 41.25
1436265240000 41.11
1436265300000 41.11
1436265360000 41.02
1436265420000 41.05
1436265480000 40.9832
1436265540000 40.9
1436265600000 40.7
1436265660000 40.7799
1436265720000 40.79
1436265780000 40.7001
1436265840000 40.6599
1436265900000 40.8
1436265960000 40.81
1436266020000 41.03
1436266080000 41.04
1436266140000 41.05
1436266200000 41.0
1436266260000 40.9
1436266320000 40.94
1436266380000 41.13
1436266440000 41.2
1436266500000 41.26
1436266560000 41.13
1436266620000 41.17
1436266680000 41.193
1436266740000 41.12
1436266800000 41.13
1436266860000 41.04
1436266920000 41.05
1436266980000 41.07
1436267040000 41.12
1436267100000 41.09
1436267160000 41.05
1436267220000 41.1
1436267280000 41.09
1436267340000 41.07
1436267400000 41.08
1436267460000 41.13
1436267520000 41.11
1436267580000 41.14
1436267640000 41.09
1436267700000 41.13
1436267760000 41.14
1436267820000 41.15
1436267880000 41.1
1436267940000 41.09
1436268000000 41.09
1436268060000 41.08
1436268120000 40.99
1436268180000 41.05
1436268240000 41.07
1436268480000 41.16
1436268540000 41.1
1436268600000 41.04
1436268660000 40.97
1436268720000 40.92
1436268780000 40.87
1436268840000 40.86
1436268900000 40.76
1436268960000 40.73
1436269020000 40.75
1436269080000 40.75
1436269140000 40.9
1436269200000 40.95
1436269260000 41.0346
1436269320000 40.99
1436269380000 41.0
1436269440000 41.05
1436269500000 41.09
1436269680000 40.96
1436269740000 40.934
1436269800000 40.8935
1436269860000 40.86
1436269920000 40.84
1436269980000 40.85
1436270040000 40.89
1436270100000 40.88
1436270160000 40.95
1436270220000 41.12
1436270280000 41.09
1436270400000 40.98
1436270460000 40.93
1436270580000 40.93
1436270640000 40.9799
1436270700000 40.96
1436270760000 40.97
1436270820000 40.926
1436270880000 40.98
1436270940000 40.89
1436271060000 40.84
1436271120000 40.78
1436271240000 40.8
1436271300000 40.8
1436271360000 40.87
1436271420000 40.87
1436271480000 40.9
1436271540000 40.97
1436271600000 41.02
1436271660000 41.1
1436271720000 41.07
1436271780000 41.14
1436271840000 41.102
1436271900000 41.17
1436271960000 41.19
1436272080000 41.19
1436272140000 41.14
1436272200000 41.13
1436272260000 41.17
1436272320000 41.24
1436272380000 41.21
1436272440000 41.324
1436272500000 41.35
1436272560000 41.31
1436272620000 41.37
1436272740000 41.38
1436272800000 41.45
1436272860000 41.465
1436272920000 41.48
1436272980000 41.56
1436273040000 41.51
1436273100000 41.56
1436273160000 41.56
1436273220000 41.6
1436273280000 41.58
1436273340000 41.58
1436273400000 41.54
1436273460000 41.49
1436273520000 41.52
1436273580000 41.46
1436273640000 41.53
1436273700000 41.54
1436273760000 41.52
1436273820000 41.53
1436273880000 41.56
1436273940000 41.66
1436274000000 41.65
1436274060000 41.69
1436274120000 41.68
1436274180000 41.56
1436274240000 41.6
1436274300000 41.625
1436274360000 41.59
1436274420000 41.46
1436274480000 41.47
1436274600000 41.57
1436274660000 41.54
1436274720000 41.64
1436274780000 41.69
1436274840000 41.69
1436274900000 41.755
1436274960000 41.75
1436275020000 41.6579
1436275080000 41.7
1436275140000 41.71
1436275200000 41.78
1436275260000 41.68
1436275320000 41.71
1436275380000 41.825
1436275440000 41.82
1436275500000 41.7626
1436275560000 41.75
1436275620000 41.72
1436275740000 41.72
1436275800000 41.78
1436275860000 41.74
1436275920000 41.74
1436276040000 41.77
1436276100000 41.76
1436276220000 41.76
1436276400000 41.78
1436276460000 41.7341
1436276520000 41.74
1436276580000 41.75
1436276640000 41.78
1436276700000 41.87
1436276760000 41.82
1436276880000 41.85
1436276940000 41.87
1436277000000 41.87
1436277060000 41.81
1436277120000 41.8072
1436277180000 41.84
1436277240000 41.81
1436277300000 41.8305
1436277360000 41.83
1436277420000 41.873
1436277480000 41.86
1436277540000 41.82
1436277600000 41.81
1436277660000 41.82
1436277720000 41.8
1436277780000 41.74
1436277840000 41.78
1436277900000 41.75
1436277960000 41.7523
1436278020000 41.71
1436278080000 41.7
1436278140000 41.733
1436278200000 41.717
1436278320000 41.69
1436278380000 41.72
1436278440000 41.71
1436278500000 41.63
1436278560000 41.58
1436278620000 41.51
1436278680000 41.48
1436278740000 41.425
1436278800000 41.42
1436278860000 41.37
1436278920000 41.3799
1436278980000 41.28
1436279040000 41.33
1436279100000 41.4
1436279160000 41.4391
1436279220000 41.42
1436279280000 41.43
1436279340000 41.51
1436279400000 41.5
1436279460000 41.51
1436279520000 41.51
1436279580000 41.61
1436279640000 41.6422
1436279700000 41.61
1436279760000 41.68
1436279820000 41.7
1436279880000 41.66
1436279940000 41.7001
1436280000000 41.72
1436280060000 41.76
1436280120000 41.83
1436280180000 41.85
1436280240000 41.882
1436280300000 41.919
1436280360000 41.91
1436280420000 41.88
1436280480000 41.87
1436280540000 41.9
1436280600000 41.916
1436280660000 41.87
1436280720000 41.9
1436280780000 41.86
1436280840000 41.9
1436280900000 41.86
1436280960000 41.84
1436281020000 41.86
1436281080000 41.91
1436281140000 41.97
1436281200000 42.0
1436281260000 41.95
1436281320000 41.9
1436281380000 41.9699
1436281440000 41.93
1436281500000 41.97
1436281560000 41.91
