1436261400000 13.29
1436261520000 13.24
1436261580000 13.2401
1436261640000 13.21
1436261700000 13.22
1436261760000 13.2
1436261820000 13.17
1436261880000 13.16
1436261940000 13.175
1436262000000 13.18
1436262060000 13.195
1436262120000 13.19
1436262180000 13.18
1436262240000 13.18
1436262300000 13.18
1436262360000 13.2
1436262420000 13.19
1436262480000 13.19
1436262540000 13.2
1436262600000 13.19
1436262660000 13.17
1436262720000 13.17
1436262780000 13.1872
1436262900000 13.19
1436262960000 13.18
1436263020000 13.17
1436263140000 13.16
1436263200000 13.16
1436263260000 13.165
1436263320000 13.1659
1436263380000 13.15
1436263440000 13.1549
1436263500000 13.15
1436263560000 13.15
1436263620000 13.14
1436263680000 13.13
1436263740000 13.135
1436263800000 13.14
1436263860000 13.145
1436263920000 13.15
1436263980000 13.16
1436264040000 13.154
1436264100000 13.15
1436264160000 13.13
1436264220000 13.13
1436264280000 13.13
1436264340000 13.12
1436264400000 13.12
1436264460000 13.11
1436264520000 13.12
1436264580000 13.115
1436264640000 13.11
1436264700000 13.119
1436264760000 13.115
1436264820000 13.115
1436264880000 13.0851
1436264940000 13.09
1436265000000 13.085
1436265120000 13.09
1436265180000 13.085
1436265240000 13.08
1436265300000 13.08
1436265360000 13.0815
1436265420000 13.09
1436265480000 13.08
1436265540000 13.08
1436265600000 13.08
1436265660000 13.05
1436265780000 13.03
1436265840000 13.0399
1436265900000 13.05
1436265960000 13.045
1436266020000 13.06
1436266080000 13.061
1436266140000 13.07
1436266200000 13.075
1436266260000 13.075
1436266320000 13.07
1436266440000 13.071
1436266500000 13.09
1436266560000 13.085
1436266620000 13.081
1436266680000 13.08
1436266740000 13.08
1436266860000 13.08
1436266920000 13.08
1436266980000 13.073
1436267160000 13.08
1436267220000 13.08
1436267280000 13.08
1436267340000 13.075
1436267400000 13.075
1436267460000 13.08
1436267520000 13.09
1436267640000 13.0999
1436267700000 13.0922
1436267760000 13.1
1436267820000 13.1
1436267880000 13.11
1436267940000 13.1049
1436268000000 13.1028
1436268060000 13.105
1436268120000 13.0928
1436268180000 13.095
1436268240000 13.09
1436268300000 13.085
1436268360000 13.09
1436268420000 13.0822
1436268480000 13.09
1436268540000 13.105
1436268660000 13.1
1436268720000 13.105
1436268780000 13.11
1436268900000 13.105
1436269020000 13.11
1436269080000 13.105
1436269140000 13.105
1436269200000 13.11
1436269320000 13.115
1436269380000 13.13
1436269440000 13.14
1436269500000 13.14
1436269560000 13.145
1436269740000 13.1434
1436269860000 13.145
1436269920000 13.145
1436269980000 13.15
1436270040000 13.15
1436270100000 13.15
1436270160000 13.16
1436270220000 13.18
1436270280000 13.175
1436270340000 13.165
1436270400000 13.16
1436270460000 13.15
1436270520000 13.15
1436270580000 13.15
1436270640000 13.16
1436270700000 13.17
1436270820000 13.169
1436270880000 13.165
1436270940000 13.16
1436271000000 13.16
1436271060000 13.16
1436271120000 13.155
1436271180000 13.155
1436271300000 13.17
1436271360000 13.17
1436271420000 13.17
1436271540000 13.17
1436271600000 13.17
1436271660000 13.17
1436271720000 13.17
1436271780000 13.17
1436271840000 13.17
1436271900000 13.17
1436271960000 13.17
1436272020000 13.18
1436272080000 13.175
1436272140000 13.17
1436272200000 13.18
1436272260000 13.16
1436272320000 13.165
1436272380000 13.16
1436272440000 13.165
1436272500000 13.16
1436272560000 13.16
1436272680000 13.165
1436272740000 13.17
1436272800000 13.175
1436272980000 13.17
1436273040000 13.165
1436273100000 13.165
1436273280000 13.175
1436273400000 13.17
1436273520000 13.175
1436273580000 13.17
1436273640000 13.18
1436273700000 13.2
1436273760000 13.195
1436273820000 13.19
1436273880000 13.195
1436274000000 13.205
1436274060000 13.205
1436274120000 13.2056
1436274300000 13.205
1436274360000 13.2
1436274420000 13.19
1436274480000 13.19
1436274540000 13.185
1436274600000 13.19
1436274660000 13.2
1436274720000 13.2
1436274780000 13.21
1436274840000 13.23
1436274900000 13.23
1436274960000 13.22
1436275080000 13.22
1436275200000 13.21
1436275260000 13.21
1436275320000 13.215
1436275560000 13.21
1436275680000 13.22
1436275800000 13.22
1436275860000 13.22
1436275920000 13.2199
1436275980000 13.205
1436276040000 13.21
1436276160000 13.215
1436276340000 13.215
1436276400000 13.21
1436276460000 13.2
1436276520000 13.2
1436276580000 13.21
1436276640000 13.22
1436276700000 13.23
1436276760000 13.22
1436276820000 13.215
1436276880000 13.215
1436276940000 13.2214
1436277000000 13.22
1436277060000 13.225
1436277120000 13.225
1436277180000 13.22
1436277300000 13.225
1436277360000 13.225
1436277420000 13.23
1436277540000 13.22
1436277600000 13.225
1436277660000 13.225
1436277780000 13.25
1436277840000 13.245
1436277900000 13.25
1436277960000 13.2599
1436278080000 13.26
1436278140000 13.26
1436278200000 13.27
1436278320000 13.265
1436278380000 13.265
1436278440000 13.26
1436278500000 13.262
1436278620000 13.27
1436278680000 13.26
1436278860000 13.26
1436278920000 13.24
1436278980000 13.245
1436279040000 13.23
1436279100000 13.24
1436279160000 13.235
1436279220000 13.235
1436279280000 13.24
1436279340000 13.24
1436279400000 13.24
1436279460000 13.235
1436279520000 13.24
1436279640000 13.25
1436279700000 13.25
1436279760000 13.25
1436279820000 13.246
1436279880000 13.25
1436279940000 13.255
1436280000000 13.26
1436280060000 13.266
1436280120000 13.28
1436280180000 13.28
1436280240000 13.3
1436280360000 13.3001
1436280420000 13.3
1436280480000 13.31
1436280540000 13.3
1436280600000 13.305
1436280660000 13.31
1436280720000 13.31
1436280780000 13.31
1436280840000 13.31
1436280900000 13.31
1436280960000 13.31
1436281020000 13.31
1436281080000 13.305
1436281140000 13.33
1436281200000 13.32
1436281260000 13.32
1436281320000 13.32
1436281380000 13.31
1436281440000 13.315
1436281500000 13.315
1436281560000 13.31
