1436261400000 23.95
1436261520000 23.89
1436261700000 23.81
1436261820000 23.76
1436261880000 23.7
1436261940000 23.73
1436262060000 23.73
1436262180000 23.58
1436262300000 23.84
1436262360000 23.77
1436262900000 23.8
1436263020000 23.8
1436263140000 23.8
1436263440000 23.7864
1436263620000 23.79
1436263680000 23.83
1436263740000 23.81
1436263800000 23.82
1436263860000 23.77
1436263920000 23.77
1436263980000 23.77
1436264040000 23.82
1436264100000 23.85
1436264160000 23.86
1436264220000 23.82
1436264340000 23.83
1436264400000 23.75
1436264460000 23.71
1436264520000 23.7
1436264580000 23.68
1436264640000 23.72
1436264760000 23.7
1436264820000 23.68
1436264880000 23.65
1436264940000 23.65
1436265000000 23.62
1436265060000 23.58
1436265120000 23.58
1436265180000 23.68
1436265240000 23.69
1436265300000 23.7
1436265360000 23.661
1436265420000 23.71
1436265540000 23.69
1436265660000 23.66
1436265720000 23.61
1436265840000 23.6
1436265900000 23.589
1436265960000 23.55
1436266020000 23.6
1436266080000 23.68
1436266140000 23.71
1436266200000 23.66
1436266260000 23.64
1436266320000 23.56
1436266380000 23.56
1436266440000 23.55
1436266500000 23.6
1436266560000 23.57
1436266620000 23.55
1436266680000 23.65
1436266740000 23.69
1436266800000 23.625
1436266860000 23.6
1436266920000 23.55
1436267040000 23.5
1436267220000 23.52
1436267280000 23.55
1436267340000 23.54
1436267400000 23.59
1436267460000 23.61
1436267520000 23.54
1436267580000 23.58
1436267640000 23.56
1436267700000 23.55
1436267820000 23.53
1436267880000 23.52
1436267940000 23.48
1436268000000 23.49
1436268060000 23.45
1436268120000 23.44
1436268180000 23.39
1436268300000 23.39
1436268360000 23.34
1436268480000 23.31
1436268540000 23.35
1436268660000 23.302
1436268780000 23.28
1436268840000 23.2
1436268900000 23.14
1436269020000 23.12
1436269080000 22.98
1436269140000 22.98
1436269380000 23.15
1436269440000 23.12
1436269500000 23.11
1436269560000 23.135
1436269740000 23.1101
1436269800000 23.08
1436269860000 23.11
1436270040000 23.07
1436270100000 23.1
1436270220000 23.27
1436270400000 23.22
1436270580000 23.21
1436270820000 23.26
1436270880000 23.26
1436271360000 23.26
1436271420000 23.26
1436271480000 23.26
1436271540000 23.26
1436271600000 23.26
1436271900000 23.31
1436271960000 23.26
1436272080000 23.28
1436272200000 23.26
1436272260000 23.26
1436272500000 23.26
1436272560000 23.26
1436272620000 23.26
1436272740000 23.36
1436272980000 23.35
1436273160000 23.42
1436273220000 23.42
1436273280000 23.43
1436273340000 23.44
1436273460000 23.4306
1436273520000 23.42
1436273580000 23.44
1436273640000 23.47
1436273700000 23.47
1436273760000 23.47
1436273820000 23.47
1436273880000 23.47
1436274240000 23.52
1436274360000 23.48
1436274600000 23.46
1436274720000 23.52
1436275020000 23.54
1436275500000 23.51
1436275620000 23.56
1436275740000 23.56
1436275800000 23.56
1436275860000 23.56
1436276040000 23.53
1436276280000 23.55
1436276340000 23.56
1436276460000 23.525
1436276520000 23.48
1436277000000 23.6
1436277120000 23.56
1436277240000 23.56
1436277480000 23.51
1436277660000 23.56
1436277720000 23.56
1436277840000 23.56
1436277900000 23.54
1436278020000 23.55
1436278140000 23.525
1436278260000 23.54
1436278320000 23.55
1436278440000 23.5684
1436278560000 23.54
1436278620000 23.53
1436278920000 23.47
1436278980000 23.47
1436279040000 23.48
1436279280000 23.47
1436279340000 23.48
1436279520000 23.48
1436279820000 23.46
1436279880000 23.49
1436279940000 23.53
1436280060000 23.53
1436280180000 23.61
1436280420000 23.71
1436280600000 23.73
1436280660000 23.69
1436280960000 23.69
1436281080000 23.74
1436281140000 23.73
1436281200000 23.77
1436281260000 23.79
1436281320000 23.75
1436281440000 23.68
1436281560000 23.66
