1436261400000 80.71
1436261580000 80.6127
1436261700000 80.5
1436261760000 80.5099
1436261820000 80.19
1436261880000 80.01
1436261940000 79.92
1436262000000 79.9
1436262060000 79.9
1436262120000 80.08
1436262240000 79.92
1436262300000 79.9
1436262360000 79.92
1436262420000 79.97
1436262480000 80.04
1436262540000 80.1
1436262600000 80.04
1436262660000 79.98
1436262720000 79.77
1436262780000 79.86
1436262840000 79.77
1436262960000 79.79
1436263020000 79.88
1436263080000 79.61
1436263140000 79.5
1436263200000 79.55
1436263260000 79.565
1436263320000 79.5
1436263380000 79.555
1436263440000 79.5
1436263500000 79.495
1436263560000 79.4855
1436263620000 79.54
1436263680000 79.515
1436263740000 79.49
1436263800000 79.34
1436263860000 79.35
1436263920000 79.29
1436263980000 79.0
1436264040000 79.06
1436264100000 79.0
1436264160000 79.08
1436264220000 79.05
1436264280000 79.17
1436264340000 79.29
1436264400000 79.3
1436264460000 79.3
1436264520000 79.48
1436264580000 79.48
1436264640000 79.46
1436264700000 79.37
1436264760000 79.33
1436264820000 79.28
1436264880000 79.13
1436264940000 79.16
1436265000000 79.18
1436265060000 79.07
1436265120000 78.98
1436265180000 78.89
1436265240000 79.075
1436265300000 79.035
1436265360000 78.99
1436265420000 78.84
1436265480000 78.76
1436265540000 78.82
1436265600000 78.77
1436265660000 78.59
1436265720000 78.4432
1436265780000 78.3
1436265840000 78.27
1436265900000 78.3
1436265960000 78.26
1436266020000 78.51
1436266080000 78.59
1436266140000 78.595
1436266200000 78.7
1436266260000 78.68
1436266320000 78.65
1436266380000 78.66
1436266440000 78.645
1436266500000 78.755
1436266560000 78.79
1436266620000 78.715
1436266680000 78.68
1436266740000 78.58
1436266800000 78.56
1436266860000 78.52
1436266920000 78.57
1436266980000 78.63
1436267040000 78.45
1436267100000 78.44
1436267160000 78.38
1436267220000 78.53
1436267280000 78.565
1436267340000 78.55
1436267400000 78.62
1436267460000 78.7
1436267520000 78.725
1436267580000 78.63
1436267640000 78.62
1436267700000 78.44
1436267760000 78.51
1436267820000 78.52
1436267880000 78.51
1436267940000 78.4616
1436268000000 78.42
1436268060000 78.37
1436268120000 78.34
1436268180000 78.395
1436268240000 78.43
1436268300000 78.52
1436268360000 78.51
1436268420000 78.492
1436268480000 78.43
1436268540000 78.22
1436268600000 77.99
1436268720000 78.17
1436268780000 78.1
1436268840000 78.13
1436268900000 78.085
1436268960000 78.09
1436269020000 78.17
1436269080000 78.35
1436269140000 78.42
1436269200000 78.49
1436269320000 78.44
1436269380000 78.44
1436269440000 78.535
1436269500000 78.61
1436269560000 78.6
1436269620000 78.54
1436269680000 78.65
1436269740000 78.67
1436269800000 78.7
1436269860000 78.62
1436269920000 78.4
1436269980000 78.42
1436270040000 78.415
1436270100000 78.37
1436270160000 78.3
1436270220000 78.55
1436270280000 78.67
1436270340000 78.72
1436270400000 78.61
1436270460000 78.41
1436270520000 78.4
1436270580000 78.5
1436270640000 78.6
1436270700000 78.4718
1436270760000 78.44
1436270820000 78.36
1436270880000 78.4
1436270940000 78.42
1436271000000 78.39
1436271060000 78.35
1436271120000 78.26
1436271180000 78.37
1436271240000 78.33
1436271300000 78.33
1436271360000 78.56
1436271420000 78.6
1436271480000 78.64
1436271540000 78.65
1436271600000 78.58
1436271660000 78.62
1436271720000 78.56
1436271780000 78.4
1436271840000 78.4299
1436271900000 78.3801
1436271960000 78.34
1436272020000 78.29
1436272140000 78.33
1436272200000 78.33
1436272260000 78.4
1436272320000 78.42
1436272380000 78.37
1436272440000 78.504
1436272500000 78.515
1436272560000 78.595
1436272620000 78.61
1436272680000 78.61
1436272740000 78.705
1436272860000 78.43
1436272920000 78.42
1436272980000 78.44
1436273040000 78.47
1436273100000 78.53
1436273160000 78.56
1436273220000 78.59
1436273280000 78.64
1436273340000 78.63
1436273400000 78.59
1436273460000 78.55
1436273520000 78.55
1436273580000 78.5
1436273640000 78.54
1436273700000 78.6799
1436273760000 78.645
1436273820000 78.6
1436273880000 78.62
1436273940000 78.69
1436274000000 78.74
1436274060000 78.81
1436274120000 78.87
1436274180000 78.89
1436274300000 78.82
1436274360000 78.76
1436274420000 78.67
1436274480000 78.73
1436274600000 78.78
1436274660000 78.7748
1436274720000 78.9
1436274780000 78.97
1436274840000 78.88
1436274900000 78.91
1436274960000 78.89
1436275020000 78.695
1436275080000 78.69
1436275140000 78.8
1436275200000 78.89
1436275260000 78.821
1436275380000 78.83
1436275440000 79.01
1436275500000 79.04
1436275560000 78.92
1436275620000 78.8
1436275680000 78.78
1436275740000 78.9
1436275800000 78.86
1436275860000 78.86
1436275920000 78.705
1436275980000 78.78
1436276040000 78.78
1436276100000 78.858
1436276160000 78.93
1436276220000 78.935
1436276280000 78.81
1436276340000 78.81
1436276400000 78.82
1436276460000 78.74
1436276520000 78.72
1436276580000 78.71
1436276640000 78.74
1436276700000 78.77
1436276760000 78.74
1436276820000 78.65
1436276880000 78.76
1436276940000 78.71
1436277000000 78.68
1436277060000 78.73
1436277120000 78.8
1436277180000 78.77
1436277240000 78.91
1436277300000 78.95
1436277360000 78.97
1436277480000 79.0
1436277540000 79.04
1436277600000 79.05
1436277660000 79.01
1436277720000 79.05
1436277780000 79.07
1436277840000 79.0
1436277900000 78.95
1436277960000 78.84
1436278020000 78.9
1436278080000 78.83
1436278140000 78.86
1436278200000 78.75
1436278260000 78.77
1436278320000 78.73
1436278380000 78.72
1436278440000 78.71
1436278500000 78.7
1436278560000 78.71
1436278620000 78.63
1436278680000 78.63
1436278740000 78.57
1436278800000 78.4
1436278860000 78.48
1436278920000 78.45
1436278980000 78.39
1436279100000 78.53
1436279160000 78.55
1436279220000 78.61
1436279280000 78.65
1436279340000 78.74
1436279400000 78.73
1436279460000 78.79
1436279520000 78.82
1436279580000 78.86
1436279640000 78.8999
1436279700000 78.85
1436279760000 78.85
1436279820000 78.87
1436279880000 78.78
1436279940000 78.796
1436280000000 78.88
1436280060000 78.95
1436280120000 79.0
1436280180000 78.99
1436280240000 78.97
1436280300000 79.005
1436280360000 79.0
1436280420000 79.09
1436280480000 79.06
1436280540000 78.99
1436280600000 78.98
1436280660000 78.93
1436280720000 78.97
1436280780000 78.93
1436280840000 78.95
1436280900000 78.87
1436280960000 78.95
1436281020000 78.955
1436281080000 78.97
1436281140000 79.1
1436281200000 79.11
1436281260000 79.115
1436281320000 79.23
1436281380000 79.095
1436281440000 79.1231
1436281500000 79.17
1436281560000 79.18
