1436261400000 8.73
1436261460000 8.71
1436261520000 8.7
1436261580000 8.69
1436261640000 8.6899
1436261700000 8.68
1436261760000 8.68
1436261820000 8.68
1436261880000 8.71
1436261940000 8.71
1436262000000 8.74
1436262060000 8.74
1436262120000 8.73
1436262180000 8.75
1436262240000 8.755
1436262300000 8.75
1436262360000 8.75
1436262420000 8.74
1436262480000 8.77
1436262540000 8.77
1436262600000 8.7701
1436262660000 8.75
1436262720000 8.74
1436262780000 8.76
1436262840000 8.74
1436262900000 8.74
1436263020000 8.73
1436263080000 8.7
1436263140000 8.6999
1436263200000 8.7
1436263260000 8.699
1436263320000 8.7
1436263380000 8.72
1436263440000 8.7
1436263500000 8.71
1436263560000 8.7
1436263620000 8.67
1436263680000 8.63
1436263740000 8.65
1436263800000 8.655
1436263860000 8.66
1436263920000 8.66
1436263980000 8.67
1436264040000 8.66
1436264100000 8.66
1436264160000 8.6156
1436264220000 8.6
1436264280000 8.61
1436264340000 8.629
1436264400000 8.6045
1436264460000 8.58
1436264520000 8.6
1436264580000 8.6
1436264640000 8.601
1436264700000 8.595
1436264760000 8.5851
1436264820000 8.6014
1436264880000 8.6
1436264940000 8.595
1436265000000 8.6
1436265060000 8.6
1436265120000 8.59
1436265180000 8.61
1436265240000 8.6
1436265300000 8.61
1436265360000 8.59
1436265420000 8.6
1436265480000 8.585
1436265540000 8.59
1436265600000 8.57
1436265660000 8.575
1436265720000 8.575
1436265780000 8.575
1436265840000 8.57
1436265900000 8.59
1436265960000 8.58
1436266020000 8.61
1436266080000 8.6201
1436266140000 8.63
1436266200000 8.62
1436266260000 8.62
1436266320000 8.63
1436266380000 8.65
1436266440000 8.705
1436266500000 8.7
1436266560000 8.665
1436266620000 8.67
1436266680000 8.65
1436266740000 8.64
1436266800000 8.63
1436266860000 8.62
1436266920000 8.624
1436266980000 8.6354
1436267040000 8.63
1436267100000 8.62
1436267160000 8.61
1436267220000 8.62
1436267280000 8.62
1436267340000 8.63
1436267460000 8.62
1436267520000 8.63
1436267580000 8.65
1436267640000 8.62
1436267700000 8.64
1436267760000 8.65
1436267820000 8.66
1436267880000 8.65
1436267940000 8.645
1436268000000 8.645
1436268060000 8.63
1436268120000 8.62
1436268180000 8.6201
1436268240000 8.62
1436268300000 8.61
1436268360000 8.61
1436268420000 8.61
1436268480000 8.63
1436268540000 8.61
1436268600000 8.605
1436268660000 8.5951
1436268720000 8.605
1436268780000 8.58
1436268840000 8.57
1436268900000 8.575
1436268960000 8.57
1436269020000 8.57
1436269080000 8.58
1436269140000 8.59
1436269200000 8.61
1436269320000 8.6
1436269440000 8.62
1436269500000 8.6101
1436269560000 8.61
1436269620000 8.6
1436269680000 8.6
1436269740000 8.59
1436269800000 8.585
1436269860000 8.59
1436269920000 8.57
1436269980000 8.571
1436270040000 8.59
1436270100000 8.59
1436270160000 8.59
1436270220000 8.62
1436270280000 8.615
1436270400000 8.61
1436270460000 8.59
1436270520000 8.59
1436270580000 8.59
1436270640000 8.6
1436270700000 8.59
1436270760000 8.595
1436270820000 8.61
1436270880000 8.61
1436270940000 8.615
1436271000000 8.62
1436271060000 8.6
1436271120000 8.615
1436271180000 8.63
1436271240000 8.625
1436271300000 8.62
1436271360000 8.62
1436271420000 8.62
1436271480000 8.62
1436271540000 8.63
1436271600000 8.625
1436271660000 8.63
1436271720000 8.64
1436271780000 8.65
1436271840000 8.65
1436271900000 8.645
1436271960000 8.65
1436272020000 8.65
1436272080000 8.65
1436272140000 8.65
1436272200000 8.64
1436272260000 8.645
1436272320000 8.67
1436272380000 8.66
1436272500000 8.67
1436272560000 8.65
1436272620000 8.67
1436272680000 8.67
1436272740000 8.67
1436272800000 8.67
1436272860000 8.66
1436272920000 8.67
1436272980000 8.67
1436273040000 8.68
1436273100000 8.685
1436273160000 8.69
1436273220000 8.69
1436273280000 8.72
1436273340000 8.71
1436273400000 8.7
1436273460000 8.71
1436273520000 8.71
1436273580000 8.7
1436273640000 8.71
1436273700000 8.72
1436273760000 8.71
1436273820000 8.71
1436273880000 8.73
1436273940000 8.74
1436274000000 8.73
1436274060000 8.73
1436274120000 8.73
1436274180000 8.71
1436274240000 8.72
1436274300000 8.72
1436274360000 8.71
1436274420000 8.7
1436274480000 8.7
1436274540000 8.72
1436274600000 8.72
1436274660000 8.7163
1436274720000 8.73
1436274780000 8.71
1436274840000 8.7
1436274900000 8.7
1436274960000 8.69
1436275020000 8.683
1436275080000 8.68
1436275140000 8.68
1436275200000 8.67
1436275260000 8.67
1436275320000 8.66
1436275380000 8.66
1436275440000 8.67
1436275500000 8.655
1436275560000 8.66
1436275620000 8.655
1436275680000 8.67
1436275740000 8.68
1436275800000 8.68
1436275860000 8.6999
1436275920000 8.68
1436275980000 8.7
1436276040000 8.695
1436276100000 8.7
1436276220000 8.69
1436276280000 8.6999
1436276340000 8.69
1436276400000 8.69
1436276520000 8.68
1436276580000 8.69
1436276640000 8.7
1436276700000 8.7
1436276760000 8.705
1436276820000 8.7
1436276880000 8.71
1436276940000 8.71
1436277000000 8.71
1436277060000 8.7
1436277120000 8.71
1436277180000 8.71
1436277240000 8.7
1436277300000 8.705
1436277360000 8.705
1436277420000 8.7
1436277480000 8.69
1436277660000 8.695
1436277720000 8.695
1436277780000 8.68
1436277840000 8.682
1436277900000 8.67
1436277960000 8.67
1436278020000 8.675
1436278080000 8.68
1436278140000 8.68
1436278200000 8.68
1436278320000 8.67
1436278380000 8.675
1436278440000 8.67
1436278500000 8.66
1436278560000 8.645
1436278620000 8.64
1436278680000 8.645
1436278740000 8.64
1436278800000 8.635
1436278860000 8.62
1436278920000 8.62
1436278980000 8.62
1436279040000 8.62
1436279100000 8.62
1436279160000 8.63
1436279220000 8.625
1436279280000 8.62
1436279340000 8.645
1436279400000 8.635
1436279520000 8.64
1436279580000 8.65
1436279640000 8.645
1436279700000 8.64
1436279760000 8.64
1436279820000 8.645
1436279880000 8.64
1436279940000 8.665
1436280000000 8.665
1436280060000 8.68
1436280120000 8.685
1436280180000 8.68
1436280240000 8.68
1436280300000 8.69
1436280420000 8.7
1436280480000 8.695
1436280540000 8.7053
1436280600000 8.702
1436280660000 8.7
1436280720000 8.71
1436280780000 8.7
1436280840000 8.71
1436280960000 8.72
1436281020000 8.73
1436281080000 8.7247
1436281140000 8.74
1436281200000 8.75
1436281260000 8.75
1436281320000 8.74
1436281380000 8.74
1436281440000 8.73
1436281500000 8.745
1436281560000 8.725
