1436261400000 23.87
1436261460000 23.96
1436261580000 23.95
1436261700000 23.86
1436261760000 23.84
1436261820000 23.82
1436261880000 23.85
1436261940000 23.83
1436262000000 23.85
1436262060000 23.88
1436262180000 23.88
1436262300000 23.84
1436262480000 23.75
1436262600000 23.75
1436262720000 23.76
1436262780000 23.8
1436262840000 23.79
1436262900000 23.78
1436262960000 23.78
1436263020000 23.78
1436263080000 23.76
1436263140000 23.74
1436263200000 23.75
1436263260000 23.76
1436263380000 23.71
1436263440000 23.7099
1436263620000 23.675
1436263680000 23.66
1436263800000 23.65
1436263860000 23.66
1436263920000 23.68
1436263980000 23.69
1436264040000 23.69
1436264100000 23.67
1436264160000 23.68
1436264220000 23.68
1436264340000 23.69
1436264400000 23.68
1436264460000 23.67
1436264520000 23.67
1436264580000 23.65
1436264640000 23.67
1436264700000 23.66
1436264760000 23.65
1436264820000 23.66
1436264880000 23.63
1436264940000 23.63
1436265000000 23.61
1436265060000 23.6
1436265120000 23.61
1436265180000 23.61
1436265240000 23.6
1436265300000 23.61
1436265360000 23.57
1436265420000 23.57
1436265480000 23.56
1436265540000 23.52
1436265600000 23.51
1436265660000 23.5
1436265720000 23.46
1436265780000 23.44
1436265840000 23.45
1436265900000 23.46
1436265960000 23.49
1436266020000 23.52
1436266080000 23.52
1436266140000 23.53
1436266200000 23.53
1436266260000 23.5
1436266320000 23.51
1436266380000 23.54
1436266440000 23.56
1436266500000 23.55
1436266560000 23.51
1436266620000 23.53
1436266680000 23.53
1436266740000 23.53
1436266800000 23.52
1436266860000 23.47
1436266920000 23.5
1436266980000 23.49
1436267040000 23.49
1436267100000 23.49
1436267160000 23.49
1436267280000 23.5
1436267340000 23.51
1436267400000 23.53
1436267460000 23.53
1436267520000 23.535
1436267580000 23.53
1436267640000 23.54
1436267700000 23.54
1436267760000 23.56
1436267880000 23.55
1436267940000 23.53
1436268000000 23.54
1436268060000 23.52
1436268120000 23.5
1436268180000 23.54
1436268240000 23.52
1436268300000 23.52
1436268420000 23.53
1436268480000 23.535
1436268540000 23.51
1436268600000 23.49
1436268660000 23.5
1436268720000 23.49
1436268780000 23.49
1436268840000 23.48
1436268900000 23.44
1436268960000 23.4401
1436269080000 23.49
1436269140000 23.51
1436269200000 23.5
1436269260000 23.53
1436269320000 23.52
1436269380000 23.53
1436269440000 23.55
1436269500000 23.53
1436269560000 23.525
1436269680000 23.52
1436269740000 23.51
1436269800000 23.53
1436269860000 23.53
1436269980000 23.52
1436270040000 23.53
1436270100000 23.52
1436270160000 23.57
1436270220000 23.6
1436270280000 23.58
1436270340000 23.57
1436270400000 23.57
1436270460000 23.55
1436270520000 23.555
1436270580000 23.55
1436270640000 23.56
1436270700000 23.56
1436270760000 23.56
1436270820000 23.555
1436270880000 23.55
1436271000000 23.55
1436271060000 23.55
1436271120000 23.55
1436271240000 23.56
1436271300000 23.56
1436271360000 23.57
1436271480000 23.56
1436271540000 23.58
1436271600000 23.58
1436271660000 23.6
1436271720000 23.6
1436271780000 23.59
1436271900000 23.58
1436271960000 23.59
1436272140000 23.6
1436272200000 23.6
1436272260000 23.61
1436272320000 23.615
1436272380000 23.62
1436272500000 23.63
1436272560000 23.63
1436272620000 23.64
1436272680000 23.65
1436272740000 23.67
1436272800000 23.67
1436272920000 23.67
1436272980000 23.69
1436273040000 23.68
1436273100000 23.69
1436273160000 23.73
1436273220000 23.73
1436273280000 23.73
1436273400000 23.73
1436273460000 23.74
1436273520000 23.73
1436273580000 23.72
1436273640000 23.74
1436273820000 23.75
1436273880000 23.76
1436274000000 23.78
1436274060000 23.78
1436274120000 23.76
1436274180000 23.75
1436274240000 23.74
1436274300000 23.75
1436274360000 23.73
1436274420000 23.71
1436274480000 23.72
1436274660000 23.75
1436274720000 23.78
1436274780000 23.79
1436274840000 23.79
1436274900000 23.8
1436274960000 23.79
1436275020000 23.76
1436275140000 23.74
1436275200000 23.76
1436275320000 23.755
1436275380000 23.76
1436275440000 23.78
1436275500000 23.79
1436275620000 23.77
1436275680000 23.78
1436275740000 23.78
1436275800000 23.79
1436275860000 23.81
1436275920000 23.78
1436275980000 23.79
1436276040000 23.78
1436276400000 23.8
1436276460000 23.82
1436276520000 23.8
1436276580000 23.81
1436276640000 23.81
1436276700000 23.83
1436276760000 23.84
1436276820000 23.83
1436276880000 23.83
1436276940000 23.83
1436277000000 23.83
1436277060000 23.82
1436277120000 23.82
1436277180000 23.81
1436277300000 23.8
1436277360000 23.81
1436277420000 23.82
1436277540000 23.82
1436277600000 23.82
1436277720000 23.83
1436277900000 23.82
1436277960000 23.81
1436278020000 23.81
1436278080000 23.78
1436278140000 23.78
1436278200000 23.79
1436278320000 23.8
1436278380000 23.79
1436278440000 23.79
1436278500000 23.78
1436278560000 23.77
1436278620000 23.77
1436278680000 23.77
1436278740000 23.75
1436278800000 23.74
1436278860000 23.73
1436278920000 23.71
1436278980000 23.71
1436279040000 23.71
1436279100000 23.73
1436279220000 23.73
1436279280000 23.73
1436279400000 23.73
1436279520000 23.74
1436279580000 23.78
1436279640000 23.78
1436279700000 23.76
1436279820000 23.75
1436279880000 23.75
1436279940000 23.78
1436280000000 23.79
1436280060000 23.79
1436280120000 23.82
1436280180000 23.8
1436280240000 23.83
1436280300000 23.84
1436280360000 23.84
1436280420000 23.87
1436280480000 23.86
1436280600000 23.86
1436280660000 23.87
1436280720000 23.88
1436280780000 23.87
1436280900000 23.89
1436280960000 23.89
1436281020000 23.9
1436281080000 23.91
1436281140000 23.94
1436281200000 23.95
1436281260000 23.96
1436281320000 23.94
1436281440000 23.935
1436281500000 23.95
