1436261400000 3.07
1436261580000 3.07
1436261640000 3.07
1436261700000 3.06
1436261760000 3.03
1436261820000 2.9784
1436261940000 3.0
1436262000000 3.0099
1436262120000 3.0099
1436262180000 3.01
1436262240000 3.009
1436262300000 3.01
1436262360000 3.02
1436262480000 3.03
1436262540000 3.03
1436262600000 3.04
1436262660000 3.04
1436262720000 3.04
1436262780000 3.04
1436262900000 3.03
1436262960000 3.0279
1436263020000 3.02
1436263080000 3.015
1436263140000 3.01
1436263260000 3.0
1436263380000 2.991
1436263500000 2.99
1436263560000 2.99
1436263620000 2.96
1436263680000 2.94
1436263740000 2.955
1436263800000 2.9547
1436263860000 2.95
1436263920000 2.96
1436264040000 2.98
1436264160000 2.98
1436264280000 2.98
1436264400000 2.99
1436264460000 2.99
1436264520000 2.99
1436264580000 2.98
1436264700000 2.98
1436264820000 2.98
1436264880000 2.9721
1436265000000 2.97
1436265060000 2.965
1436265120000 2.9645
1436265240000 2.96
1436265300000 2.95
1436265360000 2.945
1436265540000 2.94
1436265600000 2.93
1436265660000 2.935
1436265720000 2.93
1436265780000 2.94
1436265840000 2.94
1436265960000 2.95
1436266080000 2.95
1436266320000 2.96
1436266380000 2.98
1436266500000 2.98
1436266800000 2.97
1436266920000 2.96
1436267100000 2.96
1436267160000 2.965
1436267220000 2.965
1436267340000 2.965
1436267400000 2.965
1436267460000 2.965
1436267520000 2.97
1436267580000 2.97
1436267640000 2.97
1436267700000 2.97
1436267760000 2.97
1436267820000 2.97
1436267940000 2.9799
1436268120000 2.97
1436268540000 2.965
1436268600000 2.965
1436268660000 2.965
1436268780000 2.9604
1436268840000 2.96
1436268900000 2.96
1436269020000 2.953
1436269080000 2.96
1436269140000 2.95
1436269200000 2.955
1436269320000 2.95
1436269380000 2.955
1436269740000 2.97
1436269800000 2.97
1436269980000 2.965
1436270040000 2.97
1436270160000 2.97
1436270220000 2.98
1436270280000 2.99
1436270340000 2.995
1436270400000 2.995
1436270460000 2.995
1436270520000 2.99
1436270580000 2.997
1436270820000 2.99
1436270880000 2.99
1436270940000 2.99
1436271000000 2.99
1436271060000 2.98
1436271120000 2.97
1436271180000 2.97
1436271360000 2.96
1436271480000 2.97
1436271540000 2.96
1436271660000 2.96
1436271720000 2.97
1436271840000 2.97
1436271900000 2.99
1436272200000 2.99
1436272260000 2.99
1436272440000 2.99
1436272500000 2.985
1436272680000 2.9801
1436272800000 3.0
1436272860000 2.99
1436272980000 2.99
1436273280000 3.0
1436273460000 3.0
1436273520000 3.0
1436273580000 3.0
1436273700000 2.99
1436273760000 2.999
1436273880000 3.0
1436273940000 2.991
1436274000000 3.0
1436274060000 3.02
1436274120000 3.02
1436274240000 3.0102
1436274300000 3.02
1436274420000 3.02
1436274480000 3.01
1436274660000 3.02
1436274720000 3.02
1436274780000 3.03
1436274840000 3.03
1436274960000 3.03
1436275140000 3.03
1436275200000 3.02
1436275260000 3.03
1436275380000 3.03
1436275800000 3.021
1436275860000 3.03
1436275920000 3.03
1436276040000 3.02
1436276340000 3.02
1436276580000 3.025
1436276640000 3.03
1436276940000 3.04
1436277000000 3.04
1436277180000 3.0401
1436277600000 3.03
1436277720000 3.03
1436277840000 3.03
1436277900000 3.02
1436278020000 3.03
1436278080000 3.03
1436278140000 3.02
1436278260000 3.02
1436278320000 3.02
1436278380000 3.02
1436278440000 3.02
1436278500000 3.03
1436278620000 3.02
1436278740000 3.02
1436278800000 3.01
1436278920000 3.0
1436278980000 2.9901
1436279040000 2.99
1436279160000 2.99
1436279220000 2.99
1436279340000 2.99
1436279400000 2.98
1436279520000 2.985
1436279580000 2.98
1436279640000 2.98
1436279760000 2.98
1436279880000 2.98
1436279940000 2.98
1436280060000 2.99
1436280180000 3.0
1436280300000 3.03
1436280360000 3.03
1436280420000 3.03
1436280660000 3.04
1436280720000 3.04
1436280900000 3.04
1436281080000 3.04
1436281140000 3.05
1436281200000 3.06
1436281260000 3.07
1436281380000 3.07
1436281440000 3.06
1436281500000 3.06
