1436261640000 1.91
1436261760000 1.92
1436262000000 1.91
1436262300000 1.91
1436262360000 1.92
1436263080000 1.91
1436263140000 1.91
1436263320000 1.9199
1436263740000 1.9196
1436263800000 1.91
1436263860000 1.92
1436264400000 1.91
1436264460000 1.91
1436264580000 1.91
1436264760000 1.913
1436265300000 1.91
1436265360000 1.91
1436265720000 1.9115
1436265840000 1.9101
1436266080000 1.9044
1436266800000 1.9249
1436267040000 1.9299
1436267100000 1.93
1436267160000 1.923
1436267280000 1.925
1436267400000 1.9301
1436267580000 1.93
1436267640000 1.92
1436267760000 1.91
1436267820000 1.91
1436267880000 1.91
1436267940000 1.91
1436268000000 1.9107
1436268060000 1.9107
1436268120000 1.9107
1436268180000 1.93
1436268720000 1.9
1436268780000 1.9
1436268840000 1.9
1436268960000 1.8844
1436270820000 1.89
1436270940000 1.89
1436271300000 1.8838
1436271540000 1.8801
1436271600000 1.883
1436272260000 1.8888
1436272980000 1.89
1436273040000 1.89
1436273460000 1.8827
1436275620000 1.9
1436275800000 1.9708
1436275860000 1.957
1436275920000 1.94
1436275980000 1.94
1436276040000 1.945
1436276100000 1.95
1436276160000 1.95
1436276220000 1.96
1436276280000 1.9779
1436276340000 1.996
1436276460000 1.984
1436276640000 1.9946
1436276700000 1.9999
1436276760000 1.996
1436277060000 1.9937
1436277360000 1.9982
1436277420000 1.9985
1436277480000 1.9999
1436277540000 1.9853
1436277660000 1.9999
1436277720000 1.9999
1436277780000 2.0
1436277840000 2.0099
1436277960000 2.0
1436278080000 2.01
1436278140000 2.02
1436278200000 2.02
1436278260000 2.03
1436278320000 2.05
1436278380000 2.031
1436278440000 2.06
1436278620000 2.07
1436278680000 2.078
1436278740000 2.09
1436278800000 2.08
1436278920000 2.0882
1436278980000 2.08
1436279040000 2.09
1436279280000 2.09
1436279820000 2.0874
1436279940000 2.08
1436280600000 2.08
1436280660000 2.08
1436280900000 2.08
1436281200000 2.084
1436281260000 2.0899
1436281320000 2.09
1436281380000 2.08
1436281500000 2.0899
