1436261400000 13.0
1436261640000 12.99
1436264520000 12.8535
1436266200000 12.92
1436266260000 12.91
1436266680000 12.9
1436266800000 12.95
1436266980000 12.955
1436267160000 12.95
1436267280000 12.95
1436267340000 12.9266
1436267400000 12.95
1436268060000 12.9799
1436268480000 12.9201
1436268900000 12.9699
1436269860000 12.9899
1436270160000 12.9899
1436272200000 12.95
1436273100000 12.96
1436273760000 12.95
1436273940000 12.98
1436274120000 12.9899
1436274300000 12.9815
1436276640000 12.95
1436277240000 12.9899
1436277720000 12.88
1436277840000 12.95
1436278620000 12.95
1436278860000 12.9
1436279340000 12.9799
1436280060000 12.9899
1436280180000 12.99
1436280240000 12.9899
1436280540000 12.99
1436280660000 12.99
1436280720000 12.98
1436280780000 12.98
1436280840000 12.98
1436280900000 12.98
1436280960000 12.98
1436281020000 12.98
1436281080000 12.98
1436281140000 12.996
1436281260000 13.01
1436281440000 13.0
1436281500000 13.01
