1436261400000 58.89
1436261460000 58.77
1436261520000 58.79
1436261580000 58.81
1436261640000 58.81
1436261700000 58.74
1436261760000 58.76
1436261820000 58.755
1436261880000 58.74
1436261940000 58.76
1436262000000 58.76
1436262060000 58.75
1436262120000 58.73
1436262180000 58.7699
1436262240000 58.76
1436262300000 58.75
1436262360000 58.74
1436262420000 58.756
1436262480000 58.77
1436262540000 58.78
1436262600000 58.76
1436262660000 58.74
1436262720000 58.77
1436262780000 58.81
1436262840000 58.8
1436262900000 58.78
1436262960000 58.75
1436263020000 58.76
1436263080000 58.7
1436263140000 58.685
1436263200000 58.67
1436263260000 58.68
1436263320000 58.68
1436263380000 58.68
1436263440000 58.66
1436263500000 58.65
1436263560000 58.62
1436263620000 58.6
1436263680000 58.54
1436263740000 58.53
1436263800000 58.55
1436263860000 58.59
1436263920000 58.59
1436263980000 58.6
1436264040000 58.6
1436264100000 58.56
1436264160000 58.54
1436264220000 58.52
1436264280000 58.53
1436264340000 58.53
1436264400000 58.51
1436264460000 58.49
1436264520000 58.5
1436264580000 58.51
1436264640000 58.51
1436264700000 58.49
1436264760000 58.45
1436264820000 58.4599
1436264880000 58.41
1436264940000 58.42
1436265000000 58.39
1436265060000 58.39
1436265120000 58.36
1436265180000 58.38
1436265240000 58.34
1436265300000 58.35
1436265360000 58.33
1436265420000 58.36
1436265480000 58.32
1436265540000 58.3
1436265600000 58.27
1436265660000 58.25
1436265720000 58.23
1436265780000 58.2
1436265840000 58.22
1436265900000 58.22
1436265960000 58.22
1436266020000 58.27
1436266080000 58.3
1436266140000 58.3275
1436266200000 58.31
1436266260000 58.3
1436266320000 58.32
1436266380000 58.36
1436266440000 58.37
1436266500000 58.4
1436266560000 58.34
1436266620000 58.36
1436266680000 58.35
1436266740000 58.35
1436266800000 58.32
1436266860000 58.29
1436266920000 58.29
1436266980000 58.29
1436267040000 58.26
1436267100000 58.27
1436267160000 58.23
1436267220000 58.24
1436267280000 58.23
1436267340000 58.25
1436267400000 58.27
1436267460000 58.28
1436267520000 58.3
1436267580000 58.34
1436267640000 58.32
1436267700000 58.31
1436267760000 58.33
1436267820000 58.35
1436267880000 58.34
1436267940000 58.31
1436268000000 58.28
1436268060000 58.25
1436268120000 58.23
1436268180000 58.24
1436268240000 58.26
1436268300000 58.22
1436268360000 58.22
1436268420000 58.21
1436268480000 58.23
1436268540000 58.2
1436268600000 58.1799
1436268660000 58.17
1436268720000 58.16
1436268780000 58.19
1436268840000 58.15
1436268900000 58.13
1436268960000 58.14
1436269020000 58.1938
1436269080000 58.19
1436269140000 58.23
1436269200000 58.25
1436269260000 58.27
1436269320000 58.28
1436269380000 58.33
1436269440000 58.34
1436269500000 58.36
1436269560000 58.33
1436269620000 58.315
1436269680000 58.34
1436269740000 58.33
1436269800000 58.34
1436269860000 58.34
1436269920000 58.3242
1436269980000 58.32
1436270040000 58.34
1436270100000 58.36
1436270160000 58.4
1436270220000 58.51
1436270280000 58.49
1436270340000 58.5
1436270400000 58.46
1436270460000 58.44
1436270520000 58.435
1436270580000 58.45
1436270640000 58.46
1436270760000 58.46
1436270820000 58.44
1436270880000 58.45
1436270940000 58.46
1436271000000 58.46
1436271060000 58.43
1436271120000 58.41
1436271180000 58.41
1436271240000 58.4
1436271300000 58.41
1436271360000 58.43
1436271420000 58.41
1436271480000 58.41
1436271540000 58.41
1436271600000 58.42
1436271660000 58.44
1436271720000 58.44
1436271840000 58.44
1436271960000 58.44
1436272020000 58.45
1436272080000 58.46
1436272140000 58.45
1436272200000 58.44
1436272260000 58.45
1436272320000 58.48
1436272380000 58.49
1436272440000 58.49
1436272500000 58.5
1436272560000 58.48
1436272680000 58.52
1436272740000 58.54
1436272800000 58.55
1436272860000 58.54
1436272920000 58.55
1436272980000 58.55
1436273040000 58.54
1436273100000 58.56
1436273160000 58.6
1436273220000 58.62
1436273280000 58.61
1436273340000 58.6089
1436273460000 58.59
1436273520000 58.58
1436273580000 58.6
1436273640000 58.61
1436273700000 58.6599
1436273820000 58.64
1436273880000 58.67
1436273940000 58.68
1436274000000 58.7
1436274060000 58.7
1436274120000 58.67
1436274180000 58.63
1436274240000 58.66
1436274300000 58.66
1436274360000 58.62
1436274480000 58.59
1436274540000 58.627
1436274600000 58.63
1436274660000 58.65
1436274720000 58.7
1436274780000 58.74
1436274840000 58.78
1436274900000 58.8
1436274960000 58.71
1436275020000 58.71
1436275080000 58.7
1436275140000 58.71
1436275200000 58.74
1436275260000 58.71
1436275320000 58.68
1436275380000 58.7
1436275440000 58.72
1436275500000 58.72
1436275560000 58.72
1436275620000 58.715
1436275680000 58.74
1436275740000 58.76
1436275800000 58.78
1436275860000 58.77
1436275920000 58.73
1436275980000 58.74
1436276040000 58.73
1436276100000 58.74
1436276280000 58.74
1436276340000 58.76
1436276400000 58.76
1436276460000 58.75
1436276520000 58.76
1436276640000 58.8
1436276700000 58.83
1436276760000 58.82
1436276820000 58.81
1436276880000 58.8
1436276940000 58.81
1436277000000 58.82
1436277060000 58.78
1436277120000 58.79
1436277180000 58.77
1436277240000 58.77
1436277300000 58.76
1436277360000 58.78
1436277540000 58.76
1436277660000 58.78
1436277720000 58.79
1436277780000 58.77
1436277840000 58.79
1436277900000 58.79
1436278020000 58.77
1436278080000 58.76
1436278140000 58.756
1436278200000 58.771
1436278260000 58.78
1436278320000 58.79
1436278380000 58.7851
1436278440000 58.78
1436278500000 58.77
1436278560000 58.76
1436278620000 58.77
1436278680000 58.73
1436278740000 58.72
1436278800000 58.69
1436278860000 58.69
1436278920000 58.65
1436278980000 58.65
1436279040000 58.67
1436279100000 58.68
1436279220000 58.68
1436279340000 58.69
1436279460000 58.69
1436279520000 58.7
1436279580000 58.73
1436279640000 58.73
1436279700000 58.73
1436279820000 58.74
1436279880000 58.72
1436279940000 58.79
1436280000000 58.79
1436280060000 58.83
1436280120000 58.89
1436280180000 58.89
1436280240000 58.95
1436280300000 58.97
1436280360000 58.97
1436280420000 58.98
1436280480000 58.99
1436280540000 58.96
1436280600000 58.97
1436280660000 58.96
1436280720000 58.96
1436280780000 58.96
1436280840000 58.99
1436280900000 58.98
1436280960000 58.99
1436281020000 59.01
1436281080000 59.01
1436281140000 59.09
1436281200000 59.09
1436281260000 59.11
1436281320000 59.08
1436281380000 59.06
1436281440000 59.05
1436281500000 59.06
1436281560000 59.04
1436281620000 59.02
1436281680000 59.03
