1436261520000 0.1939
1436261580000 0.194
1436262060000 0.2199
1436262180000 0.2016
1436262360000 0.2085
1436262420000 0.2085
1436263440000 0.2296
1436263500000 0.2198
1436263860000 0.2101
1436263980000 0.21
1436264040000 0.2196
1436264100000 0.21
1436264160000 0.2085
1436264280000 0.2098
1436264340000 0.2
1436264400000 0.1901
1436264520000 0.2
1436264940000 0.205
1436265240000 0.19
1436265420000 0.181
1436265480000 0.175
1436265540000 0.174
1436266800000 0.1899
1436267040000 0.1998
1436267580000 0.199
1436268480000 0.19
1436271060000 0.194
1436271960000 0.1997
1436272380000 0.1988
1436273280000 0.19
1436273400000 0.1838
1436278560000 0.1979
1436279040000 0.1831
1436280120000 0.1885
1436280240000 0.1885
1436280360000 0.1892
1436280900000 0.1891
1436281020000 0.1889
1436281140000 0.1805
