1436261400000 80.77
1436261460000 80.96
1436261520000 80.9
1436261580000 80.915
1436261640000 80.96
1436261700000 80.75
1436261760000 80.76
1436261820000 80.805
1436261880000 80.7
1436261940000 80.7
1436262000000 80.62
1436262060000 80.57
1436262120000 80.5099
1436262180000 80.46
1436262240000 80.4
1436262300000 80.4499
1436262360000 80.39
1436262420000 80.3
1436262480000 80.4699
1436262540000 80.45
1436262600000 80.41
1436262660000 80.38
1436262720000 80.39
1436262780000 80.42
1436262840000 80.41
1436262900000 80.33
1436262960000 80.25
1436263020000 80.2
1436263080000 80.11
1436263140000 80.08
1436263200000 80.07
1436263260000 80.07
1436263320000 80.16
1436263380000 80.08
1436263440000 80.015
1436263500000 79.985
1436263560000 80.0
1436263620000 79.97
1436263680000 79.87
1436263740000 79.88
1436263800000 79.945
1436263860000 79.97
1436263920000 79.99
1436263980000 79.97
1436264040000 79.99
1436264100000 79.99
1436264160000 79.99
1436264220000 79.99
1436264280000 79.95
1436264340000 80.035
1436264400000 79.99
1436264460000 79.965
1436264520000 79.99
1436264580000 79.92
1436264640000 79.92
1436264700000 79.9
1436264760000 79.855
1436264820000 79.87
1436264880000 79.8
1436264940000 79.87
1436265000000 79.91
1436265060000 79.84
1436265120000 79.785
1436265180000 79.76
1436265240000 79.67
1436265300000 79.6566
1436265360000 79.61
1436265420000 79.602
1436265480000 79.54
1436265540000 79.48
1436265600000 79.49
1436265660000 79.46
1436265720000 79.44
1436265780000 79.4
1436265840000 79.42
1436265900000 79.44
1436265960000 79.4
1436266020000 79.44
1436266080000 79.57
1436266140000 79.55
1436266200000 79.51
1436266260000 79.45
1436266320000 79.49
1436266380000 79.52
1436266440000 79.54
1436266500000 79.59
1436266560000 79.48
1436266620000 79.515
1436266680000 79.48
1436266740000 79.43
1436266800000 79.4
1436266860000 79.29
1436266920000 79.3
1436266980000 79.37
1436267040000 79.29
1436267100000 79.3
1436267160000 79.19
1436267220000 79.275
1436267280000 79.27
1436267340000 79.26
1436267400000 79.24
1436267460000 79.28
1436267520000 79.29
1436267580000 79.32
1436267640000 79.28
1436267700000 79.28
1436267760000 79.34
1436267820000 79.38
1436267880000 79.35
1436267940000 79.34
1436268000000 79.3301
1436268060000 79.25
1436268120000 79.2132
1436268180000 79.305
1436268240000 79.33
1436268300000 79.33
1436268360000 79.28
1436268420000 79.32
1436268480000 79.365
1436268540000 79.27
1436268600000 79.25
1436268660000 79.2
1436268720000 79.19
1436268780000 79.14
1436268840000 79.11
1436268900000 79.07
1436268960000 78.97
1436269020000 79.06
1436269080000 79.09
1436269140000 79.18
1436269200000 79.19
1436269260000 79.26
1436269320000 79.27
1436269380000 79.34
1436269440000 79.34
1436269500000 79.33
1436269560000 79.27
1436269620000 79.23
1436269680000 79.27
1436269740000 79.248
1436269800000 79.22
1436269860000 79.25
1436269920000 79.22
1436269980000 79.23
1436270040000 79.22
1436270100000 79.22
1436270160000 79.26
1436270220000 79.5
1436270280000 79.4
1436270340000 79.43
1436270400000 79.345
1436270460000 79.38
1436270520000 79.39
1436270580000 79.4
1436270640000 79.4
1436270700000 79.44
1436270760000 79.465
1436270820000 79.5001
1436270880000 79.51
1436270940000 79.5
1436271000000 79.52
1436271060000 79.51
1436271120000 79.505
1436271180000 79.43
1436271240000 79.39
1436271300000 79.39
1436271360000 79.47
1436271420000 79.39
1436271480000 79.4
1436271540000 79.42
1436271600000 79.4
1436271660000 79.44
1436271720000 79.45
1436271780000 79.43
1436271840000 79.45
1436271900000 79.44
1436271960000 79.43
1436272020000 79.42
1436272080000 79.46
1436272140000 79.43
1436272200000 79.44
1436272260000 79.48
1436272320000 79.525
1436272380000 79.51
1436272440000 79.53
1436272500000 79.5
1436272560000 79.45
1436272620000 79.46
1436272680000 79.51
1436272740000 79.62
1436272800000 79.66
1436272860000 79.62
1436272920000 79.63
1436272980000 79.63
1436273040000 79.64
1436273100000 79.74
1436273160000 79.8
1436273220000 79.82
1436273280000 79.81
1436273340000 79.825
1436273400000 79.82
1436273460000 79.82
1436273520000 79.81
1436273580000 79.795
1436273640000 79.79
1436273700000 79.93
1436273760000 80.01
1436273820000 80.01
1436273880000 80.05
1436273940000 80.08
1436274000000 80.05
1436274060000 80.05
1436274120000 80.04
1436274180000 79.97
1436274240000 80.01
1436274300000 79.9853
1436274360000 79.93
1436274420000 79.87
1436274480000 79.89
1436274540000 79.97
1436274600000 80.0
1436274660000 80.03
1436274720000 80.075
1436274780000 80.16
1436274840000 80.17
1436274900000 80.17
1436274960000 80.118
1436275020000 80.06
1436275080000 80.04
1436275140000 80.06
1436275200000 80.11
1436275260000 80.086
1436275320000 80.03
1436275380000 80.02
1436275440000 80.1
1436275500000 80.07
1436275560000 80.07
1436275620000 80.1
1436275680000 80.12
1436275740000 80.08
1436275800000 80.12
1436275860000 80.12
1436275920000 80.03
1436275980000 80.08
1436276040000 80.05
1436276100000 80.08
1436276160000 80.12
1436276220000 80.09
1436276280000 80.11
1436276340000 80.12
1436276400000 80.1
1436276460000 79.98
1436276520000 80.03
1436276580000 80.03
1436276640000 80.05
1436276700000 80.1
1436276760000 80.045
1436276820000 80.05
1436276880000 80.03
1436276940000 80.08
1436277000000 80.11
1436277060000 80.01
1436277120000 80.08
1436277180000 80.08
1436277240000 80.08
1436277300000 80.06
1436277360000 80.02
1436277420000 79.995
1436277480000 79.98
1436277540000 79.95
1436277600000 79.95
1436277660000 79.98
1436277720000 79.98
1436277780000 79.95
1436277840000 79.97
1436277900000 79.98
1436277960000 79.95
1436278020000 79.98
1436278080000 79.94
1436278140000 79.99
1436278200000 80.01
1436278260000 79.99
1436278320000 80.03
1436278380000 79.99
1436278440000 79.9999
1436278500000 79.96
1436278560000 79.96
1436278620000 79.99
1436278680000 79.96
1436278740000 79.9
1436278800000 79.88
1436278860000 79.93
1436278920000 79.81
1436278980000 79.79
1436279040000 79.83
1436279100000 79.81
1436279160000 79.85
1436279220000 79.82
1436279280000 79.82
1436279340000 79.81
1436279400000 79.856
1436279460000 79.87
1436279520000 79.88
1436279580000 79.89
1436279640000 79.87
1436279700000 79.86
1436279760000 79.93
1436279820000 79.91
1436279880000 79.88
1436279940000 79.94
1436280000000 79.91
1436280060000 79.97
1436280120000 80.06
1436280180000 80.11
1436280240000 80.2
1436280300000 80.27
1436280360000 80.25
1436280420000 80.32
1436280480000 80.31
1436280540000 80.2803
1436280600000 80.255
1436280660000 80.25
1436280720000 80.246
1436280780000 80.25
1436280840000 80.27
1436280900000 80.25
1436280960000 80.28
1436281020000 80.36
1436281080000 80.36
1436281140000 80.53
1436281200000 80.565
1436281260000 80.5925
1436281320000 80.58
1436281380000 80.59
1436281440000 80.58
1436281500000 80.62
1436281560000 80.52
