1436261400000 6.75
1436261940000 6.815
1436262000000 6.8047
1436262180000 6.796
1436262240000 6.7987
1436262420000 6.789
1436262540000 6.67
1436263620000 6.66
1436264040000 6.656
1436264700000 6.655
1436265300000 6.65
1436265360000 6.64
1436265420000 6.64
1436265540000 6.64
1436265900000 6.5914
1436266020000 6.5766
1436267040000 6.5801
1436267100000 6.5726
1436267160000 6.5701
1436267400000 6.56
1436267700000 6.56
1436267760000 6.59
1436267820000 6.6
1436267880000 6.56
1436268720000 6.56
1436269560000 6.57
1436269620000 6.6
1436270040000 6.69
1436270160000 6.76
1436270580000 6.78
1436270640000 6.8006
1436270880000 6.76
1436270940000 6.7
1436271000000 6.7
1436272560000 6.7117
1436272800000 6.6995
1436273220000 6.67
1436273760000 6.64
1436273820000 6.6523
1436274000000 6.67
1436274600000 6.7
1436274720000 6.7
1436274780000 6.7
1436274840000 6.7
1436275860000 6.71
1436277000000 6.67
1436277720000 6.67
1436280300000 6.69
1436280600000 6.7
1436280660000 6.7
1436281440000 6.7
