1436261400000 6.59
1436261460000 6.4
1436261520000 6.42
1436261580000 6.3799
1436261640000 6.26
1436261760000 6.28
1436261820000 6.28
1436261880000 6.28
1436262000000 6.2528
1436262120000 6.25
1436262180000 6.21
1436262240000 6.228
1436262300000 6.23
1436262360000 6.24
1436262480000 6.25
1436262540000 6.24
1436262600000 6.23
1436262660000 6.23
1436262720000 6.23
1436262780000 6.24
1436262840000 6.24
1436262900000 6.24
1436262960000 6.25
1436263080000 6.26
1436263140000 6.26
1436263200000 6.26
1436263380000 6.257
1436263440000 6.25
1436263560000 6.27
1436263620000 6.26
1436263680000 6.28
1436263740000 6.25
1436263800000 6.25
1436263860000 6.25
1436263980000 6.27
1436264040000 6.32
1436264160000 6.32
1436264520000 6.27
1436264580000 6.31
1436264700000 6.2701
1436264820000 6.28
1436265000000 6.26
1436265060000 6.28
1436265480000 6.26
1436265540000 6.25
1436265600000 6.25
1436265660000 6.24
1436265720000 6.24
1436265780000 6.24
1436265840000 6.24
1436265960000 6.2399
1436266020000 6.25
1436266140000 6.28
1436266200000 6.2624
1436266320000 6.3
1436266440000 6.2701
1436266500000 6.3
1436266620000 6.32
1436266680000 6.32
1436266800000 6.31
1436266920000 6.32
1436267100000 6.3
1436267160000 6.254
1436267220000 6.25
1436267340000 6.25
1436267400000 6.23
1436267520000 6.23
1436267760000 6.2101
1436267820000 6.11
1436267880000 6.12
1436268000000 6.0914
1436268060000 6.04
1436268240000 6.05
1436268300000 6.08
1436268360000 6.06
1436268420000 6.03
1436268480000 6.03
1436268600000 6.02
1436268660000 6.02
1436268720000 6.0
1436268780000 6.03
1436268840000 6.05
1436268900000 6.018
1436269080000 6.04
1436269140000 6.08
1436269260000 6.12
1436269440000 6.0863
1436269560000 6.1
1436269620000 6.1
1436269680000 6.1
1436269740000 6.11
1436269800000 6.1
1436269920000 6.11
1436269980000 6.1199
1436270040000 6.11
1436270160000 6.14
1436270220000 6.14
1436270580000 6.1
1436270640000 6.12
1436270760000 6.1
1436270820000 6.09
1436270880000 6.09
1436270940000 6.06
1436271000000 6.06
1436271060000 6.03
1436271120000 6.04
1436271180000 6.04
1436271240000 6.06
1436271300000 6.06
1436271420000 6.09
1436271480000 6.0872
1436271600000 6.09
1436271660000 6.09
1436271840000 6.04
1436271900000 6.05
1436271960000 6.04
1436272020000 6.04
1436272080000 6.05
1436272140000 6.055
1436272200000 6.03
1436272260000 6.05
1436272320000 6.04
1436272380000 6.03
1436272440000 6.03
1436272500000 6.04
1436272560000 6.035
1436272620000 6.03
1436272680000 6.03
1436272800000 6.03
1436272920000 6.04
1436272980000 6.06
1436273100000 6.06
1436273160000 6.06
1436273340000 6.06
1436273460000 6.06
1436273520000 6.06
1436273580000 6.0693
1436273640000 6.06
1436273700000 6.05
1436273760000 6.06
1436273880000 6.06
1436273940000 6.07
1436274060000 6.07
1436274120000 6.07
1436274180000 6.07
1436274240000 6.07
1436274360000 6.07
1436274420000 6.07
1436274480000 6.0672
1436274840000 6.07
1436274900000 6.06
1436274960000 6.055
1436275080000 6.05
1436275200000 6.05
1436275260000 6.05
1436275320000 6.06
1436275380000 6.055
1436275440000 6.05
1436275500000 6.06
1436275560000 6.05
1436275620000 6.05
1436275680000 6.045
1436275800000 6.05
1436275860000 6.03
1436275920000 6.03
1436275980000 6.03
1436276040000 6.03
1436276100000 6.03
1436276160000 6.03
1436276220000 6.04
1436276280000 6.03
1436276340000 6.03
1436276400000 6.03
1436276460000 6.025
1436276520000 6.02
1436276580000 6.0
1436276640000 6.0
1436276700000 6.01
1436276760000 6.0
1436276820000 6.005
1436276880000 6.0
1436276940000 6.02
1436277000000 6.02
1436277060000 6.02
1436277180000 6.02
1436277240000 6.03
1436277360000 6.02
1436277420000 6.03
1436277480000 6.04
1436277660000 6.04
1436277720000 6.04
1436277780000 6.01
1436277840000 5.99
1436277900000 5.99
1436277960000 5.99
1436278020000 6.0
1436278080000 6.0
1436278140000 6.0472
1436278260000 6.05
1436278320000 6.05
1436278380000 6.08
1436278440000 6.07
1436278500000 6.02
1436278620000 6.05
1436278680000 6.0301
1436278800000 6.03
1436278860000 6.0299
1436278920000 6.01
1436278980000 6.0
1436279040000 6.01
1436279160000 6.01
1436279220000 6.01
1436279280000 6.01
1436279340000 6.01
1436279400000 6.0
1436279460000 6.01
1436279520000 6.01
1436279580000 6.01
1436279700000 6.0
1436279760000 6.0
1436279820000 6.0
1436279880000 6.0
1436279940000 6.02
1436280000000 6.01
1436280060000 6.05
1436280180000 6.05
1436280360000 6.08
1436280480000 6.07
1436280540000 6.05
1436280660000 6.0549
1436280720000 6.05
1436280780000 6.05
1436280840000 6.05
1436280900000 6.06
1436280960000 6.08
1436281020000 6.08
1436281380000 6.09
1436281560000 6.08
