1436263140000 4.15
1436263440000 4.08
1436264880000 4.08
1436265660000 4.08
1436266680000 4.0806
1436266740000 4.08
1436267160000 4.08
1436267340000 4.08
1436267400000 4.0801
1436267520000 4.088
1436268060000 4.08
1436268660000 4.08
1436271480000 4.099
1436271540000 4.08
1436271780000 4.08
1436273640000 4.1
1436274600000 4.0801
1436274720000 4.08
1436276460000 4.08
1436276700000 4.0995
1436277300000 4.08
1436278380000 4.02
1436278440000 4.02
1436278620000 4.07
1436280960000 4.02
1436281140000 4.01
1436281200000 4.02
1436281380000 4.0014
