1436261400000 26.95
1436261700000 27.23
1436261880000 27.014
1436262120000 26.7725
1436262180000 26.9
1436262420000 26.84
1436262780000 27.07
1436262900000 27.2
1436263020000 27.1
1436263440000 26.89
1436263740000 26.97
1436263860000 27.055
1436264160000 27.0
1436264220000 26.99
1436264340000 26.99
1436264400000 27.09
1436264880000 27.03
1436265000000 26.98
1436265300000 26.96
1436265540000 26.81
1436265600000 26.85
1436265660000 26.617
1436265720000 26.67
1436265780000 26.51
1436265900000 26.705
1436265960000 26.72
1436266260000 26.799
1436266380000 26.78
1436266440000 26.71
1436266740000 26.73
1436266800000 26.73
1436267340000 26.52
1436267400000 26.71
1436268540000 26.67
1436268600000 26.67
1436269140000 26.72
1436269740000 26.72
1436270160000 26.79
1436270940000 26.83
1436271300000 26.56
1436272680000 26.72
1436273040000 26.94
1436273100000 27.13
1436273220000 27.1693
1436273520000 27.08
1436273700000 27.19
1436273760000 27.31
1436274180000 27.34
1436274360000 27.27
1436274420000 27.2
1436274540000 27.16
1436274840000 27.1927
1436274900000 27.25
1436275140000 27.201
1436275200000 27.25
1436275320000 27.3
1436275440000 27.29
1436275500000 27.3
1436275560000 27.47
1436275620000 27.5
1436275800000 27.448
1436276100000 27.5
1436276220000 27.585
1436276340000 27.6474
1436276520000 27.7
1436276580000 27.66
1436276640000 27.61
1436276760000 27.65
1436277000000 27.5306
1436277060000 27.55
1436277120000 27.74
1436277180000 27.72
1436277720000 27.7536
1436277840000 27.7799
1436278140000 27.65
1436278320000 27.618
1436278560000 27.57
1436278680000 27.53
1436278740000 27.45
1436279100000 27.43
1436279160000 27.4299
1436279460000 27.42
1436279640000 27.48
1436279700000 27.5
1436279820000 27.49
1436280000000 27.49
1436280060000 27.49
1436280120000 27.5
1436280180000 27.48
1436280360000 27.49
1436280420000 27.5
1436280480000 27.53
1436280540000 27.6
1436280600000 27.5
1436280840000 27.53
1436280900000 27.52
1436280960000 27.52
1436281020000 27.51
1436281080000 27.54
1436281200000 27.67
1436281320000 27.66
1436281440000 27.64
1436281500000 27.595
