1435656600000 4.94
1435656900000 4.93
1435657020000 4.93
1435657080000 4.94
1435657440000 4.935
1435657500000 4.93
1435657800000 4.92
1435657980000 4.92
1435658100000 4.921
1435658340000 4.91
1435658400000 4.9
1435658460000 4.91
1435658700000 4.91
1435658820000 4.905
1435659000000 4.905
1435659060000 4.91
1435659120000 4.92
1435659240000 4.92
1435659360000 4.91
1435659420000 4.92
1435659540000 4.92
1435659660000 4.92
1435659780000 4.92
1435659900000 4.92
1435660020000 4.92
1435660080000 4.92
1435660140000 4.92
1435660200000 4.94
1435660320000 4.94
1435660500000 4.94
1435660620000 4.93
1435660680000 4.92
1435660800000 4.93
1435660860000 4.92
1435660980000 4.91
1435661040000 4.91
1435661100000 4.91
1435661280000 4.9
1435661340000 4.9
1435661460000 4.91
1435661520000 4.91
1435661640000 4.92
1435661820000 4.92
1435661940000 4.92
1435662120000 4.92
1435662300000 4.91
1435662360000 4.92
1435662420000 4.92
1435662480000 4.91
1435662600000 4.92
1435662660000 4.91
1435662900000 4.92
1435663020000 4.92
1435663140000 4.91
1435663200000 4.92
1435663380000 4.92
1435663560000 4.92
1435663680000 4.915
1435663740000 4.92
1435663860000 4.91
1435663920000 4.91
1435663980000 4.91
1435664040000 4.91
1435664100000 4.91
1435664280000 4.91
1435664400000 4.9101
1435664460000 4.91
1435664580000 4.91
1435664760000 4.92
1435665300000 4.92
1435665360000 4.91
1435665480000 4.92
1435665540000 4.91
1435665660000 4.92
1435665900000 4.92
1435665960000 4.91
1435666080000 4.92
1435666200000 4.91
1435666380000 4.91
1435666500000 4.91
1435666620000 4.9
1435666920000 4.9
1435667220000 4.9
1435667280000 4.9
1435667340000 4.9
1435667400000 4.9
1435667460000 4.9
1435667520000 4.9
1435667580000 4.9
1435667640000 4.9
1435667700000 4.9
1435667760000 4.9
1435667940000 4.89
1435668180000 4.9
1435668240000 4.9
1435668300000 4.91
1435668480000 4.91
1435668840000 4.91
1435669080000 4.91
1435669200000 4.9
1435669260000 4.91
1435669440000 4.91
1435669680000 4.91
1435669860000 4.91
1435670100000 4.91
1435670280000 4.91
1435670400000 4.9
1435670520000 4.91
1435670700000 4.91
1435670880000 4.9
1435670940000 4.91
1435671120000 4.91
1435671180000 4.91
1435671600000 4.9
1435671660000 4.9
1435671720000 4.9
1435671900000 4.89
1435672020000 4.89
1435672080000 4.89
1435672140000 4.89
1435672200000 4.89
1435672260000 4.89
1435672440000 4.9
1435672620000 4.89
1435672740000 4.89
1435672860000 4.89
1435672920000 4.89
1435672980000 4.89
1435673040000 4.89
1435673100000 4.89
1435673160000 4.89
1435673220000 4.89
1435673400000 4.89
1435673460000 4.89
1435673520000 4.89
1435673580000 4.89
1435673820000 4.89
1435673940000 4.89
1435674000000 4.88
1435674120000 4.88
1435674180000 4.88
1435674300000 4.88
1435674900000 4.88
1435674960000 4.88
1435675020000 4.88
1435675140000 4.89
1435675680000 4.88
1435675740000 4.9
1435675860000 4.89
1435675920000 4.88
1435675980000 4.88
1435676040000 4.88
1435676100000 4.88
1435676160000 4.88
1435676220000 4.88
1435676340000 4.88
1435676460000 4.88
1435676520000 4.88
1435676760000 4.88
1435676820000 4.88
1435676880000 4.88
1435676940000 4.88
1435677000000 4.88
1435677060000 4.87
1435677120000 4.87
1435677180000 4.875
1435677420000 4.87
1435677600000 4.875
1435677660000 4.87
1435677720000 4.87
1435677780000 4.87
1435678140000 4.87
1435678200000 4.87
1435678260000 4.87
1435678380000 4.88
1435678440000 4.87
1435678500000 4.87
1435678560000 4.88
1435678620000 4.88
1435678680000 4.87
1435678740000 4.87
1435678800000 4.87
1435678860000 4.87
1435678920000 4.87
1435678980000 4.87
1435679040000 4.87
1435679100000 4.87
1435679160000 4.87
1435679220000 4.87
1435679280000 4.87
1435679340000 4.87
1435679400000 4.87
1435679460000 4.87
1435679520000 4.87
1435679580000 4.88
1435679640000 4.87
1435679700000 4.88
1435679760000 4.88
1435679820000 4.88
1435679880000 4.88
1435679940000 4.87
1435681740000 4.89
