1436261400000 80.97
1436261460000 80.79
1436261520000 80.91
1436261580000 80.96
1436261640000 81.0
1436261700000 80.82
1436261760000 80.8
1436261820000 80.8399
1436261880000 80.66
1436261940000 80.78
1436262000000 80.76
1436262060000 80.76
1436262120000 80.74
1436262180000 80.78
1436262240000 80.7799
1436262300000 80.73
1436262360000 80.69
1436262420000 80.74
1436262480000 80.73
1436262540000 80.76
1436262600000 80.6901
1436262660000 80.65
1436262720000 80.62
1436262780000 80.67
1436262840000 80.68
1436262900000 80.71
1436262960000 80.67
1436263020000 80.67
1436263080000 80.6091
1436263140000 80.54
1436263200000 80.53
1436263260000 80.53
1436263320000 80.52
1436263380000 80.55
1436263440000 80.46
1436263500000 80.44
1436263560000 80.4381
1436263620000 80.4
1436263680000 80.29
1436263740000 80.31
1436263800000 80.4
1436263860000 80.47
1436263920000 80.5
1436263980000 80.5
1436264040000 80.57
1436264100000 80.46
1436264220000 80.47
1436264280000 80.47
1436264340000 80.46
1436264400000 80.44
1436264460000 80.45
1436264520000 80.488
1436264580000 80.47
1436264640000 80.46
1436264700000 80.47
1436264760000 80.39
1436264820000 80.41
1436264880000 80.33
1436264940000 80.36
1436265000000 80.35
1436265060000 80.28
1436265120000 80.27
1436265180000 80.3
1436265240000 80.2999
1436265300000 80.32
1436265360000 80.25
1436265420000 80.28
1436265480000 80.25
1436265540000 80.26
1436265600000 80.2
1436265660000 80.17
1436265720000 80.13
1436265780000 80.13
1436265840000 80.13
1436265900000 80.18
1436265960000 80.2
1436266020000 80.2201
1436266080000 80.25
1436266140000 80.25
1436266200000 80.22
1436266260000 80.24
1436266320000 80.28
1436266380000 80.3
1436266440000 80.28
1436266500000 80.33
1436266560000 80.21
1436266620000 80.25
1436266680000 80.21
1436266740000 80.22
1436266800000 80.17
1436266860000 80.11
1436266920000 80.0945
1436266980000 80.15
1436267040000 80.1
1436267100000 80.09
1436267160000 80.06
1436267220000 80.08
1436267280000 80.12
1436267340000 80.12
1436267400000 80.11
1436267460000 80.14
1436267520000 80.17
1436267580000 80.2201
1436267640000 80.155
1436267700000 80.14
1436267760000 80.19
1436267820000 80.21
1436267880000 80.19
1436267940000 80.16
1436268000000 80.1647
1436268060000 80.08
1436268120000 80.07
1436268180000 80.07
1436268240000 80.13
1436268300000 80.08
1436268360000 80.1
1436268420000 80.1
1436268480000 80.1319
1436268540000 80.06
1436268600000 80.02
1436268660000 80.0
1436268720000 79.96
1436268780000 79.985
1436268840000 79.92
1436268900000 79.91
1436268960000 79.89
1436269020000 79.9501
1436269080000 79.98
1436269140000 80.005
1436269200000 80.04
1436269260000 80.041
1436269320000 80.06
1436269380000 80.13
1436269440000 80.15
1436269500000 80.16
1436269560000 80.12
1436269620000 80.09
1436269680000 80.11
1436269740000 80.11
1436269800000 80.1
1436269860000 80.08
1436269920000 80.0303
1436269980000 80.04
1436270040000 80.02
1436270100000 80.05
1436270160000 80.16
1436270220000 80.37
1436270280000 80.32
1436270340000 80.31
1436270400000 80.25
1436270460000 80.23
1436270520000 80.23
1436270580000 80.255
1436270640000 80.3
1436270700000 80.33
1436270760000 80.27
1436270820000 80.235
1436270880000 80.24
1436270940000 80.22
1436271000000 80.22
1436271060000 80.18
1436271120000 80.16
1436271180000 80.17
1436271240000 80.1653
1436271300000 80.19
1436271360000 80.25
1436271420000 80.22
1436271480000 80.23
1436271540000 80.26
1436271600000 80.27
1436271720000 80.32
1436271780000 80.29
1436271840000 80.3
1436271900000 80.28
1436271960000 80.27
1436272020000 80.29
1436272080000 80.32
1436272140000 80.3
1436272200000 80.26
1436272260000 80.26
1436272320000 80.33
1436272380000 80.34
1436272440000 80.3603
1436272500000 80.35
1436272560000 80.34
1436272620000 80.37
1436272680000 80.35
1436272740000 80.4
1436272800000 80.36
1436272860000 80.37
1436272920000 80.38
1436272980000 80.41
1436273040000 80.3978
1436273100000 80.45
1436273160000 80.51
1436273220000 80.54
1436273280000 80.53
1436273340000 80.5
1436273400000 80.48
1436273460000 80.48
1436273520000 80.51
1436273580000 80.47
1436273640000 80.49
1436273700000 80.58
1436273760000 80.58
1436273820000 80.61
1436273880000 80.64
1436273940000 80.65
1436274000000 80.65
1436274060000 80.67
1436274120000 80.62
1436274180000 80.56
1436274240000 80.6022
1436274300000 80.56
1436274360000 80.54
1436274420000 80.49
1436274480000 80.48
1436274540000 80.58
1436274600000 80.57
1436274660000 80.6199
1436274720000 80.69
1436274780000 80.77
1436274840000 80.8
1436274900000 80.86
1436274960000 80.76
1436275020000 80.67
1436275080000 80.66
1436275140000 80.62
1436275200000 80.71
1436275260000 80.67
1436275320000 80.5901
1436275380000 80.6
1436275440000 80.68
1436275500000 80.6839
1436275560000 80.682
1436275620000 80.69
1436275680000 80.73
1436275740000 80.75
1436275800000 80.78
1436275860000 80.77
1436275920000 80.69
1436275980000 80.72
1436276040000 80.67
1436276100000 80.68
1436276160000 80.74
1436276220000 80.72
1436276280000 80.7203
1436276340000 80.74
1436276400000 80.76
1436276460000 80.71
1436276520000 80.72
1436276580000 80.74
1436276640000 80.77
1436276700000 80.83
1436276760000 80.78
1436276820000 80.78
1436276880000 80.74
1436276940000 80.78
1436277000000 80.8
1436277060000 80.74
1436277120000 80.74
1436277180000 80.74
1436277240000 80.7199
1436277300000 80.7
1436277360000 80.74
1436277420000 80.73
1436277480000 80.7
1436277540000 80.7
1436277600000 80.72
1436277660000 80.73
1436277720000 80.76
1436277780000 80.73
1436277840000 80.76
1436277900000 80.75
1436277960000 80.71
1436278020000 80.68
1436278080000 80.65
1436278140000 80.69
1436278200000 80.74
1436278260000 80.71
1436278320000 80.74
1436278380000 80.71
1436278440000 80.71
1436278500000 80.66
1436278560000 80.63
1436278620000 80.65
1436278680000 80.64
1436278740000 80.59
1436278800000 80.52
1436278860000 80.57
1436278920000 80.43
1436278980000 80.4599
1436279040000 80.49
1436279100000 80.51
1436279160000 80.54
1436279220000 80.52
1436279280000 80.53
1436279340000 80.55
1436279400000 80.53
1436279460000 80.525
1436279520000 80.55
1436279580000 80.6
1436279640000 80.61
1436279700000 80.58
1436279760000 80.62
1436279820000 80.6
1436279880000 80.62
1436279940000 80.68
1436280000000 80.67
1436280060000 80.75
1436280120000 80.83
1436280180000 80.84
1436280240000 80.94
1436280300000 80.96
1436280360000 80.95
1436280420000 81.0
1436280480000 80.97
1436280540000 80.9561
1436280600000 80.95
1436280660000 80.8961
1436280720000 80.92
1436280780000 80.92
1436280840000 80.99
1436280900000 80.95
1436280960000 80.99
1436281020000 81.0
1436281080000 81.0
1436281140000 81.18
1436281200000 81.19
1436281260000 81.2
1436281320000 81.15
1436281380000 81.15
1436281440000 81.11
1436281500000 81.15
1436281560000 81.08
