1436261400000 28.2
1436261580000 28.26
1436262900000 28.12
1436262960000 28.15
1436263020000 28.17
1436263080000 28.1
1436263140000 28.09
1436263200000 28.11
1436263260000 28.09
1436263320000 28.09
1436263380000 28.01
1436263440000 28.02
1436263500000 28.01
1436263560000 27.71
1436263740000 27.718
1436263800000 27.8
1436263860000 27.8
1436263920000 27.83
1436264220000 27.75
1436264280000 27.75
1436264400000 27.85
1436264460000 27.89
1436264520000 27.9
1436264640000 27.85
1436264700000 27.9
1436264880000 27.8
1436265300000 27.92
1436265360000 27.71
1436265420000 27.82
1436265480000 27.7
1436265540000 27.66
1436265600000 27.63
1436265660000 27.58
1436265720000 27.29
1436265780000 27.5
1436265840000 27.49
1436266260000 27.31
1436266440000 27.46
1436266680000 27.652
1436266920000 27.5
1436267100000 27.55
1436267220000 27.5
1436267340000 27.346
1436267460000 27.65
1436267520000 27.542
1436267580000 27.52
1436267640000 27.42
1436267700000 27.392
1436267760000 27.42
1436267820000 27.54
1436267940000 27.52
1436268000000 27.3
1436268120000 27.27
1436268240000 27.43
1436268300000 27.46
1436268360000 27.45
1436268420000 27.49
1436268600000 27.3
1436268660000 27.31
1436268720000 27.3025
1436268840000 27.32
1436269140000 27.43
1436269200000 27.46
1436269320000 27.65
1436269380000 27.45
1436269440000 27.45
1436269620000 27.44
1436269680000 27.3
1436269740000 27.25
1436269800000 27.3
1436269920000 27.56
1436270160000 27.58
1436270400000 27.43
1436270460000 27.25
1436270580000 27.269
1436271060000 27.28
1436271120000 27.4
1436271180000 27.41
1436271300000 27.3
1436271360000 27.34
1436271660000 27.45
1436271720000 27.44
1436271840000 27.33
1436271900000 27.34
1436271960000 27.31
1436272020000 27.34
1436272080000 27.28
1436272140000 27.33
1436272260000 27.482
1436272320000 27.45
1436272380000 27.46
1436272440000 27.44
1436272500000 27.3
1436272680000 27.26
1436272740000 27.34
1436272920000 27.44
1436272980000 27.44
1436273040000 27.38
1436273100000 27.49
1436273160000 27.41
1436273220000 27.4
1436273520000 27.44
1436273700000 27.39
1436273760000 27.27
1436273820000 27.37
1436273880000 27.35
1436273940000 27.26
1436274000000 27.39
1436274180000 27.57
1436274300000 27.54
1436274420000 27.49
1436274480000 27.53
1436274600000 27.58
1436274660000 27.5
1436274780000 27.58
1436274840000 27.6
1436274900000 27.58
1436275140000 27.52
1436275320000 27.66
1436276220000 27.74
1436276760000 27.85
1436277000000 27.97
1436278740000 27.83
1436278860000 27.65
1436278920000 27.65
1436279100000 27.56
1436279280000 27.5
1436279520000 27.52
1436279580000 27.53
1436279640000 27.5
1436279760000 27.49
1436279880000 27.44
1436279940000 27.46
1436280060000 27.45
1436280180000 27.49
1436280420000 27.62
1436280540000 27.56
1436280720000 27.58
1436280960000 27.61
1436281140000 27.59
1436281260000 27.6
1436281320000 27.6
1436281440000 27.71
