1436261400000 18.63
1436261460000 18.51
1436261520000 18.4684
1436261640000 18.4
1436261700000 18.49
1436261760000 18.58
1436261820000 18.52
1436261880000 18.58
1436261940000 18.682
1436262000000 18.72
1436262060000 18.6226
1436262120000 18.69
1436262180000 18.72
1436262240000 18.91
1436262300000 18.9066
1436262360000 18.77
1436262420000 18.7699
1436262480000 18.74
1436262540000 18.8505
1436262660000 18.76
1436262720000 18.71
1436262780000 18.77
1436262840000 18.7524
1436262900000 18.78
1436262960000 18.726
1436263020000 18.71
1436263080000 18.64
1436263140000 18.61
1436263200000 18.56
1436263260000 18.48
1436263320000 18.515
1436263380000 18.58
1436263440000 18.45
1436263500000 18.48
1436263560000 18.42
1436263620000 18.41
1436263680000 18.2984
1436263740000 18.23
1436263800000 18.17
1436263860000 18.33
1436263920000 18.3
1436263980000 18.28
1436264040000 18.31
1436264100000 18.34
1436264160000 18.27
1436264220000 18.2702
1436264280000 18.33
1436264340000 18.38
1436264460000 18.34
1436264520000 18.47
1436264580000 18.29
1436264640000 18.321
1436264700000 18.2499
1436264760000 18.23
1436264820000 18.18
1436264880000 18.1322
1436264940000 18.19
1436265000000 18.33
1436265060000 18.3
1436265120000 18.14
1436265180000 18.19
1436265240000 18.13
1436265300000 18.05
1436265360000 18.05
1436265420000 17.97
1436265480000 18.04
1436265540000 17.9968
1436265600000 17.9
1436265660000 17.85
1436265720000 17.76
1436265780000 17.71
1436265840000 17.75
1436265900000 17.72
1436265960000 17.7867
1436266020000 17.8239
1436266080000 17.89
1436266140000 17.91
1436266200000 17.96
1436266260000 17.87
1436266320000 17.94
1436266380000 17.99
1436266440000 17.97
1436266500000 18.042
1436266560000 17.92
1436266620000 18.03
1436266680000 17.92
1436266740000 17.87
1436266800000 17.86
1436266860000 17.86
1436266920000 17.85
1436266980000 17.84
1436267040000 17.89
1436267100000 17.88
1436267160000 17.83
1436267220000 17.84
1436267280000 17.85
1436267340000 17.85
1436267400000 17.86
1436267460000 17.86
1436267520000 17.95
1436267580000 17.88
1436267640000 17.9
1436267700000 17.9099
1436267760000 17.95
1436267820000 17.97
1436267940000 17.87
1436268000000 17.99
1436268060000 17.913
1436268120000 17.89
1436268180000 17.98
1436268240000 17.98
1436268300000 17.95
1436268360000 17.98
1436268420000 17.93
1436268480000 18.03
1436268540000 18.0
1436268600000 17.94
1436268660000 17.93
1436268720000 17.97
1436268780000 17.99
1436268840000 17.895
1436268900000 17.88
1436268960000 17.9
1436269020000 17.95
1436269080000 18.02
1436269140000 18.11
1436269200000 18.17
1436269260000 18.092
1436269320000 18.13
1436269380000 18.0974
1436269440000 18.16
1436269500000 18.13
1436269560000 18.06
1436269620000 17.9001
1436269680000 18.07
1436269740000 18.08
1436269800000 18.09
1436269860000 18.12
1436269920000 18.06
1436269980000 18.02
1436270040000 18.03
1436270100000 18.08
1436270160000 18.11
1436270220000 18.22
1436270280000 18.22
1436270340000 18.25
1436270400000 18.2
1436270460000 18.2
1436270520000 18.14
1436270580000 18.17
1436270640000 18.25
1436270700000 18.26
1436270760000 18.275
1436270820000 18.23
1436270880000 18.24
1436270940000 18.244
1436271000000 18.23
1436271060000 18.15
1436271120000 18.12
1436271180000 18.19
1436271240000 18.15
1436271300000 18.21
1436271360000 18.24
1436271420000 18.22
1436271540000 18.19
1436271600000 18.27
1436271660000 18.32
1436271720000 18.315
1436271780000 18.3
1436271900000 18.31
1436271960000 18.286
1436272020000 18.33
1436272080000 18.2926
1436272140000 18.29
1436272200000 18.26
1436272260000 18.28
1436272320000 18.3
1436272380000 18.23
1436272440000 18.33
1436272500000 18.36
1436272560000 18.33
1436272620000 18.4637
1436272680000 18.31
1436272740000 18.35
1436272800000 18.3663
1436272860000 18.36
1436272920000 18.36
1436272980000 18.36
1436273040000 18.34
1436273100000 18.37
1436273160000 18.3917
1436273220000 18.39
1436273280000 18.42
1436273340000 18.41
1436273400000 18.43
1436273520000 18.45
1436273580000 18.41
1436273640000 18.45
1436273700000 18.46
1436273760000 18.41
1436273820000 18.4699
1436273880000 18.47
1436273940000 18.45
1436274000000 18.49
1436274060000 18.51
1436274120000 18.51
1436274180000 18.49
1436274240000 18.5
1436274300000 18.54
1436274360000 18.51
1436274420000 18.44
1436274480000 18.41
1436274540000 18.52
1436274600000 18.54
1436274660000 18.5
1436274720000 18.57
1436274780000 18.59
1436274840000 18.588
1436274900000 18.62
1436274960000 18.53
1436275020000 18.48
1436275080000 18.53
1436275140000 18.54
1436275200000 18.57
1436275260000 18.5195
1436275320000 18.59
1436275380000 18.63
1436275440000 18.5703
1436275500000 18.6
1436275560000 18.56
1436275620000 18.6
1436275680000 18.66
1436275740000 18.694
1436275800000 18.69
1436275860000 18.69
1436275920000 18.65
1436275980000 18.66
1436276040000 18.71
1436276100000 18.7384
1436276160000 18.81
1436276220000 18.79
1436276280000 18.845
1436276340000 18.8101
1436276400000 18.845
1436276460000 18.8
1436276520000 18.71
1436276580000 18.64
1436276640000 18.85
1436276700000 18.88
1436276760000 18.89
1436276820000 18.9105
1436276880000 18.973
1436276940000 18.95
1436277000000 18.87
1436277060000 18.91
1436277120000 18.83
1436277180000 18.88
1436277240000 18.88
1436277300000 18.84
1436277360000 18.88
1436277420000 18.89
1436277480000 18.88
1436277540000 18.84
1436277600000 18.87
1436277660000 18.84
1436277720000 18.85
1436277780000 18.9
1436277900000 18.88
1436277960000 18.83
1436278020000 18.77
1436278080000 18.87
1436278140000 18.84
1436278200000 18.84
1436278260000 18.85
1436278320000 18.86
1436278380000 18.85
1436278440000 18.83
1436278500000 18.78
1436278560000 18.78
1436278620000 18.75
1436278680000 18.76
1436278740000 18.75
1436278800000 18.71
1436278860000 18.75
1436278920000 18.77
1436278980000 18.7
1436279040000 18.68
1436279100000 18.78
1436279160000 18.72
1436279280000 18.6932
1436279340000 18.71
1436279400000 18.69
1436279460000 18.74
1436279520000 18.76
1436279580000 18.79
1436279640000 18.82
1436279700000 18.72
1436279760000 18.73
1436279820000 18.81
1436279880000 18.77
1436279940000 18.86
1436280000000 18.86
1436280060000 18.85
1436280120000 18.84
1436280180000 18.77
1436280240000 18.81
1436280300000 18.81
1436280360000 18.85
1436280420000 18.84
1436280480000 18.85
1436280540000 18.785
1436280600000 18.7601
1436280660000 18.8314
1436280720000 18.84
1436280780000 18.88
1436280840000 18.9
1436280960000 18.88
1436281020000 18.9
1436281080000 18.9388
1436281140000 18.98
1436281200000 19.02
1436281260000 19.04
1436281320000 19.12
1436281380000 19.14
1436281440000 19.25
1436281500000 19.3
1436281560000 19.19
1436281620000 19.2
1436281680000 19.1888
