1436261400000 56.8
1436261700000 57.035
1436261820000 57.035
1436262360000 57.02
1436263020000 56.96
1436263080000 56.935
1436263260000 56.93
1436263560000 56.915
1436263620000 56.8
1436263680000 56.8
1436264760000 56.53
1436267520000 56.46
1436267940000 56.76
1436269320000 57.0
1436270040000 56.89
1436270100000 56.63
1436270160000 56.87
1436270220000 56.95
1436270280000 57.08
1436270520000 57.04
1436270580000 57.12
1436270820000 57.01
1436271060000 56.92
1436271180000 57.01
1436271840000 56.91
1436271900000 56.68
1436272260000 56.73
1436272440000 56.74
1436274660000 56.52
1436274780000 57.08
1436275620000 56.75
1436275860000 56.74
1436276400000 56.75
1436276460000 57.07
1436276520000 57.0
1436276580000 56.88
1436276640000 56.88
1436276700000 56.82
1436276760000 56.76
1436276880000 56.69
1436277900000 57.08
1436277960000 56.77
1436280180000 56.79
1436281380000 56.75
