1436261400000 19.79
1436261640000 19.81
1436261940000 19.72
1436262000000 19.71
1436262120000 19.62
1436262180000 19.7
1436262540000 19.365
1436262600000 19.3601
1436262960000 19.31
1436263260000 19.36
1436263500000 19.39
1436265540000 19.37
1436265600000 19.29
1436266380000 19.34
1436266440000 19.34
1436266620000 19.35
1436267220000 19.38
1436267340000 19.35
1436267580000 19.305
1436267760000 19.26
1436268060000 19.3
1436269080000 19.26
1436269140000 19.25
1436269680000 19.21
1436270220000 19.17
1436270460000 19.2
1436270520000 19.2487
1436270940000 19.24
1436271000000 19.23
1436271720000 19.2
1436272140000 19.22
1436272500000 19.24
1436273520000 19.215
1436273580000 19.21
1436273760000 19.21
1436274300000 19.21
1436274780000 19.235
1436274840000 19.2
1436276100000 19.17
1436276220000 19.17
1436276280000 19.17
1436277360000 19.215
1436278200000 19.2
1436278260000 19.2
1436278440000 19.17
1436278740000 19.17
1436278800000 19.15
1436279880000 19.1101
1436280180000 19.2
1436280780000 19.25
1436281020000 19.25
1436281080000 19.25
