1436261400000 20.08
1436261460000 20.1
1436261520000 20.133
1436261580000 20.11
1436261640000 20.31
1436261700000 20.12
1436261760000 20.02
1436261820000 19.69
1436261940000 19.88
1436262000000 19.69
1436262060000 19.84
1436262180000 19.8595
1436262240000 19.81
1436262300000 19.72
1436262360000 19.68
1436262420000 19.64
1436262480000 19.58
1436262600000 19.657
1436262660000 19.3699
1436262720000 19.35
1436262780000 19.5072
1436262900000 19.44
1436262960000 19.54
1436263200000 19.4901
1436263260000 19.56
1436263320000 19.65
1436263380000 19.595
1436263500000 19.55
1436263560000 19.47
1436263620000 19.4
1436263680000 19.23
1436263740000 19.1331
1436263800000 19.1236
1436263860000 19.23
1436263920000 19.23
1436263980000 19.21
1436264040000 19.19
1436264100000 19.26
1436264220000 19.2164
1436264280000 19.19
1436264400000 19.19
1436264460000 19.16
1436264520000 19.2
1436264580000 19.24
1436264700000 19.17
1436264760000 19.2151
1436264820000 19.205
1436264880000 19.179
1436265060000 19.23
1436265120000 19.193
1436265300000 19.17
1436265360000 19.2399
1436265540000 19.15
1436265600000 19.1
1436265660000 19.09
1436265720000 19.0516
1436265780000 19.03
1436265840000 19.105
1436265900000 19.15
1436265960000 19.1
1436266020000 19.1999
1436266080000 19.2
1436266140000 19.24
1436266200000 19.28
1436266320000 19.22
1436266380000 19.285
1436266440000 19.37
1436266500000 19.39
1436266560000 19.4
1436266620000 19.42
1436266740000 19.44
1436266800000 19.43
1436266860000 19.45
1436266920000 19.43
1436266980000 19.4
1436267040000 19.395
1436267100000 19.48
1436267160000 19.4801
1436267280000 19.57
1436267340000 19.56
1436267400000 19.49
1436267460000 19.55
1436267520000 19.54
1436267580000 19.58
1436267640000 19.6
1436267700000 19.572
1436267760000 19.57
1436267820000 19.6
1436268060000 19.55
1436268180000 19.5
1436268300000 19.5
1436268480000 19.5
1436268540000 19.5
1436268600000 19.46
1436268660000 19.5
1436268720000 19.5
1436268780000 19.49
1436268840000 19.49
1436268960000 19.5
1436269140000 19.56
1436269320000 19.6
1436269380000 19.6
1436269440000 19.62
1436269500000 19.6296
1436269620000 19.6101
1436269680000 19.61
1436269860000 19.61
1436269920000 19.59
1436269980000 19.61
1436270040000 19.58
1436270100000 19.57
1436270160000 19.6
1436270220000 19.635
1436270280000 19.62
1436270340000 19.6
1436270400000 19.55
1436270460000 19.5707
1436270520000 19.55
1436270580000 19.58
1436270640000 19.61
1436270700000 19.63
1436270760000 19.62
1436270820000 19.61
1436270940000 19.5604
1436271060000 19.57
1436271120000 19.569
1436271180000 19.57
1436271300000 19.57
1436271360000 19.61
1436271420000 19.56
1436271540000 19.52
1436271600000 19.5201
1436271660000 19.59
1436271720000 19.625
1436271780000 19.65
1436271840000 19.5901
1436271900000 19.63
1436272020000 19.63
1436272080000 19.65
1436272140000 19.645
1436272260000 19.61
1436272320000 19.66
1436272440000 19.6
1436272560000 19.57
1436272680000 19.58
1436272740000 19.63
1436272980000 19.64
1436273100000 19.65
1436273220000 19.7
1436273400000 19.72
1436273460000 19.74
1436273520000 19.75
1436273640000 19.75
1436273700000 19.882
1436273760000 19.88
1436273820000 19.95
1436273880000 19.98
1436273940000 19.997
1436274000000 19.935
1436274060000 19.983
1436274120000 19.94
1436274180000 19.94
1436274300000 19.83
1436274420000 19.82
1436274540000 19.79
1436274600000 19.76
1436274900000 19.85
1436274960000 19.795
1436275020000 19.81
1436275260000 19.72
1436275380000 19.715
1436275440000 19.68
1436275560000 19.68
1436275620000 19.62
1436275680000 19.74
1436275740000 19.78
1436275800000 19.82
1436275980000 19.73
1436276040000 19.75
1436276280000 19.785
1436276340000 19.76
1436276460000 19.77
1436276580000 19.76
1436276640000 19.78
1436276700000 19.81
1436276760000 19.71
1436276820000 19.78
1436276880000 19.83
1436277000000 19.81
1436277180000 19.8
1436277240000 19.77
1436277540000 19.746
1436277660000 19.77
1436278020000 19.76
1436278140000 19.73
1436278200000 19.76
1436278500000 19.79
1436278680000 19.73
1436278740000 19.73
1436278800000 19.69
1436278860000 19.65
1436278920000 19.65
1436279100000 19.634
1436279160000 19.67
1436279700000 19.7
1436279880000 19.69
1436280000000 19.72
1436280060000 19.75
1436280120000 19.74
1436280180000 19.73
1436280240000 19.8
1436280420000 19.83
1436280480000 19.82
1436280540000 19.77
1436280840000 19.78
1436280900000 19.78
1436281080000 19.8
1436281200000 19.84
1436281320000 19.78
1436281440000 19.78
