1436261400000 66.54
1436261520000 66.62
1436261580000 66.5
1436261640000 66.7924
1436261700000 66.43
1436261820000 66.48
1436261880000 66.27
1436261940000 66.3
1436262060000 66.295
1436262120000 66.32
1436262180000 66.31
1436262240000 66.18
1436262300000 66.29
1436262360000 66.32
1436262420000 66.33
1436262480000 66.29
1436262540000 66.33
1436262600000 66.43
1436262720000 66.39
1436262780000 66.5161
1436262840000 66.5259
1436262960000 66.3401
1436263020000 66.4
1436263080000 66.42
1436263140000 66.34
1436263200000 66.41
1436263260000 66.505
1436263320000 66.55
1436263380000 66.51
1436263440000 66.55
1436263500000 66.55
1436263560000 66.505
1436263620000 66.49
1436263680000 66.44
1436263740000 66.355
1436263800000 66.38
1436263860000 66.41
1436263980000 66.45
1436264040000 66.4301
1436264100000 66.39
1436264160000 66.2627
1436264220000 66.27
1436264340000 66.335
1436264400000 66.325
1436264460000 66.33
1436264520000 66.385
1436264580000 66.42
1436264640000 66.45
1436264700000 66.35
1436264760000 66.41
1436264820000 66.42
1436264880000 66.39
1436265000000 66.3625
1436265060000 66.32
1436265120000 66.25
1436265180000 66.27
1436265240000 66.25
1436265360000 66.25
1436265420000 66.24
1436265480000 66.205
1436265540000 66.31
1436265660000 66.26
1436265720000 66.19
1436265780000 66.16
1436265840000 66.165
1436265900000 66.1401
1436265960000 66.21
1436266020000 66.28
1436266080000 66.305
1436266200000 66.3372
1436266260000 66.23
1436266320000 66.245
1436266380000 66.3
1436266440000 66.35
1436266500000 66.38
1436266560000 66.35
1436266680000 66.37
1436266740000 66.35
1436266800000 66.27
1436266860000 66.175
1436266920000 66.27
1436266980000 66.315
1436267040000 66.32
1436267100000 66.31
1436267160000 66.27
1436267220000 66.32
1436267400000 66.35
1436267460000 66.38
1436267520000 66.45
1436267640000 66.48
1436267700000 66.46
1436267760000 66.46
1436267820000 66.45
1436267880000 66.42
1436267940000 66.42
1436268000000 66.37
1436268060000 66.3299
1436268120000 66.285
1436268180000 66.38
1436268300000 66.365
1436268360000 66.34
1436268420000 66.38
1436268540000 66.36
1436268720000 66.35
1436268780000 66.38
1436268840000 66.41
1436268900000 66.35
1436268960000 66.3
1436269020000 66.31
1436269080000 66.31
1436269140000 66.38
1436269200000 66.39
1436269260000 66.42
1436269320000 66.38
1436269380000 66.4
1436269440000 66.42
1436269500000 66.42
1436269560000 66.41
1436269620000 66.44
1436269800000 66.44
1436269920000 66.41
1436269980000 66.4
1436270040000 66.365
1436270100000 66.39
1436270160000 66.52
1436270220000 66.6
1436270280000 66.6
1436270340000 66.55
1436270400000 66.48
1436270460000 66.4
1436270520000 66.39
1436270580000 66.52
1436270640000 66.5399
1436270700000 66.51
1436270760000 66.5
1436270820000 66.51
1436270880000 66.48
1436270940000 66.55
1436271000000 66.5999
1436271060000 66.54
1436271180000 66.4428
1436271240000 66.41
1436271300000 66.48
1436271420000 66.5
1436271480000 66.6099
1436271540000 66.61
1436271600000 66.58
1436271660000 66.53
1436271780000 66.53
1436271840000 66.52
1436271900000 66.505
1436271960000 66.53
1436272020000 66.52
1436272080000 66.49
1436272140000 66.45
1436272200000 66.4193
1436272260000 66.47
1436272320000 66.51
1436272440000 66.53
1436272500000 66.54
1436272620000 66.51
1436272680000 66.49
1436272740000 66.52
1436272800000 66.5
1436272860000 66.56
1436272920000 66.48
1436272980000 66.36
1436273040000 66.33
1436273100000 66.35
1436273160000 66.34
1436273220000 66.35
1436273280000 66.35
1436273340000 66.35
1436273400000 66.3
1436273460000 66.27
1436273580000 66.27
1436273640000 66.33
1436273700000 66.31
1436273760000 66.36
1436273880000 66.37
1436273940000 66.42
1436274000000 66.47
1436274060000 66.47
1436274120000 66.42
1436274180000 66.47
1436274240000 66.48
1436274360000 66.48
1436274420000 66.38
1436274480000 66.48
1436274540000 66.52
1436274720000 66.56
1436274780000 66.6
1436274840000 66.61
1436274900000 66.58
1436274960000 66.52
1436275080000 66.47
1436275200000 66.57
1436275320000 66.54
1436275380000 66.57
1436275500000 66.5547
1436275560000 66.61
1436275680000 66.58
1436275740000 66.67
1436275800000 66.58
1436275860000 66.63
1436275920000 66.63
1436275980000 66.58
1436276040000 66.56
1436276160000 66.59
1436276220000 66.59
1436276280000 66.56
1436276340000 66.5
1436276400000 66.515
1436276520000 66.47
1436276580000 66.49
1436276640000 66.58
1436276700000 66.62
1436276760000 66.6
1436276820000 66.52
1436276880000 66.55
1436276940000 66.62
1436277000000 66.58
1436277060000 66.59
1436277120000 66.5533
1436277180000 66.51
1436277240000 66.5565
1436277300000 66.51
1436277360000 66.55
1436277420000 66.63
1436277480000 66.6
1436277540000 66.63
1436277600000 66.6
1436277660000 66.63
1436277720000 66.63
1436277780000 66.59
1436277840000 66.59
1436277960000 66.59
1436278020000 66.59
1436278080000 66.59
1436278140000 66.56
1436278260000 66.5774
1436278320000 66.58
1436278380000 66.5572
1436278500000 66.59
1436278620000 66.59
1436278680000 66.584
1436278740000 66.5
1436278800000 66.38
1436278980000 66.33
1436279040000 66.37
1436279100000 66.39
1436279160000 66.41
1436279220000 66.43
1436279280000 66.43
1436279340000 66.48
1436279400000 66.42
1436279460000 66.39
1436279520000 66.37
1436279700000 66.37
1436279820000 66.34
1436279880000 66.38
1436280000000 66.42
1436280060000 66.44
1436280120000 66.4716
1436280180000 66.48
1436280240000 66.64
1436280300000 66.66
1436280360000 66.75
1436280420000 66.77
1436280480000 66.76
1436280540000 66.83
1436280600000 66.84
1436280660000 66.82
1436280720000 66.79
1436280780000 66.775
1436280840000 66.75
1436280900000 66.79
1436280960000 66.72
1436281020000 66.74
1436281080000 66.775
1436281140000 66.79
1436281200000 66.795
1436281260000 66.75
1436281320000 66.71
1436281380000 66.7
1436281440000 66.69
1436281500000 66.72
1436281560000 66.77
