1436261400000 56.83
1436261640000 56.98
1436261700000 56.72
1436262300000 56.76
1436262420000 56.75
1436262600000 56.74
1436262660000 56.94
1436262840000 56.85
1436263200000 57.005
1436263620000 56.818
1436263680000 56.76
1436263800000 56.66
1436264040000 56.85
1436264880000 56.77
1436264940000 56.615
1436265240000 56.66
1436265300000 56.63
1436265360000 56.455
1436265420000 56.62
1436265600000 56.62
1436265840000 56.44
1436265960000 56.52
1436266320000 56.58
1436266500000 56.63
1436266620000 56.74
1436266680000 56.68
1436267040000 56.68
1436267220000 56.65
1436267340000 56.53
1436267400000 56.7
1436267460000 56.57
1436267580000 56.48
1436268240000 56.58
1436268300000 56.58
1436268480000 56.5
1436268840000 56.49
1436269020000 56.47
1436269140000 56.46
1436269320000 56.49
1436269380000 56.71
1436269740000 56.66
1436269920000 56.74
1436270040000 56.72
1436270100000 56.665
1436270160000 56.7
1436270220000 56.78
1436270280000 56.83
1436270400000 56.77
1436270580000 56.6
1436270760000 56.62
1436270820000 56.71
1436271000000 56.7
1436271180000 56.62
1436271480000 56.59
1436271540000 56.76
1436271780000 56.63
1436271840000 56.63
1436271900000 56.73
1436271960000 56.7
1436272080000 56.79
1436272320000 56.83
1436272380000 56.73
1436272560000 56.72
1436272680000 56.64
1436272740000 56.65
1436272800000 56.78
1436272860000 56.7
1436272920000 56.65
1436272980000 56.66
1436273220000 56.714
1436273340000 56.7
1436273400000 56.87
1436273460000 56.84
1436273520000 56.84
1436273580000 56.8
1436273700000 56.75
1436273820000 56.765
1436273880000 56.87
1436273940000 56.79
1436274000000 56.81
1436274060000 56.83
1436274120000 56.91
1436274240000 56.97
1436274480000 56.875
1436274660000 56.95
1436274720000 57.0
1436274840000 56.97
1436274900000 57.0
1436274960000 56.96
1436275200000 56.95
1436275260000 56.82
1436275320000 56.78
1436275500000 56.82
1436275560000 56.8552
1436275620000 56.84
1436275920000 56.62
1436275980000 56.55
1436276100000 56.53
1436276160000 56.64
1436276220000 56.55
1436276280000 56.55
1436276400000 56.65
1436276520000 56.54
1436276640000 56.64
1436277120000 56.61
1436277300000 56.5
1436277360000 56.52
1436277480000 56.59
1436277840000 56.525
1436277900000 56.54
1436278020000 56.56
1436278380000 56.57
1436278500000 56.555
1436278560000 56.505
1436278620000 56.5
1436278860000 56.5
1436278920000 56.45
1436279040000 56.48
1436279100000 56.47
1436279220000 56.48
1436279280000 56.48
1436279520000 56.5
1436279580000 56.5
1436279760000 56.5
1436279820000 56.42
1436279880000 56.46
1436280000000 56.53
1436280060000 56.54
1436280120000 56.55
1436280180000 56.56
1436280240000 56.585
1436280300000 56.6
1436280420000 56.68
1436280480000 56.715
1436280540000 56.79
1436280600000 56.725
1436280660000 56.73
1436280720000 56.81
1436280840000 56.78
1436280900000 56.7
1436281020000 56.73
1436281080000 56.71
1436281140000 56.71
1436281200000 56.72
1436281260000 56.71
1436281320000 56.63
1436281380000 56.63
1436281440000 56.71
1436281500000 56.7
