1436261400000 9.86
1436261640000 9.94
1436261700000 9.94
1436261760000 9.93
1436261820000 9.87
1436261880000 9.69
1436261940000 9.83
1436262000000 9.7
1436262060000 9.77
1436262120000 9.68
1436262180000 9.77
1436262240000 9.73
1436262300000 9.75
1436262360000 9.68
1436262480000 9.64
1436262540000 9.64
1436262600000 9.76
1436262660000 9.74
1436262720000 9.74
1436262780000 9.73
1436262840000 9.73
1436262900000 9.65
1436262960000 9.63
1436263140000 9.63
1436263200000 9.8
1436263380000 9.72
1436263440000 9.72
1436263500000 9.59
1436263560000 9.59
1436264340000 9.64
1436264400000 9.635
1436264460000 9.66
1436264520000 9.68
1436264580000 9.66
1436264640000 9.61
1436264820000 9.57
1436265000000 9.51
1436265540000 9.66
1436265780000 9.52
1436265840000 9.52
1436265900000 9.51
1436265960000 9.4574
1436266020000 9.35
1436266200000 9.33
1436266320000 9.33
1436266380000 9.35
1436266440000 9.34
1436266860000 9.44
1436266920000 9.45
1436267280000 9.45
1436267580000 9.5
1436267640000 9.49
1436267820000 9.48
1436268000000 9.47
1436268060000 9.47
1436268120000 9.46
1436268180000 9.4
1436268240000 9.36
1436268300000 9.35
1436268360000 9.39
1436268420000 9.39
1436268480000 9.38
1436268600000 9.37
1436268660000 9.36
1436268780000 9.4
1436268900000 9.44
1436268960000 9.44
1436269320000 9.45
1436269380000 9.45
1436269440000 9.465
1436269500000 9.41
1436269740000 9.315
1436269800000 9.345
1436269860000 9.35
1436270100000 9.33
1436270280000 9.35
1436270340000 9.37
1436270400000 9.37
1436270520000 9.39
1436270580000 9.48
1436270640000 9.495
1436270760000 9.59
1436270880000 9.57
1436270940000 9.58
1436271000000 9.65
1436271060000 9.66
1436271120000 9.57
1436271180000 9.49
1436271300000 9.48
1436271360000 9.5
1436271480000 9.55
1436271540000 9.615
1436271600000 9.57
1436271660000 9.59
1436271780000 9.62
1436271840000 9.62
1436271900000 9.62
1436271960000 9.62
1436272080000 9.62
1436272140000 9.62
1436272320000 9.63
1436272380000 9.57
1436272500000 9.59
1436272800000 9.59
1436272980000 9.78
1436273280000 9.7
1436273460000 9.71
1436273520000 9.71
1436273580000 9.69
1436273640000 9.68
1436273700000 9.69
1436273760000 9.68
1436273820000 9.57
1436274480000 9.535
1436274540000 9.56
1436274600000 9.6
1436274660000 9.6
1436274720000 9.59
1436274780000 9.6
1436274900000 9.63
1436275320000 9.54
1436275380000 9.59
1436275440000 9.6
1436275500000 9.61
1436275620000 9.6
1436275740000 9.59
1436275800000 9.61
1436276160000 9.61
1436276220000 9.61
1436276460000 9.6068
1436276580000 9.63
1436276760000 9.74
1436276820000 9.73
1436277120000 9.74
1436277660000 9.69
1436277780000 9.77
1436277840000 9.76
1436277960000 9.825
1436278020000 9.85
1436278500000 9.85
1436278560000 9.9075
1436278800000 9.94
1436278860000 9.87
1436278920000 9.87
1436279160000 9.8
1436279700000 9.79
1436279880000 9.79
1436280300000 9.78
1436280360000 9.82
1436281020000 9.75
1436281080000 9.74
1436281140000 9.77
1436281440000 9.766
