1436261580000 5.88
1436261640000 5.89
1436261700000 5.87
1436261940000 5.87
1436262780000 5.882
1436262900000 5.9
1436262960000 5.87
1436263020000 5.86
1436263800000 5.9
1436263980000 5.87
1436264280000 5.8482
1436264340000 5.8556
1436264700000 5.89
1436265000000 5.85
1436265060000 5.85
1436265120000 5.842
1436265180000 5.83
1436265240000 5.83
1436265600000 5.763
1436265660000 5.75
1436265840000 5.7699
1436265900000 5.7486
1436265960000 5.75
1436266380000 5.86
1436266560000 5.82
1436266800000 5.8
1436266860000 5.8
1436267100000 5.8
1436267220000 5.8022
1436267340000 5.8
1436267460000 5.8
1436267700000 5.805
1436267880000 5.805
1436267940000 5.8
1436268060000 5.8
1436268120000 5.8
1436268240000 5.8
1436268300000 5.81
1436268360000 5.8001
1436268420000 5.805
1436269260000 5.87
1436269620000 5.86
1436269740000 5.86
1436270100000 5.87
1436270160000 5.89
1436270280000 5.93
1436271180000 5.928
1436271240000 5.9191
1436271360000 5.86
1436271960000 5.89
1436272320000 5.86
1436272380000 5.86
1436272440000 5.86
1436272500000 5.88
1436272560000 5.88
1436272620000 5.912
1436272680000 5.9538
1436272740000 5.955
1436272800000 5.93
1436272980000 5.925
1436273040000 5.9385
1436273520000 5.94
1436273640000 5.94
1436273760000 5.99
1436273820000 6.03
1436273880000 6.0
1436273940000 6.01
1436274060000 6.03
1436274420000 6.03
1436274480000 6.0324
1436274660000 6.0312
1436275080000 6.0301
1436275140000 6.05
1436275260000 6.09
1436275500000 6.09
1436275560000 6.0801
1436275620000 6.0801
1436276340000 6.05
1436276400000 6.04
1436276460000 6.0316
1436277300000 6.02
1436277900000 6.05
1436277960000 6.0459
1436278200000 6.0532
1436278620000 6.07
1436279040000 6.041
1436279100000 6.04
1436279220000 6.04
1436279280000 6.04
1436279400000 6.08
1436279460000 6.05
1436280060000 6.07
1436280480000 6.08
1436280660000 6.06
1436280900000 6.06
1436281380000 6.04
1436281440000 6.07
