1436261400000 9.8
1436261700000 9.7493
1436261760000 9.71
1436261820000 9.695
1436261880000 9.7
1436261940000 9.7115
1436262120000 9.76
1436262180000 9.75
1436262420000 9.75
1436262540000 9.78
1436262600000 9.73
1436262660000 9.73
1436262720000 9.73
1436262780000 9.735
1436263080000 9.7275
1436263140000 9.73
1436263200000 9.73
1436263260000 9.73
1436263380000 9.74
1436263440000 9.73
1436263560000 9.75
1436263620000 9.74
1436263680000 9.735
1436263740000 9.7001
1436263800000 9.73
1436263860000 9.75
1436263920000 9.74
1436264040000 9.735
1436264100000 9.72
1436264160000 9.7
1436264220000 9.69
1436264280000 9.7
1436264640000 9.69
1436264760000 9.64
1436264820000 9.63
1436264880000 9.62
1436265000000 9.63
1436265240000 9.63
1436265360000 9.61
1436265480000 9.6006
1436265540000 9.6
1436265660000 9.54
1436265720000 9.5
1436265780000 9.45
1436265840000 9.45
1436265960000 9.47
1436266020000 9.5
1436266080000 9.53
1436266140000 9.5455
1436266320000 9.54
1436266380000 9.6
1436266440000 9.59
1436266500000 9.61
1436266560000 9.6
1436266620000 9.54
1436266680000 9.53
1436266740000 9.52
1436266800000 9.52
1436267040000 9.497
1436267160000 9.4944
1436267220000 9.51
1436267340000 9.54
1436267400000 9.55
1436267460000 9.526
1436267520000 9.54
1436267580000 9.53
1436267640000 9.52
1436267700000 9.52
1436267820000 9.52
1436267940000 9.52
1436268000000 9.57
1436268060000 9.54
1436268240000 9.54
1436268300000 9.55
1436268360000 9.5398
1436268420000 9.52
1436268480000 9.52
1436268540000 9.49
1436268600000 9.45
1436268780000 9.41
1436268840000 9.39
1436268900000 9.4
1436268960000 9.39
1436269020000 9.38
1436269080000 9.3999
1436269140000 9.41
1436269260000 9.375
1436269320000 9.41
1436269500000 9.43
1436269560000 9.41
1436269620000 9.39
1436269800000 9.389
1436269860000 9.36
1436269920000 9.37
1436270100000 9.39
1436270160000 9.42
1436270220000 9.44
1436270400000 9.48
1436270520000 9.4496
1436270580000 9.42
1436270640000 9.41
1436270700000 9.43
1436270760000 9.4
1436270820000 9.38
1436270940000 9.38
1436271000000 9.4
1436271060000 9.4
1436271120000 9.42
1436271180000 9.42
1436271240000 9.48
1436271300000 9.51
1436271360000 9.51
1436271420000 9.52
1436271480000 9.52
1436271540000 9.52
1436271600000 9.52
1436271660000 9.54
1436271720000 9.54
1436271780000 9.53
1436271840000 9.54
1436271900000 9.54
1436271960000 9.55
1436272020000 9.57
1436272260000 9.58
1436272380000 9.64
1436272500000 9.59
1436272560000 9.593
1436272680000 9.57
1436272740000 9.58
1436273040000 9.63
1436273460000 9.63
1436273520000 9.6138
1436273580000 9.62
1436273640000 9.63
1436273760000 9.62
1436273820000 9.6199
1436273880000 9.62
1436273940000 9.63
1436274000000 9.64
1436274060000 9.6385
1436274120000 9.64
1436274180000 9.62
1436274240000 9.63
1436274300000 9.64
1436274360000 9.63
1436274420000 9.6
1436274480000 9.57
1436274720000 9.62
1436274840000 9.62
1436274960000 9.61
1436275020000 9.56
1436275080000 9.57
1436275320000 9.57
1436275380000 9.5699
1436275440000 9.56
1436275560000 9.57
1436275800000 9.57
1436275920000 9.56
1436276040000 9.55
1436276220000 9.56
1436276280000 9.54
1436276460000 9.57
1436276520000 9.53
1436276640000 9.57
1436276700000 9.5556
1436276820000 9.55
1436276940000 9.5208
1436277000000 9.5
1436277060000 9.5
1436277180000 9.5
1436277300000 9.5
1436277360000 9.5016
1436277420000 9.48
1436277780000 9.5
1436277840000 9.5
1436277960000 9.544
1436278440000 9.53
1436278500000 9.5
1436278560000 9.5
1436278620000 9.5
1436278680000 9.5
1436278740000 9.5
1436278800000 9.5
1436278860000 9.48
1436278920000 9.43
1436278980000 9.41
1436279160000 9.4
1436279220000 9.42
1436279280000 9.42
1436279340000 9.4
1436279400000 9.4
1436279460000 9.4
1436279520000 9.41
1436279640000 9.43
1436279700000 9.42
1436279820000 9.4
1436279880000 9.44
1436279940000 9.45
1436280180000 9.46
1436280240000 9.45
1436280420000 9.47
1436280480000 9.46
1436280600000 9.451
1436280660000 9.45
1436280720000 9.5
1436280780000 9.47
1436280900000 9.47
1436280960000 9.48
1436281020000 9.49
1436281080000 9.51
1436281140000 9.52
1436281260000 9.56
1436281440000 9.54
