1436261400000 8.34
1436262300000 8.48
1436262720000 8.485
1436262900000 8.48
1436263020000 8.465
1436263500000 8.49
1436263560000 8.48
1436263920000 8.48
1436264220000 8.485
1436264820000 8.49
1436265120000 8.48
1436265420000 8.48
1436265540000 8.44
1436265720000 8.465
1436266440000 8.49
1436266680000 8.48
1436266740000 8.465
1436267040000 8.465
1436267160000 8.4
1436267280000 8.4
1436267340000 8.41
1436267460000 8.402
1436267940000 8.42
1436268180000 8.38
1436268240000 8.405
1436268960000 8.4
1436269140000 8.4
1436269500000 8.37
1436269740000 8.365
1436269800000 8.36
1436270460000 8.37
1436270580000 8.4
1436270760000 8.39
1436270880000 8.4
1436271060000 8.39
1436271180000 8.4
1436271360000 8.4
1436271480000 8.4
1436271660000 8.4
1436271780000 8.4
1436271900000 8.4
1436272080000 8.4
1436272200000 8.4
1436272380000 8.4
1436272440000 8.4
1436272500000 8.4
1436272560000 8.395
1436272680000 8.4
1436272800000 8.4
1436272920000 8.4
1436272980000 8.395
1436273100000 8.4
1436273220000 8.4
1436273340000 8.41
1436273520000 8.41
1436273640000 8.41
1436273820000 8.41
1436273940000 8.41
1436274060000 8.41
1436274240000 8.41
1436274360000 8.41
1436274480000 8.41
1436274540000 8.41
1436274600000 8.41
1436274840000 8.41
1436274960000 8.41
1436275080000 8.41
1436275140000 8.41
1436275260000 8.41
1436275320000 8.41
1436275560000 8.41
1436275620000 8.41
1436275800000 8.41
1436275920000 8.41
1436276100000 8.43
1436276160000 8.43
1436276280000 8.4
1436276460000 8.425
1436276580000 8.45
1436276760000 8.45
1436276880000 8.45
1436276940000 8.45
1436277060000 8.445
1436277180000 8.445
1436277360000 8.45
1436277480000 8.44
1436277660000 8.45
1436277780000 8.45
1436277900000 8.45
1436278080000 8.48
1436278200000 8.48
1436278380000 8.49
1436278500000 8.48
1436278680000 8.48
1436278800000 8.48
1436278920000 8.49
1436278980000 8.48
1436279100000 8.48
1436279220000 8.49
1436279280000 8.48
1436279400000 8.475
1436279460000 8.46
1436279520000 8.48
1436279580000 8.46
1436279700000 8.465
1436279760000 8.46
1436279820000 8.48
1436279940000 8.47
1436280000000 8.46
1436281380000 8.48
