1436261400000 182.0
1436261460000 181.96
1436261820000 183.2931
1436261880000 184.09
1436262120000 182.73
1436262180000 182.72
1436262240000 182.51
1436262360000 182.39
1436262420000 181.71
1436262480000 182.23
1436262540000 181.6
1436262600000 181.6
1436262660000 180.63
1436262840000 180.78
1436262960000 181.57
1436263140000 181.12
1436263560000 181.33
1436263620000 181.33
1436263740000 181.34
1436263800000 181.6
1436263920000 181.95
1436263980000 181.99
1436264040000 181.67
1436264100000 181.67
1436264160000 181.44
1436264460000 181.47
1436264580000 181.544
1436264640000 181.83
1436264760000 181.33
1436264820000 181.24
1436264880000 181.01
1436264940000 181.21
1436265060000 181.14
1436265180000 181.0
1436265300000 180.85
1436265420000 180.86
1436265540000 180.86
1436265600000 180.52
1436265960000 180.645
1436266080000 181.08
1436266140000 181.06
1436266200000 181.04
1436266320000 180.9
1436266500000 180.9
1436266620000 181.26
1436266680000 180.61
1436266740000 180.54
1436266800000 180.505
1436266920000 180.01
1436266980000 180.01
1436267040000 180.01
1436267100000 180.185
1436267160000 179.95
1436267220000 179.99
1436267340000 180.0
1436267460000 180.03
1436267520000 180.32
1436267820000 180.06
1436267880000 180.379
1436267940000 180.04
1436268000000 179.8
1436268240000 180.01
1436268480000 179.92
1436268540000 179.93
1436268600000 179.72
1436268660000 179.74
1436268780000 179.73
1436268840000 179.74
1436268900000 179.66
1436269080000 179.86
1436269200000 180.16
1436269260000 180.17
1436269320000 180.31
1436269380000 180.05
1436269440000 180.06
1436269620000 180.0
1436269740000 180.01
1436269800000 179.74
1436270160000 180.42
1436270280000 180.23
1436270340000 180.18
1436270400000 180.34
1436270580000 180.27
1436270880000 179.88
1436271180000 179.99
1436271360000 179.88
1436271480000 179.89
1436271780000 180.25
1436271840000 180.27
1436271960000 180.57
1436272080000 180.72
1436272320000 180.8
1436272380000 180.83
1436272680000 180.76
1436272740000 180.74
1436272860000 180.79
1436272920000 180.97
1436272980000 181.18
1436273220000 181.45
1436273280000 181.48
1436273460000 181.42
1436273820000 181.44
1436274000000 181.41
1436274060000 181.4
1436274120000 181.7
1436274180000 181.39
1436274360000 181.22
1436274480000 181.19
1436274600000 181.535
1436274660000 181.55
1436274720000 181.77
1436274780000 182.0
1436274840000 182.0
1436274900000 181.97
1436274960000 182.11
1436275200000 181.94
1436275500000 181.97
1436275680000 182.11
1436275740000 182.285
1436275800000 182.5
1436275860000 182.5
1436275920000 182.21
1436275980000 182.1
1436276040000 182.0
1436276160000 182.05
1436276340000 181.73
1436276640000 181.77
1436276760000 182.0549
1436276820000 181.8862
1436276880000 181.6
1436277000000 182.01
1436277120000 181.9
1436277180000 181.55
1436277240000 181.62
1436277360000 181.67
1436277420000 181.4
1436277480000 181.39
1436277540000 181.45
1436277600000 181.4
1436277660000 181.3
1436277720000 181.4
1436277780000 181.2
1436277840000 181.48
1436277900000 181.35
1436277960000 181.3999
1436278020000 181.1
1436278080000 181.29
1436278140000 181.24
1436278200000 181.19
1436278260000 181.04
1436278320000 181.01
1436278380000 180.89
1436278440000 180.91
1436278500000 180.52
1436278560000 180.59
1436278620000 180.5
1436278680000 180.33
1436278740000 180.14
1436278800000 180.12
1436278860000 180.01
1436278920000 180.24
1436278980000 179.74
1436279100000 179.58
1436279160000 179.52
1436279220000 179.74
1436279280000 180.15
1436279520000 180.13
1436279820000 179.74
1436279940000 180.005
1436280000000 180.015
1436280060000 180.29
1436280360000 181.07
1436280420000 181.18
1436280600000 181.14
1436280660000 180.93
1436280780000 180.54
1436280900000 180.985
1436281020000 181.09
1436281080000 181.34
1436281140000 181.42
1436281200000 181.44
1436281320000 181.465
