1436261400000 64.04
1436261460000 64.22
1436261580000 63.74
1436261700000 63.76
1436261760000 63.9
1436261820000 64.03
1436261880000 64.05
1436261940000 64.21
1436262000000 64.34
1436262060000 64.0
1436262120000 64.13
1436262180000 64.12
1436262240000 64.16
1436262300000 64.12
1436262360000 64.03
1436262420000 63.99
1436262480000 63.864
1436262600000 63.75
1436262660000 63.48
1436262720000 63.58
1436262780000 64.12
1436262840000 64.16
1436262900000 64.12
1436262960000 64.05
1436263020000 64.04
1436263080000 63.88
1436263140000 63.81
1436263200000 63.82
1436263260000 63.645
1436263320000 63.585
1436263440000 63.76
1436263500000 63.79
1436263560000 63.9
1436263620000 63.9
1436263680000 63.65
1436263740000 63.79
1436263800000 63.8399
1436263860000 63.96
1436263920000 64.0
1436263980000 63.97
1436264040000 63.965
1436264100000 64.0
1436264160000 63.93
1436264220000 63.9
1436264280000 63.94
1436264340000 63.89
1436264400000 63.75
1436264460000 63.77
1436264520000 63.87
1436264580000 63.93
1436264640000 63.985
1436264700000 63.89
1436264760000 63.69
1436264820000 63.69
1436264880000 63.59
1436264940000 63.71
1436265000000 63.69
1436265060000 63.58
1436265120000 63.58
1436265240000 63.54
1436265300000 63.5
1436265360000 63.42
1436265420000 63.49
1436265480000 63.26
1436265540000 63.2
1436265600000 62.96
1436265660000 62.98
1436265720000 62.92
1436265780000 62.88
1436265840000 62.925
1436265900000 62.871
1436265960000 62.825
1436266020000 63.08
1436266080000 63.0
1436266140000 62.94
1436266200000 62.94
1436266260000 62.84
1436266320000 62.85
1436266380000 62.905
1436266440000 62.96
1436266500000 62.98
1436266560000 62.89
1436266620000 62.895
1436266680000 62.83
1436266800000 62.79
1436266860000 62.64
1436266920000 62.7
1436266980000 62.69
1436267040000 62.77
1436267100000 62.82
1436267160000 62.7
1436267220000 62.74
1436267280000 62.73
1436267340000 62.77
1436267400000 62.74
1436267460000 62.75
1436267520000 62.83
1436267580000 62.88
1436267640000 62.76
1436267700000 62.875
1436267760000 62.83
1436267820000 62.76
1436267880000 62.73
1436267940000 62.62
1436268000000 62.71
1436268060000 62.65
1436268120000 62.58
1436268180000 62.57
1436268300000 62.59
1436268360000 62.48
1436268420000 62.44
1436268480000 62.475
1436268540000 62.545
1436268600000 62.524
1436268660000 62.57
1436268720000 62.63
1436268780000 62.62
1436268840000 62.51
1436268900000 62.5
1436268960000 62.41
1436269020000 62.44
1436269080000 62.552
1436269140000 62.84
1436269200000 62.8
1436269260000 62.8
1436269320000 62.8394
1436269440000 62.99
1436269500000 62.89
1436269620000 62.83
1436269740000 62.82
1436269800000 62.8
1436269860000 62.75
1436269980000 62.7
1436270040000 62.8
1436270100000 62.77
1436270160000 62.93
1436270220000 62.93
1436270280000 62.85
1436270400000 62.85
1436270460000 62.77
1436270520000 62.71
1436270580000 62.85
1436270640000 62.8
1436270700000 62.8
1436270760000 62.73
1436270820000 62.74
1436270880000 62.71
1436270940000 62.67
1436271000000 62.71
1436271060000 62.63
1436271120000 62.6
1436271240000 62.6
1436271300000 62.6
1436271360000 62.66
1436271480000 62.69
1436271540000 62.69
1436271600000 62.63
1436271660000 62.76
1436271720000 62.78
1436271780000 62.79
1436271840000 62.8
1436271960000 62.9
1436272020000 63.0
1436272080000 62.96
1436272200000 63.01
1436272260000 63.09
1436272320000 63.17
1436272380000 63.22
1436272440000 63.23
1436272500000 63.36
1436272560000 63.21
1436272620000 63.31
1436272740000 63.33
1436272800000 63.36
1436272860000 63.31
1436272920000 63.39
1436272980000 63.45
1436273040000 63.48
1436273100000 63.54
1436273160000 63.61
1436273220000 63.57
1436273280000 63.69
1436273340000 63.64
1436273400000 63.62
1436273460000 63.62
1436273520000 63.71
1436273580000 63.61
1436273640000 63.65
1436273700000 63.74
1436273760000 63.64
1436273820000 63.66
1436273880000 63.7
1436273940000 63.73
1436274060000 63.74
1436274120000 63.87
1436274180000 63.71
1436274240000 63.79
1436274300000 63.76
1436274360000 63.78
1436274420000 63.65
1436274480000 63.66
1436274540000 63.82
1436274600000 63.87
1436274660000 63.81
1436274720000 63.93
1436274780000 63.88
1436274840000 63.91
1436274900000 64.02
1436274960000 63.91
1436275020000 63.79
1436275080000 63.91
1436275140000 63.88
1436275200000 63.89
1436275260000 63.83
1436275380000 63.85
1436275440000 63.88
1436275500000 63.87
1436275560000 63.88
1436275620000 63.81
1436275680000 63.82
1436275740000 63.77
1436275800000 63.79
1436275860000 63.9
1436275920000 63.81
1436275980000 63.85
1436276040000 63.852
1436276100000 63.9
1436276160000 63.96
1436276220000 63.96
1436276280000 63.95
1436276340000 64.05
1436276400000 64.055
1436276520000 63.9
1436276580000 63.95
1436276640000 64.0
1436276700000 64.07
1436276760000 64.02
1436276820000 64.06
1436276880000 64.01
1436276940000 64.06
1436277000000 63.97
1436277060000 63.99
1436277120000 63.99
1436277180000 64.02
1436277300000 63.9
1436277360000 63.915
1436277420000 64.0
1436277480000 64.05
1436277540000 63.99
1436277600000 63.98
1436277660000 63.97
1436277720000 63.93
1436277780000 63.86
1436277840000 63.88
1436277900000 63.88
1436277960000 63.96
1436278020000 63.98
1436278080000 64.0
1436278140000 63.94
1436278200000 63.88
1436278260000 63.86
1436278320000 63.84
1436278380000 63.86
1436278440000 63.76
1436278500000 63.74
1436278560000 63.59
1436278620000 63.585
1436278680000 63.63
1436278740000 63.56
1436278800000 63.53
1436278860000 63.52
1436278920000 63.39
1436278980000 63.29
1436279040000 63.29
1436279100000 63.29
1436279160000 63.38
1436279220000 63.48
1436279280000 63.445
1436279340000 63.48
1436279400000 63.57
1436279460000 63.57
1436279520000 63.57
1436279580000 63.68
1436279640000 63.64
1436279700000 63.62
1436279820000 63.78
1436279880000 63.7
1436279940000 63.75
1436280000000 63.74
1436280060000 63.8
1436280120000 63.95
1436280180000 63.87
1436280240000 63.85
1436280300000 63.835
1436280360000 63.89
1436280420000 64.0
1436280480000 63.9
1436280540000 63.96
1436280600000 63.972
1436280660000 63.85
1436280720000 63.91
1436280780000 63.94
1436280840000 64.02
1436280900000 63.97
1436280960000 63.94
1436281020000 63.96
1436281080000 63.96
1436281140000 64.03
1436281200000 64.04
1436281260000 64.11
1436281320000 64.05
1436281380000 64.09
1436281440000 64.07
1436281500000 64.14
1436281560000 64.03
