1436261400000 5.82
1436261520000 5.84
1436261580000 5.82
1436261640000 5.75
1436261760000 5.76
1436261820000 5.83
1436261880000 5.885
1436261940000 5.84
1436262300000 5.79
1436262360000 5.795
1436262480000 5.799
1436262600000 5.8
1436262660000 5.81
1436262780000 5.805
1436262840000 5.75
1436262900000 5.74
1436262960000 5.725
1436263020000 5.725
1436263080000 5.7
1436263320000 5.7
1436263380000 5.7
1436263500000 5.705
1436263560000 5.715
1436263620000 5.715
1436263680000 5.71
1436263740000 5.705
1436263860000 5.71
1436263920000 5.71
1436263980000 5.705
1436264040000 5.71
1436264220000 5.71
1436264400000 5.715
1436264460000 5.72
1436264580000 5.72
1436264880000 5.71
1436264940000 5.7
1436265000000 5.7
1436265060000 5.7
1436265120000 5.7
1436265240000 5.71
1436265540000 5.703
1436265660000 5.705
1436265900000 5.705
1436266080000 5.71
1436266200000 5.71
1436266440000 5.71
1436266560000 5.72
1436266620000 5.72
1436266740000 5.72
1436266800000 5.72
1436266860000 5.72
1436266920000 5.75
1436266980000 5.7425
1436267040000 5.745
1436267100000 5.745
1436267160000 5.74
1436267820000 5.74
1436267940000 5.75
1436268360000 5.735
1436268480000 5.76
1436268540000 5.745
1436268600000 5.7312
1436268720000 5.745
1436268840000 5.731
1436268900000 5.735
1436269140000 5.74
1436269200000 5.78
1436269260000 5.785
1436269320000 5.765
1436269380000 5.77
1436269440000 5.77
1436269500000 5.765
1436269800000 5.75
1436270160000 5.73
1436270220000 5.72
1436270400000 5.745
1436270940000 5.7366
1436271000000 5.74
1436271240000 5.745
1436271300000 5.745
1436271420000 5.745
1436271540000 5.7451
1436272140000 5.745
1436272500000 5.75
1436272800000 5.79
1436272860000 5.79
1436272920000 5.81
1436272980000 5.83
1436273100000 5.8201
1436273340000 5.83
1436273460000 5.8201
1436273880000 5.825
1436274120000 5.825
1436274300000 5.825
1436274420000 5.825
1436274480000 5.8299
1436274600000 5.83
1436274960000 5.8299
1436275080000 5.829
1436275140000 5.83
1436275260000 5.83
1436275500000 5.83
1436275680000 5.815
1436275800000 5.83
1436275860000 5.82
1436275980000 5.81
1436276100000 5.81
1436276220000 5.81
1436276460000 5.81
1436276820000 5.82
1436276880000 5.83
1436277000000 5.825
1436277480000 5.81
1436277900000 5.83
1436278500000 5.83
1436278560000 5.83
1436278980000 5.82
1436279760000 5.81
1436280120000 5.805
1436280180000 5.81
1436280420000 5.8012
1436280480000 5.8
1436280540000 5.759
1436280600000 5.76
1436280660000 5.755
1436280720000 5.74
1436281140000 5.73
1436281200000 5.72
1436281320000 5.7201
1436281500000 5.72
