1436261400000 119.09
1436261460000 118.75
1436261580000 118.77
1436261640000 118.64
1436261700000 118.3
1436261820000 117.795
1436261880000 118.04
1436261940000 118.12
1436262060000 117.4654
1436262180000 118.02
1436262300000 118.61
1436262360000 118.37
1436262420000 118.38
1436262480000 118.73
1436262540000 118.7
1436262660000 118.6
1436262720000 118.83
1436262840000 118.935
1436262960000 118.6
1436263020000 118.6
1436263080000 118.558
1436263140000 118.48
1436263200000 118.44
1436263320000 118.38
1436263380000 118.59
1436263440000 118.6999
1436263500000 118.45
1436263560000 118.25
1436263620000 117.92
1436263680000 117.725
1436263740000 117.65
1436263800000 118.0
1436263920000 118.29
1436263980000 118.0
1436264040000 118.285
1436264100000 117.78
1436264160000 117.89
1436264220000 117.885
1436264340000 117.78
1436264400000 117.83
1436264460000 117.28
1436264520000 117.6
1436264700000 117.3
1436264880000 117.32
1436264940000 117.48
1436265000000 117.24
1436265060000 116.99
1436265120000 117.23
1436265180000 117.025
1436265240000 116.82
1436265300000 116.92
1436265360000 116.7
1436265420000 116.45
1436265480000 116.46
1436265540000 116.43
1436265600000 116.15
1436265660000 115.75
1436265720000 115.52
1436265780000 115.8
1436265840000 115.45
1436265900000 115.63
1436265960000 115.8
1436266020000 116.47
1436266140000 116.1701
1436266200000 116.4299
1436266260000 116.35
1436266320000 116.75
1436266380000 116.71
1436266440000 117.1999
1436266500000 117.135
1436266560000 116.94
1436266620000 117.0
1436266680000 117.18
1436266740000 117.2
1436266800000 116.8699
1436266860000 116.62
1436266920000 116.085
1436266980000 116.7
1436267040000 117.06
1436267100000 116.95
1436267160000 116.95
1436267220000 116.93
1436267280000 117.0
1436267340000 117.47
1436267400000 117.42
1436267460000 117.77
1436267520000 117.75
1436267580000 117.8
1436267700000 117.63
1436267760000 117.6399
1436267820000 117.7
1436267880000 117.45
1436267940000 117.7
1436268000000 117.3701
1436268060000 117.37
1436268120000 117.26
1436268180000 117.13
1436268240000 117.4
1436268300000 117.16
1436268360000 117.33
1436268420000 117.62
1436268480000 117.62
1436268540000 117.84
1436268600000 117.6
1436268660000 117.61
1436268780000 117.17
1436268840000 117.22
1436268900000 116.92
1436268960000 116.84
1436269020000 116.98
1436269080000 117.35
1436269140000 117.67
1436269200000 117.95
1436269260000 117.82
1436269320000 117.7
1436269500000 117.614
1436269560000 117.75
1436269740000 117.37
1436269860000 117.34
1436269920000 117.075
1436269980000 117.22
1436270040000 117.13
1436270100000 117.14
1436270160000 117.383
1436270220000 118.01
1436270280000 117.7699
1436270340000 117.74
1436270400000 117.45
1436270580000 117.46
1436270640000 117.92
1436270700000 117.65
1436270760000 117.62
1436270940000 117.515
1436271000000 116.93
1436271120000 116.89
1436271180000 117.14
1436271240000 117.02
1436271300000 117.03
1436271360000 117.26
1436271480000 117.27
1436271540000 117.3
1436271600000 117.48
1436271660000 117.56
1436271780000 117.59
1436271840000 117.48
1436271900000 117.53
1436271960000 117.88
1436272020000 118.09
1436272080000 118.335
1436272140000 118.145
1436272200000 118.2
1436272260000 118.31
1436272320000 118.75
1436272380000 118.62
1436272440000 118.9199
1436272500000 118.815
1436272560000 118.92
1436272620000 119.05
1436272680000 119.08
1436272740000 119.07
1436272800000 119.36
1436272860000 119.34
1436272920000 119.34
1436272980000 119.5
1436273040000 119.49
1436273100000 119.59
1436273220000 119.64
1436273280000 120.06
1436273520000 119.42
1436273580000 119.3962
1436273640000 119.4
1436273700000 119.47
1436273760000 119.4799
1436273820000 119.52
1436273880000 119.79
1436273940000 119.85
1436274000000 119.57
1436274060000 119.81
1436274120000 119.84
1436274180000 119.47
1436274240000 119.52
1436274300000 119.25
1436274360000 119.26
1436274480000 118.92
1436274540000 119.12
1436274660000 119.39
1436274720000 119.59
1436274780000 119.67
1436274840000 119.59
1436274900000 119.85
1436274960000 119.55
1436275020000 119.23
1436275080000 119.46
1436275140000 119.27
1436275200000 119.63
1436275260000 119.06
1436275320000 118.9
1436275380000 119.4
1436275440000 119.12
1436275500000 119.46
1436275560000 119.14
1436275620000 119.11
1436275680000 119.1699
1436275740000 119.05
1436275800000 119.3
1436275860000 119.47
1436275920000 119.06
1436275980000 118.96
1436276040000 119.06
1436276100000 119.15
1436276220000 119.06
1436276280000 119.06
1436276400000 118.94
1436276460000 118.974
1436276520000 119.0
1436276580000 119.05
1436276640000 119.35
1436276940000 119.52
1436277000000 119.4
1436277060000 119.25
1436277120000 119.26
1436277180000 119.5
1436277240000 119.32
1436277360000 119.23
1436277480000 119.22
1436277540000 119.41
1436277600000 119.32
1436277660000 119.465
1436277780000 119.26
1436277840000 119.19
1436278020000 119.29
1436278200000 119.23
1436278380000 119.17
1436278440000 119.12
1436278500000 118.56
1436278560000 118.22
1436278620000 118.18
1436278680000 118.28
1436278740000 118.14
1436278800000 118.005
1436278860000 117.85
1436278920000 117.63
1436278980000 117.3
1436279040000 117.54
1436279100000 117.8
1436279220000 118.13
1436279280000 117.93
1436279400000 118.09
1436279520000 118.28
1436279580000 118.85
1436279640000 118.74
1436279700000 118.38
1436279760000 118.3
1436279820000 118.34
1436279880000 118.45
1436280000000 118.5
1436280060000 118.72
1436280120000 118.695
1436280180000 118.95
1436280420000 118.96
1436280600000 118.95
1436280720000 118.83
1436280780000 118.84
1436280840000 119.15
1436280900000 119.0
1436280960000 119.05
1436281020000 118.96
1436281080000 119.14
1436281140000 119.13
1436281200000 119.22
1436281260000 119.2
1436281320000 119.25
1436281380000 119.1
1436281440000 119.01
1436281500000 119.41
1436281560000 119.19
