1436261400000 77.46
1436261880000 76.844
1436262240000 77.41
1436262300000 77.5
1436262360000 77.37
1436262480000 77.3
1436262600000 77.41
1436262720000 77.28
1436263020000 77.14
1436263140000 77.03
1436263260000 77.18
1436263320000 77.06
1436263620000 77.01
1436263800000 76.91
1436263860000 76.91
1436263980000 76.97
1436264400000 76.78
1436264520000 76.91
1436264640000 76.77
1436265000000 76.67
1436265240000 76.59
1436265540000 76.54
1436265600000 76.4
1436265780000 76.25
1436265960000 76.35
1436266020000 76.265
1436266320000 76.285
1436266380000 76.21
1436266440000 76.21
1436266500000 76.2318
1436266620000 76.26
1436266680000 76.3
1436266740000 76.31
1436266800000 76.25
1436267100000 76.201
1436267160000 76.28
1436267220000 76.28
1436267280000 76.32
1436267340000 76.24
1436268540000 76.3
1436269080000 76.1201
1436269140000 76.3
1436269200000 76.35
1436269320000 76.4
1436269380000 76.4
1436269440000 76.51
1436269980000 76.6
1436270040000 76.5901
1436270160000 76.73
1436270280000 77.0
1436270760000 76.89
1436270940000 76.87
1436271420000 76.85
1436271780000 76.93
1436272200000 76.85
1436272320000 76.87
1436272380000 76.88
1436272560000 76.885
1436272680000 76.892
1436272920000 77.0
1436273100000 77.13
1436273160000 77.0
1436273400000 76.97
1436273460000 77.0
1436273520000 76.95
1436273640000 77.0
1436273760000 76.95
1436273880000 77.0
1436274240000 77.01
1436274360000 77.05
1436274720000 77.05
1436274780000 77.04
1436274840000 77.0
1436274900000 77.04
1436275200000 77.0
1436275320000 77.0
1436275500000 77.04
1436275560000 77.04
1436275800000 77.0
1436275920000 77.025
1436276220000 77.075
1436276280000 77.05
1436276340000 77.0401
1436276640000 77.075
1436276700000 77.1
1436276880000 77.03
1436277180000 77.0
1436277540000 76.98
1436277900000 76.93
1436278200000 77.01
1436278680000 77.0
1436278860000 76.94
1436279880000 76.93
1436279940000 77.05
1436280000000 77.03
1436280060000 77.09
1436280180000 77.21
1436280300000 77.28
1436280420000 77.32
1436280480000 77.41
1436280600000 77.53
1436280780000 77.595
1436281080000 77.6
1436281140000 77.675
1436281200000 77.565
1436281260000 77.57
1436281320000 77.56
1436281380000 77.525
1436281440000 77.66
1436281500000 77.6
