1436261400000 5.6
1436262480000 5.4999
1436262540000 5.4501
1436262600000 5.45
1436262660000 5.4818
1436262960000 5.46
1436263080000 5.4601
1436263440000 5.5
1436263500000 5.4981
1436263800000 5.4916
1436263860000 5.4901
1436263920000 5.49
1436264160000 5.49
1436264220000 5.49
1436264400000 5.48
1436264700000 5.46
1436264760000 5.5
1436264940000 5.45
1436265120000 5.45
1436265180000 5.45
1436265240000 5.43
1436265300000 5.45
1436265420000 5.45
1436265540000 5.45
1436265600000 5.45
1436265780000 5.42
1436265840000 5.45
1436265960000 5.43
1436266080000 5.45
1436266140000 5.45
1436266740000 5.47
1436266800000 5.4863
1436267100000 5.4805
1436267160000 5.4809
1436267220000 5.4809
1436267400000 5.47
1436267460000 5.4819
1436267580000 5.47
1436267820000 5.47
1436267880000 5.47
1436267940000 5.4246
1436268420000 5.422
1436268600000 5.43
1436268660000 5.46
1436268720000 5.45
1436269260000 5.41
1436269440000 5.4228
1436270340000 5.41
1436270400000 5.4
1436270460000 5.4
1436270520000 5.4
1436270580000 5.41
1436270700000 5.37
1436271780000 5.36
1436271840000 5.36
1436271900000 5.36
1436271960000 5.3588
1436272260000 5.31
1436272560000 5.31
1436273520000 5.3
1436273700000 5.34
1436273760000 5.33
1436273820000 5.33
1436273880000 5.33
1436274180000 5.3
1436274240000 5.3
1436274300000 5.3
1436274600000 5.29
1436274720000 5.29
1436274780000 5.33
1436274840000 5.3299
1436275380000 5.3195
1436275440000 5.32
1436275500000 5.32
1436276100000 5.32
1436277420000 5.282
1436277600000 5.3
1436278320000 5.3
1436279760000 5.26
1436280000000 5.269
1436280420000 5.2962
1436280660000 5.28
1436281080000 5.2799
1436281320000 5.2764
