1436261400000 2.2
1436261520000 2.2
1436261640000 2.23
1436261700000 2.19
1436261820000 2.195
1436261880000 2.2
1436262060000 2.19
1436262240000 2.2
1436262300000 2.2
1436262360000 2.2
1436262480000 2.22
1436262720000 2.23
1436262780000 2.24
1436263020000 2.22
1436263140000 2.2197
1436263200000 2.23
1436263320000 2.23
1436263500000 2.22
1436263740000 2.22
1436263800000 2.22
1436263860000 2.22
1436264100000 2.23
1436264400000 2.22
1436264640000 2.22
1436264940000 2.22
1436265060000 2.1983
1436265120000 2.2
1436265180000 2.2009
1436265300000 2.2
1436265540000 2.19
1436265600000 2.17
1436265660000 2.178
1436265780000 2.17
1436266080000 2.16
1436266200000 2.16
1436266260000 2.1648
1436266320000 2.16
1436266560000 2.17
1436266800000 2.17
1436266860000 2.1949
1436266920000 2.17
1436267040000 2.17
1436267340000 2.16
1436267400000 2.17
1436267520000 2.1899
1436267640000 2.1899
1436267700000 2.18
1436267760000 2.18
1436267940000 2.18
1436268120000 2.16
1436268360000 2.1625
1436268480000 2.165
1436268540000 2.17
1436268600000 2.16
1436268660000 2.16
1436268720000 2.1601
1436268900000 2.16
1436269080000 2.16
1436269200000 2.17
1436269320000 2.16
1436269380000 2.16
1436269440000 2.16
1436269560000 2.17
1436269800000 2.16
1436269860000 2.16
1436270040000 2.17
1436270100000 2.169
1436270160000 2.17
1436270340000 2.17
1436270460000 2.17
1436270580000 2.18
1436270700000 2.17
1436270820000 2.18
1436270880000 2.17
1436271180000 2.18
1436271300000 2.17
1436271600000 2.18
1436271660000 2.17
1436271720000 2.17
1436271780000 2.175
1436271840000 2.1701
1436271900000 2.17
1436271960000 2.175
1436272140000 2.175
1436272200000 2.18
1436272320000 2.17
1436272620000 2.17
1436272680000 2.17
1436272920000 2.165
1436273220000 2.165
1436273280000 2.165
1436273340000 2.16
1436273580000 2.16
1436273700000 2.165
1436273820000 2.1636
1436273940000 2.16
1436274180000 2.165
1436274420000 2.16
1436274600000 2.165
1436274720000 2.17
1436275080000 2.17
1436275260000 2.18
1436275500000 2.18
1436275740000 2.18
1436275800000 2.17
1436276100000 2.17
1436276280000 2.17
1436276340000 2.18
1436276640000 2.17
1436276940000 2.18
1436277060000 2.17
1436277240000 2.18
1436277720000 2.17
1436277900000 2.17
1436277960000 2.16
1436278080000 2.165
1436278140000 2.16
1436278380000 2.165
1436278440000 2.165
1436278620000 2.16
1436278800000 2.16
1436278860000 2.165
1436278920000 2.165
1436279040000 2.16
1436279160000 2.165
1436279220000 2.16
1436279340000 2.16
1436279520000 2.165
1436279640000 2.1621
1436279820000 2.16
1436279880000 2.165
1436280120000 2.16
1436280240000 2.165
1436280600000 2.1601
1436280720000 2.16
1436280960000 2.165
1436281080000 2.165
1436281260000 2.165
1436281500000 2.17
1436281560000 2.16
