1436261400000 51.45
1436261460000 51.38
1436261520000 51.41
1436261580000 51.39
1436261640000 51.39
1436261700000 51.4
1436261760000 51.39
1436261820000 51.39
1436261880000 51.36
1436261940000 51.36
1436262000000 51.35
1436262060000 51.355
1436262120000 51.36
1436262180000 51.35
1436262240000 51.36
1436262300000 51.36
1436262360000 51.36
1436262420000 51.36
1436262480000 51.36
1436262540000 51.355
1436262600000 51.35
1436262660000 51.335
1436262720000 51.34
1436262780000 51.35
1436262840000 51.34
1436262900000 51.335
1436262960000 51.32
1436263020000 51.33
1436263080000 51.32
1436263140000 51.32
1436263200000 51.32
1436263260000 51.35
1436263320000 51.34
1436263380000 51.34
1436263440000 51.35
1436263500000 51.345
1436263560000 51.35
1436263620000 51.35
1436263680000 51.35
1436263740000 51.35
1436263800000 51.37
1436263860000 51.36
1436263920000 51.365
1436263980000 51.365
1436264040000 51.36
1436264100000 51.37
1436264160000 51.37
1436264220000 51.36
1436264280000 51.37
1436264340000 51.385
1436264400000 51.39
1436264460000 51.38
1436264520000 51.39
1436264580000 51.38
1436264640000 51.38
1436264700000 51.38
1436264760000 51.385
1436264820000 51.37
1436264880000 51.36
1436264940000 51.3601
1436265000000 51.36
1436265060000 51.35
1436265120000 51.35
1436265180000 51.36
1436265240000 51.36
1436265300000 51.355
1436265360000 51.34
1436265420000 51.35
1436265480000 51.34
1436265540000 51.32
1436265600000 51.31
1436265660000 51.3
1436265720000 51.28
1436265780000 51.29
1436265840000 51.295
1436265900000 51.31
1436265960000 51.33
1436266020000 51.35
1436266080000 51.345
1436266140000 51.36
1436266200000 51.35
1436266260000 51.33
1436266320000 51.36
1436266380000 51.35
1436266440000 51.34
1436266500000 51.35
1436266560000 51.34
1436266620000 51.33
1436266680000 51.34
1436266740000 51.32
1436266800000 51.31
1436266860000 51.29
1436266920000 51.28
1436266980000 51.284
1436267040000 51.28
1436267100000 51.29
1436267160000 51.275
1436267220000 51.28
1436267280000 51.3
1436267340000 51.29
1436267400000 51.3
1436267460000 51.305
1436267520000 51.31
1436267580000 51.305
1436267640000 51.3
1436267700000 51.29
1436267760000 51.305
1436267820000 51.315
1436267880000 51.29
1436267940000 51.29
1436268000000 51.3
1436268060000 51.29
1436268120000 51.29
1436268180000 51.3
1436268240000 51.295
1436268300000 51.28
1436268360000 51.28
1436268420000 51.29
1436268480000 51.3
1436268540000 51.29
1436268600000 51.29
1436268660000 51.28
1436268720000 51.3
1436268780000 51.3
1436268840000 51.3
1436268900000 51.28
1436268960000 51.27
1436269020000 51.3
1436269080000 51.3
1436269140000 51.3172
1436269200000 51.32
1436269260000 51.34
1436269320000 51.32
1436269380000 51.34
1436269440000 51.34
1436269500000 51.35
1436269560000 51.34
1436269620000 51.35
1436269680000 51.35
1436269740000 51.34
1436269800000 51.33
1436269860000 51.32
1436269920000 51.32
1436269980000 51.325
1436270040000 51.325
1436270100000 51.325
1436270160000 51.34
1436270220000 51.36
1436270280000 51.35
1436270340000 51.35
1436270400000 51.34
1436270460000 51.32
1436270520000 51.33
1436270580000 51.33
1436270640000 51.33
1436270700000 51.35
1436270760000 51.33
1436270820000 51.33
1436270940000 51.33
1436271000000 51.32
1436271060000 51.31
1436271120000 51.31
1436271180000 51.305
1436271240000 51.31
1436271300000 51.31
1436271360000 51.3
1436271420000 51.31
1436271480000 51.3
1436271600000 51.31
1436271660000 51.32
1436271720000 51.31
1436271780000 51.32
1436271840000 51.32
1436271900000 51.32
1436271960000 51.32
1436272020000 51.32
1436272080000 51.32
1436272140000 51.33
1436272200000 51.32
1436272260000 51.32
1436272320000 51.33
1436272380000 51.325
1436272440000 51.34
1436272500000 51.34
1436272560000 51.34
1436272620000 51.34
1436272680000 51.34
1436272740000 51.34
1436272800000 51.35
1436272860000 51.35
1436272920000 51.35
1436272980000 51.35
1436273040000 51.34
1436273100000 51.3449
1436273160000 51.35
1436273220000 51.35
1436273280000 51.34
1436273340000 51.34
1436273400000 51.34
1436273460000 51.35
1436273520000 51.35
1436273580000 51.35
1436273640000 51.35
1436273700000 51.35
1436273760000 51.35
1436273820000 51.35
1436273880000 51.35
1436273940000 51.37
1436274000000 51.37
1436274060000 51.37
1436274120000 51.35
1436274180000 51.37
1436274240000 51.37
1436274300000 51.37
1436274360000 51.37
1436274420000 51.35
1436274480000 51.34
1436274540000 51.34
1436274600000 51.345
1436274660000 51.345
1436274720000 51.35
1436274780000 51.35
1436274840000 51.35
1436274900000 51.35
1436274960000 51.35
1436275020000 51.34
1436275080000 51.34
1436275140000 51.34
1436275200000 51.34
1436275260000 51.33
1436275320000 51.32
1436275380000 51.33
1436275440000 51.345
1436275500000 51.345
1436275560000 51.345
1436275620000 51.345
1436275680000 51.345
1436275740000 51.35
1436275800000 51.35
1436275860000 51.34
1436275920000 51.33
1436275980000 51.34
1436276040000 51.33
1436276100000 51.34
1436276160000 51.34
1436276220000 51.35
1436276280000 51.35
1436276340000 51.35
1436276400000 51.35
1436276460000 51.37
1436276520000 51.37
1436276580000 51.38
1436276640000 51.38
1436276700000 51.37
1436276760000 51.37
1436276820000 51.37
1436276880000 51.36
1436276940000 51.355
1436277000000 51.36
1436277060000 51.35
1436277120000 51.35
1436277180000 51.35
1436277240000 51.35
1436277300000 51.35
1436277360000 51.35
1436277420000 51.36
1436277480000 51.35
1436277540000 51.35
1436277600000 51.35
1436277660000 51.36
1436277720000 51.36
1436277780000 51.36
1436277840000 51.35
1436277900000 51.355
1436277960000 51.36
1436278020000 51.35
1436278080000 51.35
1436278140000 51.35
1436278200000 51.345
1436278260000 51.35
1436278320000 51.34
1436278440000 51.35
1436278500000 51.345
1436278560000 51.34
1436278620000 51.35
1436278680000 51.34
1436278740000 51.33
1436278800000 51.32
1436278860000 51.32
1436278920000 51.31
1436278980000 51.31
1436279040000 51.3
1436279100000 51.33
1436279160000 51.33
1436279220000 51.324
1436279280000 51.31
1436279340000 51.31
1436279400000 51.31
1436279460000 51.31
1436279520000 51.32
1436279580000 51.32
1436279640000 51.31
1436279700000 51.32
1436279760000 51.32
1436279820000 51.32
1436279880000 51.32
1436279940000 51.334
1436280000000 51.34
1436280060000 51.35
1436280120000 51.365
1436280180000 51.37
1436280240000 51.4
1436280300000 51.4
1436280360000 51.4
1436280420000 51.39
1436280480000 51.37
1436280540000 51.38
1436280600000 51.37
1436280660000 51.37
1436280720000 51.37
1436280780000 51.365
1436280840000 51.365
1436280900000 51.365
1436280960000 51.4
1436281020000 51.375
1436281080000 51.37
1436281140000 51.42
1436281200000 51.42
1436281260000 51.425
1436281320000 51.38
1436281380000 51.38
1436281440000 51.39
1436281500000 51.39
1436281560000 51.39
