1436261400000 187.05
1436261460000 186.97
1436261520000 187.24
1436261580000 186.895
1436261640000 186.635
1436261700000 186.575
1436261760000 186.37
1436261820000 185.86
1436261880000 185.9
1436261940000 186.42
1436262000000 186.46
1436262060000 186.675
1436262120000 187.32
1436262180000 187.91
1436262240000 187.95
1436262300000 187.81
1436262360000 187.32
1436262420000 187.93
1436262480000 187.98
1436262540000 187.82
1436262600000 187.93
1436262660000 187.46
1436262720000 187.81
1436262780000 188.57
1436262840000 188.52
1436262900000 188.23
1436262960000 188.265
1436263020000 188.51
1436263080000 188.63
1436263140000 188.27
1436263200000 188.6499
1436263260000 188.25
1436263320000 187.8559
1436263380000 188.42
1436263440000 188.04
1436263500000 188.09
1436263560000 188.18
1436263620000 188.08
1436263680000 187.59
1436263740000 187.43
1436263800000 187.45
1436263860000 187.89
1436263920000 187.67
1436263980000 187.555
1436264040000 187.65
1436264100000 187.3
1436264160000 187.1591
1436264220000 187.1
1436264280000 187.13
1436264340000 187.32
1436264400000 187.24
1436264460000 187.08
1436264520000 187.03
1436264580000 187.38
1436264640000 187.33
1436264700000 187.9
1436264760000 187.72
1436264820000 187.86
1436264880000 187.58
1436264940000 187.6
1436265000000 188.06
1436265060000 187.36
1436265120000 187.2
1436265180000 187.35
1436265240000 187.23
1436265300000 187.09
1436265360000 186.73
1436265420000 186.88
1436265480000 186.48
1436265540000 186.0
1436265600000 185.5
1436265660000 185.63
1436265720000 185.52
1436265780000 185.0101
1436265840000 185.36
1436265900000 185.5
1436265960000 185.77
1436266020000 186.65
1436266080000 186.78
1436266140000 186.93
1436266200000 187.11
1436266260000 186.865
1436266320000 187.0
1436266380000 187.51
1436266440000 187.43
1436266500000 187.44
1436266560000 187.67
1436266620000 187.55
1436266680000 187.49
1436266740000 187.05
1436266800000 187.49
1436266860000 187.4
1436266920000 187.35
1436266980000 187.44
1436267040000 187.75
1436267100000 187.85
1436267160000 187.82
1436267220000 187.72
1436267280000 187.84
1436267340000 187.45
1436267400000 187.17
1436267460000 187.33
1436267520000 187.53
1436267580000 187.6
1436267640000 187.5699
1436267700000 187.6
1436267760000 187.61
1436267820000 187.6
1436267880000 187.49
1436267940000 187.06
1436268000000 187.02
1436268060000 187.03
1436268120000 186.815
1436268180000 186.74
1436268240000 187.02
1436268300000 187.02
1436268360000 186.75
1436268420000 186.87
1436268480000 186.88
1436268540000 186.34
1436268600000 186.42
1436268660000 186.49
1436268720000 186.31
1436268780000 186.2
1436268840000 185.83
1436268900000 185.575
1436268960000 185.47
1436269020000 185.66
1436269080000 186.02
1436269140000 186.0875
1436269200000 185.88
1436269260000 186.11
1436269320000 186.23
1436269380000 186.34
1436269440000 186.015
1436269500000 185.92
1436269560000 185.668
1436269680000 185.61
1436269740000 185.615
1436269800000 185.7
1436269860000 185.73
1436269920000 185.57
1436269980000 185.66
1436270040000 185.88
1436270100000 185.97
1436270160000 186.23
1436270220000 186.63
1436270280000 186.49
1436270340000 186.18
1436270400000 186.0
1436270460000 186.18
1436270520000 186.12
1436270580000 186.09
1436270640000 186.19
1436270700000 186.2
1436270760000 186.0
1436270820000 186.01
1436270880000 186.12
1436270940000 186.08
1436271000000 186.0
1436271060000 185.82
1436271120000 185.71
1436271180000 185.72
1436271240000 185.671
1436271300000 185.57
1436271360000 185.6301
1436271420000 185.64
1436271480000 185.77
1436271540000 185.77
1436271600000 185.6
1436271660000 185.7
1436271720000 185.98
1436271780000 185.83
1436271840000 185.81
1436271900000 186.065
1436271960000 186.18
1436272020000 186.05
1436272080000 186.22
1436272140000 185.88
1436272260000 185.982
1436272320000 185.94
1436272380000 186.0
1436272440000 186.25
1436272500000 186.15
1436272560000 186.22
1436272620000 186.31
1436272680000 186.37
1436272740000 186.39
1436272800000 186.45
1436272860000 186.52
1436272920000 186.72
1436272980000 186.75
1436273100000 186.99
1436273160000 187.02
1436273220000 187.02
1436273280000 186.775
1436273340000 186.91
1436273400000 186.96
1436273460000 186.63
1436273520000 186.815
1436273580000 186.545
1436273640000 186.745
1436273700000 186.86
1436273760000 186.68
1436273820000 186.57
1436273880000 186.85
1436273940000 187.138
1436274000000 186.87
1436274060000 186.99
1436274120000 186.84
1436274180000 186.81
1436274240000 186.95
1436274300000 186.85
1436274360000 186.86
1436274420000 186.81
1436274480000 186.765
1436274540000 186.99
1436274600000 187.02
1436274660000 186.87
1436274720000 186.92
1436274780000 186.91
1436274840000 186.82
1436274900000 186.945
1436274960000 186.84
1436275020000 186.54
1436275080000 186.43
1436275140000 186.5
1436275200000 186.6
1436275260000 186.335
1436275320000 186.47
1436275380000 186.49
1436275440000 186.7
1436275500000 186.5698
1436275560000 186.51
1436275620000 186.57
1436275680000 186.61
1436275740000 186.54
1436275800000 186.69
1436275860000 186.77
1436275920000 186.53
1436275980000 186.65
1436276040000 186.52
1436276100000 186.8
1436276160000 186.83
1436276220000 186.88
1436276280000 186.94
1436276340000 186.97
1436276400000 187.01
1436276460000 186.9
1436276520000 187.01
1436276580000 187.06
1436276640000 187.16
1436276700000 187.42
1436276760000 187.46
1436276820000 187.42
1436276880000 187.32
1436276940000 187.23
1436277000000 187.06
1436277060000 187.005
1436277120000 187.1
1436277180000 187.12
1436277240000 187.01
1436277300000 186.87
1436277360000 187.1
1436277420000 186.91
1436277480000 186.79
1436277540000 186.64
1436277600000 186.69
1436277660000 186.85
1436277720000 186.75
1436277780000 186.82
1436277840000 186.9
1436277900000 186.94
1436277960000 186.94
1436278020000 186.935
1436278080000 186.99
1436278140000 186.92
1436278200000 186.87
1436278260000 187.03
1436278320000 186.96
1436278380000 186.7
1436278440000 186.71
1436278500000 186.49
1436278560000 186.59
1436278620000 186.52
1436278680000 186.54
1436278740000 186.45
1436278800000 186.19
1436278860000 186.28
1436278920000 186.07
1436278980000 185.88
1436279040000 186.04
1436279100000 186.04
1436279160000 186.02
1436279220000 186.21
1436279280000 186.26
1436279340000 186.41
1436279400000 186.21
1436279460000 186.23
1436279520000 186.35
1436279580000 186.57
1436279640000 186.36
1436279700000 186.4
1436279760000 186.43
1436279820000 186.49
1436279880000 186.33
1436279940000 186.48
1436280000000 186.45
1436280060000 186.59
1436280120000 186.87
1436280180000 186.86
1436280240000 186.97
1436280300000 186.94
1436280360000 186.94
1436280420000 187.06
1436280480000 186.97
1436280540000 187.02
1436280600000 187.03
1436280660000 187.17
1436280720000 187.15
1436280780000 187.28
1436280840000 187.36
1436280900000 187.43
1436280960000 187.18
1436281020000 187.4
1436281080000 187.205
1436281140000 187.59
1436281200000 187.34
1436281260000 187.59
1436281320000 187.27
1436281380000 187.31
1436281440000 187.25
1436281500000 187.21
1436281560000 187.21
