1436261400000 72.26
1436261460000 72.14
1436261520000 72.0
1436261580000 71.965
1436261640000 72.01
1436261700000 71.86
1436261760000 71.91
1436261820000 71.59
1436261880000 71.63
1436262120000 71.27
1436262180000 71.13
1436262240000 71.062
1436262300000 71.23
1436262360000 71.4599
1436262420000 71.27
1436262600000 71.3349
1436262660000 71.24
1436262720000 71.18
1436262840000 71.3645
1436262900000 71.2115
1436262960000 71.1999
1436263020000 71.0
1436263080000 70.9
1436263140000 70.97
1436263200000 70.82
1436263260000 70.76
1436263320000 70.8088
1436263440000 70.9317
1436263500000 70.76
1436263560000 70.76
1436263620000 70.77
1436263680000 70.789
1436263740000 70.801
1436263800000 70.82
1436263860000 71.11
1436263920000 71.35
1436263980000 71.2601
1436264040000 71.31
1436264100000 71.33
1436264280000 71.33
1436264340000 71.33
1436264400000 71.07
1436264460000 71.11
1436264520000 71.3
1436264580000 71.265
1436264640000 71.265
1436264700000 71.27
1436264760000 71.27
1436264820000 71.275
1436264880000 71.27
1436264940000 71.26
1436265000000 71.025
1436265060000 71.2
1436265120000 71.01
1436265180000 71.22
1436265240000 71.051
1436265300000 71.03
1436265360000 70.84
1436265420000 70.525
1436265480000 70.6
1436265540000 70.61
1436265600000 70.6
1436265660000 70.53
1436265720000 70.38
1436265780000 70.27
1436265840000 70.25
1436265900000 70.25
1436265960000 70.21
1436266020000 70.28
1436266080000 70.37
1436266140000 70.385
1436266200000 70.395
1436266260000 70.09
1436266380000 70.23
1436266440000 70.28
1436266500000 70.44
1436266560000 70.35
1436266620000 70.51
1436266680000 70.4912
1436266740000 70.45
1436266800000 70.18
1436266860000 70.07
1436266920000 70.09
1436266980000 70.14
1436267040000 70.081
1436267100000 70.13
1436267160000 70.13
1436267220000 69.93
1436267280000 69.94
1436267400000 69.955
1436267460000 69.97
1436267520000 69.97
1436267580000 70.04
1436267640000 69.97
1436267700000 70.05
1436267760000 70.0499
1436267820000 70.245
1436267880000 70.15
1436267940000 70.18
1436268000000 70.12
1436268060000 70.08
1436268120000 69.8
1436268180000 69.615
1436268240000 69.94
1436268300000 69.77
1436268360000 69.92
1436268420000 69.92
1436268480000 69.99
1436268540000 69.9
1436268660000 69.88
1436268720000 70.0
1436268780000 69.91
1436268840000 69.87
1436268900000 69.7
1436268960000 69.6901
1436269020000 69.73
1436269080000 69.93
1436269140000 70.0
1436269200000 69.94
1436269260000 69.96
1436269320000 70.0
1436269380000 70.02
1436269440000 70.025
1436269500000 69.89
1436269560000 69.87
1436269620000 69.73
1436269680000 69.82
1436269740000 69.82
1436269800000 69.6
1436269860000 69.505
1436269920000 69.4374
1436269980000 69.53
1436270160000 69.61
1436270220000 69.65
1436270280000 69.67
1436270400000 69.53
1436270460000 69.42
1436270520000 69.2301
1436270580000 69.135
1436270640000 69.22
1436270700000 69.14
1436270760000 69.1999
1436270820000 68.76
1436270880000 68.659
1436270940000 68.57
1436271000000 68.64
1436271060000 68.61
1436271120000 68.48
1436271180000 68.54
1436271240000 68.435
1436271300000 68.48
1436271360000 68.75
1436271420000 68.78
1436271480000 68.85
1436271540000 68.8475
1436271600000 68.83
1436271660000 68.99
1436271720000 69.04
1436271780000 68.76
1436271840000 68.8
1436271900000 68.8299
1436271960000 68.81
1436272020000 68.9
1436272080000 69.0
1436272140000 69.02
1436272200000 69.04
1436272260000 69.07
1436272320000 69.16
1436272380000 69.12
1436272440000 69.21
1436272500000 69.25
1436272560000 69.16
1436272620000 69.251
1436272680000 69.3
1436272740000 69.35
1436272800000 69.47
1436272860000 69.53
1436272920000 69.74
1436272980000 69.72
1436273040000 69.44
1436273160000 69.7
1436273220000 69.62
1436273280000 69.7
1436273340000 69.61
1436273460000 69.55
1436273520000 69.64
1436273580000 69.66
1436273640000 69.74
1436273700000 69.73
1436273760000 69.68
1436273820000 69.49
1436273880000 69.73
1436273940000 69.66
1436274000000 69.7
1436274060000 69.8
1436274120000 70.0
1436274180000 69.71
1436274240000 69.73
1436274300000 69.75
1436274360000 69.75
1436274480000 69.5
1436274540000 69.81
1436274600000 69.73
1436274660000 69.6
1436274720000 69.66
1436274780000 69.71
1436274840000 69.6
1436274900000 69.6
1436274960000 69.54
1436275080000 69.33
1436275140000 69.52
1436275200000 69.44
1436275260000 69.45
1436275320000 69.37
1436275380000 69.48
1436275440000 69.5
1436275500000 69.4949
1436275560000 69.4
1436275620000 69.44
1436275680000 69.39
1436275740000 69.42
1436275800000 69.4
1436275860000 69.23
1436275920000 69.06
1436275980000 69.36
1436276040000 69.19
1436276160000 69.32
1436276220000 69.3199
1436276400000 69.17
1436276520000 69.13
1436276640000 69.17
1436276700000 69.29
1436276820000 69.0901
1436276880000 69.04
1436276940000 69.07
1436277000000 69.18
1436277060000 69.05
1436277120000 69.085
1436277180000 69.18
1436277360000 68.955
1436277420000 69.11
1436277480000 68.97
1436277540000 69.03
1436277600000 69.01
1436277660000 69.03
1436277720000 68.98
1436277780000 68.84
1436277840000 68.84
1436277900000 68.8401
1436277960000 68.89
1436278020000 68.79
1436278080000 68.7
1436278140000 68.74
1436278200000 68.74
1436278260000 68.71
1436278320000 68.74
1436278380000 68.68
1436278440000 68.67
1436278500000 68.59
1436278560000 68.525
1436278620000 68.55
1436278680000 68.51
1436278740000 68.42
1436278800000 68.43
1436278860000 68.43
1436278920000 68.3
1436278980000 68.27
1436279040000 68.37
1436279100000 68.415
1436279160000 68.59
1436279220000 68.59
1436279280000 68.6
1436279340000 68.59
1436279400000 68.56
1436279460000 68.56
1436279520000 68.555
1436279580000 68.71
1436279640000 68.69
1436279700000 68.82
1436279760000 68.9402
1436279820000 68.86
1436279880000 68.93
1436279940000 68.91
1436280000000 68.96
1436280060000 69.005
1436280120000 69.0783
1436280180000 68.96
1436280240000 69.14
1436280360000 69.1172
1436280420000 69.23
1436280480000 69.195
1436280540000 69.23
1436280600000 69.35
1436280660000 69.36
1436280720000 69.36
1436280780000 69.47
1436280840000 69.48
1436280900000 69.52
1436280960000 69.41
1436281020000 69.52
1436281080000 69.59
1436281140000 69.63
1436281260000 69.68
1436281320000 69.605
1436281380000 69.58
1436281440000 69.64
1436281500000 69.7
1436281560000 69.6708
