1436261400000 16.99
1436261460000 16.93
1436261520000 16.69
1436261580000 16.85
1436261640000 16.88
1436261700000 16.88
1436261760000 16.72
1436261820000 16.64
1436261880000 16.6
1436261940000 16.55
1436262000000 16.605
1436262060000 16.61
1436262120000 16.61
1436262180000 16.7
1436262240000 16.7
1436262300000 16.67
1436262360000 16.72
1436262420000 16.7
1436262480000 16.74
1436262540000 16.76
1436262600000 16.78
1436262660000 16.84
1436262720000 16.95
1436262780000 16.98
1436262840000 16.95
1436262900000 16.94
1436262960000 16.93
1436263020000 16.94
1436263080000 16.92
1436263140000 16.92
1436263200000 16.9
1436263260000 16.95
1436263320000 16.97
1436263380000 16.97
1436263440000 17.11
1436263500000 17.12
1436263560000 17.11
1436263620000 17.13
1436263680000 17.13
1436263740000 17.1001
1436263800000 17.12
1436263860000 17.15
1436263920000 17.18
1436263980000 17.18
1436264040000 17.21
1436264100000 17.18
1436264160000 17.126
1436264220000 17.07
1436264280000 17.08
1436264400000 17.09
1436264460000 17.05
1436264580000 17.04
1436264640000 17.01
1436264700000 16.98
1436264760000 16.9
1436264820000 16.88
1436264880000 16.8505
1436264940000 16.86
1436265000000 16.85
1436265060000 16.74
1436265120000 16.77
1436265180000 16.81
1436265240000 16.81
1436265300000 16.81
1436265360000 16.8
1436265480000 16.82
1436265540000 16.85
1436265600000 16.81
1436265660000 16.8
1436265720000 16.79
1436265780000 16.763
1436265840000 16.78
1436265900000 16.82
1436265960000 16.83
1436266020000 16.86
1436266140000 16.895
1436266200000 16.89
1436266260000 16.86
1436266320000 16.87
1436266380000 16.895
1436266500000 16.92
1436266560000 16.91
1436266680000 16.9
1436266740000 16.9
1436266800000 16.91
1436266860000 16.85
1436266920000 16.88
1436266980000 16.89
1436267040000 16.92
1436267100000 16.95
1436267220000 16.97
1436267280000 16.97
1436267340000 17.0
1436267400000 17.02
1436267460000 17.03
1436267520000 17.05
1436267580000 17.0533
1436267640000 17.06
1436267760000 17.05
1436267820000 17.03
1436267880000 17.04
1436267940000 17.05
1436268000000 17.05
1436268060000 17.02
1436268180000 17.01
1436268300000 17.02
1436268360000 17.0
1436268420000 17.0
1436268480000 17.0
1436268540000 16.98
1436268600000 16.93
1436268720000 16.99
1436268780000 16.99
1436268840000 16.98
1436268900000 16.94
1436269020000 16.9501
1436269080000 16.96
1436269140000 16.99
1436269200000 16.99
1436269260000 17.02
1436269320000 17.01
1436269380000 17.06
1436269440000 17.07
1436269560000 17.03
1436269620000 17.05
1436269680000 17.05
1436269740000 17.04
1436269800000 17.05
1436269860000 17.03
1436269980000 17.03
1436270100000 17.05
1436270160000 17.05
1436270220000 17.06
1436270280000 17.04
1436270340000 17.0
1436270460000 17.03
1436270580000 17.02
1436270700000 17.03
1436270760000 17.05
1436270820000 17.05
1436270880000 17.04
1436271000000 17.04
1436271060000 17.03
1436271180000 17.03
1436271240000 17.04
1436271300000 17.03
1436271360000 17.04
1436271480000 17.02
1436271540000 17.04
1436271600000 17.037
1436271660000 17.06
1436271840000 17.04
1436271900000 17.05
1436271960000 17.05
1436272020000 17.05
1436272080000 17.05
1436272140000 17.04
1436272200000 17.03
1436272260000 17.05
1436272500000 17.03
1436272560000 16.96
1436272680000 17.0
1436272920000 17.03
1436272980000 17.04
1436273040000 16.99
1436273100000 17.0
1436273160000 17.0352
1436273220000 17.035
1436273280000 17.04
1436273340000 17.05
1436273400000 17.05
1436273460000 17.06
1436273640000 17.06
1436273700000 17.09
1436273760000 17.1
1436273820000 17.13
1436273880000 17.15
1436273940000 17.175
1436274120000 17.175
1436274180000 17.16
1436274240000 17.17
1436274300000 17.19
1436274360000 17.13
1436274420000 17.12
1436274480000 17.14
1436274540000 17.17
1436274720000 17.18
1436274780000 17.22
1436274840000 17.22
1436274900000 17.23
1436274960000 17.209
1436275020000 17.19
1436275080000 17.2
1436275140000 17.22
1436275200000 17.2492
1436275260000 17.23
1436275320000 17.17
1436275440000 17.2
1436275500000 17.2
1436275560000 17.19
1436275680000 17.17
1436275800000 17.19
1436275860000 17.19
1436275920000 17.16
1436275980000 17.16
1436276040000 17.18
1436276100000 17.17
1436276160000 17.2
1436276220000 17.19
1436276280000 17.18
1436276340000 17.19
1436276400000 17.21
1436276520000 17.22
1436276580000 17.2
1436276640000 17.22
1436276700000 17.24
1436276760000 17.24
1436276820000 17.21
1436276880000 17.23
1436276940000 17.22
1436277000000 17.24
1436277060000 17.2297
1436277120000 17.21
1436277180000 17.195
1436277240000 17.1863
1436277360000 17.21
1436277420000 17.2
1436277540000 17.14
1436277600000 17.12
1436277660000 17.18
1436277720000 17.15
1436277780000 17.132
1436277900000 17.15
1436277960000 17.16
1436278020000 17.07
1436278080000 17.09
1436278140000 17.1
1436278200000 17.15
1436278260000 17.14
1436278320000 17.12
1436278380000 17.12
1436278560000 17.14
1436278620000 17.14
1436278680000 17.12
1436278740000 17.06
1436278800000 17.06
1436278860000 17.108
1436278920000 17.04
1436278980000 17.04
1436279160000 17.075
1436279220000 17.07
1436279340000 17.02
1436279400000 16.99
1436279520000 17.007
1436279580000 17.03
1436279640000 17.033
1436279700000 17.03
1436279760000 17.0
1436279820000 17.02
1436279880000 17.02
1436279940000 16.99
1436280000000 16.99
1436280060000 17.02
1436280120000 16.98
1436280180000 17.02
1436280300000 17.04
1436280420000 17.07
1436280480000 17.065
1436280540000 17.05
1436280600000 17.05
1436280660000 17.05
1436280780000 17.035
1436280840000 17.045
1436280900000 17.03
1436280960000 17.01
1436281020000 17.02
1436281080000 17.04
1436281140000 17.08
1436281200000 17.08
1436281260000 17.07
1436281320000 17.06
1436281380000 17.04
1436281440000 17.04
1436281500000 17.03
