1436261400000 155.25
1436261460000 155.3961
1436261520000 155.2
1436261580000 155.3125
1436261640000 155.6
1436261700000 155.47
1436261760000 155.4
1436261820000 154.98
1436261880000 154.97
1436261940000 155.19
1436262000000 155.25
1436262060000 155.23
1436262120000 155.18
1436262180000 155.28
1436262240000 155.34
1436262300000 155.1
1436262360000 155.06
1436262420000 155.12
1436262480000 155.33
1436262540000 155.34
1436262600000 155.09
1436262660000 154.77
1436262720000 155.0097
1436262780000 155.17
1436262840000 155.07
1436262900000 155.07
1436262960000 154.89
1436263020000 154.89
1436263080000 154.64
1436263140000 154.48
1436263200000 154.72
1436263260000 154.37
1436263320000 154.22
1436263380000 154.35
1436263440000 154.43
1436263500000 154.56
1436263560000 154.54
1436263620000 154.6
1436263680000 154.23
1436263740000 154.35
1436263800000 154.68
1436263860000 154.94
1436263920000 154.95
1436263980000 154.74
1436264040000 154.84
1436264100000 154.64
1436264160000 154.54
1436264220000 154.44
1436264280000 154.47
1436264340000 154.62
1436264400000 154.53
1436264460000 154.54
1436264520000 154.7
1436264580000 154.82
1436264640000 154.79
1436264700000 154.73
1436264760000 154.71
1436264820000 154.76
1436264880000 154.62
1436264940000 154.66
1436265000000 154.69
1436265060000 154.4001
1436265120000 154.17
1436265180000 154.318
1436265240000 154.28
1436265300000 154.11
1436265360000 154.055
1436265420000 154.16
1436265480000 153.92
1436265540000 153.73
1436265600000 153.52
1436265660000 153.21
1436265720000 153.2
1436265780000 152.86
1436265840000 153.03
1436265900000 153.2586
1436265960000 153.19
1436266020000 153.69
1436266080000 153.54
1436266140000 153.48
1436266200000 153.61
1436266260000 153.34
1436266320000 153.47
1436266380000 153.51
1436266440000 153.53
1436266500000 153.8
1436266560000 153.59
1436266620000 153.57
1436266680000 153.46
1436266740000 153.5
1436266800000 153.49
1436266860000 153.16
1436266920000 153.095
1436266980000 153.08
1436267040000 153.1154
1436267100000 153.18
1436267160000 153.03
1436267220000 153.06
1436267280000 153.13
1436267340000 153.22
1436267400000 153.09
1436267460000 153.22
1436267520000 153.21
1436267580000 153.3902
1436267640000 153.1201
1436267700000 153.31
1436267760000 153.28
1436267820000 153.38
1436267880000 153.29
1436267940000 153.15
1436268000000 153.16
1436268060000 153.02
1436268120000 152.9
1436268180000 152.955
1436268240000 153.0
1436268300000 152.98
1436268360000 152.875
1436268420000 152.88
1436268480000 153.05
1436268540000 152.89
1436268600000 152.67
1436268660000 152.59
1436268720000 152.53
1436268780000 152.53
1436268840000 152.34
1436268900000 152.38
1436268960000 152.32
1436269020000 152.52
1436269080000 152.6
1436269140000 152.8167
1436269200000 153.04
1436269260000 153.17
1436269320000 153.22
1436269380000 153.38
1436269440000 153.39
1436269500000 153.52
1436269560000 153.32
1436269620000 153.25
1436269680000 153.41
1436269740000 153.31
1436269800000 153.21
1436269860000 153.24
1436269920000 153.2298
1436269980000 153.11
1436270040000 153.2
1436270100000 153.2
1436270160000 153.31
1436270220000 153.49
1436270280000 153.54
1436270340000 153.61
1436270400000 153.49
1436270460000 153.41
1436270520000 153.49
1436270580000 153.5
1436270640000 153.495
1436270700000 153.6
1436270760000 153.525
1436270820000 153.52
1436270880000 153.5
1436270940000 153.51
1436271000000 153.55
1436271060000 153.39
1436271120000 153.3
1436271180000 153.33
1436271240000 153.35
1436271300000 153.44
1436271360000 153.56
1436271420000 153.41
1436271480000 153.36
1436271540000 153.44
1436271600000 153.43
1436271660000 153.55
1436271720000 153.6
1436271780000 153.571
1436271840000 153.57
1436271900000 153.555
1436271960000 153.57
1436272020000 153.59
1436272080000 153.71
1436272140000 153.58
1436272200000 153.55
1436272260000 153.66
1436272320000 153.72
1436272380000 153.69
1436272440000 153.87
1436272500000 153.92
1436272560000 153.78
1436272620000 153.95
1436272680000 153.9175
1436272740000 153.97
1436272800000 153.98
1436272860000 154.03
1436272920000 153.99
1436272980000 154.07
1436273040000 153.9901
1436273100000 154.2
1436273160000 154.15
1436273220000 154.26
1436273280000 154.27
1436273340000 154.2365
1436273400000 154.21
1436273460000 154.18
1436273520000 154.24
1436273580000 154.12
1436273640000 154.115
1436273700000 154.31
1436273760000 154.12
1436273820000 154.23
1436273880000 154.33
1436273940000 154.42
1436274000000 154.37
1436274060000 154.37
1436274120000 154.36
1436274180000 154.085
1436274240000 154.0701
1436274300000 154.14
1436274360000 154.14
1436274420000 153.87
1436274480000 153.87
1436274540000 154.05
1436274600000 154.16
1436274660000 154.26
1436274720000 154.22
1436274780000 154.43
1436274840000 154.45
1436274900000 154.57
1436274960000 154.64
1436275020000 154.37
1436275080000 154.35
1436275140000 154.38
1436275200000 154.48
1436275260000 154.3
1436275320000 154.28
1436275380000 154.33
1436275440000 154.43
1436275500000 154.37
1436275560000 154.38
1436275620000 154.33
1436275680000 154.386
1436275740000 154.44
1436275800000 154.58
1436275860000 154.66
1436275920000 154.4214
1436275980000 154.54
1436276040000 154.49
1436276100000 154.54
1436276160000 154.53
1436276220000 154.54
1436276280000 154.58
1436276340000 154.6
1436276400000 154.61
1436276460000 154.48
1436276520000 154.51
1436276580000 154.62
1436276640000 154.63
1436276700000 154.8655
1436276760000 154.74
1436276820000 154.74
1436276880000 154.6706
1436276940000 154.8
1436277000000 154.75
1436277060000 154.53
1436277120000 154.62
1436277180000 154.7
1436277240000 154.68
1436277300000 154.62
1436277360000 154.69
1436277420000 154.7
1436277480000 154.65
1436277540000 154.61
1436277600000 154.69
1436277660000 154.67
1436277720000 154.64
1436277780000 154.59
1436277840000 154.56
1436277900000 154.62
1436277960000 154.55
1436278020000 154.53
1436278080000 154.55
1436278140000 154.6643
1436278200000 154.71
1436278260000 154.7
1436278320000 154.74
1436278380000 154.75
1436278440000 154.7
1436278500000 154.58
1436278560000 154.5
1436278620000 154.425
1436278680000 154.34
1436278740000 154.22
1436278800000 154.11
1436278860000 154.09
1436278920000 153.8
1436278980000 153.72
1436279040000 153.8
1436279100000 153.77
1436279160000 153.88
1436279220000 153.946
1436279280000 154.0818
1436279340000 154.129
1436279400000 154.12
1436279460000 154.13
1436279520000 154.14
1436279580000 154.36
1436279640000 154.3175
1436279700000 154.31
1436279760000 154.46
1436279820000 154.5
1436279880000 154.42
1436279940000 154.6
1436280000000 154.63
1436280060000 154.76
1436280120000 155.0699
1436280180000 154.95
1436280240000 155.07
1436280300000 155.1
1436280360000 155.14
1436280420000 155.168
1436280480000 155.23
1436280540000 155.19
1436280600000 155.17
1436280660000 155.085
1436280720000 155.135
1436280780000 155.19
1436280840000 155.3
1436280900000 155.2
1436280960000 155.27
1436281020000 155.44
1436281080000 155.2744
1436281140000 155.61
1436281200000 155.61
1436281260000 155.57
1436281320000 155.388
1436281380000 155.43
1436281440000 155.36
1436281500000 155.45
1436281560000 155.36
