1436261400000 17.42
1436261460000 17.42
1436261700000 17.34
1436261760000 17.25
1436261820000 17.27
1436261880000 17.28
1436262000000 17.29
1436262120000 17.3
1436262240000 17.28
1436262360000 17.33
1436262480000 17.41
1436262540000 17.39
1436262600000 17.35
1436262780000 17.385
1436262900000 17.36
1436262960000 17.34
1436263080000 17.24
1436263140000 17.22
1436263200000 17.2
1436263260000 17.22
1436263380000 17.19
1436263440000 17.21
1436263500000 17.2047
1436263560000 17.16
1436263680000 17.165
1436263740000 17.1882
1436263800000 17.23
1436263860000 17.25
1436263920000 17.24
1436264040000 17.2
1436264100000 17.18
1436264280000 17.19
1436264400000 17.19
1436264460000 17.18
1436264640000 17.17
1436264700000 17.14
1436264760000 17.155
1436264820000 17.2
1436264940000 17.1845
1436265000000 17.17
1436265060000 17.12
1436265240000 17.16
1436265300000 17.17
1436265360000 17.17
1436265420000 17.15
1436265480000 17.11
1436265540000 17.1
1436265660000 17.08
1436265720000 17.0898
1436265780000 17.1
1436265840000 17.08
1436266080000 17.09
1436266200000 17.09
1436266320000 17.11
1436266380000 17.11
1436266440000 17.2
1436266500000 17.22
1436266800000 17.22
1436267040000 17.16
1436267400000 17.19
1436267520000 17.19
1436267700000 17.22
1436267820000 17.18
1436268000000 17.13
1436268180000 17.13
1436268240000 17.14
1436268360000 17.13
1436268420000 17.13
1436268480000 17.11
1436268540000 17.1199
1436268600000 17.08
1436268780000 17.07
1436268840000 17.08
1436268900000 17.0899
1436269080000 17.08
1436269140000 17.1199
1436269260000 17.11
1436269320000 17.11
1436269440000 17.16
1436269500000 17.1699
1436269620000 17.16
1436269800000 17.13
1436269980000 17.135
1436270160000 17.17
1436270220000 17.16
1436270400000 17.105
1436270760000 17.1
1436271060000 17.12
1436271120000 17.12
1436271180000 17.08
1436271300000 17.08
1436271360000 17.08
1436271420000 17.085
1436271540000 17.11
1436271600000 17.13
1436271780000 17.14
1436271840000 17.15
1436271960000 17.15
1436272020000 17.15
1436272080000 17.15
1436272380000 17.1873
1436272560000 17.18
1436272800000 17.2
1436272860000 17.185
1436273100000 17.2
1436273280000 17.21
1436273580000 17.21
1436273640000 17.26
1436273820000 17.245
1436273880000 17.26
1436274120000 17.27
1436274180000 17.23
1436274240000 17.26
1436274360000 17.21
1436274540000 17.21
1436274600000 17.2
1436274660000 17.23
1436274720000 17.25
1436274780000 17.23
1436274960000 17.25
1436275020000 17.25
1436275080000 17.25
1436275140000 17.25
1436275200000 17.25
1436275260000 17.255
1436275320000 17.26
1436275440000 17.24
1436275500000 17.255
1436275560000 17.255
1436275620000 17.26
1436275740000 17.25
1436275800000 17.22
1436275860000 17.23
1436276100000 17.24
1436276160000 17.25
1436276220000 17.25
1436276280000 17.235
1436276340000 17.23
1436276400000 17.25
1436276460000 17.25
1436276520000 17.25
1436276640000 17.24
1436276700000 17.25
1436277060000 17.26
1436277120000 17.27
1436277480000 17.25
1436277540000 17.265
1436277660000 17.265
1436277720000 17.25
1436277900000 17.25
1436278020000 17.24
1436278200000 17.235
1436278260000 17.235
1436278380000 17.25
1436278440000 17.25
1436278500000 17.235
1436278560000 17.23
1436278680000 17.22
1436278740000 17.2
1436278800000 17.215
1436278860000 17.2
1436278920000 17.19
1436278980000 17.18
1436279040000 17.175
1436279220000 17.175
1436279460000 17.185
1436279520000 17.2
1436279580000 17.2
1436279640000 17.21
1436279700000 17.21
1436279760000 17.18
1436279880000 17.175
1436280060000 17.21
1436280120000 17.225
1436280180000 17.22
1436280300000 17.22
1436280360000 17.23
1436280420000 17.22
1436280480000 17.25
1436280540000 17.26
1436280720000 17.25
1436280900000 17.215
1436281020000 17.23
1436281080000 17.25
1436281140000 17.28
1436281200000 17.31
1436281260000 17.305
1436281320000 17.34
1436281440000 17.36
1436281500000 17.33
1436281560000 17.325
