1436261400000 19.86
1436261880000 19.78
1436262000000 19.74
1436262120000 19.76
1436262180000 19.73
1436263080000 19.6101
1436263140000 19.59
1436263320000 19.59
1436263500000 19.64
1436263620000 19.61
1436263800000 19.64
1436263860000 19.57
1436263920000 19.57
1436263980000 19.55
1436264040000 19.56
1436264340000 19.54
1436264460000 19.5
1436264640000 19.47
1436264700000 19.4375
1436264760000 19.43
1436264820000 19.44
1436265000000 19.38
1436265240000 19.34
1436265300000 19.37
1436265360000 19.35
1436265420000 19.29
1436265480000 19.24
1436265540000 19.24
1436265720000 19.2
1436265780000 19.26
1436265840000 19.22
1436265900000 19.2101
1436265960000 19.25
1436266020000 19.34
1436266080000 19.36
1436266200000 19.35
1436266320000 19.32
1436266380000 19.35
1436266440000 19.36
1436266620000 19.32
1436266740000 19.31
1436266800000 19.28
1436267040000 19.26
1436267100000 19.27
1436267280000 19.23
1436267340000 19.22
1436267400000 19.21
1436267460000 19.2
1436267520000 19.2
1436267580000 19.22
1436267640000 19.26
1436267760000 19.25
1436267880000 19.23
1436268000000 19.19
1436268060000 19.19
1436268120000 19.19
1436268180000 19.14
1436268240000 19.14
1436268300000 19.15
1436268360000 19.19
1436268420000 19.21
1436268480000 19.19
1436268540000 19.17
1436268600000 19.19
1436268660000 19.2
1436268720000 19.23
1436268780000 19.22
1436268840000 19.19
1436268900000 19.18
1436268960000 19.19
1436269020000 19.18
1436269080000 19.18
1436269140000 19.21
1436269200000 19.195
1436269260000 19.195
1436269320000 19.19
1436269380000 19.18
1436269440000 19.18
1436269500000 19.18
1436269620000 19.15
1436269680000 19.1498
1436269740000 19.14
1436269920000 19.07
1436269980000 19.13
1436270040000 19.1
1436270100000 19.06
1436270160000 19.11
1436270220000 19.15
1436270460000 19.1
1436270520000 19.095
1436270580000 19.1
1436270640000 19.12
1436270700000 19.12
1436270760000 19.1
1436271060000 19.1
1436271180000 19.12
1436271300000 19.15
1436271420000 19.12
1436271600000 19.12
1436271660000 19.1
1436271840000 19.13
1436271900000 19.13
1436271960000 19.12
1436272020000 19.12
1436272080000 19.13
1436272140000 19.18
1436272200000 19.22
1436272260000 19.19
1436272320000 19.19
1436272380000 19.2
1436272440000 19.165
1436272500000 19.1
1436272560000 19.11
1436272620000 19.11
1436272680000 19.11
1436272740000 19.155
1436272920000 19.15
1436272980000 19.15
1436273040000 19.15
1436273160000 19.17
1436273220000 19.15
1436273400000 19.18
1436273460000 19.19
1436273580000 19.2
1436273640000 19.155
1436273700000 19.17
1436273760000 19.17
1436273820000 19.18
1436273880000 19.18
1436273940000 19.219
1436274000000 19.22
1436274060000 19.21
1436274180000 19.24
1436274240000 19.22
1436274300000 19.21
1436274360000 19.19
1436274420000 19.15
1436274480000 19.16
1436274660000 19.209
1436274720000 19.22
1436274780000 19.21
1436274840000 19.21
1436274900000 19.23
1436274960000 19.21
1436275020000 19.205
1436275140000 19.21
1436275200000 19.21
1436275260000 19.2
1436275320000 19.22
1436275380000 19.24
1436275440000 19.28
1436275560000 19.27
1436275620000 19.26
1436275740000 19.26
1436275800000 19.28
1436275860000 19.27
1436276040000 19.25
1436276100000 19.24
1436276160000 19.23
1436276220000 19.23
1436276280000 19.26
1436276340000 19.26
1436276400000 19.26
1436276460000 19.24
1436276520000 19.22
1436276580000 19.22
1436276640000 19.21
1436276820000 19.195
1436276880000 19.19
1436277000000 19.2
1436277060000 19.18
1436277120000 19.19
1436277180000 19.19
1436277300000 19.17
1436277360000 19.16
1436277420000 19.16
1436277480000 19.1501
1436277600000 19.16
1436277660000 19.16
1436277780000 19.145
1436277900000 19.14
1436277960000 19.141
1436278020000 19.14
1436278080000 19.14
1436278140000 19.14
1436278200000 19.14
1436278260000 19.145
1436278320000 19.14
1436278380000 19.14
1436278440000 19.14
1436278500000 19.13
1436278680000 19.12
1436278740000 19.12
1436278800000 19.12
1436278860000 19.135
1436278980000 19.14
1436279040000 19.14
1436279100000 19.14
1436279160000 19.15
1436279220000 19.15
1436279280000 19.14
1436279340000 19.13
1436279400000 19.13
1436279460000 19.12
1436279520000 19.12
1436279640000 19.14
1436279700000 19.14
1436279760000 19.14
1436279820000 19.13
1436279880000 19.12
1436279940000 19.13
1436280000000 19.13
1436280060000 19.18
1436280120000 19.18
1436280180000 19.19
1436280420000 19.19
1436280480000 19.195
1436280660000 19.19
1436280720000 19.24
1436280780000 19.19
1436280840000 19.17
1436281020000 19.2
1436281080000 19.21
1436281140000 19.18
1436281260000 19.205
1436281320000 19.2
1436281440000 19.19
1436281500000 19.2
1436281560000 19.2
