1436261400000 3.6
1436261700000 3.6
1436261760000 3.62
1436261820000 3.6
1436261880000 3.6
1436261940000 3.6
1436262000000 3.6
1436262060000 3.6
1436262240000 3.6
1436263560000 3.6
1436264220000 3.598
1436266200000 3.55
1436266440000 3.5709
1436267040000 3.58
1436267340000 3.55
1436267400000 3.55
1436267820000 3.57
1436268000000 3.58
1436268240000 3.58
1436269080000 3.62
1436269380000 3.65
1436269680000 3.65
1436269740000 3.655
1436269860000 3.64
1436270460000 3.63
1436270520000 3.62
1436270700000 3.62
1436270820000 3.62
1436271240000 3.62
1436271720000 3.61
1436271900000 3.62
1436272020000 3.64
1436272860000 3.63
1436273520000 3.65
1436273580000 3.66
1436273640000 3.64
1436273700000 3.63
1436273760000 3.63
1436273820000 3.63
1436274180000 3.63
1436274780000 3.61
1436275860000 3.56
1436277120000 3.58
1436277360000 3.58
1436277540000 3.551
1436278500000 3.57
1436278920000 3.55
1436278980000 3.55
1436279040000 3.55
1436280780000 3.54
