1436261460000 54.69
1436261580000 54.65
1436261700000 55.0899
1436262000000 54.63
1436262240000 54.4
1436262420000 54.15
1436262540000 54.3383
1436262600000 54.33
1436262720000 54.24
1436263020000 54.27
1436263080000 54.36
1436263260000 54.18
1436263320000 54.085
1436263380000 54.2
1436263440000 54.3
1436263500000 54.28
1436263680000 54.292
1436263920000 54.43
1436264040000 54.56
1436264160000 54.52
1436264280000 54.43
1436264640000 54.38
1436264700000 54.26
1436264760000 54.36
1436264820000 54.4
1436264880000 54.37
1436264940000 54.5
1436265000000 54.31
1436265120000 54.03
1436265180000 54.07
1436265360000 54.038
1436265540000 53.91
1436265900000 53.835
1436265960000 53.9
1436266020000 53.88
1436266080000 53.97
1436266200000 54.02
1436266320000 53.96
1436266380000 53.93
1436266440000 54.02
1436266500000 54.12
1436266560000 54.05
1436266680000 54.2
1436266740000 54.27
1436266800000 54.105
1436266920000 54.03
1436266980000 54.0
1436267040000 54.0
1436267100000 54.0
1436267280000 53.81
1436267400000 54.0
1436267460000 53.97
1436267520000 53.91
1436267640000 53.98
1436267820000 54.05
1436267940000 53.9601
1436268060000 53.97
1436268120000 54.05
1436268180000 54.0
1436268240000 53.85
1436268360000 53.85
1436268480000 53.83
1436268540000 53.66
1436268840000 53.65
1436269140000 53.67
1436269440000 53.71
1436269680000 53.81
1436269740000 53.91
1436269860000 53.9
1436269920000 53.84
1436269980000 53.73
1436270100000 53.78
1436270160000 53.85
1436270220000 53.96
1436270280000 53.99
1436270340000 53.86
1436270520000 53.95
1436270580000 54.03
1436270640000 53.82
1436270700000 53.86
1436270760000 53.84
1436270820000 53.79
1436270880000 53.81
1436271000000 53.71
1436271420000 53.81
1436271480000 53.82
1436271720000 53.79
1436271840000 53.92
1436272200000 53.96
1436272620000 53.88
1436272920000 54.06
1436273040000 53.95
1436273100000 53.9961
1436273160000 54.06
1436273220000 54.06
1436273580000 54.21
1436273640000 54.23
1436273700000 54.39
1436273760000 54.54
1436273820000 54.55
1436273880000 54.46
1436274180000 54.47
1436274240000 54.5
1436274300000 54.43
1436274420000 54.37
1436274780000 54.48
1436274900000 54.56
1436275200000 54.49
1436275320000 54.39
1436275560000 54.4899
1436275680000 54.45
1436275800000 54.4
1436275920000 54.3
1436275980000 54.3505
1436276040000 54.25
1436276220000 54.24
1436276580000 54.4
1436276640000 54.42
1436276760000 54.35
1436276820000 54.34
1436277180000 54.31
1436277240000 54.31
1436277300000 54.325
1436277600000 54.17
1436277780000 54.28
1436278020000 54.18
1436278080000 54.17
1436278200000 54.16
1436278260000 54.29
1436278680000 54.23
1436278740000 54.19
1436278920000 54.17
1436279100000 54.1799
1436279160000 54.17
1436279400000 54.22
1436279580000 54.21
1436280060000 54.16
1436280120000 54.46
1436280180000 54.53
1436280420000 54.54
1436280660000 54.51
1436280720000 54.63
1436280780000 54.58
1436280840000 54.54
1436280960000 54.52
1436281080000 54.65
1436281260000 54.685
1436281440000 54.72
1436281560000 54.62
