1436261400000 435.68
1436261460000 435.21
1436261520000 436.13
1436261580000 436.33
1436261640000 435.36
1436261700000 434.53
1436261760000 435.0
1436261820000 434.67
1436261880000 435.18
1436261940000 435.75
1436262000000 435.225
1436262060000 435.32
1436262120000 435.02
1436262180000 435.34
1436262240000 434.37
1436262300000 434.38
1436262360000 434.42
1436262420000 434.38
1436262480000 434.599
1436262540000 434.79
1436262600000 434.78
1436262660000 434.462
1436262720000 434.63
1436262780000 434.75
1436262840000 434.67
1436262900000 434.7
1436262960000 434.49
1436263020000 434.66
1436263080000 434.39
1436263140000 433.961
1436263200000 433.99
1436263260000 433.68
1436263320000 433.68
1436263380000 433.821
1436263440000 433.62
1436263500000 433.614
1436263560000 433.6
1436263620000 433.26
1436263680000 432.38
1436263740000 431.695
1436263800000 432.04
1436263860000 432.67
1436263920000 432.73
1436263980000 432.72
1436264040000 432.78
1436264100000 432.02
1436264160000 431.93
1436264220000 432.25
1436264280000 432.37
1436264340000 432.015
1436264400000 432.23
1436264460000 431.99
1436264520000 432.19
1436264580000 432.44
1436264640000 432.27
1436264700000 432.036
1436264760000 431.53
1436264820000 431.475
1436264880000 431.06
1436264940000 431.64
1436265000000 431.55
1436265060000 430.83
1436265120000 430.63
1436265180000 430.22
1436265240000 430.06
1436265300000 429.15
1436265360000 428.6
1436265420000 428.59
1436265480000 428.38
1436265540000 428.462
1436265600000 427.57
1436265660000 427.4
1436265720000 426.35
1436265780000 426.1
1436265840000 426.05
1436265900000 426.77
1436265960000 427.43
1436266020000 428.07
1436266080000 428.235
1436266140000 428.52
1436266200000 428.44
1436266260000 428.17
1436266320000 428.65
1436266380000 429.15
1436266440000 428.635
1436266500000 428.856
1436266560000 428.34
1436266620000 429.11
1436266680000 429.27
1436266740000 429.73
1436266800000 430.17
1436266860000 429.16
1436266920000 429.011
1436266980000 429.17
1436267040000 428.97
1436267100000 429.03
1436267160000 428.78
1436267220000 428.563
1436267280000 428.54
1436267340000 429.15
1436267400000 429.2
1436267460000 429.32
1436267520000 429.685
1436267580000 429.68
1436267640000 429.33
1436267700000 429.25
1436267760000 429.47
1436267820000 429.5
1436267880000 428.6
1436267940000 428.8
1436268000000 428.76
1436268060000 428.4
1436268120000 428.02
1436268180000 428.04
1436268240000 428.893
1436268300000 428.56
1436268360000 428.55
1436268420000 427.965
1436268480000 428.82
1436268540000 428.545
1436268600000 428.5
1436268660000 428.22
1436268720000 427.9
1436268780000 427.81
1436268840000 427.97
1436268900000 428.01
1436268960000 427.922
1436269020000 428.43
1436269080000 428.42
1436269140000 428.97
1436269200000 429.36
1436269260000 429.17
1436269320000 429.21
1436269380000 429.45
1436269440000 429.9
1436269500000 429.66
1436269560000 429.56
1436269620000 429.475
1436269680000 430.0
1436269740000 429.72
1436269800000 429.66
1436269860000 429.72
1436269920000 429.65
1436269980000 429.71
1436270040000 429.796
1436270100000 429.977
1436270160000 430.35
1436270220000 431.1
1436270280000 431.07
1436270340000 430.85
1436270400000 430.99
1436270460000 430.52
1436270520000 430.31
1436270580000 430.49
1436270640000 430.69
1436270700000 431.03
1436270760000 431.16
1436270820000 430.86
1436270880000 430.615
1436270940000 430.728
1436271000000 430.49
1436271060000 430.32
1436271120000 430.37
1436271180000 430.44
1436271240000 430.46
1436271300000 430.03
1436271360000 430.62
1436271420000 430.61
1436271480000 430.15
1436271540000 430.26
1436271600000 430.42
1436271660000 430.88
1436271720000 431.015
1436271780000 431.105
1436271840000 431.455
1436271900000 431.27
1436271960000 431.57
1436272020000 431.41
1436272080000 431.71
1436272140000 431.37
1436272200000 431.04
1436272260000 431.02
1436272320000 431.15
1436272380000 431.17
1436272440000 431.21
1436272500000 431.44
1436272560000 431.07
1436272620000 431.25
1436272680000 431.44
1436272740000 431.53
1436272800000 431.758
1436272860000 431.94
1436272920000 431.51
1436272980000 431.385
1436273040000 431.17
1436273100000 431.63
1436273160000 432.09
1436273220000 432.2
1436273280000 432.26
1436273340000 432.48
1436273400000 432.32
1436273460000 432.26
1436273520000 432.26
1436273580000 432.2
1436273640000 432.33
1436273700000 432.67
1436273760000 432.95
1436273820000 432.84
1436273880000 432.85
1436273940000 433.69
1436274000000 433.78
1436274060000 433.45
1436274120000 433.54
1436274180000 433.11
1436274240000 433.02
1436274300000 432.652
1436274360000 432.63
1436274420000 432.21
1436274480000 432.61
1436274540000 432.7
1436274600000 432.66
1436274660000 433.04
1436274720000 433.092
1436274780000 433.11
1436274840000 433.4
1436274900000 434.22
1436274960000 433.485
1436275020000 433.293
1436275080000 433.11
1436275140000 433.0
1436275200000 433.19
1436275260000 432.93
1436275380000 432.78
1436275440000 433.25
1436275500000 433.1
1436275560000 433.3
1436275620000 433.42
1436275680000 433.286
1436275740000 433.62
1436275800000 434.0
1436275860000 433.82
1436275920000 433.37
1436275980000 433.38
1436276040000 433.005
1436276100000 433.212
1436276160000 433.18
1436276220000 433.22
1436276280000 433.18
1436276340000 433.25
1436276400000 433.18
1436276460000 432.88
1436276520000 432.99
1436276580000 433.25
1436276640000 433.59
1436276700000 433.9
1436276760000 433.74
1436276820000 433.41
1436276880000 433.06
1436276940000 432.95
1436277000000 433.07
1436277060000 432.93
1436277120000 432.71
1436277180000 432.6
1436277240000 432.76
1436277300000 432.7
1436277360000 432.619
1436277420000 432.95
1436277480000 432.93
1436277540000 433.02
1436277600000 432.882
1436277660000 433.02
1436277780000 433.12
1436277840000 433.36
1436277900000 433.25
1436277960000 433.3
1436278020000 433.32
1436278140000 433.27
1436278200000 433.485
1436278260000 433.77
1436278320000 433.56
1436278380000 433.98
1436278440000 433.8
1436278500000 433.39
1436278560000 433.705
1436278620000 433.705
1436278680000 433.57
1436278740000 433.19
1436278800000 432.94
1436278860000 432.86
1436278920000 432.44
1436278980000 432.67
1436279040000 433.23
1436279100000 433.36
1436279160000 433.46
1436279220000 433.21
1436279280000 433.45
1436279340000 433.4
1436279400000 433.5
1436279460000 433.13
1436279520000 433.02
1436279580000 433.3
1436279640000 433.12
1436279700000 433.34
1436279760000 433.355
1436279820000 433.59
1436279880000 433.48
1436279940000 434.44
1436280000000 434.4
1436280060000 434.64
1436280120000 435.79
1436280180000 435.53
1436280240000 436.0
1436280300000 436.17
1436280360000 436.22
1436280420000 436.33
1436280480000 436.05
1436280540000 436.06
1436280600000 436.01
1436280660000 435.99
1436280720000 435.96
1436280780000 436.03
1436280840000 436.31
1436280900000 435.94
1436280960000 436.16
1436281020000 436.35
1436281080000 436.3
1436281140000 437.45
1436281200000 437.61
1436281260000 437.37
1436281320000 437.14
1436281380000 436.89
1436281440000 436.78
1436281500000 437.388
1436281560000 436.76
1436281620000 436.29
1436281680000 436.46
