1436261400000 79.98
1436261520000 80.7094
1436261580000 80.35
1436261640000 80.27
1436261700000 80.26
1436261760000 80.03
1436261820000 80.27
1436261880000 79.54
1436261940000 79.86
1436262000000 79.89
1436262120000 79.97
1436262240000 79.705
1436262300000 79.7399
1436262360000 79.66
1436262420000 79.4
1436262480000 79.5
1436262540000 79.6002
1436262600000 79.6
1436262720000 79.45
1436262780000 79.63
1436262840000 79.6
1436262900000 79.522
1436262960000 79.4289
1436263020000 79.32
1436263080000 79.2
1436263140000 79.06
1436263200000 79.04
1436263260000 79.05
1436263320000 79.09
1436263380000 79.1
1436263440000 79.14
1436263500000 79.0
1436263560000 78.91
1436263620000 78.9
1436263680000 78.6
1436263740000 78.64
1436263800000 78.94
1436263860000 79.225
1436263920000 79.21
1436263980000 79.26
1436264040000 79.16
1436264100000 78.8
1436264160000 78.85
1436264280000 78.89
1436264340000 79.0
1436264580000 78.7
1436264640000 78.73
1436264700000 78.66
1436264760000 78.44
1436264820000 78.45
1436264880000 78.55
1436264940000 78.49
1436265000000 78.385
1436265060000 78.1501
1436265120000 78.28
1436265180000 78.2951
1436265240000 78.33
1436265360000 78.328
1436265420000 77.8
1436265480000 77.32
1436265540000 77.39
1436265600000 77.315
1436265660000 77.5
1436265720000 77.5
1436265780000 77.51
1436265840000 77.52
1436265900000 77.512
1436265960000 77.7999
1436266020000 78.1
1436266080000 77.96
1436266140000 78.14
1436266200000 78.23
1436266260000 78.26
1436266320000 78.1
1436266380000 78.41
1436266440000 78.48
1436266500000 78.85
1436266560000 78.76
1436266680000 78.73
1436266740000 78.72
1436266800000 78.53
1436266980000 78.14
1436267040000 78.17
1436267100000 78.02
1436267220000 78.0651
1436267280000 78.31
1436267340000 78.26
1436267400000 78.32
1436267460000 78.43
1436267520000 78.545
1436267580000 78.58
1436267640000 78.56
1436267700000 78.5599
1436267760000 78.56
1436267820000 78.6573
1436267880000 78.51
1436268000000 78.38
1436268060000 78.27
1436268120000 78.1
1436268180000 78.0
1436268300000 78.14
1436268360000 78.18
1436268420000 78.16
1436268480000 78.23
1436268540000 77.91
1436268660000 77.71
1436268720000 77.89
1436268780000 77.8358
1436268840000 77.54
1436268900000 77.36
1436268960000 77.31
1436269020000 77.76
1436269080000 77.75
1436269140000 77.89
1436269200000 78.32
1436269260000 78.29
1436269320000 78.44
1436269380000 78.59
1436269440000 78.48
1436269500000 78.46
1436269560000 78.48
1436269620000 78.61
1436269680000 78.65
1436269740000 78.57
1436269800000 78.34
1436269860000 78.26
1436269920000 78.2389
1436269980000 78.24
1436270040000 78.19
1436270160000 78.41
1436270220000 78.79
1436270280000 78.81
1436270340000 78.67
1436270400000 78.74
1436270460000 78.5736
1436270520000 78.68
1436270580000 78.58
1436270640000 78.59
1436270700000 78.53
1436270820000 78.5
1436270880000 78.37
1436271000000 78.31
1436271060000 78.0
1436271120000 78.03
1436271180000 77.99
1436271300000 77.83
1436271360000 78.08
1436271480000 77.9
1436271540000 77.95
1436271600000 77.8
1436271660000 77.8
1436271780000 77.93
1436271840000 77.95
1436271960000 78.15
1436272020000 78.12
1436272080000 78.09
1436272140000 78.14
1436272320000 78.33
1436272380000 78.29
1436272500000 78.28
1436272560000 78.24
1436272620000 78.43
1436272680000 78.48
1436272740000 78.47
1436272800000 78.45
1436272860000 78.35
1436272920000 78.41
1436272980000 78.67
1436273040000 78.76
1436273100000 78.74
1436273160000 78.79
1436273220000 78.85
1436273280000 78.8
1436273340000 78.79
1436273400000 78.81
1436273460000 78.84
1436273520000 78.81
1436273580000 78.78
1436273640000 78.83
1436273700000 78.88
1436273760000 78.77
1436273820000 78.6901
1436273880000 78.98
1436273940000 78.93
1436274000000 78.98
1436274060000 79.09
1436274120000 79.0
1436274180000 79.0
1436274240000 79.12
1436274300000 79.02
1436274360000 78.985
1436274420000 78.9
1436274480000 79.055
1436274660000 79.43
1436274720000 79.53
1436274780000 79.504
1436274840000 79.17
1436274900000 79.13
1436275020000 78.9001
1436275080000 79.05
1436275200000 79.15
1436275260000 79.2
1436275320000 79.17
1436275380000 79.17
1436275560000 79.3
1436275740000 79.2
1436275800000 79.35
1436275860000 79.4
1436275980000 79.28
1436276040000 79.43
1436276100000 79.37
1436276160000 79.46
1436276220000 79.3832
1436276280000 79.29
1436276340000 79.34
1436276400000 79.27
1436276460000 79.33
1436276520000 79.3
1436276580000 79.2801
1436276640000 79.36
1436276700000 79.48
1436276760000 79.38
1436276820000 79.42
1436276880000 79.35
1436277120000 79.23
1436277180000 79.28
1436277360000 79.28
1436277420000 79.35
1436277480000 79.36
1436277600000 79.33
1436277660000 79.34
1436277720000 79.32
1436277780000 79.11
1436277840000 79.24
1436277900000 79.23
1436277960000 79.25
1436278020000 79.24
1436278080000 79.25
1436278140000 79.1895
1436278200000 79.13
1436278440000 79.02
1436278500000 79.04
1436278560000 78.925
1436278620000 78.82
1436278680000 78.84
1436278740000 78.74
1436278800000 78.45
1436278920000 78.06
1436278980000 78.28
1436279040000 78.24
1436279100000 78.32
1436279160000 78.47
1436279280000 78.52
1436279340000 78.64
1436279400000 78.51
1436279460000 78.56
1436279520000 78.71
1436279580000 78.73
1436279640000 78.7944
1436279700000 78.8
1436279760000 78.89
1436279820000 78.91
1436279880000 78.81
1436279940000 78.82
1436280000000 78.8662
1436280060000 79.0
1436280120000 79.04
1436280180000 79.12
1436280300000 79.14
1436280360000 79.13
1436280420000 79.22
1436280480000 79.06
1436280540000 79.15
1436280600000 79.245
1436280720000 79.34
1436280780000 79.43
1436280840000 79.265
1436280900000 79.07
1436281020000 79.37
1436281080000 79.36
1436281140000 79.5
1436281200000 79.32
1436281260000 79.18
1436281320000 79.12
1436281380000 79.24
1436281440000 79.29
1436281500000 79.35
