1436261400000 104.16
1436261460000 103.92
1436264160000 103.59
1436264220000 103.61
1436264400000 103.68
1436264460000 103.7
1436264880000 103.58
1436264940000 102.79
1436265420000 102.78
1436266020000 102.75
1436266800000 102.66
1436268000000 103.26
1436268060000 103.18
1436268120000 103.22
1436268180000 103.15
1436268240000 103.23
1436268420000 103.1
1436268480000 103.23
1436268540000 103.15
1436268600000 103.225
1436268660000 103.225
1436268720000 103.31
1436268780000 103.245
1436268900000 103.27
1436268960000 103.25
1436269020000 103.3
1436269140000 103.36
1436269200000 103.35
1436269320000 103.32
1436269500000 103.58
1436269680000 103.52
1436269740000 103.644
1436269800000 103.67
1436269920000 103.5
1436269980000 103.5
1436270040000 103.72
1436270340000 103.53
1436270400000 103.79
1436270520000 103.83
1436270580000 103.95
1436270640000 103.78
1436270700000 103.84
1436271120000 103.78
1436273820000 103.985
1436277720000 104.1897
1436279040000 104.24
1436279880000 104.27
1436281080000 104.75
1436281200000 104.48
1436281320000 104.63
1436281440000 104.88
1436281560000 104.905
