1436261400000 38.83
1436261520000 38.53
1436261640000 38.42
1436261700000 37.96
1436261940000 38.05
1436262060000 37.9
1436262120000 38.1
1436262180000 38.27
1436262240000 38.22
1436262300000 38.12
1436262360000 38.19
1436262420000 38.2
1436262600000 38.2195
1436262720000 38.25
1436262780000 38.28
1436262840000 38.31
1436262900000 38.23
1436263080000 37.9701
1436263140000 37.99
1436263200000 38.09
1436263260000 38.08
1436263380000 38.03
1436263440000 38.0799
1436263500000 38.03
1436263560000 38.02
1436263620000 37.98
1436263680000 37.92
1436263740000 38.04
1436263800000 38.06
1436263860000 38.08
1436263920000 38.07
1436263980000 38.03
1436264040000 38.1
1436264100000 38.025
1436264340000 37.99
1436264400000 38.03
1436264460000 37.95
1436264640000 37.97
1436264700000 37.94
1436264760000 37.99
1436264820000 37.93
1436264880000 37.93
1436264940000 37.97
1436265000000 38.0
1436265060000 38.02
1436265120000 37.946
1436265300000 37.95
1436265540000 37.95
1436265600000 37.94
1436265660000 37.93
1436265720000 37.97
1436265840000 37.98
1436265900000 37.99
1436265960000 37.98
1436266020000 37.98
1436266080000 38.01
1436266200000 37.96
1436266260000 37.88
1436266320000 37.87
1436266380000 37.79
1436266440000 37.79
1436266500000 37.8
1436266560000 37.8013
1436266620000 37.67
1436266680000 37.595
1436266740000 37.57
1436266800000 37.51
1436266860000 37.385
1436266920000 37.3
1436266980000 37.23
1436267160000 37.38
1436267220000 37.37
1436267340000 37.45
1436267400000 37.55
1436267460000 37.57
1436267580000 37.62
1436267760000 37.71
1436267820000 37.86
1436267880000 37.91
1436268000000 37.83
1436268060000 37.73
1436268120000 37.62
1436268180000 37.6
1436268360000 37.6
1436268540000 37.54
1436268600000 37.55
1436268720000 37.55
1436268840000 37.55
1436268960000 37.6
1436269020000 37.6
1436269080000 37.59
1436269140000 37.6
1436269320000 37.75
1436269440000 37.77
1436269500000 37.76
1436269680000 37.72
1436269800000 37.7
1436269920000 37.78
1436270100000 37.82
1436270160000 37.99
1436270220000 38.03
1436270400000 38.01
1436270640000 38.09
1436270700000 38.12
1436270820000 38.17
1436271000000 38.04
1436271060000 38.01
1436271120000 37.99
1436271180000 38.01
1436271360000 38.1193
1436271720000 38.06
1436271780000 38.04
1436271960000 38.04
1436272140000 38.105
1436272260000 38.14
1436272680000 38.12
1436272740000 38.21
1436272860000 38.24
1436273160000 38.3
1436273280000 38.36
1436273340000 38.32
1436273460000 38.2601
1436273580000 38.3208
1436273640000 38.34
1436273820000 38.48
1436273880000 38.48
1436273940000 38.48
1436274120000 38.51
1436274180000 38.41
1436274240000 38.43
1436274360000 38.33
1436274480000 38.211
1436274540000 38.21
1436274660000 38.302
1436274720000 38.3
1436274900000 38.39
1436275020000 38.23
1436275080000 38.3
1436275740000 38.28
1436275920000 38.3
1436275980000 38.27
1436276040000 38.25
1436276340000 38.29
1436276520000 38.24
1436276640000 38.27
1436276880000 38.26
1436276940000 38.3
1436277060000 38.27
1436277300000 38.25
1436277360000 38.26
1436277600000 38.28
1436277840000 38.3
1436277900000 38.29
1436277960000 38.2305
1436278020000 38.23
1436278140000 38.21
1436278380000 38.21
1436278440000 38.23
1436278500000 38.2045
1436278560000 38.2
1436278620000 38.18
1436278680000 38.19
1436278740000 38.1649
1436278800000 38.1
1436278920000 38.02
1436278980000 38.05
1436279040000 38.1
1436279160000 38.115
1436279340000 38.06
1436279460000 38.05
1436279520000 38.06
1436279760000 38.08
1436279820000 38.12
1436279880000 38.14
1436280000000 38.24
1436280120000 38.25
1436280180000 38.38
1436280300000 38.36
1436280360000 38.34
1436280420000 38.39
1436280540000 38.36
1436280660000 38.37
1436280720000 38.45
1436280780000 38.45
1436280900000 38.47
1436280960000 38.44
1436281020000 38.465
1436281140000 38.75
1436281200000 38.7
1436281260000 38.61
1436281440000 38.54
1436281500000 38.62
