1436261400000 16.31
1436261700000 16.3
1436261880000 16.3323
1436262360000 16.39
1436262960000 16.409
1436263080000 16.31
1436263140000 16.2328
1436263680000 16.25
1436263740000 16.28
1436263800000 16.28
1436264220000 16.24
1436264580000 16.215
1436264640000 16.28
1436265060000 16.2
1436265960000 16.16
1436266020000 16.19
1436266080000 16.17
1436266440000 16.2
1436266800000 16.19
1436266920000 16.2
1436267100000 16.17
1436268120000 16.15
1436268300000 16.14
1436268480000 16.14
1436268540000 16.13
1436268600000 16.1
1436268660000 16.16
1436268720000 16.16
1436268780000 16.16
1436268840000 16.14
1436268900000 16.12
1436269140000 16.12
1436269320000 16.12
1436269380000 16.175
1436269560000 16.18
1436270160000 16.245
1436270220000 16.25
1436270340000 16.27
1436270520000 16.23
1436270580000 16.19
1436271480000 16.15
1436272140000 16.14
1436272260000 16.13
1436272320000 16.155
1436272560000 16.14
1436272620000 16.1
1436272740000 16.1
1436272800000 16.11
1436273220000 16.1
1436273280000 16.13
1436273400000 16.111
1436273520000 16.08
1436273580000 16.11
1436273640000 16.1
1436273880000 16.13
1436274120000 16.1
1436274240000 16.09
1436274780000 16.17
1436275260000 16.16
1436275920000 16.15
1436276640000 16.23
1436276700000 16.22
1436277300000 16.21
1436277600000 16.19
1436278200000 16.22
1436278320000 16.18
1436278380000 16.17
1436278500000 16.15
1436278560000 16.15
1436278620000 16.15
1436278680000 16.15
1436278740000 16.15
1436278800000 16.16
1436278860000 16.21
1436278920000 16.23
1436278980000 16.24
1436279040000 16.26
1436279100000 16.28
1436279160000 16.28
1436279220000 16.28
1436279280000 16.29
1436279340000 16.3
1436279400000 16.29
1436279460000 16.3
1436279520000 16.3
1436279880000 16.31
1436280000000 16.34
1436280060000 16.35
1436280420000 16.435
1436280720000 16.41
1436280780000 16.39
1436281020000 16.41
1436281080000 16.43
1436281140000 16.46
1436281200000 16.44
1436281320000 16.45
1436281500000 16.41
