1436261400000 61.59
1436261520000 61.26
1436261580000 61.4994
1436261640000 61.56
1436261760000 61.1
1436261940000 61.21
1436262120000 61.35
1436262300000 61.17
1436262360000 61.136
1436262480000 61.2
1436262780000 61.25
1436262900000 61.14
1436263020000 60.94
1436263080000 60.59
1436263200000 60.45
1436263440000 60.4101
1436263500000 60.6304
1436263620000 60.42
1436263740000 60.34
1436263800000 60.63
1436263860000 60.85
1436263980000 60.62
1436264040000 60.52
1436264100000 60.66
1436264220000 60.89
1436264340000 60.9146
1436264760000 60.71
1436264820000 60.42
1436265000000 60.43
1436265060000 60.4
1436265120000 60.35
1436265240000 60.3
1436265360000 60.12
1436265480000 60.15
1436265540000 60.02
1436265600000 59.75
1436265660000 59.75
1436265720000 59.69
1436265780000 59.7431
1436265840000 59.83
1436265900000 60.0184
1436265960000 60.04
1436266020000 60.21
1436266380000 60.32
1436266440000 60.41
1436266500000 60.204
1436266560000 60.1801
1436266620000 60.47
1436266800000 60.17
1436266860000 60.0608
1436266980000 60.04
1436267040000 59.9
1436267280000 60.31
1436267340000 60.16
1436267400000 60.28
1436267520000 60.2
1436267580000 60.42
1436267940000 60.37
1436268000000 60.3
1436268060000 60.29
1436268120000 60.09
1436268300000 60.05
1436268540000 60.03
1436268660000 60.0
1436268720000 59.96
1436268780000 60.115
1436268840000 59.9
1436268960000 59.94
1436269080000 59.865
1436269140000 60.065
1436269200000 60.29
1436269260000 60.354
1436269320000 60.4
1436269380000 60.5
1436269440000 60.55
1436269500000 60.5
1436269620000 60.37
1436269800000 60.42
1436269860000 60.36
1436269920000 60.213
1436269980000 60.185
1436270100000 60.19
1436270160000 60.33
1436270220000 60.34
1436270460000 60.46
1436270580000 60.42
1436271060000 60.23
1436271180000 60.105
1436271300000 60.03
1436271360000 60.19
1436271420000 60.24
1436271480000 60.33
1436271540000 60.22
1436271600000 60.1582
1436271660000 60.14
1436272080000 60.14
1436272140000 60.08
1436272200000 60.195
1436272260000 60.2
1436272320000 60.2
1436272380000 60.2
1436272500000 60.33
1436272740000 60.47
1436273040000 60.47
1436273100000 60.68
1436273160000 60.66
1436273220000 60.85
1436273280000 60.93
1436273340000 60.72
1436273400000 60.757
1436273460000 60.57
1436273640000 60.73
1436273820000 60.72
1436273880000 60.81
1436273940000 60.78
1436274060000 60.81
1436274120000 60.57
1436274240000 60.62
1436274360000 60.49
1436274420000 60.3
1436274540000 60.45
1436274660000 60.62
1436274780000 60.7564
1436274840000 60.9
1436275560000 60.79
1436275680000 60.52
1436275800000 60.58
1436275920000 60.53
1436275980000 60.31
1436276040000 60.56
1436276220000 60.46
1436276340000 60.47
1436276400000 60.42
1436276520000 60.295
1436276580000 60.305
1436276640000 60.41
1436276700000 60.49
1436277060000 60.44
1436277300000 60.424
1436277360000 60.4699
1436277420000 60.23
1436277600000 60.242
1436277660000 60.2301
1436277720000 60.23
1436277900000 60.205
1436278020000 60.2798
1436278140000 60.18
1436278200000 60.18
1436278320000 60.32
1436278380000 60.37
1436278440000 60.37
1436278560000 60.0101
1436278620000 60.01
1436278680000 60.0
1436278740000 60.0142
1436278800000 59.8
1436278920000 59.89
1436278980000 59.7
1436279040000 59.67
1436279100000 59.8
1436279460000 59.8
1436279520000 59.93
1436279640000 60.07
1436279700000 59.81
1436279760000 59.83
1436279820000 60.0
1436279880000 60.02
1436279940000 60.13
1436280000000 60.06
1436280060000 60.1
1436280120000 60.0115
1436280180000 60.08
1436280240000 60.253
1436280420000 60.13
1436280720000 60.2001
1436280780000 60.24
1436280840000 60.064
1436281020000 60.1201
1436281080000 60.225
1436281140000 60.368
1436281200000 60.55
1436281260000 60.76
1436281320000 60.56
1436281380000 60.84
1436281500000 60.67
