1436261400000 8.85
1436261460000 8.84
1436261520000 8.84
1436261700000 8.85
1436261760000 8.82
1436261820000 8.82
1436261880000 8.82
1436261940000 8.82
1436262000000 8.82
1436262240000 8.83
1436262360000 8.82
1436262600000 8.83
1436262780000 8.82
1436262840000 8.83
1436263020000 8.83
1436263140000 8.82
1436263500000 8.84
1436263620000 8.825
1436263680000 8.82
1436263740000 8.82
1436263800000 8.82
1436263920000 8.82
1436264220000 8.825
1436264400000 8.83
1436264460000 8.835
1436264520000 8.84
1436264640000 8.84
1436264760000 8.83
1436264820000 8.84
1436264880000 8.84
1436264940000 8.84
1436265000000 8.84
1436265120000 8.84
1436265300000 8.84
1436265420000 8.832
1436265540000 8.84
1436265600000 8.84
1436265720000 8.83
1436265840000 8.83
1436265960000 8.83
1436266020000 8.84
1436266080000 8.835
1436266200000 8.84
1436266320000 8.84
1436266380000 8.84
1436266500000 8.845
1436266560000 8.845
1436266620000 8.86
1436266680000 8.87
1436266740000 8.87
1436266800000 8.87
1436266860000 8.88
1436266920000 8.88
1436266980000 8.88
1436267040000 8.88
1436267100000 8.88
1436267160000 8.9
1436267220000 8.9
1436267280000 8.9
1436267340000 8.9
1436267400000 8.92
1436267460000 8.93
1436267520000 8.95
1436267580000 8.95
1436267640000 8.95
1436267700000 8.95
1436267760000 8.95
1436267820000 8.95
1436267880000 8.94
1436267940000 8.95
1436268000000 8.95
1436268060000 8.93
1436268120000 8.94
1436268180000 8.94
1436268240000 8.94
1436268360000 8.94
1436268420000 8.93
1436268480000 8.93
1436268540000 8.93
1436268600000 8.93
1436268660000 8.93
1436268720000 8.93
1436268780000 8.93
1436268840000 8.93
1436268900000 8.94
1436268960000 8.94
1436269020000 8.94
1436269080000 8.93
1436269140000 8.93
1436269200000 8.93
1436269260000 8.95
1436269320000 8.95
1436269380000 8.95
1436269440000 8.95
1436269500000 8.95
1436269560000 8.94
1436269620000 8.94
1436269680000 8.95
1436269740000 8.95
1436269800000 8.95
1436269860000 8.94
1436270160000 8.95
1436270220000 8.95
1436270340000 8.94
1436270580000 8.93
1436270700000 8.93
1436270760000 8.93
1436270880000 8.93
1436270940000 8.93
1436271060000 8.93
1436271180000 8.92
1436271240000 8.92
1436271360000 8.92
1436271420000 8.925
1436271540000 8.92
1436271780000 8.925
1436271900000 8.93
1436271960000 8.92
1436272140000 8.93
1436272200000 8.92
1436272380000 8.92
1436272620000 8.92
1436272680000 8.925
1436272740000 8.93
1436272800000 8.92
1436272980000 8.92
1436273100000 8.925
1436273220000 8.92
1436273400000 8.93
1436273520000 8.925
1436273640000 8.92
1436273820000 8.92
1436273940000 8.925
1436274060000 8.92
1436274120000 8.92
1436274180000 8.91
1436274240000 8.91
1436274420000 8.91
1436274660000 8.915
1436274720000 8.92
1436274780000 8.915
1436274840000 8.92
1436274900000 8.915
1436275020000 8.92
1436275080000 8.93
1436275140000 8.93
1436275200000 8.93
1436275260000 8.93
1436275320000 8.94
1436275380000 8.95
1436275440000 8.94
1436275500000 8.94
1436275560000 8.94
1436275620000 8.94
1436275680000 8.95
1436275740000 8.95
1436275860000 8.95
1436275920000 8.95
1436275980000 8.95
1436276040000 8.95
1436276100000 8.95
1436276160000 8.95
1436276220000 8.95
1436276280000 8.95
1436276340000 8.95
1436276400000 8.95
1436276460000 8.95
1436276520000 8.95
1436276580000 8.95
1436276640000 8.95
1436276700000 8.95
1436276760000 8.95
1436276820000 8.95
1436276880000 8.95
1436276940000 8.95
1436277000000 8.95
1436277060000 8.95
1436277120000 8.95
1436277180000 8.94
1436277240000 8.95
1436277300000 8.95
1436277360000 8.95
1436277480000 8.97
1436277540000 8.97
1436277840000 8.95
1436277960000 8.96
1436278260000 8.9581
1436278320000 8.95
1436278380000 8.92
1436278500000 8.92
1436278680000 8.92
1436278740000 8.92
1436278800000 8.91
1436278860000 8.91
1436279100000 8.9
1436279220000 8.9
1436279280000 8.9
1436279580000 8.89
1436279820000 8.88
1436280060000 8.89
1436280360000 8.89
1436280660000 8.9
1436280840000 8.91
1436280960000 8.8901
1436281020000 8.91
1436281140000 8.92
1436281260000 8.91
1436281320000 8.94
