1436261400000 13.04
1436261460000 12.97
1436261520000 12.99
1436261580000 13.0
1436261640000 12.98
1436261700000 12.96
1436261760000 12.91
1436261820000 12.92
1436261880000 12.915
1436261940000 12.93
1436262000000 12.91
1436262060000 12.94
1436262120000 12.94
1436262180000 12.92
1436262240000 12.93
1436262300000 12.95
1436262360000 12.92
1436262420000 12.91
1436262480000 12.91
1436262540000 12.9266
1436262600000 12.97
1436262660000 12.9586
1436262720000 12.95
1436262780000 13.0
1436262840000 13.0
1436262900000 12.99
1436262960000 12.95
1436263020000 12.95
1436263080000 12.91
1436263140000 12.94
1436263200000 12.96
1436263260000 12.92
1436263320000 12.93
1436263380000 12.91
1436263440000 12.885
1436263500000 12.89
1436263560000 12.88
1436263620000 12.915
1436263680000 12.9
1436263740000 12.9
1436263800000 12.91
1436263860000 12.95
1436263920000 12.92
1436263980000 12.94
1436264040000 12.95
1436264100000 12.92
1436264160000 12.91
1436264220000 12.95
1436264280000 12.94
1436264340000 12.94
1436264400000 12.95
1436264460000 12.95
1436264520000 12.99
1436264580000 12.97
1436264640000 12.93
1436264700000 12.91
1436264760000 12.89
1436264820000 12.91
1436264880000 12.875
1436264940000 12.93
1436265000000 12.89
1436265060000 12.86
1436265120000 12.85
1436265180000 12.87
1436265240000 12.84
1436265300000 12.8551
1436265360000 12.84
1436265420000 12.85
1436265480000 12.82
1436265540000 12.8
1436265600000 12.78
1436265660000 12.76
1436265720000 12.75
1436265780000 12.79
1436265840000 12.79
1436265900000 12.81
1436265960000 12.81
1436266020000 12.86
1436266080000 12.865
1436266140000 12.89
1436266200000 12.89
1436266260000 12.87
1436266320000 12.91
1436266380000 12.92
1436266440000 12.92
1436266500000 12.95
1436266560000 12.95
1436266620000 12.97
1436266680000 12.96
1436266740000 12.95
1436266800000 12.92
1436266860000 12.87
1436266920000 12.88
1436266980000 12.88
1436267040000 12.86
1436267100000 12.85
1436267160000 12.84
1436267220000 12.86
1436267280000 12.86
1436267340000 12.85
1436267400000 12.86
1436267460000 12.865
1436267520000 12.87
1436267580000 12.89
1436267640000 12.86
1436267700000 12.84
1436267760000 12.86
1436267820000 12.8867
1436267880000 12.9
1436267940000 12.87
1436268000000 12.885
1436268060000 12.87
1436268120000 12.87
1436268180000 12.86
1436268240000 12.865
1436268300000 12.865
1436268360000 12.865
1436268420000 12.855
1436268480000 12.87
1436268540000 12.86
1436268600000 12.85
1436268660000 12.85
1436268720000 12.86
1436268780000 12.855
1436268840000 12.86
1436268900000 12.85
1436268960000 12.83
1436269020000 12.85
1436269080000 12.86
1436269140000 12.89
1436269200000 12.89
1436269260000 12.91
1436269320000 12.9
1436269380000 12.95
1436269440000 12.98
1436269500000 12.99
1436269560000 12.99
1436269620000 12.98
1436269680000 12.99
1436269740000 12.975
1436269800000 12.98
1436269860000 13.025
1436269920000 13.03
1436269980000 13.02
1436270040000 13.03
1436270100000 13.035
1436270160000 13.06
1436270220000 13.12
1436270280000 13.09
1436270340000 13.11
1436270400000 13.11
1436270460000 13.1
1436270520000 13.09
1436270580000 13.07
1436270640000 13.08
1436270700000 13.1
1436270760000 13.09
1436270820000 13.07
1436270880000 13.06
1436270940000 13.06
1436271000000 13.0799
1436271060000 13.07
1436271120000 13.07
1436271180000 13.07
1436271240000 13.08
1436271300000 13.06
1436271360000 13.06
1436271420000 13.08
1436271480000 13.07
1436271540000 13.07
1436271600000 13.07
1436271660000 13.09
1436271720000 13.11
1436271780000 13.12
1436271840000 13.1
1436271900000 13.08
1436271960000 13.1
1436272020000 13.13
1436272080000 13.13
1436272140000 13.12
1436272200000 13.11
1436272260000 13.12
1436272320000 13.14
1436272380000 13.13
1436272440000 13.14
1436272500000 13.135
1436272560000 13.115
1436272620000 13.12
1436272680000 13.13
1436272740000 13.14
1436272800000 13.1468
1436272860000 13.14
1436272920000 13.14
1436272980000 13.14
1436273040000 13.13
1436273100000 13.11
1436273160000 13.14
1436273220000 13.14
1436273280000 13.15
1436273340000 13.17
1436273400000 13.17
1436273460000 13.17
1436273520000 13.16
1436273580000 13.17
1436273640000 13.19
1436273700000 13.22
1436273760000 13.2
1436273820000 13.19
1436273880000 13.22
1436273940000 13.22
1436274000000 13.22
1436274060000 13.23
1436274120000 13.21
1436274180000 13.19
1436274240000 13.1804
1436274300000 13.18
1436274360000 13.17
1436274420000 13.15
1436274480000 13.15
1436274540000 13.17
1436274600000 13.18
1436274660000 13.19
1436274720000 13.22
1436274780000 13.24
1436274840000 13.23
1436274900000 13.24
1436274960000 13.21
1436275020000 13.18
1436275080000 13.16
1436275140000 13.16
1436275200000 13.17
1436275260000 13.17
1436275320000 13.18
1436275380000 13.1725
1436275440000 13.19
1436275500000 13.18
1436275560000 13.16
1436275620000 13.16
1436275680000 13.17
1436275740000 13.17
1436275800000 13.18
1436275860000 13.19
1436275920000 13.16
1436275980000 13.17
1436276040000 13.16
1436276100000 13.17
1436276160000 13.165
1436276220000 13.16
1436276280000 13.15
1436276340000 13.15
1436276400000 13.15
1436276460000 13.14
1436276520000 13.14
1436276580000 13.14
1436276640000 13.15
1436276700000 13.17
1436276760000 13.16
1436276820000 13.15
1436276880000 13.14
1436276940000 13.14
1436277000000 13.14
1436277060000 13.14
1436277120000 13.14
1436277180000 13.14
1436277240000 13.12
1436277300000 13.12
1436277360000 13.12
1436277420000 13.12
1436277480000 13.11
1436277540000 13.11
1436277600000 13.1
1436277660000 13.1
1436277720000 13.09
1436277780000 13.08
1436277840000 13.08
1436277900000 13.07
1436277960000 13.06
1436278020000 13.065
1436278080000 13.05
1436278140000 13.06
1436278200000 13.04
1436278260000 13.0399
1436278320000 13.04
1436278380000 13.04
1436278440000 13.03
1436278500000 13.02
1436278560000 13.02
1436278620000 13.02
1436278680000 13.02
1436278740000 12.995
1436278800000 13.0
1436278860000 12.99
1436278920000 12.96
1436278980000 12.97
1436279040000 12.99
1436279100000 12.99
1436279160000 12.99
1436279220000 12.98
1436279280000 12.97
1436279340000 12.97
1436279400000 12.98
1436279460000 12.97
1436279520000 12.9501
1436279580000 12.98
1436279640000 12.98
1436279700000 12.97
1436279760000 12.97
1436279820000 12.965
1436279880000 12.96
1436279940000 12.985
1436280000000 12.99
1436280060000 12.99
1436280120000 13.0
1436280180000 13.0
1436280240000 13.01
1436280300000 12.9901
1436280360000 12.995
1436280420000 13.0
1436280480000 13.0
1436280540000 12.9953
1436280600000 12.995
1436280660000 12.98
1436280720000 12.97
1436280780000 12.97
1436280840000 12.98
1436280900000 12.99
1436280960000 12.99
1436281020000 13.01
1436281080000 13.03
1436281140000 13.07
1436281200000 13.08
1436281260000 13.06
1436281320000 13.041
1436281380000 13.04
1436281440000 13.04
1436281500000 13.05
1436281560000 13.03
