1436261400000 1.87
1436261460000 1.8801
1436261520000 1.8855
1436261580000 1.86
1436261640000 1.85
1436261700000 1.85
1436261820000 1.82
1436261880000 1.81
1436261940000 1.81
1436262000000 1.81
1436262120000 1.83
1436262180000 1.83
1436262240000 1.83
1436262480000 1.838
1436262600000 1.83
1436262660000 1.83
1436262720000 1.83
1436262780000 1.8299
1436262840000 1.82
1436263140000 1.83
1436263320000 1.83
1436263380000 1.84
1436264640000 1.8362
1436264820000 1.8203
1436265120000 1.8377
1436265420000 1.83
1436265540000 1.82
1436266200000 1.83
1436266920000 1.8
1436266980000 1.8
1436267040000 1.79
1436267340000 1.82
1436267520000 1.79
1436267880000 1.8
1436268000000 1.79
1436268060000 1.79
1436268120000 1.79
1436268180000 1.7918
1436268360000 1.79
1436268420000 1.79
1436268540000 1.79
1436268600000 1.79
1436268660000 1.79
1436268900000 1.79
1436268960000 1.785
1436269080000 1.7899
1436269200000 1.785
1436269380000 1.78
1436269500000 1.78
1436269560000 1.771
1436269680000 1.7772
1436269980000 1.78
1436270040000 1.7899
1436270100000 1.795
1436270280000 1.7999
1436270520000 1.7996
1436270700000 1.7801
1436270880000 1.79
1436271120000 1.79
1436271180000 1.8
1436273340000 1.8
1436273400000 1.8
1436273880000 1.802
1436274660000 1.8
1436274960000 1.8
1436275080000 1.81
1436275560000 1.8001
1436275620000 1.8
1436276100000 1.8
1436276220000 1.8
1436276460000 1.8
1436277120000 1.81
1436277780000 1.81
1436277900000 1.81
1436278260000 1.81
1436278800000 1.81
1436278860000 1.81
1436278980000 1.81
1436279040000 1.81
1436279700000 1.81
1436279820000 1.8154
1436281140000 1.81
