1436261400000 31.83
1436261520000 31.96
1436261640000 31.445
1436261700000 31.525
1436261880000 31.55
1436261940000 31.565
1436262000000 31.61
1436262060000 31.62
1436262120000 31.58
1436262180000 31.6
1436262240000 31.59
1436262300000 31.59
1436262360000 31.57
1436262480000 31.61
1436262780000 31.53
1436262840000 31.45
1436263080000 31.35
1436263200000 31.38
1436263320000 31.46
1436263380000 31.46
1436263620000 31.42
1436263740000 31.42
1436263800000 31.49
1436263860000 31.56
1436263920000 31.53
1436263980000 31.53
1436264040000 31.53
1436264100000 31.44
1436264160000 31.36
1436264220000 31.41
1436264340000 31.46
1436264460000 31.41
1436264520000 31.465
1436264700000 31.45
1436264760000 31.39
1436264820000 31.37
1436264940000 31.26
1436265000000 31.26
1436265060000 31.2
1436265240000 31.13
1436265300000 31.08
1436265360000 31.01
1436265540000 31.12
1436265660000 31.05
1436265720000 31.04
1436265840000 31.05
1436265960000 31.1
1436266080000 31.19
1436266140000 31.15
1436266320000 31.18
1436266380000 31.22
1436266440000 31.24
1436266500000 31.29
1436266620000 31.26
1436266680000 31.25
1436266740000 31.16
1436266800000 31.13
1436266860000 31.1999
1436266920000 31.13
1436266980000 31.13
1436267040000 31.09
1436267100000 31.13
1436267160000 31.12
1436267220000 31.12
1436267280000 31.115
1436267340000 31.09
1436267400000 31.06
1436267460000 31.1
1436267520000 31.15
1436267580000 31.08
1436267760000 31.07
1436267820000 31.1
1436267880000 31.04
1436268000000 31.08
1436268060000 31.03
1436268120000 31.02
1436268240000 31.03
1436268300000 31.02
1436268360000 30.99
1436268420000 31.0
1436268480000 31.02
1436268540000 30.96
1436268660000 30.97
1436268780000 30.96
1436268840000 30.93
1436268960000 30.94
1436269020000 30.98
1436269080000 31.06
1436269140000 31.01
1436269200000 31.0
1436269260000 30.99
1436269320000 31.015
1436269380000 31.01
1436269440000 31.02
1436269560000 30.97
1436269620000 30.95
1436269800000 31.03
1436269860000 31.0
1436269980000 30.96
1436270160000 31.06
1436270220000 31.21
1436270280000 31.23
1436270340000 31.2
1436270400000 31.15
1436270700000 31.12
1436270760000 31.15
1436270820000 31.14
1436270940000 31.1
1436271000000 31.09
1436271300000 31.12
1436271360000 31.08
1436271480000 31.09
1436271600000 31.1182
1436271660000 31.08
1436271720000 31.08
1436271780000 31.08
1436271840000 31.05
1436271900000 31.06
1436271960000 31.13
1436272260000 31.15
1436272320000 31.25
1436272500000 31.17
1436272560000 31.12
1436272620000 31.19
1436272680000 31.21
1436272740000 31.22
1436272800000 31.2025
1436272980000 31.18
1436273100000 31.2
1436273160000 31.26
1436273220000 31.2775
1436273280000 31.25
1436273340000 31.26
1436273460000 31.27
1436273520000 31.27
1436273580000 31.29
1436273640000 31.27
1436273700000 31.28
1436273760000 31.26
1436273820000 31.26
1436273880000 31.28
1436273940000 31.27
1436274000000 31.27
1436274060000 31.24
1436274120000 31.24
1436274180000 31.23
1436274240000 31.27
1436274300000 31.26
1436274360000 31.21
1436274420000 31.25
1436274480000 31.29
1436274540000 31.25
1436274660000 31.26
1436274720000 31.3
1436274840000 31.33
1436274900000 31.45
1436274960000 31.32
1436275020000 31.27
1436275080000 31.28
1436275140000 31.27
1436275200000 31.3
1436275380000 31.3
1436275440000 31.31
1436275560000 31.31
1436275620000 31.34
1436275740000 31.355
1436275800000 31.4
1436275860000 31.41
1436275920000 31.33
1436275980000 31.35
1436276040000 31.33
1436276220000 31.37
1436276340000 31.34
1436276400000 31.32
1436276520000 31.29
1436276580000 31.3
1436276700000 31.37
1436276820000 31.38
1436276940000 31.37
1436277120000 31.38
1436277180000 31.34
1436277240000 31.32
1436277300000 31.32
1436277360000 31.305
1436277420000 31.325
1436277540000 31.3
1436277780000 31.3
1436277840000 31.3
1436277900000 31.32
1436277960000 31.295
1436278080000 31.27
1436278140000 31.22
1436278260000 31.33
1436278320000 31.26
1436278440000 31.25
1436278500000 31.27
1436278560000 31.3
1436278680000 31.36
1436278740000 31.3
1436278800000 31.26
1436278860000 31.25
1436278980000 31.21
1436279040000 31.26
1436279100000 31.29
1436279160000 31.29
1436279220000 31.3
1436279280000 31.27
1436279340000 31.26
1436279460000 31.25
1436279520000 31.22
1436279580000 31.31
1436279640000 31.28
1436279700000 31.22
1436279760000 31.27
1436279820000 31.245
1436279880000 31.26
1436279940000 31.3
1436280060000 31.35
1436280180000 31.45
1436280240000 31.44
1436280300000 31.43
1436280420000 31.48
1436280540000 31.44
1436280600000 31.44
1436280660000 31.35
1436280720000 31.39
1436280780000 31.42
1436280840000 31.43
1436280900000 31.39
1436280960000 31.39
1436281020000 31.38
1436281080000 31.41
1436281140000 31.47
1436281200000 31.53
1436281260000 31.55
1436281320000 31.51
1436281380000 31.47
1436281440000 31.4601
1436281500000 31.55
1436281560000 31.44
