1436261400000 16.57
1436261520000 16.555
1436261640000 16.56
1436261700000 16.58
1436261760000 16.6
1436261880000 16.59
1436262000000 16.58
1436262060000 16.585
1436262120000 16.6
1436262180000 16.605
1436262240000 16.61
1436262300000 16.61
1436262360000 16.61
1436262420000 16.61
1436262480000 16.61
1436262540000 16.61
1436262600000 16.59
1436262660000 16.575
1436262720000 16.5799
1436262780000 16.57
1436262840000 16.59
1436262900000 16.59
1436262960000 16.5701
1436263020000 16.58
1436263080000 16.57
1436263140000 16.555
1436263200000 16.57
1436263260000 16.58
1436263320000 16.58
1436263380000 16.58
1436263440000 16.57
1436263500000 16.56
1436263560000 16.54
1436263620000 16.52
1436263680000 16.51
1436263740000 16.5
1436263800000 16.4999
1436263860000 16.51
1436263920000 16.5058
1436263980000 16.51
1436264040000 16.51
1436264100000 16.49
1436264160000 16.47
1436264220000 16.48
1436264280000 16.45
1436264340000 16.45
1436264400000 16.4534
1436264460000 16.4467
1436264520000 16.4501
1436264580000 16.44
1436264640000 16.4451
1436264700000 16.44
1436264760000 16.45
1436264820000 16.44
1436264940000 16.44
1436265000000 16.43
1436265060000 16.44
1436265120000 16.44
1436265180000 16.44
1436265240000 16.44
1436265300000 16.44
1436265360000 16.43
1436265420000 16.4101
1436265480000 16.401
1436265540000 16.41
1436265600000 16.41
1436265660000 16.4
1436265720000 16.39
1436265780000 16.4
1436265840000 16.4
1436265900000 16.38
1436265960000 16.39
1436266020000 16.39
1436266080000 16.39
1436266140000 16.39
1436266200000 16.39
1436266260000 16.37
1436266320000 16.34
1436266380000 16.33
1436266440000 16.33
1436266500000 16.33
1436266560000 16.33
1436266620000 16.33
1436266680000 16.33
1436266740000 16.33
1436266800000 16.33
1436266860000 16.31
1436266920000 16.31
1436266980000 16.3172
1436267100000 16.32
1436267160000 16.32
1436267220000 16.3
1436267280000 16.31
1436267340000 16.31
1436267400000 16.31
1436267460000 16.32
1436267520000 16.32
1436267580000 16.32
1436267640000 16.3128
1436267700000 16.32
1436267760000 16.32
1436267820000 16.33
1436267880000 16.32
1436267940000 16.3128
1436268000000 16.32
1436268060000 16.31
1436268120000 16.31
1436268240000 16.31
1436268300000 16.31
1436268360000 16.31
1436268420000 16.31
1436268480000 16.325
1436268540000 16.32
1436268600000 16.317
1436268660000 16.3199
1436268720000 16.32
1436268780000 16.33
1436268840000 16.325
1436268900000 16.33
1436268960000 16.33
1436269020000 16.335
1436269080000 16.33
1436269140000 16.32
1436269200000 16.335
1436269260000 16.34
1436269320000 16.34
1436269380000 16.35
1436269440000 16.35
1436269500000 16.36
1436269560000 16.3599
1436269620000 16.35
1436269740000 16.34
1436269800000 16.35
1436269860000 16.35
1436269920000 16.35
1436269980000 16.35
1436270040000 16.35
1436270100000 16.36
1436270160000 16.3778
1436270220000 16.4
1436270280000 16.39
1436270340000 16.4
1436270400000 16.391
1436270460000 16.38
1436270520000 16.38
1436270580000 16.385
1436270640000 16.385
1436270700000 16.3828
1436270760000 16.39
1436270820000 16.385
1436270880000 16.39
1436270940000 16.3701
1436271000000 16.381
1436271060000 16.385
1436271120000 16.3772
1436271180000 16.375
1436271240000 16.375
1436271300000 16.375
1436271360000 16.375
1436271420000 16.37
1436271480000 16.375
1436271540000 16.375
1436271600000 16.375
1436271660000 16.36
1436271720000 16.36
1436271780000 16.365
1436271840000 16.36
1436271900000 16.365
1436271960000 16.36
1436272020000 16.36
1436272080000 16.36
1436272140000 16.36
1436272200000 16.365
1436272260000 16.3635
1436272320000 16.35
1436272380000 16.35
1436272440000 16.35
1436272500000 16.36
1436272560000 16.36
1436272620000 16.35
1436272680000 16.355
1436272740000 16.35
1436272800000 16.36
1436272860000 16.36
1436272920000 16.36
1436272980000 16.3699
1436273040000 16.36
1436273100000 16.36
1436273160000 16.36
1436273220000 16.4
1436273280000 16.395
1436273340000 16.39
1436273400000 16.4
1436273460000 16.385
1436273520000 16.38
1436273580000 16.37
1436273640000 16.375
1436273700000 16.39
1436273760000 16.4
1436273820000 16.41
1436273880000 16.41
1436273940000 16.42
1436274000000 16.42
1436274060000 16.415
1436274120000 16.4161
1436274180000 16.415
1436274240000 16.4133
1436274300000 16.405
1436274360000 16.405
1436274420000 16.405
1436274480000 16.405
1436274540000 16.405
1436274600000 16.405
1436274660000 16.41
1436274720000 16.43
1436274780000 16.44
1436274840000 16.45
1436274900000 16.4467
1436274960000 16.43
1436275020000 16.4165
1436275080000 16.42
1436275140000 16.4151
1436275200000 16.42
1436275260000 16.43
1436275320000 16.4255
1436275380000 16.425
1436275440000 16.439
1436275500000 16.44
1436275560000 16.435
1436275620000 16.435
1436275680000 16.435
1436275740000 16.445
1436275800000 16.45
1436275860000 16.4455
1436275920000 16.43
1436275980000 16.43
1436276040000 16.43
1436276100000 16.44
1436276160000 16.45
1436276220000 16.45
1436276280000 16.45
1436276340000 16.45
1436276400000 16.45
1436276460000 16.455
1436276520000 16.44
1436276580000 16.45
1436276640000 16.45
1436276700000 16.47
1436276760000 16.47
1436276820000 16.47
1436276880000 16.47
1436276940000 16.47
1436277000000 16.4736
1436277060000 16.48
1436277120000 16.48
1436277180000 16.4701
1436277240000 16.48
1436277300000 16.48
1436277360000 16.46
1436277420000 16.46
1436277480000 16.455
1436277540000 16.45
1436277600000 16.445
1436277660000 16.445
1436277720000 16.445
1436277780000 16.4301
1436277840000 16.44
1436277900000 16.44
1436277960000 16.435
1436278020000 16.45
1436278080000 16.45
1436278140000 16.47
1436278200000 16.47
1436278260000 16.47
1436278320000 16.47
1436278380000 16.47
1436278440000 16.4668
1436278500000 16.47
1436278560000 16.47
1436278620000 16.47
1436278680000 16.47
1436278740000 16.45
1436278800000 16.45
1436278860000 16.44
1436278920000 16.41
1436278980000 16.4
1436279040000 16.4
1436279100000 16.3928
1436279160000 16.4
1436279220000 16.4
1436279280000 16.4
1436279340000 16.4
1436279400000 16.4
1436279460000 16.3972
1436279520000 16.4
1436279640000 16.41
1436279700000 16.4
1436279760000 16.41
1436279820000 16.405
1436279880000 16.41
1436279940000 16.41
1436280000000 16.42
1436280060000 16.44
1436280120000 16.45
1436280180000 16.46
1436280240000 16.46
1436280300000 16.46
1436280360000 16.4628
1436280420000 16.47
1436280480000 16.4799
1436280540000 16.48
1436280600000 16.48
1436280660000 16.4772
1436280780000 16.48
1436280840000 16.4772
1436280900000 16.475
1436280960000 16.48
1436281020000 16.455
1436281080000 16.45
1436281140000 16.46
1436281200000 16.46
1436281260000 16.46
1436281320000 16.455
1436281380000 16.455
1436281440000 16.465
1436281500000 16.47
1436281560000 16.47
