1436261400000 5.23
1436261700000 5.08
1436263620000 5.16
1436263680000 5.1699
1436265300000 5.11
1436266200000 5.09
1436266440000 5.1
1436266800000 5.09
1436266860000 5.09
1436267280000 5.1005
1436267400000 5.12
1436267580000 5.18
1436267760000 5.16
1436268420000 5.1248
1436268480000 5.1201
1436268540000 5.12
1436268660000 5.11
1436268780000 5.1084
1436268840000 5.1
1436268900000 5.15
1436268960000 5.1
1436269020000 5.08
1436269080000 5.08
1436269740000 5.08
1436269800000 5.08
1436269920000 5.08
1436269980000 5.0824
1436270040000 5.0848
1436270160000 5.08
1436270580000 5.04
1436270640000 5.04
1436270820000 5.07
1436270940000 5.04
1436271120000 5.04
1436271180000 5.04
1436271240000 5.04
1436271360000 5.02
1436271420000 5.04
1436271540000 5.02
1436271600000 5.056
1436271840000 5.059
1436272020000 5.06
1436273100000 5.1
1436273280000 5.13
1436274180000 5.13
1436274240000 5.13
1436274540000 5.12
1436274720000 5.1
1436275680000 5.09
1436276100000 5.06
1436276160000 5.06
1436276460000 5.06
1436276820000 5.09
1436277240000 5.0999
1436277540000 5.094
1436277900000 5.1
1436278800000 5.07
1436278860000 5.06
1436278920000 5.06
1436280180000 5.1
1436281200000 5.1
1436281560000 5.07
