1436261400000 16.85
1436261880000 16.12
1436261940000 16.4301
1436262300000 16.78
1436262540000 16.73
1436262660000 16.68
1436262840000 16.68
1436262960000 16.67
1436263020000 16.67
1436263140000 16.36
1436263200000 16.37
1436263320000 16.51
1436263440000 16.55
1436263680000 16.52
1436263800000 16.48
1436263860000 16.53
1436263980000 16.513
1436264040000 16.48
1436264100000 16.48
1436264280000 16.53
1436264640000 16.64
1436265240000 16.49
1436265300000 16.45
1436265360000 16.44
1436265540000 16.39
1436265600000 16.27
1436265960000 16.22
1436266020000 16.27
1436266200000 16.55
1436266260000 16.49
1436266380000 16.49
1436266500000 16.55
1436266620000 16.51
1436266680000 16.63
1436266740000 16.62
1436266800000 16.58
1436266920000 16.45
1436267100000 16.45
1436267160000 16.4
1436267760000 16.49
1436267880000 16.44
1436267940000 16.4
1436268000000 16.38
1436268060000 16.37
1436268120000 16.34
1436268180000 16.33
1436268300000 16.32
1436268540000 16.36
1436268660000 16.38
1436268840000 16.32
1436268960000 16.3
1436269380000 16.46
1436269620000 16.52
1436269800000 16.603
1436269860000 16.558
1436270040000 16.58
1436270220000 16.71
1436270340000 16.66
1436270400000 16.6
1436270640000 16.56
1436270820000 16.55
1436270880000 16.49
1436271120000 16.46
1436271180000 16.46
1436271780000 16.48
1436272020000 16.51
1436272080000 16.5
1436272140000 16.48
1436272200000 16.48
1436272260000 16.49
1436273280000 16.4901
1436273760000 16.55
1436273820000 16.63
1436273880000 16.48
1436274300000 16.49
1436274360000 16.44
1436274420000 16.43
1436274480000 16.43
1436274540000 16.47
1436274660000 16.53
1436274900000 16.56
1436274960000 16.6
1436275080000 16.53
1436275920000 16.5
1436275980000 16.5
1436276340000 16.54
1436276460000 16.5
1436276520000 16.5
1436276640000 16.53
1436276700000 16.56
1436276940000 16.595
1436277660000 16.561
1436277780000 16.61
1436278260000 16.67
1436278320000 16.7
1436278440000 16.7
1436278500000 16.65
1436278740000 16.59
1436278800000 16.59
1436278920000 16.52
1436278980000 16.49
1436279460000 16.53
1436279580000 16.57
1436279760000 16.55
1436280120000 16.6
1436280360000 16.57
1436280840000 16.54
1436280900000 16.61
1436281020000 16.64
1436281080000 16.7
1436281440000 16.77
