1436261400000 6.59
1436261520000 6.55
1436261640000 6.595
1436261820000 6.55
1436262000000 6.506
1436262840000 6.5
1436263080000 6.48
1436263860000 6.452
1436264220000 6.45
1436264280000 6.3901
1436264760000 6.36
1436265840000 6.37
1436265960000 6.319
1436266020000 6.29
1436266800000 6.162
1436266860000 6.1601
1436266980000 6.17
1436267400000 6.18
1436267940000 6.3599
1436268060000 6.24
1436268540000 6.2
1436269500000 6.23
1436269860000 6.21
1436270820000 6.221
1436271240000 6.16
1436271360000 6.15
1436272020000 6.13
1436274420000 6.1908
1436274840000 6.2036
1436274900000 6.2
1436275380000 6.23
1436275980000 6.1401
1436276100000 6.14
1436276340000 6.217
1436276940000 6.24
1436278200000 6.25
1436279340000 6.1948
1436280180000 6.22
1436280300000 6.22
1436280540000 6.22
1436280720000 6.23
1436281020000 6.23
