1436261400000 45.64
1436261460000 46.159
1436261640000 45.67
1436261700000 45.63
1436261760000 45.45
1436261880000 45.43
1436261940000 45.17
1436262000000 45.16
1436262060000 45.16
1436262120000 44.7332
1436262240000 44.656
1436262300000 44.72
1436262420000 44.7121
1436262480000 44.5301
1436262540000 44.69
1436262660000 44.7
1436262720000 44.84
1436262780000 44.885
1436262840000 45.3142
1436262900000 45.11
1436262960000 45.33
1436263020000 45.09
1436263080000 45.01
1436263260000 45.06
1436263320000 44.7551
1436263380000 44.7995
1436263440000 44.71
1436263500000 44.63
1436263560000 44.6051
1436263620000 44.729
1436263680000 44.55
1436263740000 44.46
1436263800000 44.44
1436263860000 44.3951
1436263920000 44.43
1436263980000 44.45
1436264040000 44.44
1436264100000 44.45
1436264160000 44.4451
1436264220000 44.4551
1436264280000 44.4584
1436264340000 44.545
1436264400000 44.45
1436264460000 44.3251
1436264520000 44.45
1436264580000 44.39
1436264640000 44.363
1436264700000 44.3
1436264760000 44.1351
1436264820000 44.2151
1436264880000 44.28
1436264940000 44.21
1436265000000 44.15
1436265060000 44.08
1436265120000 44.0251
1436265180000 44.06
1436265240000 44.0899
1436265300000 43.8951
1436265360000 43.825
1436265420000 43.83
1436265540000 43.9
1436265600000 43.85
1436265660000 43.78
1436265780000 43.883
1436265840000 43.89
1436265960000 44.01
1436266020000 44.03
1436266080000 44.03
1436266140000 44.03
1436266200000 44.03
1436266260000 44.14
1436266320000 44.05
1436266440000 44.03
1436266500000 44.1699
1436266560000 44.08
1436266620000 44.128
1436266740000 44.11
1436266800000 44.12
1436266860000 44.03
1436266920000 44.05
1436267040000 44.115
1436267160000 44.17
1436267280000 44.1833
1436267340000 44.23
1436267400000 44.25
1436267460000 44.331
1436267520000 44.44
1436267580000 44.45
1436267700000 44.51
1436267760000 44.41
1436267820000 44.475
1436267880000 44.5
1436267940000 44.52
1436268000000 44.65
1436268060000 44.704
1436268120000 44.63
1436268240000 44.5
1436268300000 44.49
1436268480000 44.45
1436268540000 44.39
1436268600000 44.44
1436268660000 44.42
1436268720000 44.42
1436268780000 44.45
1436268840000 44.45
1436268900000 44.4601
1436269020000 44.49
1436269080000 44.5
1436269140000 44.61
1436269260000 44.65
1436269320000 44.64
1436269380000 44.82
1436269440000 44.78
1436269500000 44.824
1436269560000 44.65
1436269680000 44.7199
1436269740000 44.66
1436269800000 44.62
1436269860000 44.55
1436269920000 44.63
1436269980000 44.6486
1436270040000 44.62
1436270100000 44.72
1436270160000 44.8
1436270220000 44.8525
1436270280000 44.91
1436270340000 44.8
1436270400000 44.7501
1436270460000 44.81
1436270520000 44.845
1436270580000 44.63
1436270640000 44.6
1436270700000 44.6
1436270760000 44.7
1436270820000 44.65
1436270880000 44.7
1436270940000 44.63
1436271000000 44.65
1436271060000 44.62
1436271120000 44.58
1436271180000 44.64
1436271240000 44.64
1436271300000 44.65
1436271360000 44.67
1436271420000 44.64
1436271480000 44.68
1436271540000 44.68
1436271600000 44.656
1436271660000 44.7
1436271720000 44.64
1436271780000 44.65
1436271900000 44.65
1436271960000 44.71
1436272020000 44.65
1436272080000 44.72
1436272200000 44.71
1436272260000 44.7372
1436272320000 44.8268
1436272380000 44.8
1436272440000 44.82
1436272500000 44.7
1436272560000 44.61
1436272620000 44.6
1436272680000 44.59
1436272740000 44.624
1436272800000 44.54
1436272920000 44.58
1436272980000 44.59
1436273040000 44.68
1436273100000 44.635
1436273160000 44.63
1436273220000 44.67
1436273280000 44.686
1436273340000 44.51
1436273400000 44.59
1436273460000 44.6
1436273520000 44.63
1436273580000 44.643
1436273640000 44.615
1436273700000 44.6
1436273760000 44.6
1436273820000 44.5666
1436273880000 44.65
1436273940000 44.65
1436274000000 44.73
1436274060000 44.791
1436274120000 44.64
1436274180000 44.55
1436274240000 44.55
1436274300000 44.55
1436274360000 44.59
1436274540000 44.6
1436274600000 44.56
1436274660000 44.58
1436274720000 44.6
1436274780000 44.63
1436274900000 44.63
1436274960000 44.53
1436275020000 44.39
1436275140000 44.42
1436275200000 44.43
1436275260000 44.4659
1436275320000 44.52
1436275380000 44.517
1436275440000 44.5525
1436275560000 44.62
1436275620000 44.6
1436275680000 44.6
1436275740000 44.6
1436275800000 44.63
1436275860000 44.6
1436275920000 44.536
1436276040000 44.51
1436276100000 44.5573
1436276160000 44.53
1436276220000 44.535
1436276280000 44.68
1436276340000 44.63
1436276400000 44.55
1436276460000 44.6
1436276640000 44.6
1436276700000 44.63
1436276760000 44.6
1436277000000 44.595
1436277060000 44.6
1436277120000 44.58
1436277180000 44.62
1436277360000 44.62
1436277420000 44.58
1436277480000 44.56
1436277540000 44.56
1436277600000 44.55
1436277840000 44.565
1436277900000 44.53
1436277960000 44.5
1436278020000 44.5
1436278080000 44.495
1436278140000 44.5
1436278260000 44.42
1436278380000 44.369
1436278440000 44.39
1436278560000 44.45
1436278620000 44.45
1436278680000 44.45
1436278740000 44.43
1436278800000 44.36
1436278860000 44.36
1436278920000 44.41
1436279040000 44.43
1436279100000 44.4
1436279220000 44.4316
1436279400000 44.48
1436279460000 44.46
1436279520000 44.39
1436279700000 44.5
1436279880000 44.49
1436280000000 44.49
1436280060000 44.57
1436280120000 44.7
1436280180000 44.66
1436280240000 44.7442
1436280300000 44.68
1436280360000 44.6
1436280420000 44.63
1436280480000 44.6
1436280540000 44.6
1436280600000 44.61
1436280660000 44.575
1436280720000 44.5839
1436280780000 44.61
1436280840000 44.585
1436280900000 44.57
1436280960000 44.57
1436281020000 44.63
1436281080000 44.68
1436281140000 44.8
1436281200000 44.838
1436281260000 44.81
1436281320000 44.81
1436281440000 44.75
1436281500000 44.87
1436281560000 44.8
