1436261400000 30.31
1436261460000 30.28
1436261520000 30.21
1436261580000 30.19
1436261640000 30.13
1436261700000 30.04
1436261760000 29.89
1436261820000 29.78
1436261880000 29.7
1436261940000 29.67
1436262000000 29.65
1436262060000 29.63
1436262120000 29.76
1436262180000 29.8
1436262240000 29.82
1436262300000 29.8
1436262360000 29.81
1436262420000 29.8
1436262480000 29.84
1436262540000 29.87
1436262600000 29.86
1436262660000 29.91
1436262720000 29.88
1436262780000 29.88
1436262840000 29.86
1436262900000 29.86
1436262960000 29.82
1436263020000 29.71
1436263140000 29.65
1436263200000 29.6
1436263260000 29.58
1436263320000 29.5
1436263380000 29.55
1436263500000 29.54
1436263560000 29.6
1436263620000 29.59
1436263680000 29.57
1436263740000 29.53
1436263800000 29.57
1436263860000 29.65
1436263920000 29.64
1436263980000 29.61
1436264040000 29.55
1436264100000 29.48
1436264160000 29.32
1436264220000 29.29
1436264280000 29.32
1436264340000 29.35
1436264400000 29.34
1436264460000 29.3101
1436264520000 29.3
1436264580000 29.29
1436264640000 29.25
1436264700000 29.25
1436264760000 29.25
1436264820000 29.24
1436264880000 29.18
1436264940000 29.2
1436265000000 29.21
1436265060000 29.22
1436265120000 29.18
1436265180000 29.23
1436265240000 29.26
1436265300000 29.28
1436265360000 29.28
1436265420000 29.33
1436265480000 29.325
1436265540000 29.34
1436265600000 29.33
1436265660000 29.36
1436265720000 29.36
1436265780000 29.38
1436265840000 29.41
1436265900000 29.43
1436265960000 29.41
1436266020000 29.47
1436266080000 29.48
1436266140000 29.48
1436266200000 29.48
1436266260000 29.51
1436266320000 29.53
1436266380000 29.53
1436266440000 29.55
1436266500000 29.59
1436266560000 29.61
1436266620000 29.62
1436266680000 29.6
1436266740000 29.59
1436266800000 29.58
1436266860000 29.54
1436266920000 29.56
1436266980000 29.56
1436267040000 29.57
1436267100000 29.58
1436267160000 29.5672
1436267220000 29.6
1436267280000 29.63
1436267340000 29.6
1436267400000 29.68
1436267460000 29.7
1436267520000 29.75
1436267580000 29.78
1436267640000 29.8
1436267700000 29.82
1436267760000 29.85
1436267820000 29.85
1436267880000 29.82
1436267940000 29.81
1436268000000 29.84
1436268060000 29.82
1436268120000 29.82
1436268180000 29.82
1436268240000 29.82
1436268300000 29.78
1436268360000 29.78
1436268420000 29.77
1436268480000 29.8
1436268540000 29.8
1436268600000 29.77
1436268660000 29.75
1436268720000 29.74
1436268780000 29.69
1436268840000 29.66
1436268900000 29.67
1436268960000 29.67
1436269020000 29.67
1436269080000 29.66
1436269140000 29.68
1436269200000 29.68
1436269260000 29.7
1436269320000 29.7
1436269380000 29.75
1436269440000 29.74
1436269500000 29.72
1436269560000 29.7
1436269620000 29.692
1436269740000 29.73
1436269860000 29.725
1436269920000 29.72
1436269980000 29.71
1436270040000 29.72
1436270100000 29.73
1436270160000 29.74
1436270220000 29.88
1436270280000 29.85
1436270340000 29.87
1436270400000 29.88
1436270460000 30.02
1436270520000 30.0
1436270580000 30.01
1436270640000 30.01
1436270700000 30.02
1436270760000 30.01
1436270820000 30.0
1436270880000 30.0
1436270940000 30.001
1436271000000 30.0
1436271060000 30.0
1436271120000 29.92
1436271180000 29.9
1436271240000 29.88
1436271300000 29.85
1436271360000 29.83
1436271420000 29.785
1436271480000 29.76
1436271540000 29.72
1436271600000 29.74
1436271660000 29.75
1436271720000 29.79
1436271780000 29.79
1436271840000 29.82
1436271900000 29.87
1436271960000 29.91
1436272020000 29.93
1436272080000 29.93
1436272140000 29.94
1436272200000 29.95
1436272260000 29.97
1436272320000 29.9499
1436272380000 29.92
1436272500000 29.93
1436272560000 29.92
1436272620000 29.93
1436272680000 29.94
1436272740000 29.95
1436272920000 29.97
1436272980000 29.98
1436273040000 29.93
1436273100000 29.95
1436273160000 29.97
1436273220000 29.99
1436273280000 29.99
1436273340000 29.99
1436273400000 29.97
1436273460000 29.97
1436273520000 29.97
1436273580000 29.93
1436273640000 29.94
1436273700000 29.98
1436273760000 29.965
1436273820000 29.95
1436273880000 29.97
1436273940000 29.99
1436274000000 30.0
1436274060000 30.03
1436274120000 30.03
1436274180000 30.02
1436274240000 30.02
1436274300000 30.01
1436274360000 29.985
1436274420000 29.96
1436274480000 29.93
1436274540000 29.93
1436274600000 29.943
1436274660000 29.95
1436274720000 30.01
1436274780000 30.06
1436274840000 30.051
1436274900000 30.09
1436274960000 30.07
1436275020000 30.06
1436275080000 30.07
1436275140000 30.08
1436275200000 30.09
1436275260000 30.1081
1436275320000 30.1
1436275380000 30.11
1436275440000 30.11
1436275500000 30.11
1436275560000 30.11
1436275620000 30.12
1436275680000 30.22
1436275740000 30.22
1436275800000 30.23
1436275860000 30.24
1436275920000 30.2
1436275980000 30.24
1436276040000 30.26
1436276100000 30.3
1436276160000 30.28
1436276220000 30.285
1436276280000 30.28
1436276340000 30.29
1436276400000 30.31
1436276460000 30.29
1436276520000 30.29
1436276580000 30.29
1436276640000 30.3
1436276700000 30.35
1436276760000 30.35
1436276880000 30.34
1436276940000 30.33
1436277000000 30.34
1436277060000 30.3399
1436277120000 30.34
1436277180000 30.32
1436277240000 30.32
1436277300000 30.33
1436277360000 30.33
1436277420000 30.34
1436277480000 30.33
1436277540000 30.32
1436277600000 30.33
1436277660000 30.32
1436277720000 30.31
1436277780000 30.26
1436277840000 30.255
1436277960000 30.25
1436278020000 30.255
1436278080000 30.2
1436278140000 30.17
1436278200000 30.19
1436278260000 30.19
1436278320000 30.2
1436278380000 30.175
1436278440000 30.18
1436278500000 30.14
1436278560000 30.14
1436278620000 30.13
1436278680000 30.13
1436278740000 30.1
1436278800000 30.09
1436278860000 30.11
1436278920000 30.08
1436278980000 30.08
1436279040000 30.075
1436279100000 30.1
1436279160000 30.12
1436279220000 30.14
1436279280000 30.12
1436279340000 30.11
1436279400000 30.09
1436279460000 30.09
1436279520000 30.09
1436279580000 30.12
1436279640000 30.11
1436279700000 30.1001
1436279820000 30.1
1436279880000 30.1
1436279940000 30.12
1436280000000 30.13
1436280060000 30.17
1436280120000 30.22
1436280180000 30.2
1436280240000 30.26
1436280300000 30.26
1436280360000 30.265
1436280420000 30.28
1436280480000 30.3
1436280540000 30.28
1436280600000 30.26
1436280660000 30.24
1436280720000 30.24
1436280780000 30.24
1436280840000 30.285
1436280900000 30.28
1436280960000 30.32
1436281020000 30.35
1436281080000 30.36
1436281140000 30.4
1436281200000 30.415
1436281260000 30.45
1436281320000 30.45
1436281380000 30.44
1436281440000 30.445
1436281500000 30.47
1436281560000 30.46
