1404705600000 16.87
1404792000000 16.37
1404878400000 16.4
1404964800000 16.29
1405051200000 17.46
1405310400000 17.51
1405396800000 17.42
1405483200000 17.48
1405569600000 17.31
1405656000000 17.79
1405915200000 17.71
1406001600000 18.16
1406088000000 18.08
1406174400000 18.34
1406260800000 18.11
1406520000000 18.04
1406606400000 17.79
1406692800000 18.32
1406779200000 17.86
1406865600000 17.68
1407124800000 17.49
1407211200000 17.53
1407297600000 17.75
1407384000000 18.04
1407470400000 18.41
1407729600000 18.49
1407816000000 18.7
1407902400000 18.98
1407988800000 19.31
1408075200000 19.49
1408334400000 19.72
1408420800000 19.91
1408507200000 20.0
1408593600000 20.17
1408680000000 19.9
1408939200000 20.09
1409025600000 20.24
1409112000000 21.26
1409198400000 21.18
1409284800000 21.35
1409630400000 21.32
1409716800000 21.12
1409803200000 20.98
1409889600000 21.24
1410148800000 21.69
1410235200000 21.87
1410321600000 22.93
1410408000000 23.63
1410494400000 23.39
1410753600000 22.58
1410840000000 22.8
1410926400000 22.52
1411012800000 22.97
1411099200000 22.95
1411358400000 22.33
1411444800000 22.16
1411531200000 22.63
1411617600000 21.67
1411704000000 21.57
1411963200000 21.68
1412049600000 21.58
1412136000000 20.59
1412222400000 20.82
1412308800000 21.06
1412568000000 20.75
1412654400000 20.68
1412740800000 21.11
1412827200000 20.98
1412913600000 19.61
1413172800000 19.2
1413259200000 19.19
1413345600000 19.92
1413432000000 19.44
1413518400000 19.49
1413777600000 19.56
1413864000000 19.73
1413950400000 19.46
1414036800000 20.05
1414123200000 20.14
1414382400000 20.13
1414468800000 20.63
1414555200000 20.3
1414641600000 21.0
1414728000000 21.58
1414990800000 21.88
1415077200000 21.51
1415163600000 21.29
1415250000000 21.15
1415336400000 21.11
1415595600000 21.3
1415682000000 21.63
1415768400000 21.64
1415854800000 21.61
1415941200000 21.57
1416200400000 21.49
1416286800000 21.77
1416373200000 21.53
1416459600000 21.8
1416546000000 18.82
1416805200000 19.46
1416891600000 18.87
1416978000000 18.99
1417150800000 18.71
1417410000000 18.64
1417496400000 18.57
1417582800000 18.72
1417669200000 19.03
1417755600000 19.595
1418014800000 18.925
1418101200000 19.37
1418187600000 18.97
1418274000000 19.52
1418360400000 19.49
1418619600000 19.14
1418706000000 18.99
1418792400000 18.85
1418878800000 18.91
1418965200000 19.255
1419224400000 19.24
1419310800000 18.05
1419397200000 18.45
1419570000000 18.38
1419829200000 18.17
1419915600000 18.37
1420002000000 18.18
1420174800000 18.19
1420434000000 18.09
1420520400000 17.47
1420606800000 17.42
1420693200000 17.89
1420779600000 17.73
1421038800000 16.93
1421125200000 16.71
1421211600000 16.67
1421298000000 16.58
1421384400000 16.9
1421730000000 16.84
1421816400000 16.99
1421902800000 17.13
1421989200000 17.26
1422248400000 17.4
1422334800000 17.13
1422421200000 17.07
1422507600000 17.1
1422594000000 16.58
1422853200000 16.65
1422939600000 16.07
1423026000000 15.76
1423112400000 15.89
1423198800000 16.33
1423458000000 16.27
1423544400000 17.0
1423630800000 17.21
1423717200000 17.71
1423803600000 17.7
1424149200000 17.98
1424235600000 18.37
1424322000000 18.04
1424408400000 18.425
1424667600000 18.29
1424754000000 18.38
1424840400000 22.24
1424926800000 22.61
1425013200000 24.81
1425272400000 24.65
1425358800000 24.41
1425445200000 24.4
1425531600000 24.41
1425618000000 24.42
1425873600000 24.43
1425960000000 24.4
1426046400000 24.44
1426132800000 24.43
1426219200000 24.43
1426478400000 24.5
1426564800000 24.46
1426651200000 24.51
1426737600000 24.48
1426824000000 24.46
1427083200000 24.47
1427169600000 24.55
1427256000000 24.53
1427342400000 24.52
1427428800000 24.49
1427688000000 24.49
1427774400000 24.49
1427860800000 24.475
1427947200000 24.48
1428292800000 24.56
1428379200000 24.53
1428465600000 24.56
1428552000000 24.5
1428638400000 24.58
1428897600000 24.49
1428984000000 24.5
1429070400000 24.52
1429156800000 24.495
1429243200000 24.57
1429502400000 24.6
1429588800000 24.58
1429675200000 24.595
1429761600000 24.635
1429848000000 24.61
1430107200000 24.62
1430193600000 24.63
1430280000000 24.64
1430366400000 24.61
1430452800000 24.61
1430712000000 24.64
1430798400000 24.61
1430884800000 24.59
1430971200000 24.62
1431057600000 24.64
1431316800000 24.66
1431403200000 24.64
1431489600000 24.65
1431576000000 24.66
1431662400000 24.65
1431921600000 24.67
