1436261400000 6.88
1436261460000 6.89
1436261520000 6.86
1436261580000 6.85
1436261640000 6.8401
1436261700000 6.88
1436261760000 6.84
1436261820000 6.84
1436261880000 6.81
1436261940000 6.8163
1436262000000 6.81
1436262060000 6.81
1436262120000 6.82
1436262180000 6.823
1436262300000 6.82
1436262420000 6.81
1436262600000 6.81
1436262660000 6.8
1436262720000 6.8
1436262780000 6.81
1436262840000 6.805
1436262900000 6.797
1436262960000 6.79
1436263020000 6.76
1436263080000 6.7601
1436263140000 6.77
1436263260000 6.76
1436263320000 6.75
1436263380000 6.7499
1436263440000 6.737
1436263500000 6.73
1436263560000 6.73
1436263620000 6.73
1436263680000 6.73
1436263740000 6.72
1436263800000 6.73
1436263860000 6.75
1436263920000 6.74
1436263980000 6.74
1436264040000 6.73
1436264100000 6.73
1436264160000 6.73
1436264220000 6.7301
1436264280000 6.73
1436264460000 6.73
1436264520000 6.7399
1436264580000 6.7401
1436264640000 6.74
1436264700000 6.75
1436264760000 6.7449
1436264820000 6.74
1436264880000 6.73
1436264940000 6.75
1436265000000 6.75
1436265060000 6.75
1436265120000 6.74
1436265180000 6.74
1436265240000 6.74
1436265300000 6.72
1436265360000 6.71
1436265420000 6.7199
1436265480000 6.7101
1436265540000 6.7
1436265600000 6.67
1436265660000 6.67
1436265720000 6.67
1436265780000 6.67
1436265840000 6.65
1436265900000 6.66
1436265960000 6.674
1436266020000 6.71
1436266080000 6.73
1436266140000 6.73
1436266200000 6.71
1436266260000 6.71
1436266320000 6.71
1436266380000 6.74
1436266440000 6.75
1436266500000 6.7732
1436266560000 6.74
1436266620000 6.74
1436266740000 6.71
1436266800000 6.71
1436266860000 6.69
1436266920000 6.69
1436266980000 6.69
1436267040000 6.6901
1436267100000 6.7
1436267160000 6.7
1436267280000 6.7
1436267400000 6.71
1436267460000 6.72
1436267520000 6.7
1436267580000 6.7102
1436267640000 6.72
1436267880000 6.72
1436268060000 6.7
1436268120000 6.69
1436268180000 6.69
1436268240000 6.69
1436268480000 6.6806
1436268540000 6.68
1436268600000 6.67
1436268660000 6.66
1436268720000 6.67
1436268780000 6.6601
1436268840000 6.6584
1436268900000 6.6299
1436268960000 6.59
1436269020000 6.5955
1436269080000 6.59
1436269140000 6.6
1436269260000 6.6289
1436269320000 6.63
1436269380000 6.65
1436269440000 6.66
1436269500000 6.6601
1436269560000 6.66
1436269620000 6.65
1436269680000 6.6588
1436269920000 6.6501
1436270040000 6.651
1436270160000 6.6591
1436270220000 6.7
1436270280000 6.67
1436270340000 6.6601
1436270400000 6.6699
1436270520000 6.66
1436270580000 6.67
1436270640000 6.68
1436270880000 6.69
1436270940000 6.68
1436271000000 6.68
1436271060000 6.67
1436271120000 6.67
1436271180000 6.67
1436271300000 6.66
1436271360000 6.6699
1436271540000 6.67
1436271660000 6.67
1436271780000 6.67
1436271840000 6.68
1436271900000 6.6795
1436272020000 6.67
1436272080000 6.68
1436272140000 6.68
1436272200000 6.68
1436272260000 6.67
1436272320000 6.69
1436272380000 6.7
1436272500000 6.71
1436272560000 6.7
1436272620000 6.71
1436272680000 6.7
1436272740000 6.71
1436272800000 6.71
1436272860000 6.71
1436272920000 6.71
1436272980000 6.71
1436273160000 6.72
1436273220000 6.73
1436273280000 6.74
1436273340000 6.76
1436273400000 6.76
1436273460000 6.76
1436273520000 6.8
1436273640000 6.78
1436273820000 6.78
1436273880000 6.8
1436273940000 6.78
1436274000000 6.78
1436274060000 6.78
1436274120000 6.755
1436274180000 6.75
1436274240000 6.74
1436274360000 6.74
1436274480000 6.73
1436274540000 6.74
1436274600000 6.74
1436274660000 6.74
1436274720000 6.77
1436274780000 6.79
1436274840000 6.78
1436274900000 6.78
1436274960000 6.7633
1436275020000 6.74
1436275080000 6.74
1436275200000 6.72
1436275260000 6.72
1436275380000 6.74
1436275440000 6.74
1436275500000 6.74
1436275560000 6.73
1436275620000 6.72
1436275680000 6.73
1436275740000 6.72
1436275800000 6.73
1436275860000 6.73
1436275920000 6.72
1436276040000 6.72
1436276160000 6.73
1436276220000 6.72
1436276340000 6.72
1436276520000 6.72
1436276580000 6.71
1436276640000 6.715
1436276700000 6.74
1436276820000 6.73
1436276880000 6.719
1436276940000 6.71
1436277000000 6.71
1436277060000 6.71
1436277120000 6.709
1436277180000 6.7172
1436277240000 6.711
1436277300000 6.71
1436277360000 6.7099
1436277420000 6.74
1436277480000 6.74
1436277600000 6.73
1436277660000 6.73
1436277720000 6.73
1436277900000 6.73
1436277960000 6.72
1436278020000 6.725
1436278080000 6.72
1436278260000 6.72
1436278380000 6.73
1436278440000 6.72
1436278500000 6.72
1436278560000 6.72
1436278620000 6.73
1436278680000 6.7299
1436278740000 6.72
1436278800000 6.7
1436278860000 6.7
1436278920000 6.69
1436278980000 6.68
1436279040000 6.68
1436279160000 6.68
1436279220000 6.69
1436279280000 6.69
1436279340000 6.69
1436279460000 6.7
1436279520000 6.7
1436279580000 6.71
1436279640000 6.73
1436279760000 6.71
1436279820000 6.72
1436279880000 6.71
1436279940000 6.726
1436280000000 6.72
1436280060000 6.72
1436280120000 6.75
1436280180000 6.74
1436280420000 6.75
1436280480000 6.74
1436280540000 6.7401
1436280600000 6.75
1436280720000 6.74
1436280780000 6.74
1436280840000 6.74
1436280900000 6.73
1436280960000 6.73
1436281020000 6.74
1436281080000 6.78
1436281140000 6.79
1436281200000 6.79
1436281260000 6.79
1436281320000 6.7635
1436281380000 6.77
1436281440000 6.78
1436281500000 6.79
1436281560000 6.771
