1436261400000 42.05
1436261520000 41.95
1436261820000 41.8
1436262300000 41.36
1436262600000 41.34
1436262660000 41.27
1436262720000 41.22
1436262780000 41.26
1436262900000 41.21
1436263020000 41.1
1436263200000 40.94
1436263320000 41.16
1436263440000 40.995
1436263500000 41.12
1436263560000 41.12
1436263680000 41.21
1436263740000 40.96
1436263920000 41.24
1436264040000 41.3175
1436264100000 41.29
1436264160000 41.215
1436264220000 41.32
1436264580000 41.285
1436264640000 41.36
1436264700000 41.3
1436264760000 41.35
1436264820000 41.18
1436265060000 41.39
1436265120000 41.19
1436265180000 41.29
1436265240000 41.405
1436265360000 41.38
1436265420000 41.255
1436265540000 41.2
1436265600000 41.3299
1436265660000 41.36
1436265960000 41.47
1436266320000 41.55
1436266440000 41.5
1436266500000 41.37
1436266560000 41.5175
1436266620000 41.4
1436266680000 41.43
1436266800000 41.4099
1436266860000 41.4299
1436266920000 41.42
1436266980000 41.45
1436267520000 41.42
1436267580000 41.44
1436267700000 41.3
1436267760000 41.3
1436267880000 41.48
1436268120000 41.395
1436268180000 41.48
1436268240000 41.44
1436268300000 41.48
1436268360000 41.32
1436268480000 41.3
1436268540000 41.3
1436268660000 41.3875
1436268720000 41.328
1436269080000 41.31
1436269320000 41.3
1436269440000 41.4999
1436269740000 41.38
1436269800000 41.36
1436269860000 41.36
1436270160000 41.38
1436270220000 41.43
1436270280000 41.4
1436270460000 41.52
1436270700000 41.385
1436271180000 41.46
1436271240000 41.39
1436271300000 41.355
1436271420000 41.22
1436271540000 41.21
1436271960000 41.2
1436272380000 41.21
1436272440000 41.2999
1436272500000 41.338
1436272980000 41.33
1436273100000 41.49
1436273400000 41.53
1436273520000 41.56
1436273640000 41.5
1436273700000 41.645
1436273760000 41.68
1436274000000 41.73
1436274180000 41.63
1436274420000 41.69
1436274480000 41.6964
1436274660000 41.72
1436274720000 41.69
1436274780000 41.64
1436274840000 41.69
1436274900000 41.61
1436274960000 41.675
1436275020000 41.63
1436275080000 41.64
1436275140000 41.77
1436275200000 41.78
1436275320000 41.8299
1436275380000 41.83
1436275500000 41.91
1436275620000 41.89
1436275680000 41.87
1436275860000 41.94
1436275920000 41.915
1436275980000 41.92
1436276040000 42.01
1436276100000 42.05
1436276160000 42.06
1436276280000 42.049
1436276400000 42.18
1436276460000 42.0
1436276580000 42.11
1436276700000 42.11
1436276760000 42.37
1436276880000 42.14
1436276940000 42.13
1436277060000 42.16
1436277240000 42.2
1436277300000 42.065
1436277360000 42.15
1436277420000 42.15
1436277480000 42.1275
1436277660000 42.1399
1436277720000 42.1368
1436277780000 42.13
1436277900000 42.18
1436277960000 42.14
1436278080000 42.115
1436278320000 42.18
1436278500000 42.17
1436278560000 42.1
1436278680000 42.11
1436278740000 42.05
1436278800000 41.9
1436278860000 41.9
1436278920000 41.92
1436278980000 41.9999
1436279460000 41.93
1436279580000 41.93
1436279760000 42.13
1436280180000 42.18
1436280420000 42.32
1436280480000 42.22
1436280720000 42.13
1436280900000 42.14
1436281080000 42.11
1436281140000 42.21
1436281380000 42.34
1436281500000 42.26
