1436261400000 44.2
1436261640000 43.83
1436262600000 43.82
1436263920000 43.43
1436264340000 43.2501
1436264940000 43.12
1436265540000 43.25
1436265600000 43.25
1436265660000 43.25
1436265720000 43.25
1436265960000 43.41
1436266080000 43.335
1436266380000 43.42
1436266560000 43.74
1436267100000 43.54
1436267580000 43.63
1436268060000 43.62
1436268480000 43.6
1436268540000 43.6
1436268780000 43.13
1436269080000 43.32
1436269200000 43.55
1436269260000 43.58
1436269320000 43.25
1436269440000 43.59
1436270400000 43.8699
1436271300000 43.39
1436271900000 43.3
1436272080000 43.25
1436272200000 43.52
1436272260000 43.45
1436272320000 43.34
1436272380000 43.5
1436272440000 43.45
1436272620000 43.37
1436273100000 43.46
1436273400000 43.3901
1436273820000 43.56
1436274300000 43.42
1436274720000 43.58
1436275860000 43.38
1436277660000 43.3424
1436278740000 43.32
1436278800000 43.2
1436278980000 43.39
1436279160000 43.41
1436279880000 43.41
1436280060000 43.46
1436280420000 43.7
1436280600000 43.66
1436280720000 43.9099
1436281200000 43.64
1436281320000 43.51
