1436261400000 29.26
1436261640000 29.3
1436261700000 29.24
1436261820000 29.0
1436261880000 28.75
1436261940000 28.8
1436262000000 29.1
1436262060000 29.02
1436262120000 29.09
1436262180000 29.12
1436262420000 28.91
1436262480000 29.02
1436262600000 28.94
1436262720000 28.91
1436262960000 28.95
1436263140000 28.82
1436263200000 28.7
1436263320000 28.67
1436263500000 28.61
1436263560000 28.82
1436263620000 28.95
1436263680000 28.94
1436263740000 28.85
1436264100000 28.68
1436264460000 28.61
1436264520000 28.6
1436264580000 28.49
1436264700000 28.729
1436264760000 28.65
1436264820000 28.65
1436264880000 28.52
1436264940000 28.65
1436265000000 28.62
1436265060000 28.73
1436265120000 28.72
1436265180000 28.83
1436265240000 28.89
1436265300000 28.88
1436265360000 28.85
1436265420000 28.82
1436265480000 28.8199
1436265600000 28.85
1436265900000 28.77
1436265960000 28.86
1436266020000 28.95
1436266080000 29.02
1436266140000 29.205
1436266200000 29.13
1436266440000 29.13
1436266560000 29.24
1436266620000 29.23
1436266680000 29.19
1436266740000 29.16
1436266860000 29.16
1436266980000 29.09
1436267160000 29.02
1436267220000 28.84
1436267280000 28.81
1436267340000 28.81
1436267400000 28.81
1436267520000 28.742
1436267580000 28.76
1436267640000 28.76
1436267700000 28.76
1436267760000 28.76
1436267880000 28.77
1436267940000 28.77
1436268060000 28.77
1436268120000 28.74
1436268240000 28.69
1436268360000 28.62
1436268420000 28.55
1436268480000 28.5338
1436268540000 28.52
1436268600000 28.5
1436268660000 28.5
1436268780000 28.57
1436268840000 28.5772
1436269080000 28.49
1436269140000 28.57
1436269200000 28.54
1436269260000 28.7
1436269320000 28.76
1436269380000 28.8
1436269440000 28.82
1436269500000 28.82
1436269680000 28.83
1436269740000 28.9
1436269800000 28.89
1436269860000 28.86
1436269920000 28.73
1436269980000 28.75
1436270040000 28.7
1436270100000 28.75
1436270220000 28.8
1436270280000 28.71
1436270340000 28.75
1436270400000 28.73
1436270460000 28.68
1436270520000 28.73
1436270580000 28.81
1436270640000 28.79
1436270700000 28.81
1436270760000 28.84
1436270820000 28.86
1436270880000 28.94
1436270940000 28.94
1436271000000 28.89
1436271060000 28.77
1436271120000 28.8
1436271180000 28.89
1436271240000 28.84
1436271300000 28.85
1436271360000 28.87
1436271420000 28.83
1436271480000 28.83
1436271540000 28.8
1436271660000 28.85
1436271720000 28.81
1436271780000 28.82
1436271840000 28.93
1436271900000 28.93
1436271960000 28.94
1436272020000 29.08
1436272080000 29.03
1436272380000 29.18
1436272440000 29.3
1436272500000 29.1901
1436272620000 29.3
1436272680000 29.3
1436272740000 29.3
1436272860000 29.34
1436272980000 29.36
1436273280000 29.3149
1436273340000 29.31
1436273400000 29.24
1436273460000 29.21
1436273580000 29.23
1436273880000 29.35
1436273940000 29.33
1436274000000 29.33
1436274060000 29.32
1436274120000 29.31
1436274360000 29.32
1436274420000 29.32
1436274480000 29.31
1436274720000 29.34
1436274780000 29.36
1436274840000 29.42
1436274960000 29.36
1436275020000 29.32
1436275140000 29.34
1436275200000 29.33
1436275260000 29.36
1436275320000 29.35
1436275440000 29.2905
1436275560000 29.32
1436275740000 29.34
1436275800000 29.37
1436275920000 29.34
1436275980000 29.29
1436276100000 29.3
1436276220000 29.3
1436276340000 29.31
1436276640000 29.3
1436276760000 29.34
1436277360000 29.29
1436277420000 29.25
1436277480000 29.33
1436277540000 29.21
1436277600000 29.3
1436277660000 29.29
1436277720000 29.24
1436277780000 29.21
1436277840000 29.19
1436277900000 29.16
1436277960000 29.21
1436278020000 29.25
1436278080000 29.24
1436278140000 29.2732
1436278200000 29.2
1436278260000 29.24
1436278560000 29.27
1436278620000 29.28
1436278680000 29.26
1436278740000 29.22
1436278800000 29.21
1436278860000 29.23
1436278920000 29.27
1436279100000 29.29
1436279160000 29.28
1436279220000 29.26
1436279460000 29.2401
1436279700000 29.35
1436279880000 29.37
1436279940000 29.37
1436280060000 29.37
1436280120000 29.35
1436280180000 29.34
1436280300000 29.4
1436280420000 29.58
1436280480000 29.52
1436280540000 29.63
1436280600000 29.64
1436280660000 29.66
1436280720000 29.65
1436280780000 29.64
1436280840000 29.59
1436280900000 29.55
1436280960000 29.43
1436281020000 29.47
1436281080000 29.49
1436281140000 29.55
1436281200000 29.54
1436281260000 29.5
1436281320000 29.47
1436281380000 29.475
1436281440000 29.45
1436281500000 29.48
