1404705600000 23.57
1404792000000 20.81
1404878400000 20.21
1404964800000 19.85
1405051200000 20.01
1405310400000 21.05
1405396800000 19.91
1405483200000 19.67
1405569600000 19.09
1405656000000 19.39
1405915200000 19.63
1406001600000 20.0
1406088000000 20.28
1406174400000 20.28
1406260800000 20.27
1406520000000 20.22
1406606400000 19.44
1406692800000 19.43
1406779200000 18.21
1406865600000 17.09
1407124800000 18.16
1407211200000 18.83
1407297600000 19.6
1407384000000 19.4
1407470400000 19.5
1407729600000 19.11
1407816000000 19.08
1407902400000 20.1
1407988800000 20.84
1408075200000 20.17
1408334400000 20.63
1408420800000 20.76
1408507200000 20.51
1408593600000 20.31
1408680000000 20.76
1408939200000 20.98
1409025600000 21.63
1409112000000 22.34
1409198400000 22.23
1409284800000 22.99
1409630400000 23.0
1409716800000 23.32
1409803200000 24.01
1409889600000 23.33
1410148800000 23.44
1410235200000 23.0
1410321600000 23.51
1410408000000 22.44
1410494400000 22.78
1410753600000 21.55
1410840000000 21.26
1410926400000 21.22
1411012800000 21.31
1411099200000 22.54
1411358400000 22.04
1411444800000 21.97
1411531200000 21.56
1411617600000 22.67
1411704000000 24.64
1411963200000 25.91
1412049600000 25.67
1412136000000 25.85
1412222400000 26.2
1412308800000 27.29
1412568000000 25.515
1412654400000 24.99
1412740800000 25.79
1412827200000 24.87
1412913600000 24.1
1413172800000 23.46
1413259200000 24.02
1413345600000 24.92
1413432000000 25.48
1413518400000 25.25
1413777600000 26.58
1413864000000 26.9
1413950400000 26.42
1414036800000 26.97
1414123200000 27.39
1414382400000 27.26
1414468800000 27.03
1414555200000 27.16
1414641600000 27.04
1414728000000 27.1
1414990800000 25.63
1415077200000 26.64
1415163600000 26.83
1415250000000 27.58
1415336400000 27.72
1415595600000 26.24
1415682000000 25.9
1415768400000 25.47
1415854800000 24.7
1415941200000 24.56
1416200400000 24.84
1416286800000 25.15
1416373200000 24.52
1416459600000 24.57
1416546000000 24.71
1416805200000 24.09
1416891600000 23.38
1416978000000 24.79
1417150800000 24.23
1417410000000 23.15
1417496400000 23.41
1417582800000 24.96
1417669200000 24.53
1417755600000 23.71
1418014800000 23.49
1418101200000 23.63
1418187600000 23.4
1418274000000 24.26
1418360400000 24.9
1418619600000 24.31
1418706000000 25.09
1418792400000 50.14
1418878800000 51.12
1418965200000 53.37
1419224400000 54.36
1419310800000 50.03
1419397200000 49.93
1419570000000 49.5
1419829200000 49.89
1419915600000 50.53
1420002000000 52.48
1420174800000 53.11
1420434000000 52.99
1420520400000 50.78
1420606800000 52.24
1420693200000 55.81
1420779600000 59.34
1421038800000 59.91
1421125200000 57.6
1421211600000 59.53
1421298000000 55.77
1421384400000 59.65
1421730000000 60.84
1421816400000 62.83
1421902800000 56.9
1421989200000 58.46
1422248400000 60.49
1422334800000 60.73
1422421200000 59.2
1422507600000 60.95
1422594000000 61.45
1422853200000 59.66
1422939600000 58.22
1423026000000 59.15
1423112400000 59.74
1423198800000 59.07
1423458000000 58.74
1423544400000 61.01
1423630800000 61.08
1423717200000 63.0
1423803600000 65.76
1424149200000 68.89
1424235600000 71.2
1424322000000 70.52
1424408400000 70.25
1424667600000 72.23
1424754000000 67.1
1424840400000 67.38
1424926800000 70.31
1425013200000 67.24
1425272400000 67.19
1425358800000 67.18
1425445200000 67.43
1425531600000 69.46
1425618000000 69.14
1425873600000 69.23
1425960000000 71.42
1426046400000 73.76
1426132800000 74.35
1426219200000 79.06
1426478400000 81.26
1426564800000 81.3
1426651200000 82.75
1426737600000 86.72
1426824000000 79.99
1427083200000 75.18
1427169600000 72.9
1427256000000 65.62
1427342400000 68.84
1427428800000 70.91
1427688000000 100.36
1427774400000 100.27
1427860800000 100.31
1427947200000 100.55
1428292800000 100.45
1428379200000 100.5
1428465600000 100.58
1428552000000 100.48
1428638400000 100.58
1428897600000 100.6
1428984000000 100.8
1429070400000 100.71
1429156800000 100.66
1429243200000 100.68
1429502400000 100.69
1429588800000 100.7
1429675200000 100.79
1429761600000 100.89
1429848000000 100.88
1430107200000 100.93
1430193600000 100.98
1430280000000 100.75
1430366400000 100.89
1430452800000 100.95
1430712000000 100.96
