1436261400000 41.0
1436261640000 40.95
1436261700000 40.88
1436261760000 40.85
1436261820000 40.914
1436261880000 40.85
1436262120000 40.62
1436262480000 40.42
1436262780000 40.51
1436263080000 40.69
1436263140000 40.8899
1436263500000 40.7599
1436263680000 40.5
1436264040000 40.6999
1436265240000 40.5899
1436265360000 40.45
1436265420000 40.49
1436265660000 40.55
1436265840000 40.43
1436266020000 40.55
1436266080000 40.557
1436266200000 40.7699
1436266680000 40.9199
1436267160000 40.9099
1436267700000 40.8299
1436267760000 40.7
1436268540000 40.57
1436268660000 40.43
1436268720000 40.425
1436268900000 40.42
1436269200000 40.39
1436269860000 40.6199
1436269980000 40.61
1436270040000 40.62
1436270460000 40.9099
1436270880000 40.6851
1436271000000 40.68
1436271420000 40.53
1436271540000 40.53
1436272500000 40.56
1436272560000 40.68
1436272620000 40.565
1436273100000 40.67
1436273160000 40.73
1436273220000 40.73
1436273340000 40.8299
1436274060000 40.9299
1436274360000 40.81
1436274540000 40.8
1436274840000 40.95
1436275200000 40.87
1436275980000 40.76
1436276640000 40.81
1436276760000 40.8699
1436277420000 40.9199
1436277960000 40.77
1436278020000 40.8999
1436278260000 40.89
1436278620000 40.76
1436279820000 40.5999
1436279880000 40.65
1436280000000 40.65
1436280060000 40.7
1436280180000 40.73
1436280420000 40.88
1436280540000 40.97
1436280660000 40.85
1436281020000 40.98
1436281080000 41.0
1436281440000 40.88
1436281500000 40.77
1436281560000 40.69
