1436261400000 0.513
1436261520000 0.501
1436261640000 0.501
1436261700000 0.5005
1436261760000 0.4901
1436261820000 0.4898
1436261880000 0.4899
1436261940000 0.4899
1436262180000 0.485
1436262240000 0.4818
1436262300000 0.4802
1436262360000 0.485
1436262420000 0.4811
1436262540000 0.48
1436262600000 0.482
1436262660000 0.48
1436262720000 0.48
1436262780000 0.47
1436262840000 0.4798
1436262900000 0.4751
1436262960000 0.4703
1436263020000 0.4663
1436263080000 0.4601
1436263140000 0.465
1436263200000 0.4649
1436263260000 0.4695
1436263320000 0.48
1436263440000 0.4797
1436263500000 0.4726
1436263620000 0.4795
1436263680000 0.4728
1436263800000 0.4799
1436263860000 0.4737
1436263920000 0.4798
1436264040000 0.4739
1436264160000 0.4737
1436264220000 0.4702
1436264280000 0.4702
1436264340000 0.4799
1436264400000 0.4801
1436264520000 0.48
1436264580000 0.4712
1436264760000 0.4712
1436264820000 0.4701
1436264880000 0.4715
1436264940000 0.47
1436265060000 0.4716
1436265180000 0.4716
1436265240000 0.4715
1436265300000 0.4715
1436265420000 0.4716
1436265660000 0.4716
1436265720000 0.4716
1436266320000 0.4716
1436266380000 0.4751
1436266440000 0.4751
1436266560000 0.4751
1436266620000 0.4751
1436266740000 0.4762
1436266800000 0.4761
1436266860000 0.4761
1436266980000 0.4779
1436267040000 0.478
1436267160000 0.4779
1436267220000 0.4761
1436267460000 0.479
1436267520000 0.4765
1436267640000 0.4787
1436267880000 0.4761
1436267940000 0.4761
1436268000000 0.4762
1436268060000 0.4764
1436268180000 0.4767
1436268240000 0.4795
1436268300000 0.4791
1436268360000 0.4792
1436268420000 0.4801
1436268480000 0.485
1436268540000 0.4802
1436268600000 0.4802
1436268720000 0.4801
1436268780000 0.4802
1436268900000 0.48
1436269020000 0.4801
1436269080000 0.48
1436269140000 0.4801
1436269200000 0.48
1436269260000 0.48
1436269320000 0.474
1436269440000 0.4741
1436269620000 0.478
1436269740000 0.4778
1436269800000 0.4741
1436269980000 0.4721
1436270160000 0.4721
1436270340000 0.4721
1436270460000 0.476
1436270520000 0.472
1436270580000 0.4721
1436270640000 0.4721
1436270700000 0.4721
1436270940000 0.472
1436271600000 0.471
1436271900000 0.4701
1436272140000 0.47
1436272320000 0.47
1436272380000 0.4701
1436272500000 0.47
1436272560000 0.4701
1436272680000 0.4701
1436272740000 0.4701
1436272860000 0.4701
1436272920000 0.4701
1436273040000 0.4701
1436273100000 0.4701
1436273220000 0.4701
1436273280000 0.4701
1436273340000 0.4895
1436273400000 0.4862
1436273580000 0.4855
1436273640000 0.485
1436273820000 0.4825
1436274000000 0.4801
1436274120000 0.4801
1436274180000 0.4801
1436274300000 0.48
1436274480000 0.4801
1436274600000 0.4751
1436274660000 0.4751
1436274720000 0.4751
1436274780000 0.4751
1436274900000 0.478
1436275020000 0.4741
1436275200000 0.4741
1436275260000 0.4796
1436275380000 0.475
1436275560000 0.4771
1436275620000 0.4748
1436275680000 0.4795
1436275740000 0.4747
1436275800000 0.4756
1436275920000 0.4731
1436276100000 0.4751
1436276220000 0.475
1436276280000 0.4751
1436276460000 0.4751
1436276520000 0.4765
1436276640000 0.4751
1436276760000 0.4751
1436276820000 0.4751
1436276880000 0.475
1436277840000 0.4751
1436278140000 0.4751
1436278680000 0.4751
1436279220000 0.475
1436279460000 0.4751
1436279520000 0.4751
1436279640000 0.475
1436279700000 0.473
1436279880000 0.4716
1436279940000 0.4736
1436280000000 0.4736
1436280060000 0.4735
1436280240000 0.475
1436280420000 0.475
1436280480000 0.476
1436280600000 0.475
1436280780000 0.4701
1436280840000 0.469
1436280900000 0.4626
1436280960000 0.4625
1436281020000 0.46
1436281080000 0.46
1436281140000 0.46
1436281200000 0.4601
1436281260000 0.4625
1436281380000 0.4668
1436281440000 0.4699
1436281500000 0.4699
