1436261400000 5.0
1436261460000 5.1
1436261700000 5.1
1436261820000 5.1
1436262480000 5.0899
1436263680000 5.06
1436263740000 5.0
1436264040000 4.98
1436264280000 4.87
1436264340000 4.88
1436264520000 4.73
1436265120000 4.7
1436265300000 4.79
1436265540000 4.7129
1436265840000 4.72
1436265900000 4.72
1436266020000 4.7
1436267760000 4.51
1436268000000 4.49
1436268060000 4.47
1436268180000 4.46
1436268240000 4.45
1436268300000 4.46
1436268420000 4.46
1436269200000 4.46
1436270340000 4.6
1436270760000 4.6658
1436270880000 4.71
1436271180000 4.85
1436271240000 4.951
1436271360000 4.94
1436271660000 4.82
1436275020000 4.94
1436275620000 4.95
1436277960000 4.82
1436279880000 4.93
1436281380000 4.92
