1436261400000 5.65
1436262780000 5.652
1436263440000 5.66
1436263560000 5.659
1436263920000 5.657
1436264100000 5.66
1436264160000 5.6499
1436264640000 5.64
1436264880000 5.63
1436265000000 5.65
1436265120000 5.63
1436265300000 5.62
1436265360000 5.61
1436269140000 5.6234
1436269800000 5.618
1436269920000 5.624
1436270280000 5.63
1436270400000 5.6249
1436270820000 5.63
1436271420000 5.63
1436271960000 5.6107
1436277480000 5.621
1436277540000 5.621
1436277600000 5.621
1436277660000 5.621
1436277720000 5.621
1436277780000 5.621
1436277840000 5.612
1436277900000 5.612
1436277960000 5.612
1436278020000 5.612
1436278080000 5.612
1436278140000 5.612
1436278200000 5.612
1436278260000 5.612
1436278320000 5.61
1436278380000 5.612
1436278440000 5.612
1436278500000 5.612
1436278560000 5.612
1436278620000 5.612
1436280360000 5.62
1436281020000 5.63
