1436261400000 1.37
1436261760000 1.35
1436261820000 1.35
1436261880000 1.35
1436263080000 1.35
1436263140000 1.35
1436264820000 1.35
1436265300000 1.35
1436265360000 1.35
1436265420000 1.35
1436265480000 1.35
1436266080000 1.35
1436267220000 1.35
1436268300000 1.36
1436269260000 1.36
1436269860000 1.37
1436270940000 1.355
1436271240000 1.35
1436271300000 1.35
1436271480000 1.345
1436271540000 1.34
1436271720000 1.33
1436272020000 1.33
1436272440000 1.34
1436273760000 1.34
1436274660000 1.33
1436276040000 1.34
1436276400000 1.35
1436276460000 1.35
1436276580000 1.35
1436277000000 1.35
1436277060000 1.35
1436277120000 1.35
1436277300000 1.35
1436277360000 1.35
1436278920000 1.35
1436280180000 1.35
1436280660000 1.35
