1436261400000 113.72
1436261760000 112.96
1436262000000 112.42
1436262240000 112.46
1436262420000 112.58
1436262480000 112.74
1436262540000 112.76
1436263020000 112.7
1436263080000 112.59
1436263260000 112.58
1436263320000 112.48
1436263380000 112.5
1436263620000 112.36
1436263680000 112.15
1436263800000 112.28
1436263860000 112.02
1436263980000 112.04
1436264040000 111.68
1436264100000 111.66
1436264160000 111.58
1436264220000 111.6488
1436264340000 111.7
1436264400000 111.73
1436264460000 111.57
1436264580000 111.49
1436264700000 111.49
1436264820000 111.49
1436264940000 111.14
1436265000000 111.07
1436265060000 111.3
1436265120000 111.4
1436265180000 111.23
1436265300000 111.46
1436265360000 111.26
1436265420000 111.44
1436265540000 111.2
1436265660000 111.01
1436265720000 111.01
1436265780000 110.98
1436265900000 110.93
1436265960000 110.84
1436266080000 111.075
1436266140000 111.19
1436266260000 111.15
1436266320000 111.2
1436266380000 111.12
1436266440000 111.11
1436266500000 111.12
1436266560000 111.12
1436266620000 111.03
1436266680000 111.05
1436266740000 111.06
1436266800000 111.05
1436266920000 110.905
1436266980000 110.905
1436267040000 111.33
1436267100000 111.36
1436267160000 111.17
1436267220000 111.18
1436267280000 111.18
1436267340000 111.17
1436267400000 111.17
1436267460000 111.17
1436267520000 111.21
1436267580000 111.48
1436267640000 111.34
1436267760000 111.49
1436267820000 111.4102
1436267880000 111.55
1436267940000 111.41
1436268000000 111.39
1436268060000 111.22
1436268120000 111.19
1436268180000 111.35
1436268300000 111.4
1436268360000 111.26
1436268420000 111.33
1436268540000 111.26
1436268660000 111.23
1436268900000 111.19
1436269020000 111.1
1436269080000 111.12
1436269140000 111.29
1436269200000 111.38
1436269320000 111.52
1436269380000 111.41
1436269440000 111.56
1436269500000 111.53
1436269560000 111.43
1436269620000 111.38
1436269680000 111.39
1436269740000 111.39
1436269920000 111.22
1436269980000 111.3
1436270040000 111.24
1436270100000 111.31
1436270160000 111.71
1436270220000 111.64
1436270340000 111.56
1436270400000 111.62
1436270460000 111.625
1436270520000 111.69
1436270580000 111.853
1436270640000 112.15
1436270700000 111.92
1436270760000 112.12
1436270880000 112.01
1436270940000 112.01
1436271000000 112.04
1436271120000 111.84
1436271180000 111.7378
1436271600000 112.0
1436271660000 112.01
1436271720000 112.09
1436271780000 112.1
1436271840000 112.05
1436271900000 111.97
1436271960000 112.07
1436272020000 112.07
1436272080000 112.25
1436272140000 112.19
1436272200000 112.08
1436272260000 112.28
1436272380000 112.49
1436272500000 112.49
1436272560000 112.48
1436272620000 112.49
1436272680000 112.54
1436272740000 112.87
1436272800000 112.87
1436272860000 112.91
1436272980000 112.9
1436273040000 112.87
1436273100000 112.89
1436273160000 113.01
1436273220000 113.0
1436273280000 113.22
1436273400000 113.095
1436273460000 112.98
1436273520000 113.22
1436273580000 112.97
1436273640000 113.2
1436273760000 113.17
1436273820000 113.19
1436273880000 113.2
1436274000000 113.44
1436274060000 113.295
1436274120000 113.54
1436274180000 113.37
1436274420000 113.36
1436274480000 113.38
1436274660000 113.4
1436274720000 113.54
1436274840000 113.46
1436274960000 113.42
1436275080000 113.15
1436275200000 112.96
1436275260000 112.96
1436275380000 113.08
1436275440000 112.97
1436275500000 112.94
1436275560000 112.96
1436275680000 112.835
1436275740000 112.99
1436275800000 113.09
1436275980000 113.36
1436276100000 113.15
1436276160000 113.17
1436276220000 113.285
1436276280000 112.89
1436276340000 112.89
1436276400000 113.19
1436276640000 113.01
1436276700000 113.2399
1436276880000 113.23
1436277000000 113.04
1436277060000 112.94
1436277240000 113.18
1436277300000 112.635
1436277360000 112.5
1436277600000 112.43
1436277660000 112.615
1436277720000 112.65
1436277780000 112.8
1436277840000 112.98
1436277900000 113.01
1436278020000 113.12
1436278080000 113.11
1436278140000 112.95
1436278200000 113.1
1436278260000 113.035
1436278320000 113.12
1436278500000 113.08
1436278560000 112.66
1436278620000 112.79
1436278680000 112.8
1436278740000 112.88
1436278800000 113.03
1436278860000 112.81
1436278920000 112.65
1436278980000 112.575
1436279040000 112.41
1436279100000 112.255
1436279160000 111.92
1436279220000 112.175
1436279280000 112.06
1436279520000 112.16
1436279580000 112.26
1436279640000 112.33
1436279700000 112.48
1436279760000 112.81
1436279820000 112.71
1436279880000 112.52
1436279940000 112.675
1436280000000 112.79
1436280060000 113.14
1436280180000 113.4
1436280240000 113.39
1436280660000 113.25
1436280720000 113.4
1436280900000 113.29
1436280960000 113.39
1436281020000 113.38
1436281080000 113.6
1436281200000 113.98
1436281260000 114.0
1436281320000 113.9
1436281500000 113.85
