1436261400000 67.53
1436262840000 67.51
1436262960000 67.2
1436265000000 66.63
1436266260000 66.63
1436266380000 66.73
1436266740000 66.61
1436267460000 66.77
1436267820000 66.79
1436268480000 66.38
1436268660000 66.2
1436268780000 66.52
1436269800000 66.84
1436270220000 66.81
1436270280000 66.675
1436271600000 66.58
1436271720000 66.56
1436272500000 66.63
1436273100000 66.87
1436273160000 66.9
1436273220000 66.92
1436273280000 66.9
1436273340000 67.05
1436273400000 67.146
1436273520000 67.22
1436273580000 67.23
1436273640000 67.48
1436273760000 67.55
1436273820000 67.65
1436274000000 67.73
1436274060000 67.68
1436274120000 67.57
1436274180000 67.49
1436274240000 67.49
1436274300000 67.39
1436274360000 67.34
1436274480000 67.27
1436274540000 67.24
1436274600000 67.24
1436274660000 67.13
1436274900000 67.3
1436274960000 67.31
1436275020000 67.35
1436275080000 67.18
1436275140000 67.35
1436275200000 67.17
1436275260000 67.0
1436276820000 66.86
1436277180000 67.07
1436277300000 66.96
1436277600000 67.04
1436278200000 66.87
1436278380000 67.0
1436278860000 66.81
1436279160000 66.76
1436279520000 66.63
1436280000000 67.12
1436280060000 67.33
1436280240000 67.43
1436281020000 67.76
1436281140000 67.91
1436281260000 68.11
