1436261400000 1.16
1436261520000 1.16
1436261580000 1.17
1436261940000 1.17
1436262240000 1.17
1436262300000 1.17
1436262420000 1.17
1436262600000 1.17
1436262720000 1.1601
1436262780000 1.15
1436262840000 1.16
1436262900000 1.16
1436263140000 1.15
1436263260000 1.155
1436263320000 1.15
1436263860000 1.15
1436264040000 1.15
1436264760000 1.14
1436265120000 1.16
1436266080000 1.15
1436267220000 1.14
1436268300000 1.1409
1436268960000 1.1501
1436269860000 1.159
1436269980000 1.1501
1436271900000 1.1549
1436272080000 1.1599
1436272920000 1.15
1436273520000 1.1501
1436273580000 1.1501
1436273700000 1.15
1436274000000 1.1528
1436275380000 1.15
1436275860000 1.1599
1436276040000 1.159
1436276700000 1.1532
1436277720000 1.1595
1436277780000 1.15
1436278200000 1.1572
1436278800000 1.16
1436278980000 1.15
