1436261400000 24.03
1436261520000 24.09
1436261640000 24.09
1436262060000 23.835
1436262300000 23.88
1436262360000 23.85
1436262600000 23.855
1436262720000 23.92
1436262960000 23.855
1436263020000 23.94
1436263200000 23.85
1436263260000 23.74
1436263380000 23.79
1436263440000 23.705
1436263560000 23.7
1436263620000 23.83
1436263920000 23.8
1436264040000 23.745
1436264160000 23.72
1436264220000 23.71
1436264280000 23.74
1436264700000 23.72
1436264880000 23.6601
1436264940000 23.66
1436265060000 23.525
1436265120000 23.6
1436265300000 23.52
1436265480000 23.4301
1436265600000 23.425
1436265720000 23.44
1436265780000 23.3925
1436265840000 23.44
1436265960000 23.44
1436266020000 23.54
1436266140000 23.6
1436266200000 23.6
1436266440000 23.7
1436266500000 23.75
1436266560000 23.71
1436266860000 23.66
1436266980000 23.62
1436267100000 23.66
1436267280000 23.58
1436267340000 23.54
1436267400000 23.56
1436267460000 23.66
1436267580000 23.73
1436267820000 23.71
1436267880000 23.73
1436267940000 23.63
1436268000000 23.655
1436268180000 23.69
1436268360000 23.64
1436268840000 23.5
1436268900000 23.505
1436268960000 23.54
1436269020000 23.45
1436269080000 23.45
1436269140000 23.45
1436269200000 23.44
1436269260000 23.41
1436269320000 23.41
1436269440000 23.435
1436269500000 23.41
1436269560000 23.3301
1436269680000 23.33
1436270160000 23.34
1436270340000 23.34
1436270400000 23.33
1436270580000 23.43
1436270640000 23.35
1436270760000 23.43
1436270880000 23.36
1436271060000 23.35
1436271180000 23.355
1436271240000 23.414
1436271300000 23.35
1436271540000 23.42
1436271600000 23.35
1436271720000 23.35
1436271780000 23.36
1436271840000 23.39
1436271900000 23.39
1436271960000 23.35
1436272080000 23.35
1436272140000 23.35
1436272200000 23.4
1436272260000 23.43
1436272320000 23.35
1436272500000 23.35
1436272620000 23.36
1436272680000 23.36
1436272860000 23.36
1436273040000 23.34
1436273220000 23.43
1436273640000 23.6
1436273700000 23.68
1436273880000 23.69
1436274480000 23.68
1436274600000 23.69
1436274660000 23.69
1436274780000 23.75
1436274960000 23.66
1436275020000 23.68
1436275260000 23.57
1436275620000 23.6399
1436275920000 23.62
1436275980000 23.62
1436276040000 23.5801
1436276160000 23.62
1436276280000 23.62
1436276460000 23.6
1436276520000 23.666
1436276580000 23.71
1436276760000 23.87
1436276880000 23.86
1436276940000 23.86
1436277000000 23.85
1436277180000 23.87
1436277600000 23.82
1436277780000 23.87
1436277840000 23.81
1436278200000 23.765
1436278380000 23.84
1436278440000 23.765
1436278620000 23.76
1436278740000 23.76
1436278800000 23.77
1436278860000 23.77
1436279040000 23.685
1436279100000 23.61
1436279160000 23.615
1436279220000 23.63
1436279460000 23.61
1436279580000 23.68
1436279760000 23.68
1436280060000 23.75
1436280180000 23.82
1436280240000 23.79
1436280420000 23.88
1436280480000 23.88
1436280600000 23.9
1436280720000 23.88
1436281020000 23.9
1436281140000 23.97
1436281200000 24.06
1436281260000 24.06
1436281320000 24.07
1436281560000 24.01
