1436261400000 69.88
1436262180000 68.85
1436262300000 68.98
1436262360000 69.13
1436262420000 69.16
1436262480000 69.02
1436262540000 69.19
1436262600000 69.06
1436262660000 68.85
1436262720000 68.96
1436262780000 69.17
1436262840000 69.28
1436262900000 69.345
1436263140000 69.18
1436263260000 69.17
1436263500000 69.175
1436263620000 69.15
1436263680000 68.85
1436263920000 69.21
1436264160000 69.15
1436264580000 68.84
1436264640000 68.81
1436264700000 68.84
1436264760000 69.04
1436264820000 68.9
1436264880000 68.8
1436264940000 68.735
1436265000000 68.66
1436265060000 68.865
1436265120000 68.82
1436265180000 68.82
1436265240000 68.96
1436265300000 68.71
1436265360000 68.85
1436265420000 68.98
1436265660000 69.1
1436265720000 68.865
1436265960000 68.8125
1436266020000 69.02
1436266080000 68.88
1436266140000 68.99
1436266200000 68.83
1436266260000 68.98
1436266320000 69.0
1436266440000 69.18
1436266680000 69.07
1436266740000 69.21
1436266800000 69.2
1436266860000 69.15
1436266920000 69.12
1436267160000 69.33
1436267220000 69.2201
1436267280000 69.35
1436267400000 69.28
1436267460000 69.26
1436267520000 69.27
1436267580000 69.27
1436267640000 69.28
1436267700000 69.355
1436267760000 69.38
1436267820000 69.32
1436268000000 69.47
1436268060000 69.25
1436268120000 69.08
1436268480000 69.13
1436268540000 69.05
1436268600000 68.93
1436268900000 68.33
1436268960000 68.35
1436269320000 68.66
1436269440000 68.58
1436269860000 68.55
1436270160000 68.64
1436270400000 68.605
1436270640000 68.57
1436270700000 68.63
1436270760000 68.8
1436270820000 68.85
1436270880000 68.81
1436270940000 68.88
1436271000000 68.88
1436271060000 68.75
1436271180000 68.55
1436271240000 68.64
1436271360000 68.89
1436271420000 68.87
1436271480000 68.77
1436271600000 68.67
1436271660000 68.63
1436272200000 68.7
1436272500000 68.86
1436272740000 68.81
1436272860000 68.81
1436273520000 69.21
1436273580000 69.25
1436273640000 69.07
1436273700000 68.85
1436273760000 68.9
1436273820000 68.95
1436273880000 68.97
1436273940000 68.95
1436274000000 69.04
1436274120000 68.96
1436274240000 69.1
1436274300000 69.29
1436274360000 69.2
1436274420000 69.15
1436274480000 69.02
1436274540000 68.96
1436274660000 68.93
1436274720000 68.9
1436274840000 68.875
1436275020000 68.95
1436275320000 69.08
1436275380000 69.2
1436275740000 69.39
1436276340000 69.45
1436276580000 69.5
1436276640000 69.59
1436276760000 69.5
1436276820000 69.41
1436277120000 69.45
1436277300000 69.4499
1436277540000 69.435
1436277720000 69.44
1436277840000 69.45
1436278260000 69.47
1436278380000 69.56
1436278740000 69.48
1436278800000 69.175
1436278920000 69.38
1436279100000 69.325
1436279280000 69.33
1436279340000 69.32
1436279460000 69.32
1436279520000 69.45
1436279880000 69.48
1436280060000 69.51
1436280180000 69.515
1436280240000 69.56
1436280300000 69.56
1436280360000 69.56
1436280480000 69.55
1436280540000 69.56
1436280600000 69.56
1436280660000 69.55
1436280720000 69.52
1436280780000 69.51
1436281080000 69.46
1436281140000 69.67
1436281560000 69.46
