1436261400000 10.61
1436261460000 10.72
1436261760000 10.54
1436261880000 10.54
1436262000000 10.54
1436262300000 10.5
1436262360000 10.5
1436262420000 10.5
1436262480000 10.51
1436262600000 10.55
1436262660000 10.57
1436262720000 10.58
1436262780000 10.58
1436263260000 10.49
1436263440000 10.52
1436263500000 10.52
1436263560000 10.525
1436263620000 10.53
1436263680000 10.53
1436263740000 10.55
1436263980000 10.53
1436264040000 10.55
1436264100000 10.53
1436264160000 10.55
1436264220000 10.52
1436264280000 10.54
1436264340000 10.55
1436264400000 10.53
1436264580000 10.55
1436264820000 10.5399
1436264880000 10.51
1436265000000 10.51
1436265060000 10.54
1436265120000 10.53
1436265300000 10.525
1436265420000 10.52
1436265480000 10.52
1436265540000 10.52
1436265600000 10.525
1436265660000 10.52
1436265720000 10.545
1436265840000 10.53
1436265960000 10.54
1436266020000 10.56
1436266080000 10.57
1436266140000 10.56
1436266200000 10.54
1436266260000 10.53
1436266320000 10.56
1436266380000 10.56
1436266440000 10.57
1436266800000 10.56
1436266860000 10.53
1436266920000 10.5202
1436266980000 10.52
1436267040000 10.52
1436267220000 10.52
1436267280000 10.5101
1436267340000 10.51
1436267460000 10.51
1436267520000 10.5
1436267580000 10.52
1436267640000 10.5
1436267700000 10.5
1436267760000 10.5
1436267880000 10.5
1436268060000 10.49
1436268120000 10.48
1436268180000 10.48
1436268300000 10.48
1436268360000 10.49
1436268540000 10.48
1436268600000 10.49
1436268660000 10.48
1436268720000 10.48
1436268780000 10.48
1436268840000 10.48
1436268900000 10.485
1436268960000 10.49
1436269080000 10.5
1436269140000 10.5
1436269320000 10.5
1436269380000 10.51
1436269440000 10.51
1436269560000 10.51
1436269800000 10.51
1436269920000 10.51
1436270040000 10.51
1436270100000 10.51
1436270160000 10.51
1436270220000 10.51
1436270280000 10.5
1436270460000 10.5
1436270580000 10.5
1436270640000 10.5
1436270760000 10.5
1436270820000 10.5
1436270940000 10.5
1436271000000 10.49
1436271060000 10.48
1436271120000 10.48
1436271180000 10.48
1436271240000 10.48
1436271300000 10.48
1436271480000 10.46
1436271540000 10.49
1436271600000 10.49
1436271660000 10.49
1436271720000 10.48
1436271840000 10.47
1436271900000 10.42
1436271960000 10.42
1436272020000 10.425
1436272140000 10.42
1436272260000 10.43
1436272380000 10.43
1436272440000 10.425
1436272500000 10.44
1436272560000 10.44
1436272620000 10.43
1436272680000 10.43
1436272800000 10.44
1436272860000 10.44
1436272920000 10.44
1436272980000 10.45
1436273040000 10.47
1436273100000 10.45
1436273160000 10.45
1436273220000 10.45
1436273460000 10.45
1436273580000 10.45
1436273640000 10.46
1436273700000 10.47
1436273880000 10.5
1436273940000 10.49
1436274120000 10.5
1436274180000 10.49
1436274240000 10.49
1436274360000 10.487
1436274600000 10.47
1436274660000 10.47
1436274720000 10.47
1436274780000 10.5
1436274840000 10.5
1436274900000 10.5
1436274960000 10.48
1436275020000 10.46
1436275140000 10.47
1436275200000 10.47
1436275380000 10.45
1436275440000 10.46
1436275500000 10.47
1436275560000 10.48
1436275620000 10.47
1436275740000 10.48
1436275800000 10.48
1436275860000 10.47
1436275980000 10.47
1436276040000 10.47
1436276160000 10.48
1436276520000 10.5
1436276580000 10.49
1436276640000 10.5
1436276700000 10.5
1436276760000 10.5
1436276820000 10.5
1436276880000 10.49
1436276940000 10.5
1436277000000 10.5
1436277060000 10.48
1436277180000 10.48
1436277300000 10.46
1436277600000 10.47
1436277660000 10.48
1436277840000 10.49
1436277900000 10.49
1436278020000 10.46
1436278080000 10.46
1436278140000 10.46
1436278260000 10.48
1436278440000 10.47
1436278500000 10.45
1436278560000 10.45
1436278680000 10.44
1436278740000 10.43
1436278800000 10.41
1436278860000 10.42
1436278920000 10.42
1436278980000 10.41
1436279100000 10.41
1436279160000 10.42
1436279280000 10.4
1436279340000 10.43
1436279460000 10.43
1436279640000 10.43
1436279880000 10.41
1436279940000 10.42
1436280000000 10.43
1436280060000 10.43
1436280120000 10.44
1436280180000 10.44
1436280240000 10.47
1436280300000 10.475
1436280360000 10.47
1436280420000 10.48
1436280480000 10.48
1436280600000 10.48
1436280720000 10.48
1436280780000 10.48
1436280840000 10.48
1436280900000 10.48
1436280960000 10.48
1436281020000 10.49
1436281080000 10.49
1436281140000 10.5
1436281200000 10.5
1436281260000 10.5
1436281320000 10.5
1436281380000 10.5
1436281440000 10.5
1436281500000 10.49
1436281560000 10.48
