1436261400000 25.01
1436261460000 25.04
1436261520000 25.015
1436261580000 25.14
1436261640000 25.2
1436261700000 25.15
1436261760000 25.16
1436261820000 25.2
1436261880000 25.09
1436261940000 25.1254
1436262000000 25.105
1436262060000 25.0
1436262120000 25.0
1436262180000 24.99
1436262240000 24.97
1436262300000 24.97
1436262360000 24.98
1436262420000 24.98
1436262480000 25.01
1436262540000 25.01
1436262600000 25.0
1436262660000 24.99
1436262720000 24.975
1436262780000 24.98
1436262840000 24.98
1436262900000 24.96
1436262960000 25.0
1436263020000 25.02
1436263080000 25.0192
1436263140000 25.0
1436263200000 25.01
1436263260000 24.9999
1436263320000 24.99
1436263380000 24.985
1436263440000 24.96
1436263500000 24.92
1436263560000 24.92
1436263620000 24.9
1436263680000 24.84
1436263740000 24.82
1436263800000 24.84
1436263860000 24.84
1436263920000 24.8501
1436263980000 24.85
1436264040000 24.855
1436264100000 24.86
1436264160000 24.85
1436264220000 24.85
1436264280000 24.85
1436264340000 24.86
1436264400000 24.85
1436264460000 24.83
1436264520000 24.855
1436264580000 24.85
1436264640000 24.87
1436264700000 24.88
1436264760000 24.845
1436264820000 24.835
1436264880000 24.8
1436264940000 24.8
1436265000000 24.79
1436265060000 24.78
1436265120000 24.79
1436265180000 24.78
1436265240000 24.75
1436265300000 24.76
1436265360000 24.75
1436265420000 24.76
1436265480000 24.76
1436265540000 24.74
1436265600000 24.72
1436265660000 24.71
1436265720000 24.68
1436265780000 24.68
1436265840000 24.66
1436265900000 24.66
1436265960000 24.655
1436266020000 24.63
1436266080000 24.65
1436266140000 24.64
1436266200000 24.63
1436266260000 24.615
1436266320000 24.63
1436266380000 24.65
1436266440000 24.64
1436266500000 24.63
1436266560000 24.59
1436266620000 24.6
1436266680000 24.595
1436266740000 24.6
1436266800000 24.59
1436266860000 24.52
1436266920000 24.53
1436266980000 24.52
1436267040000 24.4954
1436267100000 24.5
1436267160000 24.48
1436267220000 24.5
1436267280000 24.5
1436267340000 24.48
1436267400000 24.5
1436267460000 24.51
1436267520000 24.505
1436267580000 24.51
1436267640000 24.4715
1436267700000 24.49
1436267760000 24.49
1436267820000 24.48
1436267880000 24.48
1436267940000 24.48
1436268000000 24.495
1436268060000 24.49
1436268120000 24.45
1436268180000 24.48
1436268240000 24.5
1436268300000 24.485
1436268360000 24.47
1436268420000 24.48
1436268480000 24.49
1436268540000 24.465
1436268600000 24.44
1436268660000 24.425
1436268720000 24.41
1436268780000 24.39
1436268840000 24.3941
1436268900000 24.39
1436268960000 24.39
1436269020000 24.41
1436269080000 24.405
1436269140000 24.43
1436269200000 24.4399
1436269260000 24.46
1436269320000 24.46
1436269380000 24.475
1436269440000 24.47
1436269500000 24.5
1436269560000 24.485
1436269620000 24.485
1436269680000 24.52
1436269740000 24.52
1436269800000 24.5192
1436269860000 24.52
1436269920000 24.5
1436269980000 24.52
1436270040000 24.535
1436270100000 24.57
1436270160000 24.6092
1436270220000 24.695
1436270280000 24.6999
1436270340000 24.69
1436270400000 24.68
1436270460000 24.67
1436270520000 24.66
1436270580000 24.67
1436270640000 24.67
1436270700000 24.6701
1436270760000 24.68
1436270820000 24.66
1436270880000 24.66
1436270940000 24.67
1436271000000 24.67
1436271060000 24.67
1436271120000 24.67
1436271180000 24.66
1436271240000 24.66
1436271300000 24.67
1436271360000 24.699
1436271420000 24.695
1436271480000 24.69
1436271540000 24.6801
1436271600000 24.69
1436271660000 24.7
1436271720000 24.7
1436271780000 24.69
1436271840000 24.7
1436271900000 24.71
1436271960000 24.7
1436272020000 24.71
1436272080000 24.74
1436272140000 24.74
1436272200000 24.73
1436272260000 24.74
1436272320000 24.75
1436272380000 24.76
1436272440000 24.77
1436272500000 24.77
1436272560000 24.77
1436272620000 24.81
1436272680000 24.805
1436272740000 24.8
1436272800000 24.79
1436272860000 24.7799
1436272920000 24.77
1436272980000 24.77
1436273040000 24.77
1436273100000 24.79
1436273160000 24.8099
1436273220000 24.8
1436273280000 24.8
1436273340000 24.79
1436273400000 24.79
1436273460000 24.77
1436273520000 24.77
1436273580000 24.77
1436273640000 24.76
1436273700000 24.8
1436273760000 24.8
1436273820000 24.8
1436273880000 24.82
1436273940000 24.83
1436274000000 24.82
1436274060000 24.81
1436274120000 24.805
1436274180000 24.77
1436274240000 24.795
1436274300000 24.81
1436274360000 24.815
1436274420000 24.78
1436274480000 24.79
1436274540000 24.8199
1436274600000 24.83
1436274660000 24.835
1436274720000 24.87
1436274780000 24.9
1436274840000 24.92
1436274900000 24.96
1436274960000 24.9899
1436275020000 25.0
1436275080000 24.98
1436275140000 24.965
1436275200000 24.96
1436275260000 24.97
1436275320000 24.97
1436275380000 24.975
1436275440000 25.0
1436275500000 24.97
1436275560000 24.95
1436275620000 24.945
1436275680000 24.97
1436275740000 24.99
1436275800000 25.0
1436275860000 25.0
1436275920000 24.965
1436275980000 24.98
1436276040000 24.98
1436276100000 24.98
1436276160000 24.975
1436276220000 24.97
1436276280000 24.965
1436276340000 24.95
1436276400000 24.955
1436276460000 24.95
1436276520000 24.95
1436276580000 24.96
1436276640000 24.96
1436276700000 24.98
1436276760000 24.99
1436276820000 25.0
1436276880000 24.995
1436276940000 25.02
1436277000000 25.02
1436277060000 25.0
1436277120000 25.005
1436277180000 25.005
1436277240000 25.005
1436277300000 25.02
1436277360000 25.015
1436277420000 25.02
1436277480000 25.02
1436277540000 25.01
1436277600000 25.03
1436277660000 25.05
1436277720000 25.05
1436277780000 25.04
1436277840000 25.05
1436277900000 25.05
1436277960000 25.05
1436278020000 25.055
1436278080000 25.04
1436278140000 25.04
1436278200000 25.055
1436278260000 25.065
1436278320000 25.055
1436278380000 25.055
1436278440000 25.05
1436278500000 25.045
1436278560000 25.04
1436278620000 25.04
1436278680000 25.06
1436278740000 25.05
1436278800000 25.02
1436278860000 25.02
1436278920000 24.99
1436278980000 24.98
1436279040000 24.9676
1436279100000 24.95
1436279160000 24.955
1436279220000 24.955
1436279280000 24.95
1436279340000 24.95
1436279400000 24.95
1436279460000 24.95
1436279520000 24.95
1436279580000 25.0
1436279640000 25.005
1436279700000 25.01
1436279760000 25.02
1436279820000 25.02
1436279880000 24.99
1436279940000 25.005
1436280000000 24.995
1436280060000 25.01
1436280120000 25.075
1436280180000 25.08
1436280240000 25.11
1436280300000 25.12
1436280360000 25.11
1436280420000 25.115
1436280480000 25.13
1436280540000 25.11
1436280600000 25.11
1436280660000 25.085
1436280720000 25.0872
1436280780000 25.085
1436280840000 25.08
1436280900000 25.08
1436280960000 25.07
1436281020000 25.08
1436281080000 25.07
1436281140000 25.11
1436281200000 25.105
1436281260000 25.11
1436281320000 25.11
1436281380000 25.1
1436281440000 25.095
1436281500000 25.1
1436281560000 25.08
1436281620000 25.08
1436281680000 25.1
