1436261400000 3.17
1436261460000 3.2
1436261520000 3.2
1436261580000 3.2
1436261640000 3.185
1436261700000 3.17
1436261940000 3.17
1436262120000 3.18
1436262180000 3.18
1436262360000 3.14
1436262540000 3.14
1436262840000 3.14
1436262900000 3.14
1436263200000 3.16
1436263440000 3.18
1436263500000 3.18
1436263560000 3.16
1436263800000 3.16
1436264040000 3.16
1436264280000 3.16
1436264340000 3.16
1436264400000 3.16
1436264460000 3.16
1436264520000 3.16
1436264700000 3.16
1436264880000 3.15
1436264940000 3.14
1436265060000 3.13
1436265240000 3.1251
1436265300000 3.12
1436265360000 3.12
1436265420000 3.12
1436265540000 3.12
1436265600000 3.12
1436265780000 3.1
1436266140000 3.11
1436266440000 3.11
1436266560000 3.11
1436266920000 3.11
1436267100000 3.11
1436267160000 3.11
1436267340000 3.11
1436267760000 3.11
1436267880000 3.11
1436268420000 3.1101
1436268720000 3.11
1436268840000 3.11
1436268900000 3.11
1436269320000 3.11
1436269440000 3.11
1436270040000 3.11
1436270100000 3.11
1436270220000 3.11
1436270400000 3.11
1436270640000 3.11
1436270760000 3.11
1436270820000 3.11
1436270940000 3.11
1436271000000 3.11
1436271360000 3.11
1436271600000 3.1101
1436271660000 3.11
1436271720000 3.11
1436272020000 3.12
1436272080000 3.11
1436272320000 3.11
1436273280000 3.11
1436273340000 3.12
1436273520000 3.12
1436273580000 3.14
1436273640000 3.14
1436273880000 3.14
1436274000000 3.14
1436274780000 3.13
1436274960000 3.13
1436275200000 3.13
1436275740000 3.13
1436275800000 3.1301
1436275980000 3.1342
1436276100000 3.13
1436276280000 3.12
1436276400000 3.12
1436276700000 3.12
1436276940000 3.12
1436277420000 3.12
1436277780000 3.12
1436278200000 3.12
1436278260000 3.1399
1436278380000 3.12
1436278740000 3.12
1436278860000 3.12
1436278980000 3.1399
1436279040000 3.13
1436279220000 3.13
1436279700000 3.13
1436279880000 3.13
1436280240000 3.13
1436280480000 3.13
1436280720000 3.13
1436281080000 3.13
