1436261400000 3.99
1436262240000 3.9536
1436262600000 3.9663
1436263680000 3.95
1436263740000 3.95
1436266980000 3.9
1436267160000 3.9179
1436267880000 3.96
1436267940000 3.96
1436268000000 3.96
1436268060000 3.98
1436268120000 3.98
1436268180000 3.98
1436268240000 3.98
1436268540000 3.98
1436270520000 3.9801
1436272680000 3.98
1436274420000 3.98
1436274660000 3.99
1436275080000 3.99
1436275740000 4.01
1436276160000 4.001
1436276220000 4.001
1436276280000 3.99
1436276340000 3.99
1436276400000 3.993
1436276940000 3.991
1436277060000 3.99
1436278680000 3.9849
1436278800000 3.99
1436281140000 3.99
1436281260000 3.98
