1436261400000 2.6
1436261460000 2.58
1436261580000 2.57
1436261640000 2.55
1436261700000 2.55
1436261760000 2.54
1436261880000 2.54
1436261940000 2.53
1436262000000 2.53
1436262060000 2.525
1436262180000 2.525
1436262240000 2.524
1436262360000 2.51
1436262420000 2.5105
1436262480000 2.51
1436262540000 2.5101
1436262600000 2.51
1436262660000 2.5101
1436262720000 2.51
1436262780000 2.5128
1436262900000 2.51
1436262960000 2.5016
1436263020000 2.49
1436263080000 2.4784
1436263140000 2.48
1436263200000 2.46
1436263260000 2.45
1436263320000 2.4501
1436263440000 2.45
1436263560000 2.45
1436263620000 2.45
1436263680000 2.45
1436263800000 2.45
1436263860000 2.4501
1436263920000 2.459
1436264040000 2.45
1436264100000 2.45
1436264160000 2.454
1436264220000 2.454
1436264340000 2.45
1436264400000 2.454
1436264460000 2.4501
1436264520000 2.45
1436264580000 2.4692
1436264880000 2.46
1436264940000 2.45
1436265060000 2.4501
1436265120000 2.4501
1436265240000 2.46
1436265360000 2.47
1436265420000 2.471
1436265480000 2.47
1436265540000 2.47
1436265600000 2.476
1436265720000 2.4672
1436265780000 2.46
1436265840000 2.4654
1436265960000 2.469
1436266020000 2.47
1436266080000 2.48
1436266140000 2.48
1436266200000 2.48
1436266260000 2.47
1436266320000 2.47
1436266380000 2.475
1436266440000 2.48
1436266500000 2.485
1436266620000 2.47
1436266740000 2.4701
1436266800000 2.47
1436266860000 2.475
1436266920000 2.47
1436266980000 2.4786
1436267040000 2.48
1436267100000 2.4701
1436267160000 2.4701
1436267220000 2.4701
1436267280000 2.48
1436267340000 2.473
1436267400000 2.48
1436267460000 2.4835
1436267580000 2.49
1436267640000 2.495
1436267700000 2.495
1436267760000 2.51
1436267940000 2.491
1436268000000 2.4901
1436268060000 2.5
1436268120000 2.5
1436268180000 2.5
1436268300000 2.49
1436268540000 2.49
1436268600000 2.48
1436268660000 2.485
1436268720000 2.49
1436268780000 2.4852
1436268840000 2.47
1436268900000 2.47
1436268960000 2.46
1436269020000 2.46
1436269080000 2.47
1436269140000 2.47
1436269200000 2.47
1436269260000 2.4701
1436269320000 2.48
1436269380000 2.4899
1436269440000 2.5
1436269500000 2.49
1436269560000 2.5
1436269620000 2.51
1436269680000 2.51
1436269740000 2.52
1436269800000 2.52
1436269860000 2.53
1436269920000 2.535
1436269980000 2.54
1436270100000 2.535
1436270160000 2.54
1436270220000 2.55
1436270280000 2.55
1436270340000 2.55
1436270400000 2.55
1436270520000 2.55
1436270580000 2.545
1436270640000 2.54
1436270700000 2.545
1436270760000 2.56
1436270820000 2.565
1436270880000 2.58
1436270940000 2.576
1436271000000 2.57
1436271120000 2.57
1436271180000 2.575
1436271240000 2.57
1436271300000 2.575
1436271360000 2.57
1436271420000 2.57
1436271480000 2.56
1436271540000 2.55
1436271600000 2.5556
1436271720000 2.56
1436271780000 2.555
1436271960000 2.56
1436272140000 2.56
1436272200000 2.57
1436272260000 2.59
1436272320000 2.59
1436272380000 2.59
1436272440000 2.5899
1436272500000 2.59
1436272560000 2.5801
1436272680000 2.59
1436272740000 2.59
1436272800000 2.59
1436272860000 2.59
1436272920000 2.59
1436272980000 2.59
1436273040000 2.62
1436273100000 2.62
1436273160000 2.62
1436273220000 2.63
1436273280000 2.64
1436273340000 2.63
1436273460000 2.62
1436273640000 2.63
1436273700000 2.63
1436273760000 2.63
1436273820000 2.64
1436273880000 2.639
1436273940000 2.657
1436274000000 2.661
1436274060000 2.66
1436274180000 2.6501
1436274240000 2.64
1436274300000 2.6401
1436274360000 2.6399
1436274420000 2.61
1436274480000 2.6
1436274540000 2.6001
1436274600000 2.6
1436274660000 2.59
1436274720000 2.6
1436274780000 2.6299
1436274840000 2.62
1436274900000 2.62
1436274960000 2.61
1436275020000 2.605
1436275080000 2.605
1436275140000 2.607
1436275200000 2.61
1436275260000 2.61
1436275320000 2.605
1436275560000 2.6
1436275620000 2.61
1436275680000 2.605
1436275740000 2.6055
1436275800000 2.6074
1436275920000 2.6
1436275980000 2.6
1436276040000 2.6
1436276100000 2.595
1436276160000 2.5901
1436276280000 2.59
1436276460000 2.595
1436276640000 2.6
1436276700000 2.61
1436276760000 2.615
1436276940000 2.6
1436277000000 2.605
1436277060000 2.6
1436277120000 2.59
1436277240000 2.58
1436277360000 2.58
1436277420000 2.58
1436277540000 2.59
1436277780000 2.595
1436277900000 2.595
1436277960000 2.595
1436278080000 2.595
1436278200000 2.591
1436278260000 2.5999
1436278320000 2.6
1436278440000 2.595
1436278500000 2.6
1436278560000 2.5901
1436278680000 2.59
1436278740000 2.6
1436278920000 2.59
1436278980000 2.58
1436279160000 2.585
1436279220000 2.6
1436279340000 2.6
1436279460000 2.6
1436279520000 2.62
1436279580000 2.615
1436279640000 2.615
1436279820000 2.605
1436279880000 2.61
1436280060000 2.62
1436280180000 2.625
1436280300000 2.635
1436280360000 2.64
1436280420000 2.64
1436280540000 2.65
1436280720000 2.65
1436280780000 2.64
1436280840000 2.65
1436280900000 2.64
1436280960000 2.6451
1436281080000 2.65
1436281140000 2.665
1436281200000 2.67
1436281260000 2.66
1436281320000 2.66
1436281380000 2.65
1436281500000 2.65
1436281560000 2.64
