1436261400000 24.82
1436261760000 24.68
1436262060000 24.61
1436262300000 24.62
1436262360000 24.61
1436262480000 24.62
1436262540000 24.6675
1436262660000 24.61
1436262720000 24.62
1436262900000 24.64
1436263020000 24.69
1436263260000 24.61
1436263320000 24.61
1436263380000 24.57
1436263560000 24.57
1436263620000 24.48
1436263680000 24.43
1436263740000 24.45
1436263920000 24.49
1436264040000 24.488
1436264100000 24.43
1436264340000 24.49
1436264400000 24.483
1436264760000 24.46
1436264820000 24.43
1436264880000 24.43
1436264940000 24.447
1436265000000 24.42
1436265120000 24.36
1436265180000 24.39
1436265240000 24.355
1436265300000 24.28
1436265360000 24.385
1436265540000 24.425
1436265660000 24.35
1436265720000 24.26
1436265900000 24.2947
1436265960000 24.3031
1436266020000 24.36
1436266080000 24.43
1436266140000 24.37
1436266200000 24.35
1436266380000 24.3301
1436266440000 24.4111
1436266500000 24.405
1436266560000 24.405
1436266680000 24.351
1436266740000 24.38
1436266800000 24.32
1436267100000 24.26
1436267220000 24.269
1436267280000 24.3041
1436267340000 24.26
1436267640000 24.27
1436267760000 24.26
1436267820000 24.28
1436267880000 24.28
1436268060000 24.26
1436268240000 24.26
1436268300000 24.26
1436268360000 24.26
1436268480000 24.26
1436268540000 24.26
1436268600000 24.21
1436268660000 24.235
1436268720000 24.23
1436268840000 24.23
1436268960000 24.225
1436269020000 24.25
1436269140000 24.2757
1436269200000 24.32
1436269260000 24.355
1436269380000 24.31
1436269500000 24.37
1436269560000 24.34
1436269620000 24.42
1436269680000 24.45
1436269740000 24.51
1436269800000 24.47
1436269860000 24.47
1436269920000 24.4
1436269980000 24.34
1436270160000 24.366
1436270220000 24.45
1436270580000 24.42
1436270700000 24.35
1436271300000 24.32
1436271780000 24.415
1436271900000 24.36
1436271960000 24.37
1436272020000 24.3
1436272620000 24.34
1436273040000 24.405
1436273100000 24.34
1436273160000 24.31
1436273220000 24.425
1436273280000 24.445
1436273340000 24.39
1436273400000 24.35
1436273460000 24.33
1436273520000 24.32
1436273580000 24.24
1436273700000 24.24
1436273760000 24.235
1436273820000 24.23
1436273880000 24.2201
1436274000000 24.2
1436274240000 24.31
1436274300000 24.22
1436274480000 24.31
1436274660000 24.29
1436274720000 24.21
1436274780000 24.32
1436274840000 24.27
1436275080000 24.37
1436275140000 24.26
1436275260000 24.25
1436275500000 24.35
1436275560000 24.2
1436275620000 24.2
1436275680000 24.14
1436276160000 24.06
1436276220000 24.09
1436276340000 24.1
1436276400000 24.09
1436276460000 24.09
1436276820000 24.12
1436276940000 24.08
1436277360000 24.08
1436277420000 24.065
1436277480000 24.0813
1436277540000 24.08
1436277600000 24.17
1436278080000 24.11
1436278140000 24.1
1436278740000 24.01
1436278920000 24.06
1436279580000 24.16
1436279640000 24.175
1436279820000 24.195
1436280180000 24.21
1436280360000 24.3
1436280420000 24.38
1436280720000 24.37
1436280900000 24.22
1436281020000 24.17
1436281080000 24.16
1436281140000 24.26
1436281200000 24.26
