1436261400000 3.13
1436261880000 3.13
1436262060000 3.13
1436262240000 3.13
1436262420000 3.15
1436262780000 3.15
1436262960000 3.15
1436263140000 3.15
1436263620000 3.19
1436263860000 3.17
1436264040000 3.19
1436264280000 3.22
1436264580000 3.2
1436264760000 3.2
1436264940000 3.2
1436265480000 3.16
1436265660000 3.15
1436265840000 3.16
1436266380000 3.15
1436266560000 3.15
1436266740000 3.15
1436266800000 3.18
1436267280000 3.15
1436267460000 3.15
1436267640000 3.15
1436268180000 3.15
1436268240000 3.09
1436268300000 3.14
1436268360000 3.1
1436268540000 3.1
1436269080000 3.1
1436269260000 3.1
1436269320000 3.11
1436269440000 3.1
1436269980000 3.1
1436270160000 3.1
1436270340000 3.1
1436270880000 3.1
1436271060000 3.1
1436271240000 3.1
1436271780000 3.1
1436271960000 3.1
1436272140000 3.1
1436272680000 3.1
1436272860000 3.1
1436273040000 3.11
1436273340000 3.15
1436273580000 3.11
1436273760000 3.11
1436273940000 3.1
1436274480000 3.11
1436274660000 3.1
1436274840000 3.1
1436275380000 3.1
1436275560000 3.11
1436275740000 3.11
1436275860000 3.15
1436276280000 3.11
1436276460000 3.11
1436276640000 3.11
1436277180000 3.11
1436277360000 3.11
1436277540000 3.11
1436278020000 3.15
1436278080000 3.11
1436278260000 3.11
1436278440000 3.11
1436278980000 3.11
1436279100000 3.15
1436280240000 3.12
1436280600000 3.12
1436280840000 3.17
