1436261400000 2.5
1436261760000 2.5
1436263140000 2.51
1436263200000 2.51
1436263680000 2.51
1436263920000 2.51
1436264160000 2.51
1436264520000 2.51
1436264580000 2.5
1436264640000 2.5
1436264700000 2.5
1436264760000 2.5
1436265720000 2.51
1436266020000 2.5
1436266200000 2.51
1436266320000 2.5
1436266560000 2.51
1436266920000 2.5
1436267160000 2.5
1436267220000 2.5
1436267280000 2.5
1436267760000 2.51
1436267820000 2.515
1436268060000 2.51
1436268300000 2.51
1436268360000 2.51
1436268480000 2.51
1436268660000 2.5
1436268900000 2.5
1436268960000 2.5
1436269020000 2.51
1436271000000 2.52
1436271720000 2.52
1436271960000 2.5
1436272200000 2.5
1436272260000 2.5
1436272320000 2.51
1436272380000 2.51
1436272500000 2.51
1436272620000 2.52
1436272740000 2.51
1436273280000 2.51
1436274060000 2.52
1436274180000 2.51
1436278980000 2.5
1436281200000 2.5099
