1436261400000 41.12
1436261640000 40.85
1436261700000 40.87
1436261760000 40.856
1436261820000 40.87
1436261880000 40.87
1436262060000 40.83
1436262180000 40.8001
1436262240000 40.87
1436262300000 40.9
1436262360000 40.81
1436262540000 40.77
1436262600000 40.78
1436262660000 40.77
1436262720000 40.81
1436262780000 40.84
1436262840000 40.84
1436262960000 40.78
1436263080000 40.72
1436263140000 40.67
1436263200000 40.67
1436263260000 40.66
1436263320000 40.62
1436263380000 40.61
1436263440000 40.61
1436263500000 40.62
1436263560000 40.6671
1436263620000 40.66
1436263800000 40.64
1436263920000 40.715
1436264040000 40.69
1436264100000 40.58
1436264220000 40.61
1436264280000 40.58
1436264340000 40.51
1436264460000 40.545
1436264520000 40.51
1436264580000 40.51
1436264640000 40.53
1436264700000 40.48
1436264760000 40.505
1436264820000 40.49
1436264880000 40.47
1436264940000 40.47
1436265000000 40.47
1436265060000 40.37
1436265120000 40.3903
1436265180000 40.4067
1436265240000 40.37
1436265360000 40.34
1436265480000 40.355
1436265540000 40.32
1436265600000 40.29
1436265660000 40.29
1436265720000 40.21
1436265840000 40.17
1436265900000 40.17
1436265960000 40.19
1436266020000 40.195
1436266080000 40.3
1436266200000 40.26
1436266320000 40.27
1436266380000 40.34
1436266440000 40.41
1436266500000 40.44
1436266740000 40.35
1436266860000 40.2952
1436266980000 40.27
1436267100000 40.25
1436267160000 40.215
1436267280000 40.214
1436267340000 40.22
1436267460000 40.22
1436267520000 40.22
1436267640000 40.22
1436267760000 40.22
1436267820000 40.225
1436267880000 40.19
1436267940000 40.18
1436268060000 40.14
1436268120000 40.14
1436268180000 40.1
1436268240000 40.09
1436268300000 40.1
1436268360000 40.1
1436268540000 40.06
1436268600000 40.03
1436268660000 40.03
1436268780000 40.06
1436268840000 40.02
1436268900000 39.86
1436268960000 39.836
1436269020000 39.98
1436269080000 40.07
1436269140000 40.13
1436269200000 40.13
1436269260000 40.13
1436269320000 40.15
1436269380000 40.15
1436269440000 40.26
1436269500000 40.33
1436269680000 40.28
1436269860000 40.2
1436269920000 40.12
1436269980000 40.145
1436270040000 40.145
1436270100000 40.18
1436270160000 40.24
1436270220000 40.32
1436270400000 40.35
1436270460000 40.33
1436270520000 40.26
1436270640000 40.26
1436270700000 40.27
1436270760000 40.26
1436270820000 40.25
1436271000000 40.21
1436271060000 40.1476
1436271120000 40.15
1436271300000 40.14
1436271360000 40.26
1436271480000 40.26
1436271600000 40.26
1436271660000 40.31
1436271720000 40.3
1436271840000 40.22
1436271900000 40.23
1436272020000 40.2584
1436272140000 40.2558
1436272200000 40.26
1436272260000 40.29
1436272320000 40.3
1436272440000 40.27
1436272740000 40.32
1436272800000 40.31
1436272920000 40.34
1436273100000 40.38
1436273160000 40.39
1436273280000 40.4
1436273340000 40.415
1436273400000 40.45
1436273640000 40.44
1436273700000 40.46
1436273760000 40.49
1436273880000 40.49
1436273940000 40.57
1436274120000 40.52
1436274180000 40.52
1436274240000 40.51
1436274360000 40.55
1436274420000 40.51
1436274660000 40.55
1436274720000 40.6
1436274780000 40.67
1436274840000 40.68
1436274900000 40.68
1436275020000 40.63
1436275200000 40.64
1436275260000 40.69
1436275380000 40.675
1436275440000 40.69
1436275500000 40.69
1436275560000 40.68
1436275620000 40.62
1436275740000 40.58
1436275800000 40.53
1436275860000 40.52
1436275920000 40.55
1436275980000 40.55
1436276040000 40.54
1436276100000 40.535
1436276160000 40.59
1436276280000 40.55
1436276340000 40.55
1436276400000 40.57
1436276520000 40.52
1436276640000 40.52
1436276820000 40.54
1436276880000 40.53
1436277060000 40.53
1436277300000 40.51
1436277360000 40.52
1436277660000 40.47
1436277720000 40.45
1436277780000 40.43
1436278080000 40.47
1436278380000 40.49
1436278440000 40.47
1436278620000 40.44
1436278680000 40.43
1436278740000 40.4
1436278800000 40.335
1436278860000 40.37
1436278980000 40.21
1436279040000 40.2
1436279160000 40.26
1436279220000 40.28
1436279340000 40.35
1436279460000 40.3
1436279520000 40.34
1436279640000 40.33
1436279760000 40.33
1436279820000 40.33
1436279880000 40.33
1436280000000 40.42
1436280060000 40.56
1436280120000 40.55
1436280180000 40.53
1436280240000 40.56
1436280420000 40.59
1436280480000 40.6482
1436280540000 40.66
1436280660000 40.69
1436280720000 40.65
1436280780000 40.66
1436280840000 40.64
1436280900000 40.64
1436280960000 40.57
1436281020000 40.6
1436281080000 40.65
1436281140000 40.74
1436281320000 40.74
1436281380000 40.7
1436281440000 40.72
1436281500000 40.78
1436281560000 40.77
