1436262900000 17.46
1436263080000 16.53
1436264220000 16.45
1436264400000 16.54
1436266440000 17.2487
1436269620000 17.0
1436272620000 16.35
1436275980000 16.55
1436276700000 16.67
1436276760000 16.56
1436276820000 16.61
1436277120000 16.67
1436277180000 16.68
1436277240000 16.65
1436277300000 16.61
1436277360000 16.61
1436277420000 16.61
1436277540000 16.55
1436277600000 16.55
1436277780000 16.64
1436277840000 16.67
1436278020000 16.61
1436278080000 16.57
1436278260000 16.57
1436278320000 16.55
1436278380000 16.6
1436278440000 16.72
1436278560000 16.71
1436278620000 16.73
1436278680000 16.73
1436278740000 16.73
1436278860000 16.71
1436278920000 16.71
1436279040000 16.69
1436279160000 16.7
1436279340000 16.78
1436279700000 16.58
1436279760000 16.6799
1436279880000 16.85
1436280240000 16.85
1436280420000 16.96
1436280540000 16.97
1436280600000 17.0
1436280780000 17.14
1436280840000 17.13
1436280900000 17.17
1436281020000 17.18
1436281080000 17.19
1436281200000 17.21
1436281260000 17.21
1436281440000 17.07
1436281500000 17.07
