1436261400000 69.09
1436261460000 68.9
1436261580000 68.88
1436261640000 68.88
1436261700000 68.73
1436261760000 68.72
1436261820000 68.82
1436261880000 68.88
1436261940000 68.88
1436262000000 68.84
1436262060000 68.81
1436262120000 68.81
1436262180000 68.93
1436262240000 68.93
1436262300000 68.8
1436262360000 68.85
1436262420000 68.88
1436262480000 68.8701
1436262540000 68.94
1436262600000 68.87
1436262660000 68.81
1436262720000 68.89
1436262780000 68.92
1436262840000 68.905
1436262900000 68.91
1436262960000 68.86
1436263020000 68.8875
1436263080000 68.85
1436263140000 68.78
1436263200000 68.7999
1436263260000 68.74
1436263320000 68.74
1436263380000 68.78
1436263440000 68.81
1436263500000 68.76
1436263560000 68.76
1436263620000 68.77
1436263680000 68.65
1436263740000 68.66
1436263800000 68.71
1436263860000 68.76
1436263920000 68.72
1436263980000 68.78
1436264040000 68.76
1436264100000 68.68
1436264160000 68.65
1436264220000 68.76
1436264280000 68.69
1436264340000 68.69
1436264400000 68.69
1436264460000 68.63
1436264520000 68.62
1436264580000 68.55
1436264640000 68.575
1436264700000 68.62
1436264760000 68.52
1436264820000 68.57
1436264880000 68.4
1436264940000 68.44
1436265000000 68.44
1436265060000 68.35
1436265120000 68.32
1436265180000 68.36
1436265240000 68.29
1436265300000 68.252
1436265360000 68.23
1436265420000 68.37
1436265480000 68.36
1436265540000 68.34
1436265600000 68.36
1436265660000 68.3
1436265720000 68.232
1436265780000 68.23
1436265840000 68.26
1436265900000 68.27
1436265960000 68.3
1436266020000 68.36
1436266080000 68.36
1436266140000 68.43
1436266200000 68.42
1436266260000 68.38
1436266320000 68.42
1436266380000 68.42
1436266440000 68.35
1436266500000 68.4
1436266560000 68.36
1436266620000 68.39
1436266680000 68.345
1436266740000 68.38
1436266800000 68.46
1436266860000 68.35
1436266920000 68.3574
1436266980000 68.38
1436267040000 68.31
1436267100000 68.35
1436267160000 68.23
1436267220000 68.27
1436267280000 68.278
1436267340000 68.28
1436267400000 68.29
1436267460000 68.305
1436267520000 68.35
1436267580000 68.34
1436267640000 68.3
1436267700000 68.27
1436267760000 68.325
1436267820000 68.345
1436267880000 68.315
1436267940000 68.285
1436268000000 68.29
1436268060000 68.26
1436268120000 68.25
1436268180000 68.3
1436268240000 68.35
1436268300000 68.32
1436268360000 68.305
1436268420000 68.27
1436268480000 68.305
1436268540000 68.22
1436268600000 68.185
1436268660000 68.11
1436268720000 68.07
1436268780000 68.08
1436268840000 68.06
1436268900000 68.03
1436268960000 67.99
1436269020000 68.05
1436269080000 68.05
1436269140000 68.09
1436269200000 68.11
1436269260000 68.13
1436269320000 68.12
1436269380000 68.18
1436269440000 68.22
1436269500000 68.21
1436269560000 68.21
1436269620000 68.23
1436269680000 68.24
1436269740000 68.26
1436269800000 68.245
1436269860000 68.23
1436269920000 68.24
1436269980000 68.265
1436270040000 68.25
1436270100000 68.3
1436270160000 68.35
1436270220000 68.48
1436270280000 68.46
1436270340000 68.48
1436270400000 68.47
1436270460000 68.41
1436270520000 68.39
1436270580000 68.4
1436270640000 68.38
1436270700000 68.3901
1436270760000 68.4
1436270820000 68.31
1436270880000 68.34
1436270940000 68.345
1436271000000 68.33
1436271060000 68.31
1436271120000 68.28
1436271180000 68.33
1436271240000 68.33
1436271300000 68.315
1436271360000 68.34
1436271420000 68.26
1436271480000 68.28
1436271540000 68.27
1436271600000 68.27
1436271660000 68.34
1436271720000 68.32
1436271780000 68.32
1436271840000 68.38
1436271900000 68.35
1436271960000 68.36
1436272020000 68.36
1436272080000 68.4
1436272140000 68.36
1436272200000 68.38
1436272260000 68.415
1436272320000 68.43
1436272380000 68.404
1436272440000 68.49
1436272500000 68.45
1436272560000 68.44
1436272620000 68.5
1436272680000 68.5
1436272740000 68.58
1436272800000 68.5
1436272860000 68.51
1436272920000 68.49
1436272980000 68.5
1436273040000 68.46
1436273100000 68.51
1436273160000 68.55
1436273220000 68.55
1436273280000 68.57
1436273340000 68.62
1436273400000 68.62
1436273460000 68.56
1436273520000 68.62
1436273580000 68.59
1436273640000 68.6
1436273700000 68.7
1436273760000 68.69
1436273820000 68.74
1436273880000 68.77
1436273940000 68.8
1436274000000 68.8
1436274060000 68.7
1436274120000 68.7
1436274180000 68.64
1436274240000 68.64
1436274300000 68.64
1436274360000 68.63
1436274420000 68.58
1436274480000 68.59
1436274540000 68.65
1436274600000 68.63
1436274660000 68.66
1436274720000 68.7
1436274780000 68.755
1436274840000 68.8
1436274900000 68.82
1436274960000 68.765
1436275020000 68.72
1436275080000 68.72
1436275140000 68.6702
1436275200000 68.72
1436275260000 68.67
1436275320000 68.65
1436275380000 68.67
1436275440000 68.713
1436275500000 68.73
1436275560000 68.74
1436275620000 68.72
1436275680000 68.73
1436275740000 68.75
1436275800000 68.77
1436275860000 68.81
1436275920000 68.76
1436275980000 68.77
1436276040000 68.725
1436276100000 68.75
1436276160000 68.75
1436276220000 68.78
1436276280000 68.76
1436276340000 68.745
1436276400000 68.77
1436276460000 68.69
1436276520000 68.75
1436276580000 68.76
1436276640000 68.79
1436276700000 68.84
1436276760000 68.81
1436276820000 68.81
1436276880000 68.8
1436276940000 68.82
1436277000000 68.82
1436277060000 68.75
1436277120000 68.76
1436277180000 68.75
1436277240000 68.78
1436277300000 68.77
1436277360000 68.77
1436277420000 68.8
1436277480000 68.7403
1436277540000 68.79
1436277600000 68.83
1436277660000 68.827
1436277720000 68.8
1436277780000 68.81
1436277840000 68.84
1436277900000 68.86
1436277960000 68.82
1436278020000 68.82
1436278080000 68.79
1436278140000 68.81
1436278200000 68.88
1436278260000 68.82
1436278320000 68.85
1436278380000 68.88
1436278440000 68.84
1436278500000 68.83
1436278560000 68.85
1436278620000 68.86
1436278680000 68.8
1436278740000 68.77
1436278800000 68.74
1436278860000 68.78
1436278920000 68.71
1436278980000 68.74
1436279040000 68.78
1436279100000 68.7601
1436279160000 68.81
1436279220000 68.77
1436279280000 68.83
1436279340000 68.83
1436279400000 68.84
1436279460000 68.83
1436279520000 68.82
1436279580000 68.855
1436279640000 68.86
1436279700000 68.84
1436279760000 68.85
1436279820000 68.84
1436279880000 68.81
1436279940000 68.88
1436280000000 68.91
1436280060000 68.92
1436280120000 69.04
1436280180000 69.02
1436280240000 69.09
1436280300000 69.09
1436280360000 69.12
1436280420000 69.14
1436280480000 69.13
1436280540000 69.1
1436280600000 69.08
1436280660000 69.06
1436280720000 69.06
1436280780000 69.08
1436280840000 69.11
1436280900000 69.12
1436280960000 69.12
1436281020000 69.14
1436281080000 69.12
1436281140000 69.29
1436281200000 69.24
1436281260000 69.26
1436281320000 69.22
1436281380000 69.22
1436281440000 69.2
1436281500000 69.21
1436281560000 69.18
