1436261640000 20.33
1436261700000 20.31
1436261820000 20.18
1436262120000 20.09
1436262180000 20.1
1436263260000 20.0
1436263380000 20.0
1436263500000 19.94
1436263680000 19.92
1436263740000 19.8801
1436263980000 19.93
1436264040000 19.97
1436264220000 19.94
1436264280000 19.95
1436264340000 19.99
1436264700000 19.9
1436264940000 19.89
1436265000000 19.8775
1436265540000 19.86
1436265600000 19.89
1436266020000 19.92
1436266140000 19.95
1436266200000 19.94
1436266260000 19.97
1436266380000 19.97
1436266560000 20.05
1436266980000 20.095
1436267220000 20.06
1436267520000 19.97
1436267640000 19.97
1436268000000 19.96
1436268720000 19.92
1436268840000 19.89
1436269080000 19.91
1436269260000 19.92
1436269500000 19.945
1436270100000 19.975
1436270160000 19.985
1436270220000 19.995
1436270340000 19.97
1436270400000 20.0
1436270640000 20.04
1436270700000 20.0
1436270880000 19.96
1436271060000 19.93
1436271420000 19.91
1436271540000 19.88
1436271600000 19.885
1436271660000 19.88
1436272500000 19.98
1436272620000 20.0
1436272680000 19.99
1436272740000 20.0
1436272920000 20.0
1436272980000 20.005
1436273100000 20.03
1436273160000 20.02
1436273220000 20.03
1436273460000 20.045
1436273700000 20.05
1436274000000 20.03
1436274360000 20.01
1436274480000 20.02
1436274540000 20.03
1436274660000 20.03
1436274780000 20.02
1436274960000 20.05
1436275020000 20.05
1436275620000 20.07
1436275680000 20.07
1436275740000 20.03
1436276040000 20.03
1436276760000 20.04
1436276880000 20.055
1436276940000 20.06
1436277600000 20.09
1436277720000 20.09
1436278200000 20.08
1436278500000 20.09
1436279280000 20.065
1436279340000 20.06
1436279400000 20.055
1436279460000 20.06
1436279580000 20.07
1436279700000 20.08
1436279760000 20.07
1436279880000 20.085
1436280000000 20.085
1436280060000 20.08
1436280120000 20.085
1436280180000 20.085
1436280420000 20.09
1436280480000 20.11
1436280900000 20.11
1436280960000 20.11
1436281020000 20.115
1436281080000 20.115
1436281140000 20.145
1436281440000 20.21
1436281500000 20.18
