1436267940000 25.82
1436268840000 25.9
1436268960000 25.87
1436269020000 25.88
1436269320000 25.95
1436270040000 25.97
1436271000000 26.19
1436272140000 26.03
1436272200000 26.05
1436272380000 26.07
1436272440000 26.03
1436272680000 26.03
1436272980000 26.0
1436273160000 26.0
1436273220000 25.9901
1436273880000 25.94
1436273940000 25.94
1436274000000 25.94
1436274180000 25.94
1436274240000 25.94
1436274360000 25.94
1436274480000 25.94
1436274540000 25.94
1436274600000 25.94
1436274660000 25.94
1436274780000 25.94
1436274840000 25.94
1436275440000 26.24
1436275560000 26.09
1436277360000 26.155
1436278560000 26.29
1436278620000 26.18
1436278740000 26.21
1436279160000 26.32
1436279280000 26.32
1436280420000 26.12
1436280660000 26.235
1436281020000 26.35
