1436261400000 1.99
1436261700000 1.98
1436262240000 1.98
1436262300000 1.98
1436262420000 1.98
1436262600000 1.98
1436262720000 1.99
1436263080000 1.98
1436263200000 1.98
1436263260000 1.98
1436263440000 1.9501
1436263560000 1.98
1436263620000 1.98
1436263860000 1.99
1436263920000 1.9798
1436263980000 1.98
1436264160000 1.99
1436264220000 1.98
1436264580000 1.97
1436264640000 1.98
1436264820000 1.9601
1436265240000 1.99
1436265300000 1.98
1436265360000 1.98
1436265840000 1.99
1436265900000 1.98
1436266020000 1.97
1436266080000 1.98
1436266140000 1.9754
1436266200000 1.97
1436266260000 1.98
1436266500000 1.97
1436266560000 1.965
1436266740000 1.96
1436267040000 1.95
1436267160000 1.95
1436267280000 1.97
1436267700000 1.965
1436267880000 1.97
1436267940000 1.95
1436268000000 1.97
1436268660000 1.97
1436268720000 1.96
1436268840000 1.95
1436268900000 1.95
1436268960000 1.95
1436269440000 1.95
1436269500000 1.95
1436269740000 1.96
1436269800000 1.96
1436269860000 1.969
1436269920000 1.965
1436269980000 1.97
1436270160000 1.97
1436270340000 1.96
1436270460000 1.97
1436270520000 1.98
1436270580000 1.97
1436270700000 1.98
1436270940000 1.97
1436271000000 1.97
1436271300000 1.96
1436271360000 1.965
1436271540000 1.96
1436271720000 1.97
1436271780000 1.97
1436272560000 1.96
1436272680000 1.96
1436272740000 1.97
1436273040000 1.97
1436273100000 1.97
1436273160000 1.98
1436273220000 1.98
1436273400000 1.98
1436273760000 1.98
1436273880000 1.98
1436274000000 1.99
1436274060000 1.9815
1436274120000 1.99
1436274240000 2.0
1436274300000 1.985
1436274360000 1.99
1436274420000 1.985
1436274600000 1.985
1436274660000 1.98
1436274720000 1.98
1436274780000 1.99
1436274900000 1.99
1436274960000 1.985
1436275020000 1.98
1436275320000 1.97
1436275620000 1.97
1436275680000 1.97
1436275860000 1.98
1436275920000 1.98
1436276040000 1.98
1436276280000 1.98
1436276700000 1.97
1436276760000 1.99
1436277120000 1.99
1436277480000 1.978
1436277540000 1.97
1436277600000 1.99
1436278140000 1.97
1436278380000 1.97
1436278440000 1.99
1436278620000 1.99
1436278920000 1.97
1436279220000 1.99
1436279460000 1.97
1436279520000 1.98
1436280180000 1.98
1436280240000 1.99
1436280420000 1.99
1436280540000 1.9701
1436280720000 1.98
1436280780000 1.98
1436280840000 1.99
1436280900000 1.99
1436280960000 1.98
1436281260000 1.981
1436281320000 1.98
1436281380000 1.98
1436281440000 2.01
1436281500000 2.02
1436281560000 2.01
