1436262120000 22.28
1436262180000 22.39
1436262240000 22.51
1436262360000 22.3
1436262480000 22.25
1436262840000 22.475
1436263020000 22.4
1436263500000 22.32
1436264640000 22.1
1436265420000 22.1499
1436265540000 22.08
1436265660000 22.07
1436265720000 22.14
1436265840000 22.16
1436266020000 22.125
1436266080000 22.17
1436266320000 22.25
1436266560000 22.31
1436266620000 22.39
1436266920000 22.37
1436267100000 22.28
1436267220000 22.19
1436267520000 22.275
1436267580000 22.27
1436267760000 22.28
1436267820000 22.28
1436267940000 22.3499
1436268120000 22.23
1436268540000 22.12
1436269140000 21.98
1436269200000 21.99
1436269440000 22.0
1436269740000 22.03
1436270220000 22.05
1436270340000 22.0699
1436270760000 22.0
1436270880000 21.99
1436270940000 21.98
1436271000000 21.98
1436271540000 21.94
1436271840000 21.94
1436271900000 22.03
1436272020000 22.03
1436272260000 22.03
1436272560000 22.0599
1436272620000 22.06
1436273220000 22.08
1436273640000 22.15
1436273700000 22.22
1436273760000 22.2699
1436273820000 22.27
1436274000000 22.27
1436274180000 22.26
1436274300000 22.23
1436274540000 22.19
1436274780000 22.24
1436275080000 22.38
1436275200000 22.32
1436275500000 22.26
1436276100000 22.36
1436276460000 22.46
1436276520000 22.41
1436276880000 22.38
1436277240000 22.32
1436277360000 22.27
1436277840000 22.25
1436278140000 22.315
1436278260000 22.365
1436278500000 22.325
1436278680000 22.28
1436278740000 22.14
1436278800000 22.13
1436278920000 22.12
1436279340000 22.09
1436279820000 22.1799
1436279940000 22.17
1436280060000 22.17
1436280180000 22.22
1436280240000 22.27
1436280540000 22.35
1436280900000 22.42
1436281020000 22.39
1436281140000 22.38
1436281380000 22.39
1436281440000 22.5
