1436261400000 12.0
1436262420000 11.93
1436263860000 11.9
1436264280000 11.95
1436265480000 11.9
1436266380000 11.92
1436268120000 11.96
1436270100000 11.96
1436270160000 12.0
1436270220000 12.0
1436270280000 12.0
1436270580000 11.99
1436271360000 11.96
1436271540000 11.96
1436271960000 11.95
1436272680000 11.95
1436273460000 12.02
1436273640000 12.01
1436273880000 12.0
1436274060000 12.0
1436274180000 12.0
1436274240000 12.0
1436274360000 12.0
1436274720000 12.0
1436274780000 12.0
1436275680000 12.01
1436276580000 12.0
1436276700000 12.015
1436277240000 11.99
1436277900000 11.99
1436278260000 12.0
1436279220000 11.96
1436279280000 11.92
1436279880000 11.94
1436280420000 11.99
1436281140000 12.02
1436281260000 12.1
1436281440000 12.09
1436281500000 12.08
1436281560000 12.07
