1436261400000 0.59
1436262000000 0.555
1436262360000 0.5602
1436262420000 0.5601
1436262480000 0.5551
1436262540000 0.555
1436262600000 0.5502
1436262660000 0.5502
1436262720000 0.5502
1436262780000 0.5502
1436262840000 0.5502
1436263140000 0.5502
1436263200000 0.5503
1436263260000 0.5502
1436263320000 0.5502
1436263380000 0.5502
1436263440000 0.5502
1436263500000 0.5502
1436263560000 0.5502
1436263620000 0.5502
1436263680000 0.5502
1436263740000 0.5502
1436263800000 0.5502
1436263860000 0.5502
1436263920000 0.5502
1436263980000 0.5503
1436264040000 0.5501
1436264100000 0.5501
1436264160000 0.5501
1436264220000 0.55
1436264280000 0.55
1436264340000 0.55
1436264400000 0.5221
1436264460000 0.5225
1436264520000 0.5225
1436264580000 0.523
1436264640000 0.5214
1436264700000 0.5215
1436264760000 0.5215
1436264820000 0.5215
1436264880000 0.5215
1436264940000 0.52
1436265000000 0.52
1436265060000 0.52
1436265660000 0.53
1436265720000 0.53
1436265900000 0.54
1436265960000 0.54
1436266020000 0.54
1436266080000 0.54
1436266200000 0.5274
1436266320000 0.525
1436266380000 0.525
1436266440000 0.525
1436266500000 0.52
1436266560000 0.5202
1436266620000 0.5201
1436266680000 0.51
1436266740000 0.5101
1436266800000 0.51
1436266860000 0.51
1436266920000 0.49
1436266980000 0.5
1436267040000 0.49
1436267100000 0.519
1436267160000 0.5001
1436267220000 0.5
1436267280000 0.5
1436267340000 0.5
1436267400000 0.5
1436267460000 0.482
1436267520000 0.49
1436267580000 0.483
1436267640000 0.49
1436267700000 0.507
1436267820000 0.5
1436267880000 0.4823
1436267940000 0.4836
1436268000000 0.49
1436268060000 0.4817
1436268120000 0.4817
1436268180000 0.4817
1436268240000 0.4818
1436268300000 0.4819
1436268360000 0.482
1436268420000 0.482
1436268480000 0.4821
1436268540000 0.482
1436268600000 0.48
1436268660000 0.48
1436268720000 0.4811
1436268780000 0.4866
1436268840000 0.4866
1436268900000 0.4899
1436268960000 0.4924
1436269020000 0.4924
1436269080000 0.4959
1436269140000 0.4978
1436269620000 0.5235
1436269920000 0.5158
1436270700000 0.51
1436270760000 0.5
1436270820000 0.5
1436270880000 0.5
1436270940000 0.492
1436271000000 0.4911
1436271060000 0.4908
1436271120000 0.4912
1436271180000 0.4912
1436271240000 0.4912
1436271300000 0.4912
1436271360000 0.491
1436271420000 0.491
1436271480000 0.491
1436271540000 0.491
1436271600000 0.491
1436271660000 0.491
1436271720000 0.5095
1436271780000 0.509
1436272260000 0.505
1436272320000 0.505
1436272380000 0.505
1436272440000 0.505
1436272500000 0.505
1436272560000 0.505
1436272620000 0.505
1436272680000 0.4917
1436272740000 0.4917
1436272800000 0.4917
1436272860000 0.4921
1436272920000 0.4925
1436272980000 0.4922
1436273040000 0.4922
1436273100000 0.5
1436273160000 0.5
1436273220000 0.5
1436273280000 0.4924
1436273340000 0.4924
1436273400000 0.4922
1436273460000 0.4922
1436273520000 0.4922
1436273580000 0.4922
1436273640000 0.4999
1436273700000 0.4989
1436273820000 0.5
1436273880000 0.5
1436273940000 0.5064
1436274060000 0.5099
1436274300000 0.5076
1436274480000 0.5001
1436274600000 0.509
1436274780000 0.5001
1436275080000 0.5012
1436275140000 0.501
1436275200000 0.501
1436275260000 0.501
1436275320000 0.501
1436275380000 0.501
1436275440000 0.501
1436275500000 0.501
1436275560000 0.501
1436275620000 0.501
1436275680000 0.501
1436275740000 0.501
1436275800000 0.501
1436275860000 0.501
1436275920000 0.501
1436275980000 0.501
1436276040000 0.501
1436276100000 0.501
1436276160000 0.501
1436276220000 0.501
1436276280000 0.501
1436276340000 0.501
1436276400000 0.501
1436276460000 0.501
1436276580000 0.5011
1436276640000 0.5011
1436276700000 0.5011
1436276760000 0.5011
1436276820000 0.5011
1436276880000 0.5011
1436276940000 0.5011
1436277000000 0.5011
1436277060000 0.5011
1436277120000 0.502
1436277180000 0.502
1436277240000 0.502
1436277300000 0.502
1436277360000 0.5011
1436277420000 0.501
1436277480000 0.501
1436277540000 0.501
1436277720000 0.501
1436277780000 0.501
1436277840000 0.501
1436277900000 0.501
1436277960000 0.501
1436278020000 0.502
1436278080000 0.501
1436278140000 0.5
1436278200000 0.5
1436278260000 0.5
1436278320000 0.5
1436278380000 0.5
1436278440000 0.5
1436278500000 0.5
1436278560000 0.5
1436278620000 0.5
1436278680000 0.5
1436278740000 0.5
1436278800000 0.5
1436278860000 0.5
1436278920000 0.5
1436278980000 0.5
1436279040000 0.495
1436279100000 0.495
1436279160000 0.495
1436279220000 0.495
1436279280000 0.5
1436279340000 0.5
1436279400000 0.5
1436279460000 0.495
1436279520000 0.495
1436279580000 0.495
1436279640000 0.495
1436279700000 0.495
1436279760000 0.495
1436280300000 0.495
1436280360000 0.495
1436280420000 0.495
1436280480000 0.495
1436280540000 0.495
1436280600000 0.495
1436280660000 0.495
1436280720000 0.495
1436280780000 0.495
1436280840000 0.495
1436280900000 0.495
1436280960000 0.4989
1436281020000 0.4921
1436281080000 0.4916
1436281140000 0.49
1436281200000 0.49
1436281260000 0.49
1436281320000 0.49
1436281380000 0.4901
1436281440000 0.49
1436281500000 0.49
1436281560000 0.49
