1404705600000 26.99
1404878400000 26.36
1404964800000 26.07
1405051200000 26.1999
1405310400000 26.35
1405396800000 26.31
1405483200000 26.55
1405569600000 26.17
1405656000000 26.47
1405915200000 26.712
1406001600000 27.17
1406088000000 27.12
1406260800000 27.253
1406520000000 27.39
1406606400000 27.3892
1406692800000 27.155
1406779200000 26.7
1406865600000 26.82
1407124800000 27.06
1407211200000 26.592
1407297600000 26.6175
1407384000000 26.57
1407470400000 26.4
1407729600000 26.78
1407816000000 26.7892
1407902400000 26.87
1407988800000 26.91
1408075200000 26.9788
1408334400000 27.25
1408420800000 27.421
1408507200000 27.34
1408593600000 27.13
1408680000000 27.0999
1408939200000 27.154
1409025600000 27.42
1409112000000 27.634
1409198400000 27.4399
1409284800000 27.5732
1409630400000 27.7336
1409716800000 28.01
1409803200000 28.01
1409889600000 27.91
1410148800000 27.66
1410235200000 27.29
1410321600000 27.039
1410408000000 27.0828
1410494400000 26.78
1410753600000 26.5204
1410840000000 26.47
1410926400000 26.99
1411012800000 26.641
1411099200000 26.66
1411358400000 26.04
1411444800000 25.7499
1411531200000 26.07
1411617600000 25.3201
1411704000000 25.67
1411963200000 25.11
1412049600000 24.9001
1412136000000 24.37
1412308800000 24.48
1412568000000 25.01
1412654400000 24.896
1412740800000 25.21
1412827200000 25.049
1412913600000 24.45
1413172800000 24.88
1413259200000 24.77
1413345600000 24.36
1413432000000 24.05
1413518400000 24.382
1413777600000 24.4144
1413864000000 24.41
1413950400000 24.36
1414036800000 24.27
1414123200000 24.44
1414382400000 24.09
1414468800000 24.66
1414555200000 24.77
1414641600000 25.15
1414728000000 25.33
1414990800000 25.04
1415077200000 24.92
1415163600000 24.95
1415250000000 24.74
1415336400000 24.7901
1415595600000 24.84
1415682000000 24.88
1415854800000 24.75
1415941200000 24.7546
1416200400000 24.541
1416286800000 24.6999
1416373200000 24.349
1416459600000 24.599
1416546000000 25.12
1416805200000 25.1901
1416891600000 25.2407
1416978000000 25.43
1417150800000 25.23
1417410000000 24.569
1417496400000 24.6101
1417582800000 24.73
1417669200000 24.82
1417755600000 24.8199
1418014800000 24.4427
1418101200000 24.2499
1418187600000 23.9
1418274000000 23.861
1418360400000 23.377
1418619600000 23.1
1418706000000 22.801
1418792400000 23.304
1418878800000 23.59
1418965200000 23.68
1419224400000 23.86
1419310800000 23.551
1419829200000 23.605
1419915600000 23.49
1420002000000 23.535
1420174800000 23.43
1420434000000 23.1318
1420520400000 22.89
1420606800000 23.3001
1420693200000 23.6455
1420779600000 23.5812
1421038800000 23.316
1421125200000 23.43
1421211600000 23.33
1421298000000 23.635
1421384400000 23.73
1421730000000 23.6601
1421816400000 24.18
1421902800000 24.49
1421989200000 24.48
1422248400000 24.55
1422334800000 24.5494
1422421200000 24.35
1422507600000 24.16
1422594000000 23.68
1422853200000 23.8399
1422939600000 24.28
1423026000000 24.4643
1423112400000 24.15
1423198800000 23.68
1423458000000 23.48
1423544400000 23.5291
1423630800000 23.1215
1423717200000 23.721
1423803600000 23.9916
1424149200000 23.9977
1424235600000 23.8938
1424322000000 23.9
1424408400000 23.96
1424754000000 23.62
1424840400000 23.91
1424926800000 24.29
1425013200000 24.16
1425272400000 24.2384
1425358800000 23.9
1425445200000 23.525
1425531600000 23.441
1425618000000 23.24
1425873600000 23.0608
1425960000000 22.692
1426046400000 22.57
1426132800000 22.81
1426219200000 22.1001
1426478400000 22.49
1426564800000 22.69
1426651200000 23.3616
1426737600000 23.02
1426824000000 23.3
1427083200000 23.44
1427169600000 23.5699
1427256000000 23.21
1427342400000 22.811
1427428800000 23.018
1427688000000 23.27
1427860800000 23.46
1427947200000 23.76
1428465600000 24.6
1428552000000 24.85
1428638400000 24.96
1428897600000 25.5399
1428984000000 25.359
1429070400000 25.3185
1429156800000 25.64
1429243200000 25.23
1429502400000 25.26
1429588800000 25.5799
1429675200000 25.6
1429761600000 25.745
1430107200000 25.971
1430193600000 25.94
1430280000000 25.871
1430366400000 25.45
1430452800000 25.969
1430712000000 25.68
1430798400000 25.6899
1430971200000 24.96
1431316800000 25.395
1431489600000 25.24
1431576000000 25.2501
1431662400000 25.432
1431921600000 25.2305
1432008000000 25.19
1432094400000 25.261
1432180800000 25.021
1432267200000 25.1426
1432612800000 24.95
1432699200000 24.87
1432785600000 24.52
1432872000000 24.4
1433217600000 24.6
1433304000000 24.401
1433390400000 24.4
1433822400000 24.1358
1433995200000 24.2003
1434081600000 24.15
1434340800000 23.85
1434427200000 23.9
1434686400000 24.306
1435032000000 24.46
1435118400000 24.26
1435204800000 24.13
1435550400000 23.43
1435636800000 23.81
1435723200000 23.81
