1436261400000 405.25
1436261460000 405.2
1436261520000 405.93
1436261580000 405.49
1436261640000 405.49
1436261700000 405.1
1436261760000 405.9
1436261820000 404.455
1436261880000 405.1
1436261940000 404.877
1436262000000 405.07
1436262060000 405.07
1436262120000 404.87
1436262180000 405.56
1436262240000 405.67
1436262300000 404.87
1436262360000 404.985
1436262420000 404.48
1436262480000 405.59
1436262540000 405.335
1436262600000 404.89
1436262660000 404.73
1436262720000 404.82
1436262780000 405.79
1436262840000 406.03
1436262900000 405.71
1436262960000 405.889
1436263020000 405.13
1436263080000 404.8
1436263140000 404.75
1436263200000 404.89
1436263260000 403.93
1436263320000 403.54
1436263380000 404.51
1436263440000 404.25
1436263500000 404.51
1436263560000 403.352
1436263620000 403.56
1436263680000 402.905
1436263740000 403.255
1436263800000 403.48
1436263860000 404.6
1436263920000 404.63
1436263980000 404.6
1436264040000 404.99
1436264100000 404.7
1436264160000 404.37
1436264220000 404.42
1436264280000 405.105
1436264340000 405.26
1436264400000 404.85
1436264460000 404.885
1436264520000 405.85
1436264580000 406.14
1436264640000 406.46
1436264700000 405.84
1436264760000 405.77
1436264820000 405.985
1436264880000 406.31
1436264940000 406.0
1436265000000 405.8
1436265060000 405.85
1436265120000 405.24
1436265180000 405.01
1436265240000 404.54
1436265300000 404.24
1436265360000 403.11
1436265420000 403.6
1436265480000 402.99
1436265540000 403.03
1436265600000 402.2
1436265660000 401.77
1436265720000 401.205
1436265780000 400.66
1436265840000 400.845
1436265900000 401.295
1436265960000 401.94
1436266020000 402.52
1436266080000 402.325
1436266140000 402.745
1436266200000 402.95
1436266260000 402.645
1436266320000 402.91
1436266380000 403.465
1436266440000 403.5
1436266500000 404.45
1436266560000 403.96
1436266620000 404.67
1436266680000 404.17
1436266740000 404.38
1436266800000 404.45
1436266860000 403.95
1436266920000 403.644
1436266980000 403.62
1436267040000 403.92
1436267100000 403.86
1436267160000 403.84
1436267220000 403.515
1436267280000 403.515
1436267340000 403.59
1436267400000 403.35
1436267460000 403.62
1436267520000 404.04
1436267580000 404.2
1436267640000 403.77
1436267700000 403.8
1436267760000 403.5
1436267820000 403.37
1436267880000 403.18
1436267940000 402.906
1436268000000 403.18
1436268060000 403.3
1436268120000 403.29
1436268180000 402.81
1436268240000 402.99
1436268300000 402.91
1436268360000 402.72
1436268420000 402.53
1436268480000 402.86
1436268540000 402.19
1436268600000 402.31
1436268660000 402.54
1436268720000 402.495
1436268780000 402.47
1436268840000 402.275
1436268900000 401.59
1436268960000 401.735
1436269020000 402.32
1436269080000 402.64
1436269140000 403.0
1436269200000 403.32
1436269260000 403.47
1436269320000 403.335
1436269380000 403.725
1436269440000 403.87
1436269500000 403.995
1436269560000 402.78
1436269620000 402.77
1436269680000 402.91
1436269740000 402.68
1436269800000 402.29
1436269860000 402.7
1436269920000 402.23
1436269980000 402.4
1436270100000 402.58
1436270160000 403.0
1436270220000 403.78
1436270280000 403.56
1436270340000 403.37
1436270400000 403.41
1436270460000 402.69
1436270520000 402.41
1436270580000 402.76
1436270640000 403.41
1436270700000 403.08
1436270760000 403.06
1436270820000 402.6
1436270880000 403.19
1436270940000 403.12
1436271000000 402.84
1436271060000 402.35
1436271120000 401.92
1436271180000 401.97
1436271240000 402.19
1436271300000 402.06
1436271360000 402.715
1436271420000 401.97
1436271480000 402.26
1436271540000 402.66
1436271600000 402.35
1436271660000 402.34
1436271720000 402.47
1436271780000 402.51
1436271840000 402.355
1436271900000 402.49
1436271960000 402.6
1436272020000 402.68
1436272080000 403.305
1436272140000 402.78
1436272200000 402.71
1436272260000 402.81
1436272320000 403.47
1436272380000 403.4
1436272440000 403.78
1436272500000 403.98
1436272560000 403.83
1436272680000 403.8
1436272740000 404.0
1436272800000 403.95
1436272860000 403.97
1436272920000 403.91
1436272980000 403.96
1436273040000 403.993
1436273100000 404.72
1436273160000 404.395
1436273220000 404.25
1436273340000 404.72
1436273400000 404.5
1436273460000 404.42
1436273520000 404.48
1436273580000 404.35
1436273640000 404.475
1436273700000 405.01
1436273760000 404.8
1436273820000 404.845
1436273880000 405.36
1436273940000 405.85
1436274000000 405.9
1436274060000 405.69
1436274120000 405.85
1436274180000 404.66
1436274360000 404.705
1436274420000 404.47
1436274480000 404.145
1436274540000 404.185
1436274600000 404.56
1436274660000 404.65
1436274720000 405.4
1436274780000 405.69
1436274840000 405.665
1436274900000 406.2
1436274960000 406.0
1436275020000 405.18
1436275080000 405.32
1436275140000 405.4
1436275200000 405.9
1436275320000 405.04
1436275380000 405.7
1436275440000 405.8
1436275560000 405.79
1436275620000 405.98
1436275740000 406.49
1436275800000 407.166
1436275860000 407.25
1436275920000 406.94
1436275980000 407.19
1436276040000 406.95
1436276100000 407.25
1436276160000 407.41
1436276220000 407.5
1436276280000 407.66
1436276340000 407.78
1436276400000 407.95
1436276460000 407.31
1436276520000 406.94
1436276580000 407.77
1436276640000 407.48
1436276700000 408.17
1436276760000 407.99
1436276880000 407.92
1436276940000 408.1
1436277000000 407.438
1436277060000 407.09
1436277120000 407.52
1436277180000 407.52
1436277240000 407.22
1436277300000 407.18
1436277360000 406.92
1436277420000 407.25
1436277480000 407.04
1436277540000 407.349
1436277600000 407.37
1436277660000 407.54
1436277720000 407.29
1436277780000 406.85
1436277840000 407.22
1436277900000 407.132
1436277960000 407.142
1436278020000 407.085
1436278080000 406.95
1436278140000 407.4
1436278200000 406.99
1436278260000 406.99
1436278320000 407.22
1436278380000 407.14
1436278440000 407.27
1436278500000 406.8
1436278560000 406.43
1436278620000 406.59
1436278680000 406.36
1436278740000 406.035
1436278800000 406.13
1436278860000 405.795
1436278920000 405.55
1436278980000 404.81
1436279040000 404.905
1436279100000 404.79
1436279160000 405.07
1436279220000 405.26
1436279280000 405.8
1436279340000 405.7
1436279400000 405.76
1436279460000 405.74
1436279520000 405.84
1436279580000 406.18
1436279640000 406.05
1436279700000 406.08
1436279760000 406.294
1436279820000 406.45
1436279880000 406.53
1436280000000 406.82
1436280060000 407.13
1436280120000 407.555
1436280180000 407.56
1436280240000 408.01
1436280300000 407.01
1436280360000 407.55
1436280420000 407.72
1436280480000 408.1
1436280540000 407.92
1436280600000 408.46
1436280660000 407.742
1436280720000 407.65
1436280780000 407.61
1436280840000 408.57
1436280900000 408.25
1436280960000 408.62
1436281020000 409.17
1436281080000 408.916
1436281140000 409.91
1436281200000 409.4
1436281260000 409.49
1436281320000 408.61
1436281380000 408.57
1436281440000 408.33
1436281500000 408.82
1436281560000 408.71
