1436261400000 5.77
1436261640000 5.75
1436261760000 5.73
1436261820000 5.73
1436261880000 5.75
1436261940000 5.76
1436262060000 5.79
1436262600000 5.8
1436262780000 5.82
1436262840000 5.82
1436262900000 5.81
1436263020000 5.81
1436263080000 5.8
1436263140000 5.81
1436263200000 5.8
1436263320000 5.7901
1436263620000 5.8099
1436263680000 5.79
1436263800000 5.78
1436263860000 5.7772
1436263920000 5.7501
1436264040000 5.7772
1436264100000 5.7501
1436264160000 5.771
1436264220000 5.7563
1436264280000 5.7618
1436264340000 5.7527
1436264400000 5.724
1436264460000 5.7281
1436265060000 5.75
1436265300000 5.73
1436265360000 5.72
1436265540000 5.71
1436265600000 5.64
1436265660000 5.66
1436265720000 5.6685
1436265780000 5.6487
1436266320000 5.6725
1436266740000 5.65
1436266800000 5.6365
1436267160000 5.64
1436267580000 5.67
1436267940000 5.64
1436268120000 5.63
1436268180000 5.63
1436268240000 5.63
1436268360000 5.62
1436268420000 5.62
1436268480000 5.6
1436268900000 5.59
1436269020000 5.58
1436269920000 5.64
1436270040000 5.67
1436271480000 5.62
1436272020000 5.66
1436272320000 5.66
1436272500000 5.67
1436273100000 5.67
1436273220000 5.65
1436273280000 5.649
1436273340000 5.64
1436274180000 5.62
1436274660000 5.62
1436275740000 5.644
1436275860000 5.6201
1436275920000 5.62
1436276040000 5.64
1436276160000 5.65
1436277060000 5.62
1436277120000 5.62
1436277240000 5.64
1436278500000 5.62
1436278560000 5.62
1436278620000 5.61
1436278740000 5.61
1436278800000 5.61
1436279700000 5.58
1436279880000 5.6
1436279940000 5.6
1436280060000 5.611
1436280180000 5.62
1436280240000 5.6298
1436280420000 5.62
1436280600000 5.62
1436280660000 5.62
1436280960000 5.61
1436281080000 5.6055
1436281200000 5.62
1436281380000 5.62
1436281560000 5.63
