1436263080000 7.26
1436263140000 7.28
1436263980000 7.28
1436264460000 7.24
1436264760000 7.21
1436265060000 7.2
1436265540000 7.19
1436266080000 7.1709
1436268120000 7.16
1436268600000 7.18
1436269320000 7.2
1436269740000 7.2
1436270040000 7.2
1436270100000 7.2
1436270220000 7.2
1436271180000 7.22
1436271240000 7.2
1436272740000 7.2
1436273220000 7.2
1436273340000 7.2
1436273640000 7.205
1436274060000 7.205
1436274300000 7.2
1436274660000 7.2001
1436274840000 7.2
1436275080000 7.2
1436275200000 7.205
1436275260000 7.21
1436275320000 7.2
1436276760000 7.2001
1436276880000 7.2
1436277000000 7.2
1436279040000 7.19
1436280660000 7.1801
