1434706200000 50.88
1434706320000 51.09
1434706440000 51.13
1434706740000 51.09
1434707340000 50.89
1434707640000 50.99
1434707760000 51.03
1434707880000 51.05
1434707940000 51.07
1434708060000 51.085
1434708120000 51.09
1434708240000 51.08
1434708360000 51.07
1434708420000 51.03
1434708780000 51.03
1434709020000 51.01
1434709140000 51.01
1434709260000 51.04
1434709440000 51.08
1434709740000 51.04
1434710040000 51.05
1434710340000 51.0
1434710580000 51.06
1434710640000 51.04
1434710940000 51.06
1434711000000 51.06
1434711240000 51.03
1434711420000 51.06
1434711540000 51.05
1434711600000 51.04
1434711720000 51.01
1434711840000 51.02
1434711900000 51.03
1434712020000 51.0
1434712080000 51.01
1434712140000 51.03
1434712200000 51.03
1434712260000 51.02
1434712320000 51.03
1434712380000 51.03
1434712440000 51.03
1434712500000 51.02
1434712560000 51.02
1434712740000 51.01
1434712800000 51.0
1434712860000 51.0
1434713280000 51.02
1434713640000 50.99
1434713760000 51.02
1434713940000 51.01
1434714540000 50.99
1434714600000 50.99
1434714840000 51.0
1434715140000 50.98
1434715320000 51.0
1434715740000 50.98
1434715860000 51.0
1434715920000 51.02
1434716040000 51.01
1434716640000 50.99
1434716940000 50.98
1434717000000 51.01
1434717240000 51.0
1434717540000 50.97
1434717780000 51.0
1434718380000 50.96
1434718440000 50.94
1434718500000 50.94
1434718740000 50.92
1434718800000 50.92
1434719040000 50.92
1434719160000 50.93
1434719220000 50.96
1434719940000 50.95
1434720060000 50.97
1434720120000 50.96
1434720540000 50.97
1434720720000 51.0
1434720900000 51.01
1434720960000 51.01
1434721080000 51.02
1434721140000 51.03
1434721500000 51.04
1434721800000 51.04
1434722040000 50.99
1434722100000 50.99
1434722280000 50.99
1434722340000 50.99
1434722400000 50.98
1434722460000 50.99
1434722640000 50.99
1434722760000 51.0
1434723000000 51.03
1434723540000 50.97
1434723600000 50.97
1434723660000 50.97
1434723720000 50.95
1434723780000 50.95
1434723840000 50.93
1434723900000 50.93
1434723960000 50.92
1434724020000 50.93
1434724080000 50.91
1434724140000 50.93
1434724440000 50.93
1434724680000 50.87
1434725220000 50.84
1434725340000 50.83
1434725400000 50.82
1434725640000 50.82
1434725700000 50.85
1434725880000 50.91
1434725940000 50.88
1434726300000 50.89
1434726360000 50.89
1434726600000 50.93
1434726720000 50.9
1434726900000 50.9
1434727140000 50.92
1434727380000 50.9
1434727440000 50.91
1434727500000 50.92
1434727560000 50.94
1434727620000 50.94
1434727680000 50.92
1434727740000 50.94
1434727860000 50.98
1434728040000 50.95
1434728160000 50.96
1434728220000 50.95
1434728400000 50.96
1434728460000 50.95
1434728580000 50.95
1434728640000 50.95
1434728760000 50.97
1434728820000 50.97
1434728880000 50.99
1434728940000 51.04
1434729000000 51.05
1434729060000 50.98
1434729120000 51.01
1434729180000 51.01
1434729240000 50.98
1434729300000 50.98
1434729360000 50.945
1434729420000 50.97
1434729480000 50.92
1434729540000 50.93
1434731340000 50.99
