1436261400000 1.68
1436261460000 1.67
1436261520000 1.66
1436261580000 1.65
1436261640000 1.6471
1436261700000 1.6499
1436261760000 1.64
1436261820000 1.6353
1436261880000 1.625
1436261940000 1.64
1436262000000 1.64
1436262060000 1.6445
1436262120000 1.64
1436262180000 1.641
1436262240000 1.65
1436262300000 1.6401
1436262360000 1.645
1436262420000 1.65
1436262480000 1.65
1436262600000 1.64
1436262660000 1.615
1436262780000 1.62
1436262900000 1.6296
1436262960000 1.6245
1436263020000 1.64
1436263080000 1.63
1436263140000 1.635
1436263200000 1.64
1436263260000 1.63
1436263320000 1.6301
1436263380000 1.64
1436263440000 1.63
1436263500000 1.6301
1436263560000 1.64
1436263620000 1.63
1436263740000 1.637
1436263800000 1.63
1436263860000 1.63
1436263980000 1.63
1436264040000 1.6354
1436264100000 1.635
1436264160000 1.6315
1436264220000 1.635
1436264280000 1.635
1436264340000 1.64
1436264400000 1.64
1436264520000 1.6355
1436264700000 1.6345
1436264760000 1.63
1436264820000 1.64
1436264880000 1.64
1436265000000 1.63
1436265060000 1.62
1436265120000 1.62
1436265180000 1.62
1436265300000 1.63
1436265360000 1.63
1436265540000 1.63
1436265600000 1.6299
1436265720000 1.63
1436265780000 1.6201
1436265840000 1.62
1436265900000 1.6201
1436266020000 1.63
1436266080000 1.62
1436266140000 1.62
1436266200000 1.63
1436266260000 1.6201
1436266320000 1.6201
1436266380000 1.6201
1436266500000 1.62
1436266560000 1.626
1436266680000 1.62
1436266740000 1.61
1436266800000 1.6101
1436266860000 1.61
1436266980000 1.6199
1436267100000 1.61
1436267160000 1.61
1436267220000 1.6
1436267280000 1.6
1436267340000 1.6001
1436267400000 1.6099
1436267460000 1.6
1436267520000 1.6
1436267580000 1.6
1436267640000 1.6049
1436267700000 1.6
1436267820000 1.6099
1436267880000 1.6
1436267940000 1.61
1436268000000 1.61
1436268060000 1.61
1436268120000 1.605
1436268180000 1.5949
1436268300000 1.59
1436268360000 1.595
1436268420000 1.5999
1436268480000 1.59
1436268600000 1.59
1436268660000 1.591
1436268720000 1.6
1436268780000 1.595
1436268840000 1.595
1436268900000 1.59
1436268960000 1.599
1436269080000 1.6
1436269140000 1.6
1436269200000 1.59
1436269260000 1.6
1436269320000 1.5983
1436269380000 1.595
1436269440000 1.6
1436269500000 1.6
1436269560000 1.6
1436269620000 1.6
1436269680000 1.6
1436269740000 1.6
1436269800000 1.5945
1436269860000 1.6
1436269920000 1.594
1436269980000 1.59
1436270040000 1.6
1436270100000 1.59
1436270160000 1.59
1436270280000 1.5955
1436270340000 1.6
1436270460000 1.5955
1436270580000 1.6
1436270640000 1.59
1436270700000 1.6
1436270820000 1.599
1436270940000 1.59
1436271000000 1.59
1436271060000 1.5901
1436271120000 1.5899
1436271240000 1.585
1436271300000 1.58
1436271360000 1.581
1436271480000 1.58
1436271540000 1.58
1436271600000 1.58
1436271720000 1.5899
1436271900000 1.59
1436271960000 1.59
1436272080000 1.5813
1436272140000 1.59
1436272200000 1.5855
1436272260000 1.59
1436272320000 1.5801
1436272380000 1.58
1436272440000 1.58
1436272500000 1.59
1436272560000 1.59
1436272620000 1.59
1436272680000 1.58
1436272740000 1.58
1436272800000 1.585
1436272860000 1.59
1436272920000 1.59
1436272980000 1.59
1436273040000 1.59
1436273100000 1.59
1436273160000 1.59
1436273220000 1.585
1436273280000 1.585
1436273340000 1.59
1436273400000 1.5928
1436273460000 1.6
1436273520000 1.6
1436273700000 1.6
1436273760000 1.6
1436273820000 1.6
1436273880000 1.591
1436273940000 1.6
1436274000000 1.5906
1436274120000 1.6
1436274180000 1.6
1436274300000 1.5955
1436274420000 1.6
1436274480000 1.59
1436274540000 1.59
1436274600000 1.5901
1436274720000 1.597
1436274840000 1.5906
1436274960000 1.59
1436275080000 1.59
1436275140000 1.5899
1436275200000 1.5862
1436275320000 1.58
1436275380000 1.59
1436275620000 1.5855
1436275680000 1.59
1436275740000 1.589
1436275800000 1.5801
1436275860000 1.6
1436275920000 1.5925
1436275980000 1.595
1436276040000 1.595
1436276100000 1.6
1436276160000 1.5901
1436276220000 1.5901
1436276280000 1.6
1436276340000 1.6
1436276460000 1.595
1436276520000 1.6
1436276580000 1.6
1436276640000 1.6
1436276700000 1.6
1436276760000 1.6
1436276820000 1.6
1436276880000 1.6
1436277000000 1.595
1436277060000 1.59
1436277120000 1.595
1436277180000 1.595
1436277240000 1.6
1436277300000 1.5946
1436277360000 1.6
1436277420000 1.6
1436277480000 1.6
1436277540000 1.6
1436277600000 1.6
1436277660000 1.6
1436277720000 1.6
1436277780000 1.6
1436277840000 1.5928
1436277900000 1.6
1436278020000 1.591
1436278080000 1.595
1436278140000 1.6
1436278200000 1.6
1436278320000 1.6
1436278440000 1.595
1436278500000 1.6
1436278620000 1.6
1436278740000 1.595
1436278800000 1.59
1436278860000 1.59
1436278920000 1.59
1436278980000 1.59
1436279100000 1.5998
1436279160000 1.6
1436279220000 1.5945
1436279280000 1.59
1436279520000 1.595
1436279580000 1.6
1436279640000 1.59
1436279700000 1.59
1436279760000 1.59
1436279820000 1.6
1436279940000 1.6
1436280000000 1.6
1436280060000 1.6
1436280180000 1.6
1436280360000 1.59
1436280420000 1.6
1436280660000 1.5949
1436280720000 1.59
1436280840000 1.6
1436280900000 1.59
1436281140000 1.59
1436281200000 1.59
1436281260000 1.6
1436281320000 1.6
1436281380000 1.5999
1436281500000 1.59
1436281560000 1.6
