1436261400000 56.92
1436261940000 57.0
1436262060000 56.75
1436262120000 56.68
1436262180000 56.92
1436262240000 56.84
1436262300000 56.82
1436262540000 56.77
1436262600000 56.71
1436262780000 56.81
1436263020000 56.66
1436263320000 56.55
1436263440000 56.49
1436263740000 56.4
1436264100000 56.39
1436264160000 56.39
1436264220000 56.3763
1436264280000 56.37
1436264340000 56.39
1436264400000 56.36
1436264460000 56.33
1436264520000 56.39
1436264580000 56.45
1436264760000 56.47
1436264880000 56.55
1436264940000 56.5
1436265000000 56.47
1436265180000 56.47
1436265300000 56.5
1436265360000 56.475
1436265420000 56.45
1436265540000 56.29
1436265720000 56.21
1436265960000 56.28
1436266020000 56.37
1436266200000 56.32
1436266320000 56.26
1436266440000 56.44
1436266500000 56.425
1436266560000 56.26
1436266620000 56.31
1436266800000 56.3
1436267100000 56.18
1436267220000 56.25
1436267280000 56.23
1436267340000 56.24
1436267400000 56.27
1436267460000 56.28
1436267520000 56.37
1436267640000 56.4
1436267760000 56.38
1436267820000 56.395
1436267880000 56.34
1436268000000 56.3
1436268060000 56.29
1436268360000 56.19
1436268540000 56.13
1436268600000 56.14
1436268780000 56.29
1436268840000 56.11
1436268900000 56.2
1436269080000 56.19
1436269140000 56.21
1436269200000 56.3
1436269260000 56.34
1436269320000 56.41
1436269380000 56.43
1436269440000 56.375
1436269500000 56.38
1436269560000 56.275
1436269620000 56.25
1436269680000 56.26
1436269740000 56.25
1436269800000 56.25
1436269980000 56.24
1436270100000 56.33
1436270160000 56.44
1436270220000 56.53
1436270280000 56.57
1436270340000 56.575
1436270520000 56.49
1436270700000 56.51
1436270940000 56.52
1436271000000 56.44
1436271060000 56.43
1436271480000 56.3
1436271600000 56.39
1436271660000 56.46
1436271720000 56.46
1436271780000 56.38
1436271840000 56.38
1436271900000 56.39
1436271960000 56.44
1436272020000 56.48
1436272080000 56.47
1436272140000 56.43
1436272440000 56.45
1436272500000 56.48
1436272620000 56.48
1436272680000 56.51
1436272800000 56.56
1436272860000 56.56
1436272920000 56.61
1436272980000 56.67
1436273160000 56.81
1436273280000 56.79
1436273460000 56.83
1436273640000 56.83
1436273760000 56.91
1436273820000 56.9
1436273880000 56.95
1436273940000 56.94
1436274000000 56.96
1436274060000 56.96
1436274120000 56.96
1436274180000 56.79
1436274240000 56.84
1436274360000 56.81
1436274480000 56.81
1436274660000 56.85
1436274720000 56.95
1436274780000 56.97
1436274840000 57.0
1436274960000 57.02
1436275020000 56.9792
1436275260000 56.93
1436275500000 57.07
1436275620000 57.09
1436275800000 57.09
1436275860000 57.02
1436275920000 57.03
1436276040000 56.99
1436276280000 57.09
1436276400000 57.03
1436276580000 57.05
1436276640000 57.08
1436276700000 57.12
1436276760000 57.03
1436276820000 57.02
1436277120000 56.951
1436277180000 56.87
1436277360000 56.89
1436277420000 56.88
1436277480000 56.88
1436277540000 56.88
1436277600000 56.88
1436277660000 56.92
1436277780000 56.9
1436277840000 56.92
1436277960000 56.94
1436278140000 56.85
1436278260000 56.85
1436278380000 56.88
1436278440000 56.88
1436278500000 56.88
1436278620000 56.81
1436278680000 56.81
1436278740000 56.73
1436278800000 56.64
1436279160000 56.675
1436279220000 56.645
1436279280000 56.58
1436279340000 56.59
1436279460000 56.63
1436279520000 56.63
1436279580000 56.76
1436279640000 56.76
1436279820000 56.86
1436279880000 56.81
1436280000000 56.86
1436280120000 56.92
1436280180000 56.94
1436280420000 56.98
1436280540000 56.99
1436280600000 57.03
1436280660000 56.99
1436280840000 56.96
1436280960000 57.08
1436281020000 57.1
1436281080000 57.12
1436281140000 57.18
1436281200000 57.2425
1436281260000 57.32
1436281320000 57.29
1436281380000 57.29
1436281440000 57.29
1436281500000 57.31
1436281560000 57.3
