1436261400000 22.28
1436261460000 22.21
1436261580000 22.21
1436261640000 22.22
1436261700000 22.16
1436261760000 22.17
1436261820000 22.18
1436261880000 22.19
1436261940000 22.21
1436262060000 22.21
1436262120000 22.18
1436262180000 22.185
1436262240000 22.1501
1436262300000 22.16
1436262360000 22.13
1436262420000 22.15
1436262480000 22.15
1436262540000 22.14
1436262600000 22.14
1436262660000 22.12
1436262720000 22.12
1436262780000 22.13
1436262840000 22.12
1436262900000 22.13
1436262960000 22.11
1436263020000 22.1
1436263080000 22.08
1436263140000 22.1
1436263200000 22.08
1436263260000 22.1
1436263320000 22.11
1436263380000 22.11
1436263440000 22.09
1436263500000 22.1
1436263560000 22.1
1436263620000 22.09
1436263680000 22.08
1436263740000 22.08
1436263800000 22.09
1436263860000 22.09
1436263980000 22.1
1436264040000 22.09
1436264100000 22.09
1436264160000 22.06
1436264220000 22.06
1436264280000 22.08
1436264340000 22.1
1436264400000 22.087
1436264460000 22.09
1436264520000 22.12
1436264580000 22.11
1436264640000 22.1
1436264700000 22.08
1436264760000 22.04
1436264820000 22.03
1436264880000 22.01
1436264940000 22.01
1436265000000 22.01
1436265060000 21.98
1436265120000 22.0
1436265180000 22.03
1436265240000 22.01
1436265300000 22.03
1436265360000 22.0
1436265420000 21.98
1436265480000 21.97
1436265540000 21.97
1436265600000 21.96
1436265660000 21.95
1436265720000 21.93
1436265780000 21.93
1436265840000 21.94
1436265900000 21.945
1436265960000 21.955
1436266020000 21.99
1436266080000 22.0
1436266140000 22.0
1436266200000 21.99
1436266260000 21.96
1436266320000 22.02
1436266380000 22.03
1436266440000 22.05
1436266500000 22.07
1436266560000 22.05
1436266620000 22.09
1436266680000 22.07
1436266740000 22.07
1436266800000 22.07
1436266860000 22.04
1436266920000 22.05
1436266980000 22.08
1436267040000 22.06
1436267100000 22.05
1436267160000 22.05
1436267220000 22.06
1436267280000 22.06
1436267340000 22.05
1436267400000 22.05
1436267460000 22.05
1436267520000 22.06
1436267580000 22.09
1436267640000 22.08
1436267700000 22.08
1436267760000 22.08
1436267820000 22.09
1436267880000 22.08
1436267940000 22.06
1436268000000 22.08
1436268060000 22.06
1436268120000 22.06
1436268180000 22.07
1436268240000 22.08
1436268300000 22.07
1436268360000 22.06
1436268420000 22.07
1436268480000 22.09
1436268540000 22.06
1436268600000 22.06
1436268660000 22.06
1436268720000 22.07
1436268780000 22.08
1436268840000 22.05
1436268900000 22.04
1436268960000 22.04
1436269020000 22.04
1436269080000 22.05
1436269140000 22.05
1436269200000 22.05
1436269260000 22.0435
1436269320000 22.05
1436269380000 22.06
1436269440000 22.08
1436269500000 22.09
1436269560000 22.1
1436269620000 22.11
1436269680000 22.11
1436269740000 22.11
1436269800000 22.11
1436269860000 22.105
1436269920000 22.09
1436269980000 22.09
1436270040000 22.09
1436270100000 22.08
1436270160000 22.11
1436270220000 22.16
1436270280000 22.17
1436270340000 22.16
1436270400000 22.14
1436270460000 22.13
1436270520000 22.12
1436270580000 22.12
1436270640000 22.17
1436270700000 22.18
1436270760000 22.188
1436270820000 22.1997
1436270880000 22.19
1436270940000 22.1885
1436271000000 22.17
1436271060000 22.17
1436271120000 22.165
1436271180000 22.17
1436271300000 22.17
1436271360000 22.17
1436271420000 22.16
1436271480000 22.15
1436271540000 22.16
1436271600000 22.18
1436271660000 22.189
1436271720000 22.19
1436271780000 22.18
1436271840000 22.19
1436271900000 22.19
1436271960000 22.19
1436272020000 22.2
1436272080000 22.21
1436272140000 22.21
1436272200000 22.22
1436272260000 22.22
1436272320000 22.24
1436272380000 22.22
1436272440000 22.22
1436272500000 22.22
1436272560000 22.185
1436272620000 22.2
1436272680000 22.21
1436272740000 22.24
1436272800000 22.25
1436272860000 22.25
1436272920000 22.26
1436272980000 22.27
1436273040000 22.28
1436273100000 22.29
1436273160000 22.29
1436273220000 22.28
1436273280000 22.29
1436273340000 22.29
1436273400000 22.29
1436273460000 22.28
1436273520000 22.28
1436273580000 22.27
1436273640000 22.27
1436273700000 22.29
1436273760000 22.28
1436273820000 22.28
1436273880000 22.3
1436273940000 22.31
1436274000000 22.31
1436274060000 22.31
1436274120000 22.29
1436274180000 22.28
1436274240000 22.3
1436274300000 22.29
1436274360000 22.27
1436274420000 22.25
1436274480000 22.27
1436274540000 22.27
1436274600000 22.27
1436274660000 22.28
1436274720000 22.31
1436274780000 22.31
1436274840000 22.31
1436274900000 22.33
1436274960000 22.315
1436275020000 22.31
1436275080000 22.32
1436275140000 22.32
1436275200000 22.33
1436275260000 22.32
1436275320000 22.33
1436275380000 22.33
1436275440000 22.35
1436275500000 22.359
1436275560000 22.34
1436275620000 22.34
1436275680000 22.355
1436275740000 22.38
1436275800000 22.39
1436275860000 22.4
1436275920000 22.39
1436275980000 22.4
1436276040000 22.39
1436276100000 22.38
1436276160000 22.38
1436276220000 22.37
1436276280000 22.38
1436276340000 22.395
1436276400000 22.405
1436276460000 22.39
1436276520000 22.4
1436276580000 22.4
1436276640000 22.4
1436276700000 22.43
1436276760000 22.4499
1436276820000 22.43
1436276880000 22.46
1436276940000 22.52
1436277000000 22.52
1436277060000 22.5
1436277120000 22.51
1436277180000 22.481
1436277240000 22.46
1436277300000 22.45
1436277360000 22.45
1436277420000 22.44
1436277480000 22.45
1436277540000 22.455
1436277600000 22.45
1436277660000 22.44
1436277720000 22.45
1436277780000 22.45
1436277840000 22.45
1436277900000 22.45
1436277960000 22.44
1436278020000 22.45
1436278080000 22.44
1436278140000 22.45
1436278200000 22.45
1436278260000 22.44
1436278320000 22.455
1436278380000 22.45
1436278440000 22.4468
1436278500000 22.44
1436278560000 22.44
1436278620000 22.44
1436278680000 22.42
1436278740000 22.39
1436278800000 22.36
1436278860000 22.35
1436278920000 22.32
1436278980000 22.32
1436279040000 22.33
1436279100000 22.35
1436279160000 22.36
1436279220000 22.365
1436279280000 22.36
1436279340000 22.37
1436279400000 22.41
1436279460000 22.395
1436279520000 22.405
1436279580000 22.42
1436279640000 22.43
1436279700000 22.44
1436279760000 22.43
1436279820000 22.42
1436279880000 22.42
1436279940000 22.45
1436280000000 22.45
1436280060000 22.45
1436280120000 22.46
1436280180000 22.44
1436280240000 22.48
1436280300000 22.5
1436280360000 22.5
1436280420000 22.48
1436280480000 22.49
1436280540000 22.525
1436280600000 22.52
1436280660000 22.525
1436280720000 22.52
1436280780000 22.55
1436280840000 22.54
1436280900000 22.51
1436280960000 22.5
1436281020000 22.5
1436281080000 22.51
1436281140000 22.54
1436281200000 22.55
1436281260000 22.53
1436281320000 22.54
1436281380000 22.53
1436281440000 22.53
1436281500000 22.53
1436281560000 22.52
