1436261400000 21.77
1436264700000 21.62
1436266500000 21.73
1436266800000 21.75
1436267760000 21.78
1436269440000 22.1
1436269500000 22.04
1436269560000 21.98
1436269620000 22.2
1436269680000 21.91
1436269740000 22.04
1436269800000 21.98
1436269860000 21.99
1436269920000 21.91
1436269980000 21.83
1436270340000 21.9
1436271480000 21.91
1436271540000 21.6
1436271780000 21.61
1436272080000 21.605
1436272860000 21.56
1436272920000 21.8
1436272980000 21.8
1436273160000 21.63
1436273220000 21.72
1436273520000 21.81
1436273940000 21.655
1436275320000 21.655
1436276040000 21.7
1436276340000 21.75
1436276700000 21.73
1436276760000 21.74
1436276880000 21.7905
1436277000000 21.77
1436279640000 21.75
1436280300000 21.86
1436281020000 21.63
1436281320000 21.86
1436281500000 21.85
