1436261400000 163.95
1436261460000 163.2
1436261520000 163.7899
1436261580000 163.33
1436261640000 163.12
1436261700000 163.095
1436261760000 162.55
1436261820000 162.5
1436261880000 161.13
1436261940000 162.0
1436262060000 161.27
1436262120000 161.9964
1436262180000 162.0
1436262240000 162.41
1436262300000 162.84
1436262420000 162.8899
1436262480000 163.2075
1436262540000 163.52
1436262660000 162.87
1436262720000 162.44
1436262780000 162.29
1436262840000 161.7
1436262900000 162.11
1436263020000 162.385
1436263080000 161.79
1436263140000 161.7
1436263200000 161.7
1436263260000 161.52
1436263320000 161.4
1436263380000 161.05
1436263440000 160.6951
1436263500000 160.94
1436263620000 160.77
1436263680000 160.43
1436263740000 160.28
1436263800000 160.78
1436263860000 160.85
1436263920000 160.65
1436263980000 160.645
1436264040000 160.82
1436264100000 160.42
1436264160000 160.6135
1436264220000 160.7
1436264340000 160.63
1436264400000 160.55
1436264460000 160.53
1436264520000 160.57
1436264580000 160.7387
1436264640000 160.83
1436264700000 160.65
1436264760000 160.585
1436264820000 160.53
1436264880000 160.45
1436264940000 160.52
1436265000000 160.425
1436265060000 160.07
1436265120000 159.91
1436265180000 159.65
1436265240000 159.26
1436265300000 159.33
1436265360000 159.1
1436265420000 159.15
1436265480000 158.2
1436265540000 158.4
1436265600000 158.02
1436265660000 158.44
1436265720000 157.59
1436265780000 157.2928
1436265840000 157.05
1436265900000 156.41
1436265960000 156.89
1436266020000 157.87
1436266080000 158.23
1436266140000 158.86
1436266200000 158.74
1436266260000 158.65
1436266320000 158.5
1436266380000 158.87
1436266440000 159.35
1436266500000 159.61
1436266560000 159.75
1436266620000 159.88
1436266680000 160.099
1436266740000 159.7
1436266800000 159.01
1436266860000 158.51
1436266920000 158.635
1436266980000 158.7899
1436267040000 158.8575
1436267100000 159.0
1436267160000 158.889
1436267220000 158.7
1436267280000 158.89
1436267340000 158.94
1436267400000 159.0
1436267460000 159.53
1436267520000 159.41
1436267580000 159.475
1436267640000 159.46
1436267700000 159.5
1436267760000 159.83
1436267820000 159.8
1436267880000 159.7
1436267940000 159.6
1436268000000 159.59
1436268060000 159.6
1436268120000 159.41
1436268180000 159.39
1436268240000 159.78
1436268300000 159.78
1436268360000 159.47
1436268420000 159.79
1436268480000 160.11
1436268540000 159.76
1436268600000 159.49
1436268660000 159.46
1436268720000 159.64
1436268780000 159.62
1436268840000 158.73
1436268900000 158.5
1436268960000 158.59
1436269020000 158.48
1436269140000 158.87
1436269200000 159.14
1436269260000 159.45
1436269320000 159.39
1436269380000 159.79
1436269440000 159.82
1436269500000 159.75
1436269560000 159.17
1436269620000 158.81
1436269680000 159.0
1436269740000 158.76
1436269800000 158.57
1436269920000 158.37
1436269980000 158.84
1436270040000 158.8
1436270100000 158.77
1436270160000 158.83
1436270220000 159.145
1436270400000 159.42
1436270460000 159.41
1436270520000 159.41
1436270580000 159.04
1436270640000 159.08
1436270700000 159.09
1436270760000 158.73
1436270820000 158.3801
1436270940000 158.55
1436271000000 158.49
1436271060000 158.03
1436271120000 158.17
1436271240000 158.67
1436271480000 158.75
1436271540000 158.5
1436271600000 158.793
1436271660000 159.31
1436271720000 159.245
1436271780000 158.96
1436271900000 159.18
1436272080000 159.03
1436272140000 159.02
1436272200000 158.97
1436272260000 159.16
1436272380000 159.13
1436272440000 159.44
1436272500000 159.15
1436272560000 159.26
1436272620000 159.22
1436272740000 159.19
1436272800000 159.27
1436272920000 159.44
1436272980000 159.44
1436273040000 159.35
1436273100000 159.35
1436273160000 159.6
1436273220000 159.55
1436273280000 159.42
1436273340000 159.5
1436273460000 159.44
1436273520000 159.31
1436273640000 159.5
1436273700000 159.51
1436273760000 159.04
1436273880000 159.4
1436273940000 159.64
1436274000000 159.55
1436274060000 159.56
1436274120000 159.82
1436274180000 159.42
1436274300000 159.6299
1436274360000 159.31
1436274480000 159.4
1436274540000 159.45
1436274600000 159.65
1436274660000 159.619
1436274720000 159.63
1436274780000 159.66
1436274840000 159.67
1436274960000 159.68
1436275080000 159.5
1436275200000 159.85
1436275260000 159.68
1436275320000 159.75
1436275380000 159.97
1436275440000 159.76
1436275500000 159.91
1436275560000 159.91
1436275620000 159.76
1436275800000 159.65
1436275860000 159.91
1436275980000 160.09
1436276100000 160.04
1436276220000 159.99
1436276340000 159.93
1436276400000 159.92
1436276460000 159.61
1436276520000 159.56
1436276580000 159.61
1436276640000 159.89
1436276700000 160.14
1436276760000 159.76
1436276820000 159.78
1436276880000 159.63
1436276940000 159.63
1436277000000 159.69
1436277060000 159.47
1436277120000 159.4
1436277360000 159.32
1436277540000 159.5761
1436277600000 159.51
1436277660000 159.67
1436277720000 159.73
1436277780000 159.54
1436277840000 159.42
1436277900000 159.43
1436278020000 159.56
1436278080000 159.45
1436278140000 159.64
1436278200000 159.59
1436278260000 159.33
1436278320000 159.31
1436278380000 159.41
1436278440000 159.16
1436278500000 158.815
1436278560000 158.84
1436278620000 158.85
1436278680000 159.08
1436278740000 158.75
1436278800000 158.61
1436278860000 158.72
1436278920000 158.5
1436278980000 158.02
1436279040000 158.31
1436279160000 158.193
1436279220000 158.635
1436279280000 158.82
1436279340000 158.691
1436279400000 158.625
1436279520000 158.68
1436279580000 158.9578
1436279640000 158.87
1436279700000 158.66
1436279760000 158.77
1436279820000 158.7
1436279880000 158.64
1436279940000 158.79
1436280000000 158.64
1436280060000 158.96
1436280120000 159.0
1436280180000 158.95
1436280240000 158.84
1436280300000 159.32
1436280360000 159.4204
1436280420000 159.38
1436280480000 159.735
1436280540000 159.715
1436280600000 159.655
1436280660000 159.66
1436280720000 159.86
1436280900000 159.683
1436281020000 159.65
1436281080000 159.8
1436281140000 160.03
1436281200000 159.93
1436281260000 159.925
1436281320000 160.0645
1436281380000 159.97
1436281440000 160.16
1436281500000 159.98
1436281560000 159.9708
