1436261400000 140.39
1436261460000 140.49
1436261520000 140.445
1436261580000 140.27
1436261640000 140.18
1436261700000 139.79
1436261760000 139.4201
1436261820000 139.5
1436261880000 139.35
1436261940000 139.39
1436262000000 139.8
1436262060000 139.99
1436262120000 139.96
1436262180000 140.1
1436262240000 140.21
1436262300000 140.84
1436262360000 140.735
1436262420000 140.7
1436262480000 140.95
1436262540000 140.94
1436262600000 140.8395
1436262660000 140.38
1436262720000 140.4
1436262780000 140.78
1436262840000 140.688
1436262900000 140.98
1436262960000 140.937
1436263020000 140.99
1436263080000 140.87
1436263140000 140.81
1436263200000 140.675
1436263260000 140.42
1436263320000 140.38
1436263380000 140.35
1436263440000 140.53
1436263500000 140.38
1436263560000 140.42
1436263620000 140.3
1436263680000 140.01
1436263740000 139.6
1436263800000 139.76
1436263860000 139.99
1436263920000 140.06
1436263980000 140.06
1436264040000 139.95
1436264100000 139.91
1436264160000 139.62
1436264220000 139.5
1436264280000 139.67
1436264340000 139.66
1436264400000 139.52
1436264460000 139.43
1436264520000 139.39
1436264580000 139.54
1436264640000 139.52
1436264700000 139.43
1436264760000 139.3955
1436264820000 139.47
1436264880000 139.39
1436264940000 139.54
1436265000000 139.63
1436265060000 139.44
1436265120000 139.17
1436265180000 139.07
1436265240000 139.03
1436265300000 138.76
1436265360000 138.56
1436265420000 138.61
1436265480000 138.34
1436265540000 138.13
1436265600000 137.7
1436265660000 137.62
1436265720000 137.416
1436265780000 137.0
1436265840000 137.1593
1436265900000 137.43
1436265960000 137.34
1436266020000 137.805
1436266080000 138.1
1436266140000 138.07
1436266200000 138.15
1436266260000 137.81
1436266320000 138.12
1436266380000 138.15
1436266440000 138.085
1436266500000 138.7
1436266560000 138.65
1436266620000 138.69
1436266680000 138.8
1436266740000 138.565
1436266800000 138.77
1436266860000 138.405
1436266920000 138.46
1436266980000 138.73
1436267040000 138.66
1436267100000 138.69
1436267160000 138.5
1436267280000 138.59
1436267340000 138.78
1436267400000 138.795
1436267460000 138.65
1436267520000 138.74
1436267580000 138.87
1436267640000 138.65
1436267700000 138.59
1436267760000 138.71
1436267820000 138.67
1436267880000 138.63
1436267940000 138.56
1436268000000 138.57
1436268060000 138.45
1436268180000 138.32
1436268240000 138.37
1436268300000 138.32
1436268360000 138.14
1436268420000 138.45
1436268480000 138.73
1436268540000 138.75
1436268600000 138.87
1436268660000 138.24
1436268720000 137.91
1436268780000 137.63
1436268840000 137.36
1436268900000 137.1
1436268960000 137.09
1436269020000 137.27
1436269080000 137.4
1436269140000 137.36
1436269200000 137.46
1436269260000 137.69
1436269320000 137.655
1436269380000 137.72
1436269440000 137.8
1436269500000 137.84
1436269560000 137.61
1436269620000 137.54
1436269680000 137.4
1436269740000 137.67
1436269800000 137.61
1436269860000 137.83
1436269920000 138.0
1436269980000 138.05
1436270040000 138.05
1436270100000 138.0
1436270160000 138.07
1436270220000 138.27
1436270280000 138.37
1436270340000 138.62
1436270400000 138.6
1436270460000 138.45
1436270520000 138.36
1436270580000 138.04
1436270640000 138.5
1436270700000 138.52
1436270760000 138.24
1436270820000 138.21
1436270940000 138.05
1436271000000 137.9
1436271060000 137.59
1436271120000 137.68
1436271180000 137.61
1436271240000 137.57
1436271300000 137.58
1436271360000 137.81
1436271420000 137.77
1436271480000 137.71
1436271540000 137.74
1436271600000 137.71
1436271660000 137.67
1436271720000 137.84
1436271780000 137.76
1436271840000 137.84
1436271900000 137.9076
1436271960000 137.93
1436272020000 137.92
1436272080000 137.95
1436272140000 137.74
1436272200000 137.771
1436272260000 138.12
1436272320000 138.1
1436272380000 138.51
1436272440000 138.62
1436272500000 138.72
1436272560000 138.63
1436272680000 138.71
1436272740000 138.74
1436272800000 138.91
1436272860000 138.61
1436272920000 138.85
1436272980000 138.95
1436273040000 138.99
1436273100000 139.08
1436273220000 139.18
1436273280000 139.5
1436273340000 139.29
1436273400000 139.12
1436273520000 139.19
1436273580000 139.09
1436273640000 139.11
1436273760000 139.5
1436273820000 139.36
1436273880000 139.28
1436273940000 139.38
1436274060000 139.08
1436274120000 139.19
1436274180000 139.14
1436274240000 139.19
1436274300000 138.95
1436274360000 138.8
1436274420000 138.424
1436274480000 138.45
1436274540000 138.585
1436274600000 138.98
1436274660000 138.86
1436274720000 139.27
1436274840000 139.31
1436274900000 139.375
1436274960000 139.37
1436275020000 138.84
1436275080000 138.93
1436275140000 139.42
1436275200000 139.56
1436275260000 139.2
1436275320000 139.39
1436275380000 139.45
1436275440000 139.565
1436275500000 139.49
1436275560000 139.375
1436275620000 139.21
1436275740000 139.28
1436275800000 139.39
1436275860000 139.46
1436275920000 139.14
1436275980000 139.33
1436276040000 139.48
1436276100000 139.67
1436276160000 139.61
1436276220000 139.61
1436276280000 139.66
1436276340000 139.62
1436276400000 139.61
1436276460000 139.25
1436276520000 139.39
1436276580000 139.46
1436276640000 139.495
1436276700000 139.61
1436276760000 139.71
1436276820000 139.64
1436276880000 139.52
1436276940000 139.53
1436277000000 139.55
1436277060000 139.345
1436277120000 139.42
1436277180000 139.565
1436277240000 139.55
1436277300000 139.529
1436277360000 139.54
1436277420000 139.58
1436277480000 139.59
1436277540000 139.61
1436277600000 139.72
1436277720000 139.67
1436277840000 139.7
1436277900000 139.76
1436277960000 139.5
1436278020000 139.61
1436278080000 139.55
1436278140000 139.57
1436278200000 139.5
1436278260000 139.59
1436278380000 139.52
1436278440000 139.46
1436278500000 139.1
1436278560000 138.97
1436278620000 138.72
1436278680000 138.77
1436278740000 138.525
1436278860000 138.54
1436278920000 138.18
1436278980000 137.97
1436279040000 137.77
1436279100000 137.837
1436279160000 138.2
1436279220000 138.18
1436279280000 138.11
1436279340000 138.24
1436279400000 138.36
1436279460000 138.46
1436279520000 138.61
1436279580000 138.67
1436279640000 138.735
1436279700000 138.67
1436279760000 138.8564
1436279820000 138.89
1436279880000 138.83
1436279940000 139.16
1436280000000 139.12
1436280060000 139.44
1436280120000 139.61
1436280180000 139.56
1436280240000 139.415
1436280300000 139.31
1436280360000 139.5
1436280420000 139.74
1436280480000 139.62
1436280540000 139.66
1436280600000 139.605
1436280660000 139.365
1436280720000 139.53
1436280780000 139.475
1436280840000 139.48
1436280900000 139.49
1436280960000 139.35
1436281020000 139.365
1436281080000 139.46
1436281140000 139.78
1436281200000 139.82
1436281260000 139.82
1436281320000 139.56
1436281380000 139.685
1436281440000 139.68
1436281500000 139.8
1436281560000 139.56
