1436261400000 30.35
1436261700000 30.15
1436261820000 30.17
1436261940000 30.26
1436262420000 30.17
1436262960000 30.16
1436263680000 30.01
1436265060000 30.04
1436265480000 30.0
1436265600000 30.06
1436266320000 30.06
1436266440000 30.09
1436266560000 30.06
1436266680000 30.05
1436266740000 30.0
1436266800000 30.0
1436266860000 30.0
1436266920000 30.0
1436266980000 30.0
1436267160000 30.0
1436267280000 30.0
1436268360000 30.03
1436268540000 30.0
1436268660000 30.0
1436268720000 30.0
1436268780000 30.0
1436268840000 30.0
1436268900000 30.0
1436268960000 30.0
1436269020000 30.01
1436269200000 30.02
1436269440000 30.05
1436270220000 30.1
1436270700000 30.1
1436271660000 30.03
1436271840000 30.1
1436271900000 30.14
1436272440000 30.04
1436272860000 30.05
1436273880000 30.15
1436274120000 30.159
1436275080000 30.15
1436277600000 30.04
1436279400000 30.05
1436279520000 30.0
1436279580000 30.02
1436279700000 30.0
1436279760000 30.0
1436279820000 30.0
1436279880000 30.01
1436280240000 30.08
1436280420000 30.09
1436280900000 30.13
1436281020000 30.15
1436281080000 30.21
