1436261400000 42.89
1436261760000 42.41
1436261820000 42.01
1436262060000 41.82
1436262120000 41.67
1436262180000 41.61
1436262300000 41.65
1436262360000 41.48
1436262660000 41.54
1436262840000 41.5
1436263020000 41.32
1436263080000 41.3
1436263140000 41.22
1436263200000 41.27
1436263380000 40.96
1436263440000 40.96
1436263560000 40.84
1436263620000 40.83
1436263680000 40.85
1436263740000 40.53
1436263920000 40.7
1436263980000 40.89
1436264040000 40.98
1436264100000 40.88
1436264220000 40.71
1436264280000 40.96
1436264400000 40.7501
1436264460000 40.69
1436264520000 40.86
1436264580000 40.66
1436264640000 40.7
1436264700000 41.05
1436264760000 40.99
1436264820000 40.64
1436264880000 40.62
1436264940000 40.23
1436265000000 40.21
1436265120000 40.19
1436265180000 40.04
1436265300000 39.79
1436265360000 39.92
1436265420000 39.74
1436265540000 39.7799
1436265600000 39.46
1436265660000 39.17
1436265720000 39.23
1436265780000 39.21
1436265840000 39.4149
1436265900000 39.09
1436265960000 39.35
1436266080000 39.69
1436266140000 39.6501
1436266380000 39.86
1436266620000 40.1
1436266680000 40.2
1436266800000 39.95
1436266860000 39.95
1436266920000 39.94
1436266980000 39.9799
1436267160000 40.08
1436267220000 40.0801
1436267340000 40.33
1436267400000 40.26
1436267520000 40.455
1436267640000 40.48
1436267700000 40.57
1436267760000 40.61
1436267880000 40.62
1436267940000 40.58
1436268000000 40.38
1436268180000 40.48
1436268240000 40.44
1436268300000 40.03
1436268420000 40.22
1436268600000 40.07
1436268660000 39.98
1436268720000 39.97
1436268900000 39.86
1436268960000 39.77
1436269020000 39.8
1436269080000 39.83
1436269140000 40.0
1436269200000 40.0
1436269260000 39.92
1436269320000 39.97
1436269380000 40.12
1436269440000 40.18
1436269500000 40.1601
1436269800000 40.32
1436270040000 40.3
1436270160000 40.56
1436270220000 40.58
1436270280000 40.8
1436270340000 40.8
1436270580000 40.8
1436270760000 41.054
1436271060000 40.86
1436271120000 40.66
1436271180000 40.44
1436271300000 40.34
1436271420000 40.28
1436271480000 40.31
1436271660000 40.31
1436271840000 40.48
1436271900000 40.31
1436272080000 40.349
1436272140000 40.31
1436272260000 40.42
1436272440000 40.41
1436272620000 40.42
1436272740000 40.57
1436272860000 40.551
1436272980000 40.83
1436273100000 40.86
1436273220000 40.86
1436273400000 40.77
1436273520000 40.69
1436273640000 40.75
1436273760000 40.896
1436273820000 40.69
1436274000000 40.82
1436274180000 40.73
1436274240000 40.56
1436274600000 40.65
1436274720000 40.67
1436274780000 40.82
1436274840000 40.805
1436274960000 40.79
1436275140000 40.65
1436275200000 40.69
1436275320000 40.78
1436275620000 40.67
1436275980000 40.45
1436276100000 40.62
1436276160000 40.54
1436276220000 40.48
1436276280000 40.45
1436276340000 40.54
1436276520000 40.57
1436276880000 40.7899
1436276940000 40.78
1436277000000 40.79
1436277060000 40.32
1436277120000 40.35
1436277240000 40.54
1436277300000 40.54
1436277600000 40.41
1436277720000 40.54
1436277780000 40.43
1436277840000 40.57
1436277900000 40.6
1436277960000 40.58
1436278020000 40.52
1436278200000 40.63
1436278560000 40.64
1436278740000 40.52
1436278800000 40.16
1436279040000 40.26
1436279100000 40.23
1436279220000 40.04
1436279280000 40.04
1436279340000 40.12
1436279520000 40.15
1436279580000 40.39
1436279640000 40.32
1436279760000 40.26
1436279820000 40.24
1436280060000 40.34
1436280180000 40.59
1436280300000 40.52
1436280480000 40.7
1436280540000 40.55
1436280660000 40.6
1436280780000 40.38
1436280960000 40.46
1436281020000 40.43
1436281140000 40.66
1436281200000 40.79
1436281320000 40.73
1436281380000 40.96
1436281440000 40.87
1436281500000 41.02
1436281560000 41.0
