1436261400000 50.94
1436261700000 50.92
1436261760000 50.865
1436261880000 50.98
1436261940000 50.75
1436262000000 50.8
1436262240000 50.89
1436262300000 50.86
1436262420000 50.78
1436262480000 50.85
1436262540000 50.83
1436262660000 50.83
1436262720000 50.84
1436262780000 50.84
1436262840000 50.82
1436262900000 50.81
1436262960000 50.78
1436263020000 50.73
1436263140000 50.74
1436263200000 50.736
1436263260000 50.715
1436263320000 50.71
1436263380000 50.72
1436263440000 50.72
1436263500000 50.74
1436263560000 50.74
1436263620000 50.74
1436263680000 50.8
1436263800000 50.75
1436263920000 50.77
1436263980000 50.83
1436264040000 50.83
1436264100000 50.78
1436264400000 50.79
1436264520000 50.8
1436264640000 50.74
1436264820000 50.62
1436264880000 50.61
1436265180000 50.64
1436265240000 50.65
1436265360000 50.59
1436265480000 50.535
1436265540000 50.48
1436265660000 50.44
1436265720000 50.37
1436265840000 50.38
1436265900000 50.36
1436265960000 50.36
1436266020000 50.37
1436266080000 50.394
1436266140000 50.37
1436266260000 50.34
1436266320000 50.39
1436266380000 50.4
1436266440000 50.46
1436266500000 50.47
1436266560000 50.44
1436266680000 50.42
1436266800000 50.36
1436266860000 50.36
1436266980000 50.48
1436267100000 50.43
1436267280000 50.45
1436267400000 50.45
1436267460000 50.465
1436267520000 50.45
1436267580000 50.52
1436267640000 50.46
1436267760000 50.52
1436267820000 50.49
1436268060000 50.47
1436268120000 50.41
1436268180000 50.46
1436268240000 50.47
1436268420000 50.44
1436268480000 50.47
1436268540000 50.43
1436268660000 50.45
1436268720000 50.44
1436268780000 50.41
1436268840000 50.38
1436268900000 50.35
1436268960000 50.37
1436269020000 50.42
1436269140000 50.47
1436269260000 50.5001
1436269380000 50.58
1436269440000 50.59
1436269860000 50.56
1436269980000 50.53
1436270040000 50.56
1436270100000 50.58
1436270220000 50.74
1436270280000 50.7151
1436270460000 50.69
1436270640000 50.67
1436270700000 50.7
1436270820000 50.67
1436271000000 50.67
1436271120000 50.7
1436271240000 50.66
1436271300000 50.68
1436271480000 50.6574
1436271540000 50.64
1436271600000 50.65
1436272020000 50.705
1436272080000 50.69
1436272140000 50.68
1436272320000 50.715
1436272500000 50.71
1436272560000 50.71
1436272620000 50.69
1436272680000 50.69
1436272740000 50.67
1436272800000 50.65
1436272860000 50.62
1436272920000 50.62
1436272980000 50.621
1436273040000 50.65
1436273100000 50.65
1436273160000 50.7
1436273220000 50.71
1436273280000 50.7
1436273340000 50.72
1436273400000 50.69
1436273520000 50.67
1436273580000 50.7
1436273640000 50.69
1436273940000 50.82
1436274000000 50.825
1436274180000 50.855
1436274240000 50.87
1436274360000 50.83
1436274420000 50.74
1436274480000 50.74
1436274540000 50.76
1436274600000 50.735
1436274660000 50.75
1436274720000 50.76
1436274780000 50.76
1436274840000 50.73
1436274900000 50.71
1436275140000 50.75
1436275200000 50.75
1436275260000 50.72
1436275380000 50.725
1436275440000 50.75
1436275740000 50.745
1436275800000 50.76
1436275980000 50.73
1436276040000 50.71
1436276280000 50.74
1436276340000 50.71
1436276400000 50.73
1436276460000 50.71
1436276520000 50.705
1436276580000 50.73
1436276640000 50.725
1436276700000 50.72
1436276760000 50.68
1436276820000 50.66
1436276880000 50.61
1436276940000 50.66
1436277120000 50.7
1436277240000 50.7
1436277300000 50.66
1436277360000 50.72
1436277480000 50.7
1436277540000 50.68
1436277600000 50.68
1436277660000 50.7075
1436277720000 50.69
1436277840000 50.64
1436277900000 50.67
1436278020000 50.7
1436278140000 50.7
1436278200000 50.7
1436278320000 50.715
1436278380000 50.71
1436278560000 50.66
1436278620000 50.67
1436278740000 50.67
1436278800000 50.643
1436278920000 50.62
1436279040000 50.66
1436279220000 50.63
1436279520000 50.68
1436279580000 50.68
1436279640000 50.69
1436279760000 50.653
1436279820000 50.65
1436279880000 50.65
1436280000000 50.72
1436280060000 50.7
1436280120000 50.72
1436280180000 50.73
1436280240000 50.74
1436280360000 50.8
1436280420000 50.8
1436280540000 50.77
1436280600000 50.74
1436280660000 50.79
1436280720000 50.77
1436280780000 50.73
1436280840000 50.75
1436280900000 50.75
1436280960000 50.74
1436281020000 50.745
1436281080000 50.8
1436281140000 50.83
1436281200000 50.81
1436281260000 50.795
1436281320000 50.77
1436281380000 50.79
1436281440000 50.785
1436281500000 50.81
1436281560000 50.77
