1404705600000 17.59
1404792000000 17.41
1404878400000 17.46
1404964800000 17.32
1405051200000 17.24
1405310400000 17.0
1405396800000 16.92
1405483200000 17.0
1405569600000 17.12
1405656000000 17.14
1405915200000 17.36
1406001600000 17.91
1406088000000 18.01
1406174400000 17.96
1406260800000 17.9
1406520000000 17.93
1406606400000 17.96
1406692800000 17.61
1406779200000 17.07
1406865600000 16.73
1407124800000 17.3
1407211200000 17.43
1407297600000 17.58
1407384000000 17.14
1407470400000 17.28
1407729600000 17.24
1407816000000 16.73
1407902400000 16.92
1407988800000 16.58
1408075200000 17.29
1408334400000 17.26
1408420800000 17.49
1408507200000 17.14
1408593600000 17.11
1408680000000 17.02
1408939200000 17.09
1409025600000 17.2
1409112000000 16.95
1409198400000 16.89
1409284800000 16.81
1409630400000 16.41
1409716800000 16.1
1409803200000 21.93
1409889600000 21.91
1410148800000 21.95
1410235200000 21.96
1410321600000 21.96
1410408000000 21.97
1410494400000 21.95
1410753600000 21.92
1410840000000 21.89
1410926400000 21.9
1411012800000 21.91
1411099200000 21.92
1411358400000 21.95
1411444800000 21.95
1411531200000 21.99
1411617600000 21.99
1411704000000 21.96
1411963200000 21.95
1412049600000 21.94
1412136000000 21.95
1412222400000 21.92
1412308800000 21.91
1412568000000 21.91
1412654400000 21.91
1412740800000 21.92
1412827200000 21.9
1412913600000 21.9
1413172800000 21.89
1413259200000 21.91
1413345600000 21.88
1413432000000 21.86
1413518400000 21.88
1413777600000 21.89
1413864000000 21.89
1413950400000 21.87
1414036800000 21.89
1414123200000 21.88
1414382400000 21.87
1414468800000 21.95
1414555200000 21.94
1414641600000 21.91
1414728000000 21.93
1414990800000 21.93
1415077200000 21.96
1415163600000 21.96
1415250000000 21.97
1415336400000 21.98
1415595600000 21.98
1415682000000 21.97
1415768400000 21.99
1415854800000 21.96
1415941200000 21.96
1416200400000 21.98
1416286800000 21.99
