1436261400000 10.49
1436261460000 10.32
1436261520000 10.28
1436261580000 10.24
1436261640000 10.2
1436261700000 10.17
1436261760000 10.24
1436261820000 10.25
1436261880000 10.26
1436261940000 10.25
1436262000000 10.25
1436262060000 10.25
1436262120000 10.21
1436262180000 10.21
1436262240000 10.3
1436262300000 10.29
1436262360000 10.3
1436262420000 10.3
1436262480000 10.3
1436262540000 10.3
1436262600000 10.27
1436262660000 10.2403
1436262720000 10.3
1436262780000 10.3
1436262840000 10.3
1436262900000 10.295
1436262960000 10.2901
1436263020000 10.27
1436263080000 10.2799
1436263140000 10.26
1436263200000 10.26
1436263260000 10.255
1436263320000 10.26
1436263380000 10.26
1436263440000 10.26
1436263500000 10.255
1436263560000 10.27
1436263620000 10.2879
1436263680000 10.2699
1436263740000 10.25
1436263800000 10.25
1436263860000 10.255
1436264040000 10.25
1436264100000 10.255
1436264220000 10.25
1436264280000 10.25
1436264340000 10.2101
1436264400000 10.21
1436264460000 10.265
1436264520000 10.2632
1436264580000 10.265
1436264640000 10.2501
1436264700000 10.12
1436264760000 10.06
1436264820000 10.13
1436264880000 10.15
1436264940000 10.1
1436265000000 10.14
1436265060000 10.1
1436265120000 10.07
1436265180000 10.13
1436265240000 10.08
1436265300000 10.03
1436265360000 9.995
1436265420000 9.99
1436265540000 9.9979
1436265600000 9.99
1436265660000 9.95
1436265720000 9.95
1436265840000 9.93
1436265900000 9.93
1436266020000 9.905
1436266080000 9.905
1436266140000 9.91
1436266200000 9.9
1436266260000 9.9
1436266320000 9.8999
1436266380000 9.92
1436266440000 9.94
1436266500000 9.945
1436266560000 9.95
1436266620000 9.945
1436266680000 9.9079
1436266740000 9.9
1436266800000 9.925
1436266860000 9.92
1436266920000 9.89
1436266980000 9.9
1436267040000 9.9
1436267100000 9.9
1436267160000 9.895
1436267220000 9.92
1436267280000 9.925
1436267340000 9.925
1436267400000 9.92
1436267460000 9.91
1436267580000 9.915
1436267640000 9.9
1436267700000 9.88
1436267760000 9.91
1436267820000 9.9
1436267880000 9.9
1436267940000 9.86
1436268000000 9.84
1436268060000 9.85
1436268120000 9.85
1436268180000 9.855
1436268240000 9.85
1436268300000 9.8401
1436268360000 9.85
1436268420000 9.86
1436268480000 9.87
1436268540000 9.9
1436268600000 9.92
1436268660000 9.93
1436268720000 9.935
1436268780000 9.94
1436268840000 9.945
1436268900000 9.945
1436268960000 9.99
1436269020000 10.0
1436269080000 10.12
1436269140000 10.1
1436269200000 10.1
1436269260000 10.09
1436269320000 10.09
1436269380000 10.13
1436269440000 10.11
1436269500000 10.12
1436269560000 10.12
1436269620000 10.14
1436269680000 10.1
1436269740000 10.08
1436269800000 10.08
1436269860000 10.06
1436269920000 10.06
1436269980000 10.06
1436270040000 10.045
1436270100000 10.06
1436270160000 10.07
1436270220000 10.1
1436270280000 10.12
1436270340000 10.13
1436270400000 10.13
1436270460000 10.13
1436270520000 10.13
1436270580000 10.13
1436270640000 10.19
1436270700000 10.16
1436270760000 10.15
1436270820000 10.15
1436270880000 10.15
1436270940000 10.15
1436271000000 10.14
1436271060000 10.145
1436271120000 10.13
1436271180000 10.13
1436271240000 10.125
1436271300000 10.14
1436271360000 10.2
1436271420000 10.23
1436271480000 10.25
1436271540000 10.265
1436271600000 10.29
1436271660000 10.33
1436271720000 10.35
1436271780000 10.39
1436271840000 10.42
1436271900000 10.44
1436271960000 10.53
1436272020000 10.51
1436272080000 10.505
1436272140000 10.505
1436272260000 10.5
1436272320000 10.5
1436272380000 10.505
1436272440000 10.5
1436272500000 10.5
1436272560000 10.5
1436272680000 10.505
1436272860000 10.505
1436272980000 10.5
1436273040000 10.5
1436273100000 10.5
1436273160000 10.5099
1436273220000 10.5
1436273280000 10.385
1436273340000 10.36
1436273400000 10.37
1436273460000 10.41
1436273520000 10.4199
1436273580000 10.405
1436273640000 10.43
1436273700000 10.43
1436273760000 10.43
1436273880000 10.435
1436273940000 10.435
1436274000000 10.49
1436274060000 10.5
1436274120000 10.5
1436274180000 10.5
1436274240000 10.5
1436274300000 10.49
1436274420000 10.5
1436274480000 10.49
1436274600000 10.495
1436274660000 10.49
1436274720000 10.495
1436274780000 10.34
1436274840000 10.255
1436274900000 10.18
1436274960000 10.17
1436275020000 10.08
1436275080000 10.19
1436275140000 10.2099
1436275200000 10.23
1436275260000 10.19
1436275320000 10.12
1436275380000 10.15
1436275440000 10.155
1436275500000 10.19
1436275560000 10.23
1436275620000 10.23
1436275740000 10.17
1436275800000 10.155
1436275860000 10.155
1436275920000 10.15
1436275980000 10.15
1436276040000 10.055
1436276100000 10.015
1436276160000 10.075
1436276220000 10.075
1436276280000 10.12
1436276340000 10.13
1436276400000 10.13
1436276460000 10.125
1436276580000 10.18
1436276640000 10.21
1436276700000 10.24
1436276760000 10.195
1436276820000 10.1901
1436276880000 10.13
1436276940000 10.18
1436277000000 10.185
1436277060000 10.2001
1436277120000 10.2
1436277180000 10.2
1436277240000 10.205
1436277300000 10.21
1436277360000 10.27
1436277420000 10.29
1436277480000 10.28
1436277540000 10.29
1436277600000 10.285
1436277660000 10.23
1436277720000 10.25
1436277780000 10.265
1436277840000 10.26
1436277900000 10.255
1436277960000 10.27
1436278020000 10.28
1436278080000 10.27
1436278140000 10.26
1436278200000 10.2601
1436278260000 10.265
1436278320000 10.3
1436278380000 10.285
1436278440000 10.34
1436278500000 10.365
1436278560000 10.37
1436278620000 10.42
1436278680000 10.41
1436278740000 10.32
1436278800000 10.32
1436278860000 10.37
1436278920000 10.285
1436278980000 10.285
1436279040000 10.285
1436279100000 10.29
1436279160000 10.28
1436279220000 10.28
1436279340000 10.25
1436279400000 10.255
1436279520000 10.255
1436279580000 10.285
1436279640000 10.255
1436279700000 10.26
1436279760000 10.28
1436279820000 10.275
1436279880000 10.27
1436280000000 10.275
1436280060000 10.275
1436280120000 10.31
1436280180000 10.31
1436280240000 10.28
1436280360000 10.295
1436280420000 10.26
1436280480000 10.29
1436280540000 10.29
1436280600000 10.285
1436280660000 10.28
1436280720000 10.255
1436280780000 10.29
1436280840000 10.385
1436280900000 10.28
1436280960000 10.29
1436281020000 10.37
1436281080000 10.36
1436281140000 10.285
1436281200000 10.28
1436281260000 10.2844
1436281320000 10.28
1436281380000 10.281
1436281440000 10.28
1436281500000 10.25
1436281560000 10.26
