1436261400000 4.46
1436261460000 4.492
1436261700000 4.44
1436261880000 4.44
1436262120000 4.45
1436262300000 4.48
1436262360000 4.47
1436262480000 4.46
1436262540000 4.45
1436262780000 4.4625
1436262900000 4.44
1436262960000 4.44
1436263020000 4.44
1436263080000 4.44
1436263140000 4.44
1436263200000 4.44
1436263320000 4.43
1436263560000 4.38
1436263680000 4.4
1436263800000 4.39
1436263860000 4.39
1436263920000 4.39
1436264100000 4.39
1436264220000 4.39
1436264280000 4.4
1436264340000 4.38
1436264400000 4.38
1436264700000 4.3775
1436264760000 4.37
1436264820000 4.37
1436264880000 4.36
1436264940000 4.36
1436265060000 4.36
1436265120000 4.36
1436265300000 4.37
1436265660000 4.36
1436265720000 4.36
1436265780000 4.36
1436265960000 4.36
1436266020000 4.37
1436266080000 4.36
1436266380000 4.36
1436266440000 4.37
1436266560000 4.39
1436266680000 4.4
1436267160000 4.39
1436267220000 4.37
1436267340000 4.37
1436267700000 4.37
1436268060000 4.37
1436268240000 4.3949
1436268360000 4.4
1436268480000 4.37
1436268660000 4.36
1436268840000 4.37
1436268960000 4.39
1436269020000 4.37
1436269320000 4.36
1436269380000 4.36
1436269440000 4.37
1436269500000 4.37
1436269560000 4.38
1436270280000 4.4
1436270760000 4.38
1436271300000 4.37
1436271420000 4.39
1436271660000 4.39
1436271900000 4.4
1436271960000 4.4
1436272320000 4.39
1436272500000 4.4
1436272740000 4.4
1436272920000 4.43
1436273160000 4.43
1436273820000 4.41
1436274300000 4.41
1436274360000 4.42
1436274660000 4.41
1436274900000 4.42
1436275620000 4.41
1436275800000 4.41
1436276100000 4.38
1436276160000 4.38
1436276700000 4.39
1436276760000 4.3801
1436276820000 4.39
1436277480000 4.37
1436277660000 4.37
1436277720000 4.3701
1436278080000 4.37
1436278260000 4.365
1436278560000 4.37
1436278620000 4.36
1436278680000 4.365
1436279160000 4.365
1436279280000 4.3801
1436279700000 4.39
1436280120000 4.38
1436280180000 4.38
1436280240000 4.3801
1436280300000 4.39
1436280600000 4.38
1436280960000 4.38
1436281080000 4.385
1436281140000 4.38
1436281320000 4.38
1436281380000 4.38
1436281560000 4.38
