1405310400000 7.06
1405396800000 6.5
1407470400000 6.53
1407729600000 6.54
1408593600000 5.75
1409284800000 5.54
1410926400000 6.05
1411012800000 6.25
1412654400000 6.06
1413345600000 5.35
1413432000000 4.7
1413518400000 4.89
1414468800000 5.7
1414641600000 5.98
1415250000000 6.2
1415336400000 6.2
1415595600000 5.75
1416459600000 6.1
1416978000000 5.91
1417150800000 5.8564
1417669200000 5.8
1417755600000 5.96
1418014800000 6.344
1418101200000 6.31
1418187600000 6.468
1418274000000 6.47
1418965200000 6.95
1419829200000 6.49
1419915600000 6.31
1420434000000 6.3
1420779600000 6.0
1421298000000 5.8
1422507600000 4.636
1422939600000 4.64
1423112400000 6.5
1423717200000 5.999
1424408400000 5.652
1424754000000 5.7
1424840400000 5.699
1425013200000 6.0
1425358800000 6.09
1425531600000 5.9
1426046400000 6.55
1426132800000 6.0
1426564800000 5.4
1426651200000 5.65
1427256000000 5.65
1427688000000 5.094
1428379200000 5.828
1429070400000 5.6
1429588800000 5.5
1429675200000 5.6
1429761600000 5.85
1430107200000 5.8
1431403200000 6.0
1431576000000 6.0
1432008000000 5.9
1432180800000 5.75
1433736000000 5.72
1433822400000 6.0
1433908800000 6.0
1434686400000 6.2
1434945600000 6.9
1435032000000 6.9
1435204800000 6.5
1435291200000 6.5
