1436261400000 1.17
1436261580000 1.14
1436261640000 1.14
1436261700000 1.13
1436261760000 1.11
1436261880000 1.11
1436262000000 1.11
1436262060000 1.11
1436262120000 1.11
1436262180000 1.11
1436262240000 1.11
1436262300000 1.11
1436262420000 1.1
1436262660000 1.11
1436264160000 1.11
1436264820000 1.11
1436265540000 1.11
1436265600000 1.11
1436266020000 1.105
1436266320000 1.1
1436266740000 1.1001
1436266800000 1.1
1436266860000 1.1
1436266920000 1.11
1436267280000 1.1101
1436268000000 1.12
1436268240000 1.12
1436268360000 1.12
1436268600000 1.11
1436268720000 1.12
1436268960000 1.12
1436269080000 1.115
1436269320000 1.12
1436269380000 1.115
1436269560000 1.115
1436269740000 1.12
1436270160000 1.115
1436270760000 1.115
1436270820000 1.1172
1436271540000 1.12
1436272200000 1.12
1436273040000 1.115
1436273220000 1.115
1436273400000 1.115
1436273580000 1.115
1436274300000 1.115
1436275260000 1.12
1436275440000 1.12
1436275500000 1.14
1436275560000 1.13
1436275680000 1.13
1436275860000 1.13
1436276220000 1.13
1436276340000 1.14
1436276400000 1.14
1436276880000 1.14
1436277000000 1.14
1436277360000 1.14
1436277420000 1.14
1436277660000 1.12
1436278080000 1.14
1436278380000 1.14
1436279220000 1.15
1436279580000 1.14
1436279940000 1.13
1436280480000 1.13
1436280900000 1.13
1436281560000 1.135
