1436261400000 10.42
1436261460000 10.43
1436261580000 10.4
1436261640000 10.4
1436261760000 10.23
1436261820000 10.29
1436261880000 10.3
1436262000000 10.31
1436262060000 10.33
1436262300000 10.36
1436262600000 10.425
1436262660000 10.4399
1436263260000 10.34
1436263740000 10.31
1436263800000 10.31
1436263860000 10.34
1436264640000 10.335
1436264700000 10.33
1436264760000 10.335
1436264820000 10.331
1436264880000 10.281
1436264940000 10.2301
1436265060000 10.25
1436265300000 10.23
1436265420000 10.22
1436265480000 10.16
1436266140000 10.1699
1436266200000 10.168
1436266440000 10.115
1436266620000 10.1299
1436267040000 10.03
1436267220000 10.072
1436267280000 10.09
1436267340000 10.1
1436267460000 10.1
1436267700000 10.06
1436268000000 10.06
1436268360000 10.04
1436268480000 10.01
1436268540000 10.01
1436268600000 9.97
1436268660000 9.98
1436268780000 10.0
1436268900000 10.0
1436268960000 9.99
1436269020000 10.0
1436269080000 10.0
1436269140000 10.01
1436269200000 10.005
1436269260000 10.005
1436269560000 10.05
1436269920000 10.15
1436270220000 10.1708
1436270340000 10.2299
1436271660000 10.12
1436272020000 10.14
1436272500000 10.14
1436273160000 10.16
1436273340000 10.155
1436273460000 10.14
1436273520000 10.165
1436273640000 10.18
1436274360000 10.231
1436274720000 10.27
1436274780000 10.25
1436274960000 10.26
1436275740000 10.325
1436275860000 10.448
1436275920000 10.43
1436276340000 10.4441
1436276940000 10.3901
1436277300000 10.39
1436277780000 10.39
1436277900000 10.385
1436278740000 10.37
1436278800000 10.34
1436278860000 10.26
1436278980000 10.22
1436279100000 10.22
1436279220000 10.2
1436279760000 10.18
1436279820000 10.19
1436279880000 10.19
1436280000000 10.19
1436280180000 10.23
1436280240000 10.195
1436280360000 10.2194
1436280720000 10.21
1436280780000 10.18
1436281080000 10.19
1436281140000 10.19
1436281200000 10.19
1436281440000 10.185
1436281500000 10.185
