1436261400000 11.35
1436261640000 11.34
1436261820000 11.32
1436262000000 11.38
1436262120000 11.37
1436262300000 11.35
1436262540000 11.31
1436262960000 11.31
1436263020000 11.31
1436263080000 11.3
1436263380000 11.32
1436263500000 11.3
1436263620000 11.28
1436263680000 11.28
1436263800000 11.2601
1436263980000 11.32
1436264160000 11.28
1436264220000 11.26
1436264460000 11.285
1436264580000 11.28
1436264700000 11.27
1436264820000 11.26
1436265000000 11.26
1436265060000 11.265
1436265300000 11.26
1436265420000 11.25
1436265480000 11.24
1436265600000 11.24
1436265660000 11.26
1436265900000 11.23
1436265960000 11.23
1436266020000 11.23
1436266080000 11.23
1436266140000 11.23
1436266200000 11.23
1436266260000 11.225
1436266320000 11.23
1436266380000 11.24
1436266440000 11.25
1436266500000 11.25
1436266560000 11.24
1436266620000 11.25
1436266680000 11.24
1436266740000 11.24
1436266800000 11.23
1436266860000 11.2
1436267040000 11.21
1436267220000 11.21
1436267520000 11.24
1436267700000 11.25
1436267880000 11.2347
1436268000000 11.2499
1436268060000 11.22
1436268180000 11.21
1436268360000 11.21
1436268600000 11.21
1436268660000 11.21
1436268780000 11.2
1436268840000 11.2
1436268900000 11.16
1436268960000 11.175
1436269020000 11.16
1436269140000 11.18
1436269200000 11.19
1436269260000 11.21
1436269320000 11.21
1436269500000 11.24
1436269860000 11.21
1436269980000 11.21
1436270040000 11.24
1436270160000 11.23
1436270220000 11.25
1436270280000 11.24
1436270340000 11.24
1436270460000 11.24
1436270580000 11.23
1436270640000 11.23
1436270820000 11.23
1436270880000 11.22
1436270940000 11.22
1436271120000 11.22
1436271180000 11.21
1436271420000 11.22
1436271600000 11.21
1436271660000 11.22
1436272320000 11.24
1436272380000 11.25
1436272500000 11.25
1436272620000 11.23
1436272680000 11.24
1436272980000 11.24
1436273100000 11.24
1436273160000 11.24
1436273220000 11.24
1436273280000 11.24
1436273460000 11.23
1436273640000 11.25
1436273760000 11.25
1436273820000 11.25
1436273940000 11.24
1436274000000 11.26
1436274060000 11.27
1436274120000 11.26
1436274180000 11.26
1436274240000 11.26
1436274360000 11.26
1436274420000 11.26
1436274600000 11.26
1436274660000 11.27
1436274780000 11.28
1436274840000 11.28
1436274900000 11.28
1436274960000 11.27
1436275080000 11.255
1436275140000 11.26
1436275200000 11.255
1436275320000 11.29
1436275800000 11.28
1436275860000 11.28
1436275920000 11.28
1436276040000 11.27
1436276100000 11.27
1436276280000 11.27
1436276340000 11.27
1436276400000 11.27
1436276520000 11.28
1436276580000 11.27
1436276640000 11.27
1436276760000 11.28
1436276820000 11.29
1436276940000 11.29
1436277000000 11.29
1436277060000 11.29
1436277300000 11.28
1436277480000 11.26
1436277600000 11.26
1436277960000 11.2699
1436278080000 11.27
1436278140000 11.27
1436278200000 11.27
1436278260000 11.28
1436278320000 11.28
1436278380000 11.28
1436278440000 11.2768
1436278500000 11.27
1436278620000 11.25
1436278740000 11.25
1436278800000 11.255
1436278860000 11.25
1436278920000 11.24
1436279040000 11.25
1436279100000 11.24
1436279160000 11.24
1436279340000 11.25
1436279400000 11.255
1436279460000 11.26
1436279580000 11.255
1436279640000 11.255
1436279700000 11.255
1436279760000 11.26
1436279820000 11.255
1436279880000 11.25
1436279940000 11.26
1436280000000 11.25
1436280060000 11.25
1436280120000 11.25
1436280180000 11.26
1436280300000 11.28
1436280420000 11.28
1436280480000 11.3
1436280660000 11.3
1436280780000 11.3
1436280900000 11.31
1436280960000 11.32
1436281020000 11.32
1436281080000 11.32
1436281140000 11.34
1436281200000 11.345
1436281260000 11.35
1436281320000 11.35
1436281380000 11.345
1436281440000 11.345
1436281500000 11.345
1436281560000 11.35
