1436261400000 20.48
1436261580000 20.47
1436261640000 20.47
1436261820000 20.35
1436261940000 20.34
1436262000000 20.5
1436262120000 20.52
1436262180000 20.5
1436262240000 20.5
1436262300000 20.51
1436262360000 20.47
1436262420000 20.47
1436262540000 20.47
1436262660000 20.46
1436262720000 20.47
1436262780000 20.51
1436262840000 20.5
1436262900000 20.5
1436262960000 20.49
1436263020000 20.45
1436263080000 20.44
1436263140000 20.45
1436263200000 20.4201
1436263260000 20.43
1436263320000 20.41
1436263500000 20.4
1436263560000 20.35
1436263620000 20.35
1436263680000 20.32
1436263740000 20.28
1436263800000 20.31
1436263920000 20.3
1436263980000 20.32
1436264040000 20.34
1436264100000 20.32
1436264280000 20.32
1436264400000 20.33
1436264520000 20.34
1436264640000 20.32
1436264700000 20.31
1436264760000 20.3
1436264820000 20.29
1436264880000 20.27
1436264940000 20.3
1436265000000 20.31
1436265060000 20.29
1436265120000 20.29
1436265180000 20.3
1436265240000 20.3
1436265300000 20.29
1436265360000 20.28
1436265420000 20.28
1436265480000 20.28
1436265540000 20.2799
1436265660000 20.24
1436265720000 20.22
1436265780000 20.21
1436265900000 20.22
1436265960000 20.2499
1436266080000 20.25
1436266140000 20.255
1436266260000 20.27
1436266320000 20.27
1436266380000 20.26
1436266440000 20.26
1436266500000 20.3
1436266560000 20.24
1436266620000 20.27
1436266740000 20.27
1436266800000 20.25
1436266920000 20.24
1436266980000 20.21
1436267280000 20.24
1436267340000 20.25
1436267400000 20.26
1436267460000 20.28
1436267520000 20.29
1436267580000 20.305
1436267640000 20.26
1436267700000 20.26
1436267880000 20.25
1436268000000 20.23
1436268060000 20.22
1436268120000 20.2
1436268180000 20.21
1436268240000 20.23
1436268300000 20.19
1436268480000 20.18
1436268540000 20.16
1436268600000 20.15
1436268660000 20.16
1436268720000 20.18
1436268780000 20.18
1436268840000 20.16
1436268900000 20.13
1436268960000 20.15
1436269020000 20.16
1436269080000 20.17
1436269140000 20.18
1436269200000 20.23
1436269320000 20.27
1436269380000 20.27
1436269440000 20.28
1436269500000 20.29
1436269560000 20.26
1436269620000 20.2599
1436269800000 20.26
1436269860000 20.26
1436269920000 20.26
1436270040000 20.24
1436270100000 20.24
1436270160000 20.28
1436270220000 20.33
1436270280000 20.3099
1436270520000 20.28
1436270580000 20.3
1436270640000 20.3
1436270700000 20.31
1436270760000 20.27
1436270820000 20.27
1436270940000 20.27
1436271000000 20.28
1436271060000 20.26
1436271360000 20.24
1436271420000 20.24
1436271480000 20.23
1436271540000 20.225
1436271600000 20.2899
1436271660000 20.3
1436271780000 20.27
1436271840000 20.27
1436271900000 20.2656
1436271960000 20.27
1436272140000 20.28
1436272260000 20.27
1436272320000 20.27
1436272500000 20.29
1436272620000 20.28
1436272680000 20.27
1436272740000 20.3
1436272800000 20.29
1436272860000 20.3
1436272920000 20.3
1436272980000 20.31
1436273100000 20.33
1436273160000 20.35
1436273220000 20.35
1436273400000 20.36
1436273460000 20.36
1436273520000 20.36
1436273580000 20.35
1436273640000 20.35
1436273700000 20.38
1436273880000 20.38
1436273940000 20.41
1436274000000 20.42
1436274120000 20.41
1436274180000 20.4
1436274240000 20.4099
1436274360000 20.41
1436274480000 20.4
1436274540000 20.4199
1436274660000 20.43
1436274840000 20.49
1436274900000 20.48
1436274960000 20.47
1436275020000 20.46
1436275080000 20.45
1436275140000 20.46
1436275200000 20.49
1436275260000 20.469
1436275320000 20.46
1436275380000 20.46
1436275560000 20.46
1436275620000 20.48
1436275680000 20.49
1436275740000 20.48
1436275800000 20.5
1436275860000 20.52
1436275920000 20.5
1436275980000 20.53
1436276040000 20.53
1436276100000 20.52
1436276220000 20.53
1436276280000 20.54
1436276340000 20.57
1436276400000 20.57
1436276460000 20.543
1436276520000 20.57
1436276580000 20.58
1436276640000 20.58
1436276700000 20.6
1436276760000 20.57
1436276820000 20.56
1436276880000 20.55
1436276940000 20.5592
1436277000000 20.55
1436277180000 20.52
1436277240000 20.5099
1436277360000 20.5
1436277420000 20.49
1436277480000 20.49
1436277600000 20.48
1436277720000 20.47
1436277780000 20.46
1436277900000 20.45
1436278140000 20.46
1436278200000 20.4699
1436278260000 20.46
1436278380000 20.48
1436278440000 20.48
1436278500000 20.44
1436278560000 20.41
1436278680000 20.41
1436278740000 20.4
1436278800000 20.35
1436278860000 20.36
1436278920000 20.36
1436278980000 20.36
1436279040000 20.36
1436279100000 20.35
1436279220000 20.36
1436279340000 20.35
1436279400000 20.36
1436279520000 20.36
1436279580000 20.38
1436279640000 20.39
1436279700000 20.4
1436279760000 20.4
1436279880000 20.39
1436279940000 20.41
1436280000000 20.4099
1436280060000 20.43
1436280120000 20.44
1436280180000 20.47
1436280240000 20.48
1436280300000 20.47
1436280360000 20.49
1436280420000 20.49
1436280540000 20.4798
1436280600000 20.5
1436280660000 20.49
1436280780000 20.5
1436280840000 20.55
1436280900000 20.54
1436280960000 20.52
1436281020000 20.52
1436281080000 20.53
1436281140000 20.53
1436281200000 20.53
1436281320000 20.52
1436281380000 20.5253
1436281440000 20.51
1436281500000 20.5099
1436281560000 20.49
1436281620000 20.51
1436281680000 20.5
