1436261400000 11.53
1436261460000 11.51
1436261580000 11.5
1436261640000 11.5
1436261760000 11.38
1436261820000 11.33
1436261940000 11.32
1436262120000 11.33
1436262240000 11.34
1436262300000 11.37
1436262420000 11.36
1436262480000 11.34
1436262720000 11.34
1436262840000 11.39
1436262900000 11.37
1436263200000 11.34
1436263500000 11.33
1436263560000 11.32
1436263680000 11.28
1436263740000 11.24
1436263800000 11.26
1436263860000 11.28
1436264040000 11.3
1436264100000 11.27
1436264220000 11.27
1436264280000 11.24
1436264400000 11.25
1436264520000 11.262
1436264760000 11.26
1436264880000 11.21
1436264940000 11.21
1436265000000 11.22
1436265180000 11.21
1436265480000 11.2
1436265540000 11.2
1436265720000 11.18
1436265780000 11.17
1436265840000 11.17
1436265900000 11.17
1436265960000 11.2
1436266020000 11.2
1436266080000 11.22
1436266200000 11.24
1436266260000 11.24
1436266320000 11.26
1436266440000 11.29
1436266500000 11.33
1436266620000 11.3
1436266800000 11.29
1436267040000 11.27
1436267100000 11.27
1436267340000 11.28
1436267460000 11.275
1436267520000 11.29
1436267640000 11.29
1436267700000 11.28
1436267820000 11.26
1436268180000 11.25
1436268480000 11.22
1436268780000 11.22
1436268840000 11.19
1436269020000 11.2
1436269140000 11.22
1436269200000 11.21
1436269260000 11.22
1436269440000 11.25
1436269620000 11.24
1436269680000 11.26
1436269920000 11.23
1436269980000 11.21
1436270160000 11.24
1436270220000 11.3
1436270520000 11.25
1436270760000 11.26
1436270880000 11.26
1436271000000 11.23
1436271060000 11.23
1436271120000 11.225
1436271180000 11.24
1436271240000 11.23
1436271300000 11.24
1436271360000 11.26
1436271420000 11.25
1436271540000 11.25
1436271600000 11.25
1436271660000 11.28
1436272080000 11.26
1436272260000 11.25
1436272380000 11.25
1436272440000 11.27
1436272740000 11.29
1436272800000 11.3
1436272860000 11.32
1436273160000 11.37
1436273340000 11.37
1436273400000 11.36
1436273460000 11.36
1436273640000 11.39
1436273880000 11.4
1436274060000 11.4
1436274240000 11.4
1436274420000 11.38
1436274600000 11.36
1436274660000 11.39
1436274720000 11.4
1436274780000 11.43
1436274840000 11.44
1436274960000 11.41
1436275200000 11.39
1436275440000 11.41
1436275560000 11.4
1436275860000 11.42
1436276340000 11.42
1436276400000 11.44
1436276460000 11.42
1436276520000 11.41
1436276640000 11.44
1436276880000 11.4342
1436276940000 11.46
1436277180000 11.45
1436277480000 11.46
1436277780000 11.42
1436277960000 11.42
1436278320000 11.415
1436278380000 11.43
1436278440000 11.4
1436278500000 11.42
1436278680000 11.39
1436278920000 11.39
1436278980000 11.34
1436279160000 11.34
1436279220000 11.34
1436279280000 11.33
1436279400000 11.33
1436279520000 11.32
1436279580000 11.33
1436279700000 11.31
1436279820000 11.33
1436279880000 11.33
1436279940000 11.35
1436280060000 11.38
1436280180000 11.37
1436280240000 11.4
1436280300000 11.39
1436280360000 11.4
1436280420000 11.42
1436280540000 11.39
1436280660000 11.39
1436280840000 11.37
1436281020000 11.39
1436281080000 11.43
1436281140000 11.46
1436281200000 11.48
1436281260000 11.49
1436281320000 11.48
1436281440000 11.47
