1436261400000 43.5
1436261460000 43.6596
1436261520000 43.64
1436261580000 43.77
1436261640000 43.661
1436261700000 43.61
1436261820000 43.55
1436261880000 43.6
1436261940000 43.68
1436262000000 43.68
1436262060000 43.62
1436262180000 43.62
1436262240000 43.6496
1436262300000 43.69
1436262360000 43.61
1436262420000 43.67
1436262540000 43.78
1436262660000 43.7299
1436262720000 43.71
1436262900000 43.83
1436262960000 43.82
1436263020000 43.7
1436263080000 43.616
1436263140000 43.65
1436263200000 43.706
1436263260000 43.7
1436263380000 43.7
1436263440000 43.78
1436263500000 43.75
1436263560000 43.75
1436263620000 43.75
1436263680000 43.67
1436263740000 43.63
1436263800000 43.73
1436263860000 43.87
1436263920000 43.81
1436263980000 43.83
1436264040000 43.79
1436264100000 43.78
1436264160000 43.76
1436264220000 43.9
1436264280000 43.93
1436264340000 43.99
1436264400000 44.0
1436264460000 43.98
1436264520000 43.96
1436264580000 44.02
1436264640000 43.98
1436264700000 44.02
1436264760000 44.03
1436264820000 44.11
1436264880000 44.155
1436265000000 44.13
1436265060000 44.03
1436265180000 43.98
1436265240000 43.95
1436265360000 43.96
1436265420000 43.89
1436265480000 43.82
1436265540000 43.7101
1436265600000 43.64
1436265660000 43.63
1436265720000 43.58
1436265780000 43.58
1436265840000 43.55
1436265900000 43.5
1436265960000 43.48
1436266020000 43.61
1436266080000 43.61
1436266140000 43.61
1436266200000 43.54
1436266260000 43.43
1436266380000 43.4101
1436266440000 43.5
1436266620000 43.65
1436266680000 43.59
1436266740000 43.53
1436266800000 43.54
1436266860000 43.43
1436266920000 43.47
1436266980000 43.43
1436267040000 43.5
1436267100000 43.49
1436267160000 43.46
1436267220000 43.51
1436267340000 43.57
1436267400000 43.64
1436267520000 43.73
1436267580000 43.77
1436267640000 43.76
1436267700000 43.76
1436267760000 43.76
1436267820000 43.73
1436267880000 43.75
1436267940000 43.69
1436268000000 43.78
1436268060000 43.63
1436268120000 43.5892
1436268180000 43.64
1436268240000 43.64
1436268300000 43.64
1436268360000 43.57
1436268420000 43.65
1436268480000 43.67
1436268540000 43.65
1436268600000 43.58
1436268660000 43.53
1436268840000 43.49
1436268900000 43.54
1436268960000 43.49
1436269020000 43.46
1436269080000 43.53
1436269140000 43.6251
1436269200000 43.7
1436269320000 43.74
1436269380000 43.775
1436269500000 43.75
1436269560000 43.67
1436269620000 43.74
1436269680000 43.74
1436269740000 43.775
1436269980000 43.78
1436270040000 43.8
1436270100000 43.76
1436270160000 43.75
1436270220000 43.9
1436270280000 43.87
1436270340000 43.88
1436270400000 43.83
1436270460000 43.839
1436270580000 43.87
1436270640000 43.86
1436270700000 43.86
1436271000000 43.855
1436271060000 43.82
1436271180000 43.82
1436271240000 43.78
1436271300000 43.8
1436271360000 43.86
1436271420000 43.82
1436271480000 43.79
1436271600000 43.85
1436271660000 43.84
1436271780000 43.88
1436271840000 43.82
1436271900000 43.82
1436271960000 43.82
1436272020000 43.83
1436272140000 43.88
1436272260000 43.87
1436272320000 43.95
1436272380000 43.9
1436272440000 43.95
1436272500000 43.93
1436272560000 43.96
1436272620000 43.97
1436272680000 43.95
1436272740000 44.065
1436272860000 44.074
1436272980000 44.06
1436273040000 44.06
1436273100000 44.06
1436273160000 44.15
1436273220000 44.16
1436273280000 44.23
1436273340000 44.24
1436273460000 44.23
1436273520000 44.33
1436273580000 44.31
1436273640000 44.31
1436273700000 44.31
1436273820000 44.33
1436273880000 44.33
1436274000000 44.4084
1436274060000 44.36
1436274120000 44.336
1436274180000 44.3
1436274240000 44.35
1436274480000 44.22
1436274540000 44.31
1436274660000 44.41
1436274720000 44.48
1436274780000 44.48
1436274840000 44.435
1436274900000 44.46
1436274960000 44.39
1436275080000 44.35
1436275140000 44.35
1436275200000 44.4123
1436275260000 44.34
1436275320000 44.3
1436275380000 44.33
1436275440000 44.33
1436275500000 44.29
1436275620000 44.225
1436275680000 44.19
1436275740000 44.24
1436275800000 44.21
1436275920000 44.2
1436276040000 44.29
1436276100000 44.4
1436276220000 44.375
1436276280000 44.35
1436276340000 44.4
1436276400000 44.39
1436276580000 44.42
1436276640000 44.44
1436276700000 44.47
1436276760000 44.39
1436276820000 44.3501
1436276880000 44.41
1436276940000 44.38
1436277060000 44.34
1436277120000 44.34
1436277180000 44.29
1436277240000 44.27
1436277300000 44.22
1436277360000 44.2
1436277480000 44.26
1436277540000 44.309
1436277600000 44.295
1436277660000 44.29
1436277720000 44.2222
1436277780000 44.2201
1436277900000 44.26
1436277960000 44.32
1436278020000 44.142
1436278080000 44.21
1436278140000 44.2
1436278200000 44.09
1436278260000 44.04
1436278320000 44.02
1436278380000 43.93
1436278440000 43.93
1436278500000 44.02
1436278560000 43.94
1436278620000 43.96
1436278740000 43.92
1436278800000 43.78
1436278860000 43.76
1436278920000 43.71
1436278980000 43.78
1436279040000 43.76
1436279160000 43.81
1436279220000 43.8494
1436279280000 43.79
1436279340000 43.79
1436279400000 43.84
1436279460000 43.83
1436279520000 43.84
1436279640000 43.86
1436279700000 43.86
1436279760000 43.87
1436279820000 43.86
1436279880000 43.86
1436280000000 43.94
1436280060000 43.95
1436280120000 43.94
1436280180000 43.95
1436280240000 44.0
1436280300000 44.035
1436280360000 44.035
1436280420000 44.035
1436280540000 44.07
1436280600000 44.06
1436280660000 44.05
1436280720000 44.06
1436280780000 44.09
1436280840000 44.085
1436280900000 44.08
1436280960000 44.11
1436281020000 44.11
1436281080000 44.12
1436281140000 44.12
1436281200000 44.12
1436281260000 44.135
1436281320000 44.12
1436281380000 44.12
1436281440000 44.12
1436281500000 44.1076
1436281560000 44.13
