1436261400000 35.9
1436261520000 35.94
1436261700000 36.07
1436261760000 36.0
1436261820000 36.05
1436261880000 36.23
1436262000000 36.21
1436262060000 36.2899
1436262120000 36.258
1436262180000 36.18
1436262240000 36.06
1436262300000 36.18
1436262360000 36.2
1436262420000 36.193
1436262480000 36.26
1436262540000 36.26
1436262720000 36.32
1436262780000 36.2462
1436263020000 36.19
1436263080000 36.236
1436263200000 36.14
1436263260000 36.1
1436263320000 36.115
1436263380000 36.115
1436263440000 36.115
1436263500000 36.087
1436263680000 36.075
1436263980000 36.12
1436264100000 36.075
1436264160000 35.97
1436264220000 35.97
1436264280000 35.9
1436264340000 35.895
1436264520000 35.9
1436264580000 35.885
1436264640000 35.8707
1436264760000 35.89
1436264820000 35.895
1436264880000 35.84
1436265060000 35.8101
1436265120000 35.81
1436265240000 35.81
1436265300000 35.7075
1436265360000 35.64
1436265420000 35.6
1436265480000 35.57
1436265540000 35.45
1436265600000 35.4403
1436265660000 35.3001
1436265780000 35.335
1436265840000 35.24
1436265900000 35.255
1436266080000 35.35
1436266140000 35.59
1436266260000 35.48
1436266380000 35.49
1436266560000 35.55
1436266680000 35.55
1436266740000 35.53
1436266800000 35.695
1436266920000 35.58
1436267040000 35.43
1436267100000 35.5
1436267220000 35.495
1436267280000 35.57
1436267340000 35.57
1436267520000 35.545
1436267580000 35.505
1436267640000 35.55
1436267700000 35.6
1436267760000 35.75
1436267880000 35.69
1436267940000 35.691
1436268000000 35.7
1436268060000 35.66
1436268120000 35.75
1436268420000 35.59
1436268540000 35.595
1436268720000 35.585
1436268780000 35.595
1436268960000 35.53
1436269140000 35.63
1436269320000 35.6
1436269380000 35.68
1436269500000 35.67
1436269560000 35.73
1436269620000 35.69
1436269680000 35.676
1436269740000 35.57
1436269800000 35.585
1436269860000 35.633
1436269980000 35.51
1436270160000 35.65
1436270220000 35.67
1436270400000 35.82
1436270580000 35.81
1436270760000 35.85
1436270820000 35.84
1436270940000 35.84
1436271000000 35.889
1436271120000 35.89
1436271240000 35.88
1436271360000 35.9
1436271480000 35.89
1436271660000 35.93
1436271780000 36.03
1436271840000 36.03
1436271960000 35.99
1436272140000 36.04
1436272200000 35.92
1436272320000 35.9
1436272380000 35.9
1436272740000 35.94
1436272800000 35.985
1436273040000 36.03
1436273280000 36.275
1436273340000 36.33
1436273460000 36.23
1436273520000 36.26
1436273580000 36.23
1436273700000 36.22
1436273760000 36.16
1436273940000 36.22
1436274000000 36.15
1436274060000 36.15
1436274180000 36.29
1436274540000 36.22
1436274660000 36.27
1436274720000 36.35
1436274780000 36.58
1436274900000 36.53
1436274960000 36.391
1436275080000 36.335
1436275380000 36.34
1436275620000 36.46
1436275680000 36.505
1436275740000 36.5
1436275800000 36.54
1436275920000 36.49
1436275980000 36.47
1436276280000 36.435
1436276340000 36.39
1436276460000 36.44
1436276580000 36.425
1436276640000 36.45
1436276820000 36.49
1436277000000 36.44
1436277180000 36.46
1436277420000 36.465
1436277600000 36.44
1436277960000 36.4491
1436278020000 36.405
1436278080000 36.36
1436278140000 36.37
1436278260000 36.36
1436278320000 36.36
1436278380000 36.246
1436278560000 36.22
1436278620000 36.17
1436278920000 36.18
1436279040000 36.12
1436279100000 36.1
1436279160000 36.1
1436279220000 36.1
1436279280000 36.09
1436279340000 36.14
1436279400000 36.36
1436279700000 36.365
1436279880000 36.36
1436279940000 36.48
1436280120000 36.515
1436280180000 36.54
1436280240000 36.55
1436280360000 36.61
1436280420000 36.65
1436280480000 36.64
1436280600000 36.6721
1436280720000 36.68
1436280780000 36.71
1436280840000 36.88
1436280900000 36.84
1436280960000 36.85
1436281080000 36.71
1436281140000 36.745
1436281200000 36.78
1436281320000 36.91
1436281500000 36.87
