1436261400000 33.72
1436261580000 33.72
1436261700000 33.685
1436261760000 33.465
1436261820000 33.35
1436261880000 33.255
1436261940000 33.23
1436262120000 33.44
1436262180000 33.38
1436262300000 33.29
1436262360000 33.34
1436262420000 33.37
1436262480000 33.3331
1436262540000 33.365
1436262600000 33.38
1436262720000 33.37
1436262780000 33.37
1436262840000 33.43
1436263020000 33.44
1436263140000 33.42
1436263200000 33.43
1436263320000 33.43
1436263380000 33.43
1436263440000 33.43
1436263500000 33.445
1436263560000 33.41
1436263620000 33.42
1436263680000 33.4
1436263740000 33.405
1436263800000 33.43
1436263920000 33.46
1436263980000 33.455
1436264040000 33.44
1436264100000 33.4
1436264160000 33.41
1436264220000 33.45
1436264400000 33.43
1436264460000 33.41
1436264520000 33.42
1436264700000 33.41
1436264760000 33.42
1436264820000 33.47
1436264880000 33.41
1436264940000 33.44
1436265000000 33.34
1436265060000 33.3
1436265120000 33.36
1436265180000 33.38
1436265300000 33.33
1436265420000 33.34
1436265480000 33.37
1436265540000 33.315
1436265600000 33.35
1436265660000 33.28
1436265720000 33.32
1436265780000 33.35
1436265840000 33.355
1436265960000 33.39
1436266020000 33.42
1436266200000 33.37
1436266260000 33.4
1436266320000 33.45
1436266440000 33.49
1436266500000 33.57
1436266620000 33.4909
1436266680000 33.45
1436266740000 33.47
1436266800000 33.44
1436266860000 33.36
1436267160000 33.335
1436267220000 33.36
1436267580000 33.4
1436267640000 33.34
1436267760000 33.4
1436268000000 33.3501
1436268060000 33.36
1436268180000 33.34
1436268240000 33.31
1436268540000 33.26
1436268600000 33.19
1436268660000 33.17
1436268720000 33.16
1436268780000 33.13
1436268840000 33.05
1436268900000 32.98
1436268960000 33.0
1436269200000 33.06
1436269260000 33.05
1436269320000 33.1
1436269380000 33.111
1436269440000 33.115
1436269500000 33.09
1436269560000 33.12
1436269620000 33.08
1436269680000 33.095
1436269740000 33.08
1436269800000 33.04
1436269860000 32.99
1436269920000 32.995
1436269980000 33.02
1436270040000 33.04
1436270100000 33.06
1436270160000 33.12
1436270220000 33.18
1436270280000 33.15
1436270340000 33.13
1436270400000 33.09
1436270640000 33.08
1436270760000 33.07
1436270880000 33.05
1436271000000 33.02
1436271060000 32.97
1436271120000 32.97
1436271180000 32.97
1436271360000 33.01
1436271420000 33.01
1436271600000 33.03
1436271840000 33.0205
1436271900000 33.01
1436271960000 32.97
1436272020000 33.0
1436272080000 32.98
1436272200000 33.04
1436272380000 33.02
1436272560000 33.03
1436272620000 33.0
1436272680000 32.99
1436272740000 33.03
1436273160000 33.13
1436273400000 33.15
1436273820000 33.23
1436273880000 33.3
1436274000000 33.3
1436274180000 33.28
1436274240000 33.3
1436274300000 33.3
1436274360000 33.29
1436274540000 33.33
1436274720000 33.4
1436274840000 33.3551
1436274960000 33.35
1436275080000 33.37
1436275140000 33.34
1436275200000 33.36
1436275320000 33.42
1436275380000 33.49
1436275440000 33.49
1436275500000 33.5
1436275560000 33.495
1436275620000 33.62
1436275680000 33.5
1436275740000 33.495
1436275860000 33.5
1436275980000 33.49
1436276040000 33.49
1436276100000 33.53
1436276160000 33.55
1436276280000 33.5665
1436276340000 33.58
1436276400000 33.53
1436276460000 33.495
1436276520000 33.5
1436276580000 33.56
1436276640000 33.58
1436276700000 33.59
1436276820000 33.585
1436276880000 33.6
1436276940000 33.585
1436277060000 33.6
1436277240000 33.565
1436277300000 33.54
1436277600000 33.62
1436277780000 33.6
1436277900000 33.6
1436278020000 33.57
1436278080000 33.6
1436278260000 33.6
1436278380000 33.6
1436278440000 33.6
1436278500000 33.595
1436278680000 33.58
1436278800000 33.54
1436278920000 33.5
1436278980000 33.49
1436279040000 33.525
1436279100000 33.56
1436279220000 33.56
1436279340000 33.58
1436279520000 33.57
1436279580000 33.61
1436279700000 33.56
1436279760000 33.53
1436279820000 33.58
1436279880000 33.54
1436280000000 33.57
1436280060000 33.6
1436280180000 33.6792
1436280420000 33.72
1436280480000 33.7
1436280900000 33.65
1436281020000 33.67
1436281080000 33.75
1436281140000 33.8
1436281260000 33.82
1436281440000 33.8
1436281560000 33.74
