1436261400000 1.03
1436261520000 1.02
1436261640000 1.0101
1436261760000 1.02
1436261940000 1.02
1436262900000 1.04
1436263080000 1.01
1436263200000 1.0063
1436263320000 1.02
1436263740000 0.98
1436263800000 0.98
1436263920000 0.9701
1436263980000 0.97
1436264160000 0.97
1436264280000 0.9721
1436264340000 0.978
1436264400000 0.978
1436264460000 0.978
1436264580000 0.9705
1436264700000 0.9798
1436264760000 0.98
1436264880000 0.98
1436264940000 0.9801
1436265180000 0.97
1436265240000 0.97
1436265660000 0.97
1436266020000 1.0
1436266200000 0.9858
1436266260000 0.97
1436266320000 0.97
1436266680000 0.99
1436268120000 0.99
1436269440000 0.99
1436269920000 1.01
1436269980000 1.01
1436270100000 1.01
1436270160000 1.01
1436270280000 1.0
1436270400000 0.98
1436271240000 0.99
1436272800000 1.0
1436274120000 0.98
1436274420000 0.98
1436275800000 0.96
1436276280000 0.94
1436276340000 0.9301
1436277720000 0.9401
1436278140000 0.94
1436278260000 0.9558
1436279580000 0.95
1436279820000 0.95
1436280420000 0.95
1436280720000 0.9695
