1404705600000 3.56
1404792000000 3.34
1404878400000 3.3
1404964800000 3.23
1405051200000 3.23
1405310400000 3.25
1405396800000 3.2
1405483200000 3.11
1405569600000 3.06
1405656000000 3.11
1405915200000 3.01
1406001600000 2.96
1406088000000 3.08
1406174400000 3.04
1406260800000 3.26
1406520000000 3.07
1406606400000 3.21
1406692800000 3.28
1406779200000 3.3
1406865600000 3.4
1407124800000 3.22
1407211200000 3.26
1407297600000 3.101
1407384000000 3.17
1407470400000 3.27
1407729600000 3.29
1407816000000 3.2
1407902400000 3.605
1407988800000 3.55
1408075200000 3.56
1408334400000 3.423
1408420800000 3.39
1408507200000 3.39
1408593600000 3.41
1408680000000 3.38
1408939200000 3.49
1409025600000 3.44
1409112000000 3.3802
1409198400000 3.38
1409284800000 3.369
1409630400000 3.3601
1409716800000 3.31
1409803200000 3.26
1409889600000 3.45
1410148800000 3.455
1410235200000 3.45
1410321600000 3.5
1410408000000 3.46
1410494400000 3.31
1410753600000 3.33
1410840000000 3.4
1410926400000 3.36
1411012800000 3.48
1411099200000 3.63
1411358400000 3.53
1411444800000 3.43
1411531200000 3.49
1411617600000 3.45
1411704000000 3.34
1411963200000 3.31
1412049600000 3.25
1412136000000 3.35
1412222400000 3.3
1412308800000 3.45
1412568000000 3.44
1412654400000 3.4101
1412740800000 3.35
1412827200000 3.12
1412913600000 3.02
1413172800000 2.95
1413259200000 2.86
1413345600000 2.79
1413432000000 2.9699
1413518400000 2.88
1413777600000 2.79
1413864000000 3.2
1413950400000 3.1
1414036800000 3.1
1414123200000 3.1
1414382400000 3.12
1414468800000 3.19
1414555200000 3.18
1414641600000 3.18
1414728000000 3.33
1414990800000 3.32
1415077200000 3.21
1415163600000 3.19
1415250000000 3.25
1415336400000 3.33
1415595600000 3.23
1415682000000 3.22
1415768400000 3.16
1415854800000 3.15
1415941200000 3.23
1416200400000 3.22
1416286800000 3.15
1416373200000 3.17
1416459600000 3.3
1416546000000 3.1001
1416805200000 3.06
1416891600000 3.03
1416978000000 2.98
1417150800000 2.98
1417410000000 2.78
1417496400000 2.755
1417582800000 2.7
1417669200000 2.72
1417755600000 2.6701
1418014800000 2.59
1418101200000 2.58
1418187600000 2.54
1418274000000 2.48
1418360400000 2.52
1418619600000 2.48
1418706000000 2.53
1418792400000 2.62
1418878800000 2.66
1418965200000 2.61
1419224400000 2.7
1419310800000 2.66
1419397200000 2.641
1419570000000 2.5438
1419829200000 2.72
1419915600000 3.01
1420002000000 3.246
1420174800000 3.2
1420434000000 3.2
1420520400000 2.94
1420606800000 2.98
1420693200000 3.02
1420779600000 3.0382
1421038800000 2.92
1421125200000 2.79
1421211600000 2.9
1421298000000 2.81
1421384400000 3.05
1421730000000 3.0
1421816400000 2.84
1421902800000 2.96
1421989200000 2.9003
1422248400000 2.87
1422334800000 2.82
1422421200000 2.78
1422507600000 2.66
1422594000000 2.62
