1436261400000 6.49
1436261820000 6.45
1436261880000 6.46
1436262480000 6.45
1436262900000 6.43
1436263800000 6.4
1436264820000 6.38
1436265120000 6.39
1436265660000 6.39
1436266380000 6.37
1436267160000 6.37
1436267460000 6.37
1436267700000 6.37
1436267760000 6.38
1436268240000 6.38
1436268840000 6.37
1436269140000 6.38
1436269380000 6.38
1436269440000 6.38
1436269980000 6.397
1436270040000 6.4
1436270160000 6.4
1436270760000 6.42
1436271360000 6.4
1436271420000 6.42
1436271480000 6.4
1436271720000 6.4088
1436271780000 6.41
1436271840000 6.41
1436272140000 6.41
1436272200000 6.4
1436272320000 6.4
1436272440000 6.41
1436272500000 6.41
1436272560000 6.41
1436272620000 6.41
1436272680000 6.41
1436273160000 6.44
1436273220000 6.44
1436273400000 6.445
1436273880000 6.45
1436273940000 6.441
1436274000000 6.43
1436274240000 6.46
1436274420000 6.43
1436274540000 6.44
1436274780000 6.43
1436274840000 6.43
1436274900000 6.43
1436275020000 6.41
1436275080000 6.41
1436275140000 6.41
1436275200000 6.41
1436275260000 6.41
1436275320000 6.42
1436275440000 6.41
1436275500000 6.41
1436275620000 6.41
1436275800000 6.41
1436275860000 6.4
1436275980000 6.405
1436276100000 6.4
1436276160000 6.4
1436276640000 6.41
1436276700000 6.41
1436277000000 6.4
1436277060000 6.4
1436277240000 6.4
1436277300000 6.395
1436277360000 6.4
1436277420000 6.38
1436277780000 6.38
1436278320000 6.38
1436278500000 6.385
1436278560000 6.38
1436278740000 6.38
1436278800000 6.36
1436278920000 6.37
1436279160000 6.36
1436279340000 6.36
1436279520000 6.36
1436279580000 6.37
1436280000000 6.39
1436280120000 6.4
1436280180000 6.41
1436280780000 6.42
1436280900000 6.42
1436280960000 6.42
1436281020000 6.42
1436281080000 6.425
1436281140000 6.43
1436281260000 6.44
1436281500000 6.44
1436281560000 6.44
