1436261400000 3.81
1436261700000 3.81
1436261760000 3.81
1436262240000 3.863
1436262960000 3.86
1436263200000 3.81
1436263260000 3.8
1436263380000 3.8
1436263440000 3.79
1436263500000 3.79
1436263680000 3.79
1436263740000 3.77
1436263800000 3.77
1436263860000 3.77
1436263920000 3.77
1436264760000 3.77
1436264820000 3.77
1436265000000 3.77
1436265360000 3.7201
1436265540000 3.72
1436265720000 3.72
1436265960000 3.72
1436266560000 3.71
1436266980000 3.74
1436267100000 3.73
1436267160000 3.76
1436267700000 3.73
1436269080000 3.75
1436271420000 3.75
1436271540000 3.7284
1436272200000 3.76
1436272560000 3.73
1436274660000 3.73
1436275440000 3.71
1436276220000 3.7004
1436276940000 3.7
1436277000000 3.7
1436277060000 3.7
1436277120000 3.71
1436277840000 3.7
1436277900000 3.663
1436277960000 3.65
1436278020000 3.65
1436278080000 3.65
1436278320000 3.65
1436278500000 3.66
1436278980000 3.67
1436279160000 3.68
1436280300000 3.7
1436280840000 3.69
1436281200000 3.69
1436281320000 3.7001
1436281500000 3.71
