1436262900000 23.48
1436266680000 23.13
1436266740000 23.3195
1436267700000 23.13
1436267820000 23.21
1436267880000 23.1
1436267940000 23.03
1436268060000 23.1
1436268120000 23.19
1436268180000 23.28
1436268840000 23.4
1436270580000 23.41
1436270640000 23.37
1436270820000 23.34
1436270940000 23.2
1436271000000 23.26
1436271420000 23.31
1436271600000 23.29
1436271780000 23.21
1436271840000 23.3
1436272080000 23.31
1436272140000 23.31
1436272560000 23.2
1436272620000 23.37
1436272800000 23.35
1436272860000 23.35
1436273100000 23.4
1436273400000 23.3
1436273580000 23.3
1436273880000 23.4
1436274060000 23.43
1436274780000 23.42
1436276340000 23.4001
1436276880000 23.47
1436276940000 23.46
1436277000000 23.36
1436277060000 23.43
1436277120000 23.42
1436277180000 23.45
1436277240000 23.45
1436278140000 23.55
1436280840000 23.6
1436281320000 23.63
