1436261400000 159.34
1436261640000 159.69
1436261820000 159.5299
1436261880000 159.0347
1436261940000 159.36
1436262300000 159.1775
1436262360000 159.37
1436262480000 159.21
1436262600000 159.39
1436262660000 159.62
1436262720000 159.425
1436262780000 159.3535
1436262840000 159.57
1436262900000 159.6
1436263020000 159.51
1436263080000 159.81
1436263140000 159.7
1436263200000 159.294
1436263320000 159.66
1436263380000 159.74
1436263620000 159.51
1436263680000 159.4
1436263740000 159.522
1436263800000 159.65
1436263920000 159.89
1436264040000 159.66
1436264100000 159.65
1436264220000 159.72
1436264280000 159.69
1436264400000 159.64
1436264460000 159.66
1436264520000 159.51
1436264580000 159.5428
1436264640000 159.71
1436264700000 159.5
1436264760000 159.45
1436264820000 159.46
1436264880000 159.25
1436264940000 159.55
1436265000000 159.34
1436265120000 159.2906
1436265180000 159.35
1436265240000 159.36
1436265300000 159.28
1436265360000 159.25
1436265420000 159.06
1436265540000 159.05
1436265600000 158.95
1436265660000 158.86
1436265720000 158.85
1436265780000 158.78
1436265960000 158.88
1436266080000 158.85
1436266140000 158.955
1436266200000 159.0
1436266260000 158.8
1436266320000 158.91
1436266380000 158.72
1436266440000 159.14
1436266500000 159.03
1436266560000 159.15
1436266620000 159.13
1436266680000 158.91
1436266740000 158.89
1436266800000 158.85
1436266860000 158.76
1436266920000 158.85
1436266980000 158.68
1436267040000 158.66
1436267280000 158.83
1436267460000 158.85
1436267520000 158.89
1436267640000 159.03
1436267880000 159.04
1436267940000 158.85
1436268000000 158.87
1436268060000 158.67
1436268120000 158.65
1436268180000 158.73
1436268240000 158.9
1436268300000 158.92
1436268420000 158.78
1436268540000 158.885
1436268600000 158.82
1436268660000 158.82
1436268720000 158.848
1436268780000 158.8
1436268840000 158.82
1436268900000 158.66
1436268960000 158.68
1436269020000 158.84
1436269080000 158.86
1436269140000 158.92
1436269200000 159.11
1436269260000 159.08
1436269320000 159.22
1436269380000 159.45
1436269500000 159.225
1436269560000 159.46
1436269680000 159.44
1436269800000 159.44
1436269860000 159.44
1436269920000 159.55
1436270040000 159.58
1436270100000 159.93
1436270160000 160.12
1436270280000 160.3
1436270340000 160.4799
1436270400000 160.17
1436270520000 160.34
1436270580000 160.34
1436270640000 160.27
1436270700000 160.445
1436270760000 160.53
1436270820000 160.53
1436270880000 160.58
1436270940000 160.71
1436271000000 160.64
1436271120000 160.44
1436271300000 160.51
1436271360000 160.701
1436271420000 160.67
1436271720000 160.6
1436271780000 160.66
1436271840000 160.85
1436271960000 160.86
1436272020000 160.96
1436272140000 160.93
1436272260000 161.02
1436272320000 161.05
1436272440000 161.025
1436272500000 160.92
1436272560000 161.04
1436272620000 161.0601
1436272680000 161.26
1436272740000 161.21
1436272860000 161.28
1436272920000 161.41
1436272980000 161.49
1436273040000 161.47
1436273100000 161.28
1436273160000 161.42
1436273220000 161.58
1436273280000 161.41
1436273340000 161.51
1436273400000 161.5026
1436273460000 161.56
1436273520000 161.44
1436273580000 161.32
1436273640000 161.06
1436273700000 161.16
1436273760000 161.3
1436273820000 161.2
1436273880000 161.3
1436273940000 161.6
1436274000000 161.29
1436274120000 161.2
1436274180000 161.01
1436274240000 161.13
1436274360000 160.97
1436274420000 160.744
1436274480000 160.5651
1436274540000 160.69
1436274600000 160.82
1436274660000 160.755
1436274720000 160.98
1436274780000 161.208
1436274840000 161.24
1436274900000 161.17
1436274960000 161.1725
1436275020000 161.03
1436275080000 161.02
1436275200000 161.17
1436275380000 160.96
1436275500000 161.09
1436275560000 161.05
1436275620000 160.99
1436275680000 160.95
1436275740000 161.17
1436275800000 161.3299
1436275860000 161.2
1436275920000 161.0
1436276100000 161.12
1436276340000 161.04
1436276400000 161.035
1436276460000 161.02
1436276520000 161.13
1436276640000 161.25
1436276700000 161.35
1436276760000 161.45
1436276820000 161.42
1436276880000 161.49
1436277000000 161.425
1436277120000 161.35
1436277240000 161.28
1436277360000 161.24
1436277420000 161.17
1436277480000 161.23
1436277540000 161.265
1436277600000 161.267
1436277660000 161.27
1436277720000 161.25
1436277840000 161.11
1436277900000 161.06
1436277960000 161.135
1436278020000 161.15
1436278200000 161.36
1436278320000 161.2
1436278380000 161.385
1436278440000 161.19
1436278500000 161.38
1436278620000 161.38
1436278680000 161.37
1436278740000 161.365
1436278800000 161.37
1436278860000 161.39
1436278980000 161.21
1436279280000 161.2
1436279520000 161.29
1436279580000 161.56
1436279640000 161.3925
1436279880000 161.52
1436279940000 161.82
1436280000000 161.83
1436280060000 161.6659
1436280120000 162.265
1436280180000 162.29
1436280240000 162.05
1436280300000 162.21
1436280420000 162.36
1436280480000 162.245
1436280540000 162.32
1436280600000 162.3383
1436280660000 162.35
1436280720000 162.32
1436280780000 162.28
1436280900000 162.24
1436280960000 162.28
1436281080000 162.36
1436281140000 162.625
1436281200000 162.67
1436281260000 162.665
1436281320000 162.76
1436281380000 162.55
1436281440000 162.41
