1436261400000 5.35
1436261640000 5.33
1436262120000 5.23
1436262300000 5.23
1436262420000 5.25
1436262780000 5.23
1436262840000 5.235
1436262900000 5.23
1436262960000 5.23
1436263200000 5.24
1436263440000 5.2499
1436263500000 5.23
1436263680000 5.2399
1436263920000 5.2399
1436264100000 5.213
1436264160000 5.225
1436264220000 5.22
1436264280000 5.23
1436264400000 5.24
1436264640000 5.2399
1436264880000 5.2399
1436265120000 5.2399
1436265180000 5.2358
1436265420000 5.2399
1436265540000 5.24
1436265660000 5.2399
1436265780000 5.22
1436266020000 5.2399
1436266080000 5.21
1436266320000 5.24
1436266440000 5.28
1436266560000 5.28
1436266620000 5.3
1436266920000 5.32
1436267160000 5.3
1436267220000 5.29
1436267340000 5.31
1436267820000 5.2801
1436268000000 5.2999
1436268180000 5.29
1436268300000 5.2999
1436268420000 5.28
1436268540000 5.26
1436268840000 5.24
1436268900000 5.25
1436268960000 5.24
1436269020000 5.24
1436269080000 5.25
1436269380000 5.3
1436269440000 5.29
1436269920000 5.2601
1436270040000 5.28
1436270640000 5.29
1436271060000 5.2899
1436271480000 5.2899
1436271840000 5.27
1436272500000 5.26
1436272560000 5.26
1436272620000 5.26
1436272800000 5.263
1436272860000 5.265
1436272920000 5.26
1436272980000 5.26
1436273040000 5.26
1436273580000 5.27
1436273940000 5.2899
1436274000000 5.2725
1436274240000 5.29
1436274300000 5.28
1436274420000 5.27
1436275500000 5.2799
1436275620000 5.26
1436275680000 5.262
1436275920000 5.2799
1436276280000 5.2799
1436276640000 5.28
1436276700000 5.29
1436276940000 5.28
1436277060000 5.27
1436277480000 5.26
1436277540000 5.26
1436278020000 5.26
1436278080000 5.26
1436278140000 5.26
1436278200000 5.26
1436278260000 5.26
1436278680000 5.25
1436279400000 5.24
1436279460000 5.24
1436279580000 5.24
1436279700000 5.24
1436280060000 5.24
1436280180000 5.24
1436280420000 5.24
1436280540000 5.26
1436280660000 5.26
1436280720000 5.27
1436280780000 5.29
1436281140000 5.28
1436281200000 5.28
1436281380000 5.28
1436281500000 5.26
