1436261400000 53.87
1436261640000 53.79
1436261700000 53.87
1436261760000 53.8
1436261880000 53.81
1436261940000 54.0
1436262060000 53.91
1436262120000 53.83
1436262180000 53.78
1436262360000 53.76
1436262420000 53.83
1436262480000 53.82
1436262540000 53.85
1436262600000 53.82
1436262660000 53.85
1436262720000 53.82
1436262780000 53.84
1436262900000 53.79
1436262960000 53.76
1436263020000 53.76
1436263080000 53.8
1436263140000 53.81
1436263200000 53.902
1436263260000 53.83
1436263320000 53.83
1436263380000 53.83
1436263440000 53.83
1436263500000 53.83
1436263560000 53.8
1436263620000 53.82
1436263680000 53.79
1436263740000 53.81
1436263800000 53.81
1436263860000 53.79
1436263920000 53.75
1436263980000 53.775
1436264040000 53.77
1436264100000 53.75
1436264160000 53.75
1436264220000 53.776
1436264280000 53.76
1436264340000 53.78
1436264400000 53.78
1436264460000 53.76
1436264520000 53.79
1436264580000 53.75
1436264700000 53.77
1436264760000 53.78
1436264820000 53.76
1436264880000 53.8
1436265000000 53.7925
1436265060000 53.73
1436265120000 53.63
1436265180000 53.66
1436265240000 53.64
1436265300000 53.65
1436265360000 53.61
1436265420000 53.66
1436265540000 53.59
1436265600000 53.6
1436265660000 53.61
1436265720000 53.59
1436265840000 53.58
1436265900000 53.6
1436265960000 53.585
1436266020000 53.585
1436266080000 53.65
1436266140000 53.625
1436266260000 53.63
1436266320000 53.67
1436266380000 53.675
1436266440000 53.68
1436266500000 53.68
1436266560000 53.64
1436266620000 53.64
1436266680000 53.6
1436266740000 53.59
1436266800000 53.59
1436266980000 53.6
1436267040000 53.56
1436267100000 53.57
1436267160000 53.55
1436267280000 53.6
1436267340000 53.62
1436267400000 53.62
1436267460000 53.625
1436267520000 53.635
1436267580000 53.63
1436267640000 53.61
1436267760000 53.64
1436267820000 53.63
1436267880000 53.62
1436267940000 53.6
1436268000000 53.6201
1436268060000 53.59
1436268180000 53.62
1436268300000 53.59
1436268360000 53.59
1436268420000 53.57
1436268480000 53.595
1436268540000 53.55
1436268600000 53.54
1436268660000 53.56
1436268780000 53.51
1436268840000 53.48
1436268960000 53.42
1436269020000 53.49
1436269080000 53.56
1436269140000 53.58
1436269200000 53.605
1436269260000 53.63
1436269320000 53.59
1436269380000 53.59
1436269500000 53.58
1436269560000 53.55
1436269620000 53.54
1436269680000 53.565
1436269740000 53.57
1436269860000 53.5401
1436269980000 53.51
1436270160000 53.625
1436270220000 53.73
1436270340000 53.69
1436270520000 53.66
1436270580000 53.75
1436270640000 53.75
1436270700000 53.78
1436270760000 53.72
1436270820000 53.74
1436270880000 53.76
1436270940000 53.77
1436271060000 53.73
1436271120000 53.7
1436271180000 53.75
1436271300000 53.75
1436271360000 53.76
1436271480000 53.81
1436271540000 53.8
1436271660000 53.84
1436271720000 53.84
1436271780000 53.8102
1436271840000 53.83
1436271900000 53.83
1436271960000 53.84
1436272080000 53.83
1436272140000 53.84
1436272200000 53.82
1436272260000 53.83
1436272320000 53.83
1436272380000 53.85
1436272440000 53.86
1436272500000 53.84
1436272680000 53.85
1436272740000 53.88
1436272800000 53.84
1436272860000 53.84
1436272920000 53.86
1436273100000 53.85
1436273160000 53.85
1436273220000 53.86
1436273280000 53.86
1436273340000 53.855
1436273400000 53.85
1436273460000 53.855
1436273520000 53.85
1436273580000 53.86
1436273640000 53.86
1436273700000 53.85
1436273820000 53.85
1436273880000 53.855
1436273940000 53.84
1436274000000 53.85
1436274060000 53.84
1436274120000 53.84
1436274180000 53.84
1436274240000 53.85
1436274360000 53.82
1436274420000 53.81
1436274480000 53.8
1436274540000 53.86
1436274600000 53.85
1436274660000 53.84
1436274720000 53.85
1436274780000 53.87
1436274840000 53.87
1436274900000 53.83
1436274960000 53.82
1436275020000 53.88
1436275080000 53.91
1436275140000 53.93
1436275320000 53.94
1436275380000 53.96
1436275440000 53.99
1436275500000 53.9982
1436275560000 54.0
1436275740000 54.03
1436275800000 54.03
1436275860000 54.04
1436275920000 54.01
1436275980000 54.03
1436276040000 54.03
1436276100000 54.04
1436276160000 54.03
1436276220000 54.04
1436276280000 54.03
1436276340000 54.03
1436276400000 54.03
1436276520000 54.03
1436276580000 54.05
1436276640000 54.05
1436276700000 54.08
1436276760000 54.03
1436276820000 54.03
1436276880000 54.01
1436276940000 54.03
1436277000000 54.035
1436277060000 54.0
1436277120000 54.01
1436277300000 54.02
1436277360000 54.05
1436277420000 54.04
1436277480000 54.0
1436277540000 53.99
1436277600000 54.02
1436277660000 54.04
1436277720000 54.025
1436277840000 54.02
1436277900000 54.0199
1436277960000 54.0
1436278020000 54.0
1436278200000 54.0999
1436278260000 54.04
1436278320000 54.055
1436278500000 54.04
1436278620000 54.01
1436278680000 53.96
1436278740000 53.95
1436278860000 53.95
1436278980000 53.93
1436279040000 53.955
1436279100000 53.96
1436279160000 53.99
1436279220000 53.98
1436279280000 53.94
1436279340000 53.92
1436279400000 53.88
1436279460000 53.88
1436279520000 53.91
1436279580000 53.94
1436279640000 53.9
1436279700000 53.9
1436279880000 53.96
1436279940000 53.96
1436280000000 53.96
1436280060000 54.0
1436280120000 54.03
1436280180000 54.05
1436280240000 54.12
1436280360000 54.17
1436280420000 54.18
1436280480000 54.12
1436280540000 54.1438
1436280600000 54.13
1436280660000 54.13
1436280720000 54.2
1436280780000 54.25
1436280840000 54.23
1436280900000 54.1922
1436280960000 54.18
1436281020000 54.225
1436281080000 54.25
1436281140000 54.3025
1436281200000 54.34
1436281320000 54.34
1436281380000 54.35
1436281440000 54.34
1436281500000 54.31
1436281560000 54.27
1436281620000 54.3
