1436261400000 15.12
1436261520000 15.03
1436261580000 15.06
1436261640000 15.06
1436261700000 14.93
1436261760000 15.04
1436261820000 14.92
1436261880000 14.98
1436261940000 14.97
1436262060000 14.98
1436262120000 14.935
1436262180000 15.01
1436262240000 14.945
1436262300000 14.93
1436262360000 14.93
1436262420000 14.96
1436262480000 14.96
1436262540000 14.99
1436262600000 14.96
1436262660000 14.9
1436262720000 14.89
1436262780000 14.9
1436262840000 14.88
1436262900000 14.85
1436262960000 14.86
1436263020000 14.84
1436263080000 14.825
1436263140000 14.81
1436263200000 14.82
1436263260000 14.86
1436263320000 14.83
1436263380000 14.87
1436263440000 14.86
1436263500000 14.84
1436263560000 14.855
1436263620000 14.83
1436263800000 14.84
1436263860000 14.86
1436263980000 14.875
1436264040000 14.86
1436264100000 14.85
1436264160000 14.83
1436264220000 14.8
1436264280000 14.8
1436264340000 14.795
1436264400000 14.7801
1436264460000 14.78
1436264520000 14.77
1436264580000 14.77
1436264640000 14.74
1436264700000 14.73
1436264760000 14.72
1436264820000 14.71
1436264880000 14.69
1436264940000 14.695
1436265000000 14.7
1436265060000 14.685
1436265180000 14.665
1436265240000 14.66
1436265300000 14.64
1436265360000 14.6
1436265420000 14.67
1436265540000 14.65
1436265600000 14.58
1436265660000 14.58
1436265720000 14.59
1436265840000 14.61
1436265960000 14.62
1436266020000 14.68
1436266200000 14.7
1436266260000 14.686
1436266320000 14.72
1436266380000 14.71
1436266440000 14.72
1436266500000 14.7
1436266620000 14.73
1436266680000 14.72
1436266740000 14.73
1436266800000 14.72
1436266860000 14.682
1436266920000 14.7
1436266980000 14.68
1436267040000 14.67
1436267100000 14.67
1436267160000 14.68
1436267220000 14.66
1436267280000 14.67
1436267400000 14.66
1436267460000 14.655
1436267520000 14.65
1436267580000 14.67
1436267640000 14.66
1436267760000 14.68
1436267820000 14.68
1436267880000 14.68
1436267940000 14.68
1436268000000 14.72
1436268060000 14.7
1436268120000 14.7
1436268180000 14.7
1436268240000 14.71
1436268360000 14.715
1436268420000 14.73
1436268480000 14.72
1436268540000 14.71
1436268600000 14.71
1436268660000 14.71
1436268720000 14.71
1436268780000 14.7
1436268840000 14.7
1436268900000 14.68
1436268960000 14.68
1436269080000 14.69
1436269140000 14.71
1436269200000 14.75
1436269260000 14.74
1436269320000 14.74
1436269380000 14.77
1436269440000 14.78
1436269500000 14.76
1436269560000 14.74
1436269680000 14.75
1436269740000 14.75
1436269800000 14.75
1436269980000 14.74
1436270040000 14.74
1436270100000 14.74
1436270160000 14.74
1436270220000 14.78
1436270280000 14.77
1436270340000 14.77
1436270460000 14.75
1436270520000 14.74
1436270580000 14.76
1436270760000 14.77
1436270880000 14.74
1436270940000 14.75
1436271000000 14.745
1436271060000 14.73
1436271120000 14.74
1436271300000 14.74
1436271360000 14.72
1436271540000 14.73
1436271600000 14.715
1436271660000 14.7
1436271900000 14.73
1436272020000 14.757
1436272080000 14.74
1436272140000 14.74
1436272320000 14.74
1436272380000 14.75
1436272440000 14.74
1436272560000 14.74
1436272680000 14.77
1436272740000 14.75
1436272800000 14.75
1436272860000 14.76
1436272920000 14.77
1436273100000 14.77
1436273160000 14.77
1436273220000 14.78
1436273280000 14.79
1436273340000 14.8
1436273400000 14.77
1436273460000 14.77
1436273520000 14.76
1436273640000 14.765
1436273760000 14.78
1436273820000 14.78
1436273880000 14.8
1436273940000 14.82
1436274000000 14.79
1436274120000 14.82
1436274240000 14.81
1436274300000 14.81
1436274360000 14.8
1436274420000 14.77
1436274480000 14.775
1436274540000 14.77
1436274600000 14.76
1436274660000 14.77
1436274720000 14.785
1436274840000 14.8
1436274900000 14.8
1436274960000 14.8
1436275020000 14.78
1436275080000 14.78
1436275140000 14.77
1436275380000 14.78
1436275500000 14.79
1436275560000 14.79
1436275620000 14.78
1436275680000 14.78
1436275740000 14.79
1436275860000 14.78
1436275920000 14.79
1436275980000 14.79
1436276040000 14.8
1436276100000 14.8
1436276160000 14.8
1436276220000 14.8
1436276280000 14.8
1436276340000 14.81
1436276400000 14.8
1436276460000 14.78
1436276520000 14.78
1436276640000 14.81
1436276700000 14.82
1436276760000 14.8
1436276820000 14.79
1436276880000 14.81
1436276940000 14.82
1436277000000 14.82
1436277300000 14.83
1436277360000 14.8101
1436277420000 14.81
1436277480000 14.82
1436277540000 14.81
1436277600000 14.84
1436277660000 14.84
1436277720000 14.83
1436277780000 14.83
1436278020000 14.82
1436278080000 14.83
1436278200000 14.85
1436278260000 14.85
1436278320000 14.8401
1436278380000 14.84
1436278440000 14.85
1436278500000 14.84
1436278680000 14.84
1436278740000 14.83
1436278800000 14.81
1436278860000 14.82
1436278980000 14.83
1436279040000 14.83
1436279100000 14.83
1436279160000 14.84
1436279220000 14.83
1436279400000 14.82
1436279460000 14.82
1436279520000 14.825
1436279580000 14.825
1436279640000 14.82
1436279820000 14.8
1436279880000 14.78
1436280000000 14.82
1436280060000 14.81
1436280120000 14.76
1436280180000 14.8
1436280240000 14.77
1436280300000 14.78
1436280360000 14.77
1436280420000 14.77
1436280480000 14.8
1436280540000 14.8
1436280780000 14.81
1436280840000 14.81
1436280900000 14.81
1436280960000 14.81
1436281020000 14.82
1436281080000 14.835
1436281140000 14.84
1436281200000 14.83
1436281260000 14.82
1436281320000 14.8
1436281380000 14.81
1436281440000 14.785
1436281500000 14.815
1436281560000 14.81
