1436261400000 6.9
1436261520000 7.01
1436261580000 7.03
1436261700000 7.0
1436261820000 6.9
1436261940000 6.87
1436262000000 6.87
1436262060000 6.85
1436262120000 6.86
1436262180000 6.85
1436262240000 6.84
1436262360000 6.84
1436262420000 6.8355
1436262480000 6.87
1436262660000 6.86
1436262720000 6.8699
1436262780000 6.86
1436262840000 6.87
1436263020000 6.86
1436263080000 6.85
1436263140000 6.84
1436263200000 6.836
1436263260000 6.8599
1436263320000 6.85
1436263380000 6.89
1436263440000 6.92
1436263560000 6.94
1436263620000 6.92
1436263680000 6.92
1436263740000 6.93
1436263800000 6.91
1436263860000 6.92
1436263920000 6.92
1436263980000 6.91
1436264100000 6.91
1436264220000 6.92
1436264280000 6.91
1436264340000 6.9
1436264400000 6.9
1436264460000 6.9
1436264640000 6.91
1436264760000 6.9
1436264820000 6.9
1436264880000 6.9
1436264940000 6.9
1436265000000 6.9
1436265120000 6.89
1436265300000 6.9
1436265360000 6.9
1436265420000 6.9
1436265540000 6.9
1436265600000 6.9
1436265660000 6.9
1436265720000 6.9
1436265780000 6.8751
1436265840000 6.88
1436265900000 6.88
1436266020000 6.9
1436266140000 6.9
1436266200000 6.914
1436266260000 6.94
1436266320000 6.91
1436266380000 6.92
1436266440000 6.91
1436266560000 6.9106
1436266620000 6.91
1436266740000 6.9
1436266920000 6.87
1436267220000 6.85
1436267520000 6.84
1436267880000 6.86
1436268060000 6.87
1436268120000 6.86
1436268240000 6.8564
1436268360000 6.85
1436268420000 6.84
1436268540000 6.83
1436268600000 6.8
1436268840000 6.82
1436268900000 6.8
1436268960000 6.79
1436269020000 6.8
1436269140000 6.815
1436269260000 6.81
1436269380000 6.82
1436269440000 6.89
1436269620000 6.88
1436269740000 6.89
1436269860000 6.89
1436269920000 6.89
1436269980000 6.9
1436270100000 6.95
1436270160000 6.95
1436270220000 6.94
1436270280000 6.92
1436270340000 6.93
1436270460000 6.915
1436270640000 6.9
1436270700000 6.9001
1436270820000 6.9
1436270880000 6.9
1436271000000 6.9
1436271120000 6.9
1436271180000 6.87
1436271240000 6.9
1436271480000 6.9
1436271540000 6.905
1436271720000 6.9
1436271840000 6.9
1436271960000 6.9
1436272020000 6.91
1436272140000 6.91
1436272200000 6.91
1436272260000 6.915
1436272320000 6.91
1436272440000 6.91
1436272500000 6.91
1436272560000 6.91
1436272620000 6.9
1436272680000 6.905
1436272740000 6.905
1436272800000 6.905
1436272860000 6.97
1436272920000 7.0
1436273040000 7.0
1436273100000 7.02
1436273220000 7.04
1436273280000 7.06
1436273520000 7.04
1436273640000 7.03
1436273700000 7.03
1436273760000 7.02
1436273820000 7.03
1436273880000 7.04
1436274060000 7.05
1436274180000 7.06
1436274300000 7.06
1436274360000 7.06
1436274420000 7.06
1436274540000 7.06
1436274600000 7.05
1436274660000 7.04
1436274720000 7.045
1436274780000 7.045
1436274900000 7.045
1436274960000 7.04
1436275020000 7.02
1436275140000 7.02
1436275200000 7.04
1436275260000 7.06
1436275380000 7.06
1436275440000 7.06
1436275500000 7.06
1436275560000 7.06
1436275620000 7.06
1436275680000 7.08
1436275860000 7.09
1436275980000 7.08
1436276040000 7.09
1436276100000 7.08
1436276220000 7.06
1436276400000 7.07
1436276520000 7.06
1436276700000 7.08
1436276820000 7.085
1436276940000 7.08
1436277060000 7.09
1436277120000 7.08
1436277180000 7.09
1436277240000 7.08
1436277300000 7.08
1436277360000 7.07
1436277420000 7.07
1436277480000 7.07
1436277540000 7.07
1436277600000 7.07
1436277840000 7.07
1436277900000 7.07
1436277960000 7.07
1436278080000 7.05
1436278200000 7.07
1436278260000 7.08
1436278380000 7.07
1436278500000 7.06
1436278560000 7.06
1436278680000 7.05
1436278740000 7.05
1436278860000 7.01
1436278920000 7.01
1436278980000 6.99
1436279100000 6.98
1436279160000 6.99
1436279400000 7.01
1436279460000 7.01
1436279520000 7.01
1436279580000 7.0
1436279640000 6.99
1436279700000 6.98
1436279760000 6.98
1436279880000 6.98
1436279940000 6.985
1436280060000 6.985
1436280120000 6.98
1436280180000 6.98
1436280240000 6.98
1436280300000 6.98
1436280360000 6.97
1436280420000 6.98
1436280780000 6.98
1436280840000 6.96
1436280900000 6.96
1436280960000 6.95
1436281020000 6.97
1436281080000 6.96
1436281140000 6.98
1436281320000 6.97
1436281380000 6.95
1436281560000 6.97
