1436261400000 52.15
1436261460000 52.19
1436261520000 52.395
1436261580000 52.26
1436261640000 52.26
1436261700000 52.23
1436261760000 52.22
1436261940000 52.1449
1436262000000 52.1
1436262060000 52.15
1436262120000 52.15
1436262180000 52.16
1436262300000 52.04
1436262360000 52.07
1436262420000 52.02
1436262480000 52.03
1436262540000 52.06
1436262600000 52.18
1436262660000 52.12
1436262720000 52.17
1436262780000 52.2
1436262840000 52.2399
1436262900000 52.15
1436263140000 51.98
1436263320000 51.86
1436263380000 51.8802
1436263440000 51.83
1436263500000 51.711
1436263620000 51.69
1436263680000 51.69
1436263740000 51.64
1436263800000 51.6
1436263920000 51.83
1436263980000 51.86
1436264040000 52.0
1436264100000 51.82
1436264160000 51.67
1436264220000 51.78
1436264280000 51.74
1436264340000 51.77
1436264460000 51.68
1436264520000 51.715
1436264580000 51.75
1436264640000 51.75
1436264700000 51.76
1436264760000 51.76
1436264820000 51.8
1436264880000 51.705
1436264940000 51.72
1436265000000 51.67
1436265060000 51.66
1436265120000 51.56
1436265180000 51.6
1436265240000 51.57
1436265360000 51.53
1436265420000 51.5
1436265480000 51.25
1436265540000 51.13
1436265660000 51.08
1436265720000 51.02
1436265780000 51.0
1436265840000 50.91
1436265900000 50.88
1436265960000 50.86
1436266080000 51.015
1436266140000 51.06
1436266200000 51.08
1436266320000 51.09
1436266380000 51.16
1436266440000 51.29
1436266500000 51.29
1436266560000 51.31
1436266680000 51.36
1436266740000 51.35
1436266800000 51.32
1436266920000 51.24
1436266980000 51.33
1436267100000 51.31
1436267160000 51.2601
1436267220000 51.29
1436267280000 51.32
1436267340000 51.36
1436267400000 51.4
1436267460000 51.45
1436267520000 51.48
1436267580000 51.49
1436267640000 51.51
1436267760000 51.51
1436267820000 51.5
1436267880000 51.5
1436267940000 51.46
1436268000000 51.44
1436268060000 51.42
1436268120000 51.42
1436268180000 51.43
1436268240000 51.47
1436268300000 51.435
1436268420000 51.41
1436268480000 51.44
1436268540000 51.31
1436268600000 51.33
1436268660000 51.3
1436268780000 51.3883
1436268840000 51.36
1436268900000 51.25
1436268960000 51.25
1436269080000 51.3201
1436269140000 51.35
1436269200000 51.36
1436269260000 51.31
1436269320000 51.33
1436269380000 51.54
1436269440000 51.52
1436269500000 51.57
1436269680000 51.59
1436269740000 51.59
1436269860000 51.57
1436269980000 51.54
1436270040000 51.45
1436270100000 51.52
1436270160000 51.69
1436270220000 51.8
1436270280000 52.0
1436270340000 51.89
1436270400000 51.85
1436270460000 51.8162
1436270580000 51.83
1436270640000 51.85
1436270700000 51.83
1436270760000 51.8476
1436270820000 51.7
1436270880000 51.69
1436270940000 51.66
1436271000000 51.61
1436271060000 51.5
1436271120000 51.61
1436271180000 51.62
1436271240000 51.62
1436271300000 51.65
1436271360000 51.6201
1436271420000 51.615
1436271480000 51.63
1436271540000 51.61
1436271600000 51.61
1436271660000 51.689
1436271720000 51.665
1436271780000 51.68
1436271840000 51.5665
1436271900000 51.56
1436271960000 51.505
1436272020000 51.515
1436272080000 51.53
1436272140000 51.53
1436272200000 51.44
1436272260000 51.47
1436272320000 51.5
1436272380000 51.52
1436272440000 51.495
1436272500000 51.49
1436272560000 51.45
1436272620000 51.495
1436272680000 51.6
1436272740000 51.66
1436272800000 51.685
1436272860000 51.81
1436272920000 51.87
1436272980000 51.87
1436273100000 51.9645
1436273160000 51.97
1436273220000 51.985
1436273280000 52.06
1436273340000 52.14
1436273400000 52.14
1436273460000 52.1
1436273520000 52.06
1436273580000 52.13
1436273640000 52.16
1436273700000 52.05
1436273760000 52.1
1436273820000 52.09
1436273880000 52.12
1436274000000 52.15
1436274060000 52.18
1436274120000 52.16
1436274180000 52.14
1436274240000 52.15
1436274300000 52.16
1436274360000 52.04
1436274480000 51.99
1436274600000 52.07
1436274720000 52.13
1436274780000 52.17
1436274840000 52.13
1436274900000 52.19
1436274960000 52.0304
1436275020000 52.04
1436275080000 52.1
1436275140000 52.1
1436275200000 52.08
1436275320000 52.06
1436275380000 52.11
1436275500000 52.11
1436275620000 52.1
1436275680000 52.12
1436275740000 52.11
1436275860000 52.1201
1436275920000 52.08
1436276040000 52.08
1436276160000 52.06
1436276220000 52.05
1436276400000 52.07
1436276520000 52.056
1436276580000 52.0915
1436276640000 52.08
1436276700000 52.1
1436276760000 52.0794
1436276820000 52.04
1436276880000 52.0
1436276940000 52.0
1436277000000 52.03
1436277180000 52.04
1436277240000 52.01
1436277300000 52.0234
1436277360000 52.06
1436277420000 52.1
1436277480000 52.05
1436277540000 52.05
1436277600000 52.06
1436277720000 52.08
1436277780000 52.07
1436277840000 52.09
1436277900000 52.12
1436278080000 52.09
1436278140000 52.1
1436278200000 52.135
1436278500000 52.1
1436278560000 52.065
1436278740000 52.05
1436278800000 52.04
1436278860000 51.98
1436278920000 51.96
1436278980000 51.96
1436279100000 52.04
1436279280000 52.04
1436279400000 52.04
1436279460000 52.06
1436279520000 52.07
1436279640000 52.12
1436279700000 52.11
1436279760000 52.1172
1436279880000 52.1
1436280000000 52.16
1436280060000 52.23
1436280120000 52.29
1436280180000 52.39
1436280240000 52.44
1436280300000 52.47
1436280420000 52.5302
1436280600000 52.5179
1436280660000 52.506
1436280840000 52.58
1436280900000 52.57
1436280960000 52.59
1436281020000 52.65
1436281080000 52.63
1436281140000 52.79
1436281200000 52.79
1436281260000 52.88
1436281320000 52.82
1436281380000 52.82
1436281440000 52.84
1436281500000 52.82
1436281560000 52.79
