1436261400000 19.14
1436261460000 19.09
1436261520000 19.09
1436261700000 19.1
1436261760000 18.94
1436261820000 18.92
1436261880000 18.84
1436261940000 18.88
1436262000000 18.93
1436262060000 18.95
1436262180000 18.844
1436262240000 18.8201
1436262300000 18.8318
1436262540000 18.88
1436262600000 18.85
1436262660000 18.87
1436262720000 18.885
1436262780000 18.89
1436262840000 18.89
1436262900000 18.855
1436262960000 18.865
1436263020000 18.82
1436263080000 18.81
1436263140000 18.8
1436263200000 18.81
1436263260000 18.79
1436263320000 18.81
1436263380000 18.85
1436263440000 18.865
1436263500000 18.86
1436263560000 18.85
1436263620000 18.85
1436263680000 18.825
1436263740000 18.86
1436263800000 18.89
1436263860000 18.86
1436263980000 18.86
1436264040000 18.87
1436264100000 18.88
1436264220000 18.89
1436264280000 18.88
1436264400000 18.86
1436264460000 18.84
1436264520000 18.88
1436264580000 18.855
1436264640000 18.89
1436264700000 18.88
1436264760000 18.86
1436264820000 18.87
1436264880000 18.88
1436264940000 18.9
1436265000000 18.88
1436265180000 18.88
1436265240000 18.855
1436265300000 18.88
1436265360000 18.86
1436265420000 18.89
1436265480000 18.87
1436265540000 18.86
1436265600000 18.84
1436265660000 18.88
1436265720000 18.87
1436265780000 18.87
1436265840000 18.88
1436265900000 18.88
1436265960000 18.86
1436266020000 18.89
1436266080000 18.905
1436266140000 18.905
1436266200000 18.92
1436266260000 18.95
1436266320000 18.95
1436266380000 18.98
1436266440000 19.03
1436266500000 19.09
1436266560000 19.08
1436266620000 19.09
1436266680000 19.07
1436266740000 19.012
1436266800000 19.0
1436266860000 18.95
1436266920000 19.0
1436266980000 19.0
1436267040000 18.97
1436267160000 19.01
1436267280000 18.99
1436267340000 19.03
1436267400000 19.015
1436267460000 19.03
1436267520000 19.05
1436267580000 19.07
1436267640000 19.06
1436267760000 19.07
1436267820000 19.07
1436267880000 19.06
1436268000000 19.01
1436268060000 18.93
1436268120000 18.93
1436268240000 18.99
1436268300000 18.99
1436268360000 18.99
1436268420000 18.99
1436268480000 18.99
1436268540000 18.97
1436268600000 18.96
1436268780000 18.96
1436268840000 18.93
1436268900000 18.92
1436268960000 18.92
1436269020000 18.93
1436269080000 18.93
1436269140000 18.95
1436269200000 18.94
1436269260000 18.93
1436269320000 18.95
1436269380000 18.99
1436269440000 18.99
1436269500000 18.99
1436269620000 18.97
1436269680000 18.98
1436269800000 18.99
1436269860000 19.02
1436269920000 19.01
1436269980000 19.01
1436270040000 19.01
1436270100000 18.9601
1436270160000 18.99
1436270220000 19.09
1436270280000 19.1
1436270340000 19.08
1436270400000 19.05
1436270460000 19.05
1436270520000 19.04
1436270640000 19.07
1436270700000 19.1
1436270820000 19.105
1436270880000 19.11
1436270940000 19.135
1436271000000 19.16
1436271060000 19.15
1436271120000 19.11
1436271180000 19.125
1436271360000 19.13
1436271420000 19.125
1436271480000 19.17
1436271540000 19.18
1436271600000 19.18
1436271660000 19.23
1436271720000 19.23
1436271780000 19.21
1436271840000 19.21
1436271900000 19.2098
1436271960000 19.21
1436272080000 19.23
1436272260000 19.23
1436272320000 19.24
1436272380000 19.25
1436272500000 19.26
1436272620000 19.27
1436272680000 19.31
1436272740000 19.31
1436272800000 19.34
1436272860000 19.34
1436272920000 19.34
1436272980000 19.335
1436273040000 19.3
1436273100000 19.31
1436273160000 19.33
1436273220000 19.33
1436273280000 19.34
1436273340000 19.35
1436273400000 19.35
1436273460000 19.34
1436273520000 19.35
1436273580000 19.35
1436273640000 19.41
1436273700000 19.41
1436273820000 19.41
1436273880000 19.41
1436273940000 19.45
1436274000000 19.45
1436274060000 19.44
1436274120000 19.4
1436274180000 19.38
1436274240000 19.38
1436274300000 19.39
1436274360000 19.39
1436274420000 19.33
1436274480000 19.3169
1436274540000 19.37
1436274600000 19.4
1436274660000 19.4
1436274720000 19.45
1436274780000 19.44
1436274840000 19.44
1436274900000 19.47
1436274960000 19.4201
1436275020000 19.4
1436275080000 19.4
1436275140000 19.4
1436275200000 19.42
1436275260000 19.4
1436275320000 19.41
1436275380000 19.41
1436275440000 19.41
1436275500000 19.4
1436275560000 19.37
1436275620000 19.36
1436275680000 19.39
1436275740000 19.38
1436275800000 19.41
1436275860000 19.41
1436275920000 19.4
1436275980000 19.4
1436276040000 19.41
1436276160000 19.41
1436276220000 19.41
1436276400000 19.41
1436276460000 19.375
1436276520000 19.36
1436276580000 19.355
1436276700000 19.375
1436276760000 19.3709
1436276820000 19.36
1436276880000 19.31
1436276940000 19.35
1436277000000 19.35
1436277060000 19.34
1436277120000 19.35
1436277180000 19.36
1436277300000 19.35
1436277360000 19.35
1436277420000 19.37
1436277480000 19.35
1436277540000 19.35
1436277600000 19.36
1436277660000 19.36
1436277720000 19.3575
1436277780000 19.33
1436277840000 19.355
1436277900000 19.36
1436278020000 19.33
1436278080000 19.34
1436278140000 19.34
1436278260000 19.34
1436278320000 19.35
1436278380000 19.328
1436278440000 19.33
1436278500000 19.33
1436278560000 19.3
1436278680000 19.31
1436278740000 19.29
1436278860000 19.25
1436278920000 19.24
1436279040000 19.26
1436279100000 19.27
1436279160000 19.29
1436279220000 19.29
1436279340000 19.29
1436279400000 19.29
1436279460000 19.28
1436279580000 19.28
1436279640000 19.28
1436279760000 19.26
1436279880000 19.27
1436279940000 19.29
1436280000000 19.32
1436280060000 19.3101
1436280120000 19.34
1436280180000 19.34
1436280240000 19.35
1436280300000 19.35
1436280360000 19.36
1436280420000 19.39
1436280480000 19.37
1436280540000 19.3611
1436280600000 19.36
1436280660000 19.39
1436280780000 19.3801
1436280840000 19.42
1436280900000 19.4
1436280960000 19.41
1436281020000 19.414
1436281080000 19.44
1436281140000 19.46
1436281200000 19.48
1436281260000 19.49
1436281320000 19.47
1436281440000 19.44
1436281500000 19.46
