1436261400000 2.69
1436261520000 2.68
1436261760000 2.67
1436261880000 2.66
1436262120000 2.66
1436262180000 2.66
1436262300000 2.67
1436263260000 2.65
1436263380000 2.63
1436263860000 2.62
1436264100000 2.65
1436264700000 2.65
1436264760000 2.65
1436264820000 2.65
1436264880000 2.659
1436265120000 2.62
1436265180000 2.63
1436265420000 2.63
1436265780000 2.61
1436265960000 2.6209
1436266080000 2.6101
1436266140000 2.61
1436266200000 2.61
1436266260000 2.605
1436266320000 2.58
1436266380000 2.59
1436268300000 2.59
1436268900000 2.57
1436268960000 2.57
1436269140000 2.57
1436270100000 2.58
1436270220000 2.5801
1436270580000 2.58
1436270640000 2.58
1436271600000 2.57
1436272140000 2.56
1436272200000 2.56
1436272500000 2.56
1436272560000 2.56
1436272620000 2.56
1436272680000 2.56
1436272860000 2.57
1436273040000 2.57
1436273340000 2.57
1436273400000 2.57
1436273460000 2.57
1436274420000 2.56
1436275260000 2.56
1436275500000 2.57
1436277240000 2.57
1436277300000 2.57
1436277360000 2.57
1436277420000 2.58
1436277840000 2.59
1436278020000 2.61
1436279040000 2.61
1436279100000 2.61
1436279160000 2.61
1436279280000 2.58
1436279400000 2.59
1436279460000 2.59
1436279880000 2.59
1436280240000 2.6058
1436280600000 2.6
1436281440000 2.6
1436281560000 2.59
