1436261400000 12.85
1436261520000 12.86
1436261700000 12.81
1436261760000 12.6926
1436262000000 12.6928
1436262060000 12.72
1436262120000 12.705
1436262240000 12.735
1436262300000 12.73
1436262360000 12.7
1436262480000 12.7199
1436262720000 12.7397
1436263080000 12.739
1436263140000 12.73
1436263260000 12.705
1436263320000 12.69
1436263380000 12.71
1436263440000 12.72
1436263500000 12.79
1436263560000 12.84
1436263680000 12.86
1436263740000 12.79
1436263800000 12.85
1436263860000 12.85
1436263920000 12.83
1436264040000 12.82
1436264100000 12.84
1436264160000 12.82
1436264280000 12.721
1436264340000 12.7
1436264400000 12.7
1436264460000 12.59
1436264520000 12.63
1436264760000 12.6445
1436264820000 12.614
1436264940000 12.6
1436265000000 12.61
1436265120000 12.6
1436265240000 12.612
1436265360000 12.6
1436265420000 12.59
1436265660000 12.52
1436265720000 12.51
1436265780000 12.37
1436265840000 12.375
1436265960000 12.375
1436266020000 12.43
1436266140000 12.47
1436266320000 12.455
1436266380000 12.43
1436266440000 12.41
1436266500000 12.45
1436266560000 12.42
1436266620000 12.48
1436266740000 12.495
1436266800000 12.485
1436267040000 12.45
1436267100000 12.35
1436267220000 12.34
1436267280000 12.38
1436267340000 12.38
1436267520000 12.39
1436267640000 12.3501
1436267700000 12.35
1436267760000 12.355
1436267940000 12.32
1436268000000 12.3
1436268060000 12.26
1436268120000 12.2
1436268180000 12.2
1436268240000 12.18
1436268360000 12.29
1436268420000 12.3
1436268540000 12.34
1436268600000 12.3
1436268660000 12.25
1436268780000 12.25
1436268840000 12.28
1436268900000 12.25
1436269200000 12.285
1436269260000 12.31
1436269320000 12.32
1436269380000 12.33
1436269500000 12.34
1436269560000 12.38
1436269620000 12.385
1436269680000 12.45
1436269740000 12.445
1436269860000 12.445
1436269920000 12.42
1436269980000 12.44
1436270160000 12.45
1436270220000 12.5
1436270460000 12.45
1436270520000 12.45
1436270580000 12.46
1436270700000 12.38
1436270820000 12.36
1436270940000 12.37
1436271060000 12.37
1436271120000 12.37
1436271240000 12.32
1436271360000 12.31
1436271480000 12.32
1436271540000 12.32
1436271720000 12.35
1436271840000 12.385
1436271900000 12.35
1436272200000 12.33
1436272380000 12.35
1436272440000 12.41
1436272740000 12.46
1436272980000 12.46
1436273040000 12.48
1436273100000 12.5
1436273220000 12.48
1436273280000 12.52
1436273700000 12.6
1436273820000 12.56
1436273880000 12.56
1436273940000 12.59
1436274060000 12.6
1436274120000 12.6
1436274480000 12.53
1436274540000 12.55
1436274720000 12.57
1436274780000 12.62
1436274900000 12.62
1436275200000 12.6
1436275260000 12.63
1436275320000 12.6
1436275500000 12.63
1436275620000 12.6166
1436275740000 12.63
1436275920000 12.59
1436276460000 12.6
1436276580000 12.5895
1436276640000 12.6
1436276880000 12.655
1436276940000 12.65
1436277000000 12.645
1436277480000 12.61
1436277540000 12.62
1436277600000 12.58
1436277660000 12.57
1436277780000 12.55
1436278440000 12.53
1436278500000 12.54
1436278680000 12.5
1436278740000 12.51
1436278980000 12.38
1436279280000 12.4
1436279400000 12.39
1436279520000 12.4
1436279580000 12.4
1436279640000 12.47
1436279700000 12.43
1436279760000 12.4
1436279820000 12.4
1436279880000 12.42
1436280000000 12.425
1436280060000 12.44
1436280180000 12.51
1436280300000 12.5
1436280420000 12.54
1436280480000 12.5
1436280540000 12.54
1436280780000 12.575
1436280960000 12.6
1436281020000 12.57
1436281080000 12.615
1436281320000 12.66
1436281380000 12.64
1436281440000 12.655
1436281500000 12.675
1436281560000 12.67
