1436261400000 11.6
1436261460000 11.53
1436261580000 11.72
1436261820000 11.48
1436262000000 11.47
1436262060000 11.43
1436262180000 11.46
1436262300000 11.46
1436262360000 11.41
1436262420000 11.445
1436262600000 11.42
1436262720000 11.43
1436262900000 11.4
1436262960000 11.42
1436263080000 11.4
1436263260000 11.395
1436263320000 11.395
1436263440000 11.39
1436263620000 11.39
1436263680000 11.4
1436263740000 11.39
1436263800000 11.39
1436263860000 11.41
1436264580000 11.45
1436264700000 11.4
1436264760000 11.405
1436264940000 11.39
1436265000000 11.39
1436265120000 11.405
1436265240000 11.4
1436265420000 11.39
1436265480000 11.39
1436265540000 11.395
1436265600000 11.391
1436265660000 11.395
1436265720000 11.39
1436265780000 11.39
1436265840000 11.39
1436265900000 11.42
1436265960000 11.42
1436266020000 11.49
1436266080000 11.5
1436266260000 11.5
1436266320000 11.5
1436266440000 11.53
1436266560000 11.51
1436266740000 11.51
1436266800000 11.49
1436266920000 11.4625
1436266980000 11.475
1436267040000 11.475
1436267100000 11.48
1436267880000 11.485
1436267940000 11.47
1436268060000 11.47
1436268120000 11.48
1436268300000 11.425
1436268420000 11.41
1436268540000 11.39
1436268600000 11.39
1436268840000 11.39
1436268900000 11.39
1436268960000 11.39
1436269020000 11.39
1436269080000 11.39
1436269140000 11.4299
1436269200000 11.47
1436269440000 11.46
1436269860000 11.47
1436269920000 11.48
1436270040000 11.477
1436270220000 11.48
1436270400000 11.47
1436270520000 11.49
1436271060000 11.46
1436271120000 11.47
1436271180000 11.485
1436271240000 11.48
1436271300000 11.485
1436271540000 11.47
1436271660000 11.48
1436271720000 11.49
1436271780000 11.5
1436271900000 11.49
1436272260000 11.49
1436272380000 11.48
1436272560000 11.485
1436272680000 11.48
1436272740000 11.49
1436273100000 11.5
1436273160000 11.517
1436273220000 11.529
1436273400000 11.55
1436273580000 11.5
1436273700000 11.52
1436274060000 11.53
1436274180000 11.53
1436274240000 11.54
1436274300000 11.5
1436275320000 11.53
1436275380000 11.53
1436275440000 11.53
1436275500000 11.52
1436276220000 11.49
1436276700000 11.51
1436276820000 11.49
1436277240000 11.47
1436277300000 11.48
1436277480000 11.48
1436277600000 11.488
1436278020000 11.5
1436278680000 11.5
1436278740000 11.484
1436279040000 11.51
1436279220000 11.48
1436279460000 11.5
1436279580000 11.48
1436279640000 11.48
1436279820000 11.49
1436280000000 11.53
1436280060000 11.53
1436280180000 11.53
1436280420000 11.55
1436280660000 11.53
1436280780000 11.53
1436281080000 11.53
1436281140000 11.55
1436281200000 11.55
1436281500000 11.54
