1436261400000 38.21
1436262840000 38.05
1436263320000 38.0
1436263380000 38.01
1436263620000 38.0
1436263680000 37.96
1436263860000 37.92
1436264160000 37.93
1436265540000 37.76
1436265780000 37.6181
1436266200000 37.65
1436266260000 37.67
1436268420000 37.59
1436269140000 37.64
1436269440000 37.71
1436270100000 37.71
1436270160000 37.71
1436270400000 37.7801
1436272020000 37.72
1436273520000 37.82
1436273760000 37.83
1436274840000 37.96
1436275200000 37.9
1436277000000 38.0
1436278080000 38.02
1436278740000 38.0
1436278920000 38.0
1436280300000 38.01
1436280840000 38.1251
1436281620000 38.15
