1436261760000 43.62
1436262360000 43.7
1436262900000 43.76
1436262960000 43.76
1436263080000 43.76
1436264940000 43.84
1436266260000 43.86
1436266500000 43.5449
1436267400000 43.78
1436267520000 43.75
1436267760000 43.67
1436267820000 43.69
1436267940000 43.65
1436268000000 43.642
1436268060000 43.66
1436268300000 43.69
1436268360000 43.69
1436268480000 43.675
1436268540000 43.67
1436268600000 43.64
1436268660000 43.61
1436268720000 43.5
1436268900000 43.5
1436268960000 43.5
1436269020000 43.5
1436269080000 43.5
1436269200000 43.69
1436269320000 43.65
1436271180000 43.69
1436271240000 43.62
1436271300000 43.61
1436271360000 43.7425
1436271420000 43.88
1436271480000 43.72
1436271540000 43.53
1436271660000 43.73
1436271720000 43.78
1436272680000 43.515
1436273280000 43.61
1436273340000 43.5
1436273400000 43.64
1436274420000 43.51
1436276160000 43.85
1436276220000 43.86
1436277300000 43.715
1436277420000 43.78
1436277480000 43.8
1436277540000 43.88
1436277660000 43.71
1436277720000 43.57
1436277780000 43.68
1436277840000 43.71
1436277900000 43.65
1436277960000 43.72
1436278080000 43.79
1436278140000 43.87
1436278200000 43.78
1436278380000 43.8
1436278500000 43.92
1436278620000 43.685
1436278680000 43.685
1436278740000 43.9
1436278980000 43.88
1436279460000 43.86
1436280000000 43.76
1436280180000 44.0
1436281080000 44.52
