1436261400000 67.52
1436261460000 67.5875
1436261520000 67.39
1436261580000 67.27
1436261640000 67.27
1436261760000 67.04
1436261820000 66.65
1436261880000 66.61
1436261940000 66.5894
1436262000000 66.549
1436262060000 66.554
1436262120000 66.536
1436262180000 66.537
1436262240000 66.52
1436262300000 66.5201
1436262360000 66.6
1436262420000 66.87
1436262480000 66.75
1436262540000 66.7
1436262600000 66.5
1436262720000 66.545
1436262780000 66.53
1436262840000 66.54
1436262900000 66.49
1436262960000 66.43
1436263020000 66.4
1436263080000 66.31
1436263140000 66.33
1436263200000 66.32
1436263260000 66.28
1436263320000 66.28
1436263380000 66.27
1436263500000 66.16
1436263560000 66.16
1436263620000 66.15
1436263680000 66.06
1436263740000 65.99
1436263800000 66.15
1436263860000 66.18
1436263980000 66.17
1436264040000 66.04
1436264100000 65.99
1436264160000 65.93
1436264220000 65.97
1436264280000 65.91
1436264340000 66.0
1436264400000 66.01
1436264460000 66.02
1436264520000 66.14
1436264580000 66.16
1436264640000 66.29
1436264700000 66.2
1436264760000 66.115
1436264820000 66.18
1436264880000 66.01
1436264940000 66.04
1436265000000 65.98
1436265060000 65.935
1436265120000 65.89
1436265180000 65.89
1436265240000 65.905
1436265300000 65.93
1436265360000 65.89
1436265420000 65.825
1436265480000 65.835
1436265540000 65.82
1436265600000 65.702
1436265660000 65.7
1436265720000 65.73
1436265780000 65.7
1436265840000 65.67
1436265900000 65.83
1436265960000 65.9
1436266020000 66.07
1436266080000 66.09
1436266140000 66.25
1436266200000 66.2
1436266260000 66.02
1436266320000 66.18
1436266380000 66.26
1436266440000 66.37
1436266500000 66.39
1436266560000 66.34
1436266620000 66.42
1436266740000 66.22
1436266800000 66.04
1436266860000 65.96
1436266920000 65.93
1436266980000 65.93
1436267100000 65.95
1436267160000 65.809
1436267220000 65.899
1436267280000 65.83
1436267400000 65.87
1436267460000 65.91
1436267520000 65.93
1436267580000 66.0
1436267640000 65.93
1436267700000 65.97
1436267760000 65.9864
1436267820000 65.97
1436267880000 65.92
1436267940000 65.8
1436268060000 65.87
1436268120000 65.8
1436268180000 65.87
1436268240000 65.85
1436268360000 65.8129
1436268420000 65.88
1436268480000 65.73
1436268540000 65.67
1436268600000 65.63
1436268660000 65.612
1436268720000 65.53
1436268780000 65.53
1436268840000 65.5
1436268900000 65.44
1436268960000 65.4
1436269020000 65.47
1436269080000 65.49
1436269140000 65.56
1436269200000 65.51
1436269320000 65.57
1436269380000 65.65
1436269440000 65.68
1436269500000 65.78
1436269560000 65.7
1436269620000 65.73
1436269740000 65.7
1436269800000 65.69
1436269860000 65.72
1436269980000 65.705
1436270040000 65.678
1436270100000 65.687
1436270160000 65.75
1436270220000 66.26
1436270280000 66.18
1436270340000 66.14
1436270400000 66.035
1436270460000 65.97
1436270580000 65.99
1436270640000 66.03
1436270700000 66.11
1436270760000 66.07
1436270820000 66.12
1436270880000 66.18
1436270940000 66.176
1436271000000 66.2
1436271060000 66.11
1436271120000 66.07
1436271180000 66.11
1436271240000 66.23
1436271300000 66.25
1436271360000 66.2
1436271480000 66.19
1436271540000 66.09
1436271600000 66.11
1436271660000 66.06
1436271720000 66.02
1436271780000 65.97
1436271840000 65.97
1436271900000 65.96
1436271960000 65.96
1436272020000 66.01
1436272080000 66.02
1436272140000 66.0
1436272200000 65.94
1436272260000 65.97
1436272320000 65.96
1436272380000 65.97
1436272440000 66.0
1436272500000 66.01
1436272560000 66.005
1436272680000 66.1
1436272740000 66.13
1436272800000 66.215
1436272860000 66.32
1436272920000 66.35
1436272980000 66.47
1436273040000 66.48
1436273100000 66.5
1436273160000 66.56
1436273220000 66.61
1436273280000 66.69
1436273340000 66.72
1436273460000 66.73
1436273520000 66.76
1436273580000 66.67
1436273640000 66.7
1436273700000 66.76
1436273760000 66.74
1436273820000 66.82
1436273880000 66.85
1436273940000 66.819
1436274000000 66.9
1436274060000 66.856
1436274120000 66.76
1436274180000 66.66
1436274240000 66.68
1436274300000 66.69
1436274360000 66.68
1436274420000 66.61
1436274480000 66.58
1436274600000 66.61
1436274660000 66.63
1436274720000 66.765
1436274780000 66.76
1436274840000 66.86
1436274900000 66.96
1436275020000 66.76
1436275080000 66.75
1436275140000 66.71
1436275200000 66.78
1436275260000 66.74
1436275320000 66.7
1436275380000 66.7
1436275440000 66.72
1436275560000 66.68
1436275620000 66.71
1436275680000 66.71
1436275740000 66.773
1436275800000 66.84
1436275860000 66.79
1436275920000 66.7
1436276040000 66.77
1436276100000 66.79
1436276220000 66.82
1436276280000 66.92
1436276400000 66.97
1436276460000 66.85
1436276520000 66.88
1436276580000 67.01
1436276640000 66.98
1436276760000 67.09
1436276820000 67.02
1436276880000 67.03
1436276940000 67.01
1436277000000 66.97
1436277180000 66.95
1436277240000 66.93
1436277360000 66.96
1436277420000 67.02
1436277540000 66.92
1436277600000 66.98
1436277660000 66.97
1436277720000 66.97
1436277780000 66.96
1436277900000 66.97
1436277960000 66.9
1436278020000 66.89
1436278080000 66.85
1436278140000 66.87
1436278320000 66.81
1436278380000 66.84
1436278440000 66.76
1436278500000 66.69
1436278560000 66.64
1436278680000 66.64
1436278740000 66.6
1436278800000 66.47
1436278860000 66.42
1436278920000 66.36
1436278980000 66.39
1436279040000 66.34
1436279100000 66.35
1436279160000 66.4
1436279220000 66.35
1436279280000 66.33
1436279340000 66.33
1436279400000 66.32
1436279460000 66.32
1436279520000 66.375
1436279580000 66.49
1436279700000 66.5749
1436279820000 66.61
1436279880000 66.63
1436280000000 66.6061
1436280060000 66.72
1436280120000 66.74
1436280180000 66.86
1436280240000 66.96
1436280300000 66.94
1436280360000 66.92
1436280420000 67.1
1436280480000 67.07
1436280540000 67.09
1436280660000 67.07
1436280720000 67.14
1436280780000 67.06
1436280900000 67.12
1436280960000 67.14
1436281080000 67.2
1436281140000 67.41
1436281200000 67.44
1436281260000 67.41
1436281320000 67.42
1436281380000 67.45
1436281440000 67.44
1436281500000 67.4401
1436281560000 67.36
