1436261400000 3.15
1436261460000 3.1674
1436261700000 3.16
1436262420000 3.17
1436262720000 3.16
1436262780000 3.16
1436263020000 3.15
1436264640000 3.0801
1436265060000 3.1
1436265360000 3.1
1436265420000 3.09
1436265480000 3.09
1436265540000 3.09
1436265720000 3.09
1436266260000 3.1
1436266320000 3.1
1436266560000 3.1
1436266620000 3.11
1436266680000 3.12
1436266800000 3.12
1436266980000 3.14
1436267040000 3.16
1436267220000 3.17
1436267280000 3.161
1436267640000 3.17
1436267700000 3.17
1436268060000 3.17
1436268420000 3.163
1436268660000 3.1899
1436268960000 3.1601
1436269680000 3.1701
1436270580000 3.16
1436271180000 3.16
1436271240000 3.16
1436271300000 3.14
1436271720000 3.13
1436271840000 3.14
1436272560000 3.14
1436272620000 3.14
1436272680000 3.14
1436273040000 3.15
1436273100000 3.15
1436273280000 3.16
1436274060000 3.15
1436274180000 3.14
1436274360000 3.12
1436274420000 3.12
1436275380000 3.125
1436276460000 3.12
1436276520000 3.12
1436277060000 3.12
1436277240000 3.12
1436277900000 3.1212
1436278800000 3.12
1436279760000 3.12
1436280120000 3.1201
1436280660000 3.13
1436281080000 3.13
1436281200000 3.125
