1404705600000 3.35
1404792000000 3.2
1404878400000 3.3
1404964800000 3.3701
1405051200000 3.49
1405310400000 3.37
1405396800000 3.4
1405483200000 3.4
1405569600000 3.154
1405656000000 3.06
1405915200000 3.13
1406001600000 2.95
1406088000000 2.97
1406174400000 3.01
1406260800000 2.84
1406520000000 2.7
1406606400000 2.5089
1406692800000 2.4
1406779200000 2.37
1406865600000 3.798
1407124800000 3.09
1407211200000 2.81
1407297600000 3.33
1407384000000 3.36
1407470400000 3.24
1407729600000 3.04
1407816000000 3.14
1407902400000 3.03
1407988800000 2.99
1408075200000 2.97
1408334400000 3.0001
1408420800000 2.8946
1408507200000 2.83
1408593600000 2.91
1408680000000 2.88
1408939200000 2.95
1409025600000 2.91
1409112000000 2.8664
1409198400000 2.8573
1409284800000 2.82
1409630400000 2.73
1409716800000 2.7387
1409803200000 2.75
1409889600000 2.87
1410148800000 2.79
1410235200000 2.75
1410321600000 2.73
1410408000000 2.78
1410494400000 2.72
1410753600000 2.61
1410840000000 2.55
1410926400000 2.4
1411012800000 2.53
1411099200000 2.472
1411358400000 2.38
1411444800000 2.23
1411531200000 2.28
1411617600000 2.3752
1411704000000 2.19
1411963200000 2.31
1412049600000 2.92
1412136000000 2.36
1412222400000 2.5
1412308800000 2.37
1412568000000 2.556
1412654400000 2.5001
1412740800000 2.5375
1412827200000 2.22
1412913600000 2.11
1413172800000 2.03
1413259200000 1.8
1413345600000 1.67
1413432000000 1.7
1413518400000 1.87
1413777600000 2.01
1413864000000 2.02
1413950400000 2.0
1414036800000 2.01
1414123200000 1.25
1414382400000 1.2301
1414468800000 1.24
1414555200000 1.26
1414641600000 1.4345
1414728000000 1.27
1414990800000 1.245
1415077200000 1.2
1415163600000 1.16
1415250000000 1.1
1415336400000 1.0468
1415595600000 0.9299
1415682000000 0.96
1415768400000 0.8391
1415854800000 0.9
