1436261400000 3.67
1436261820000 3.7
1436261880000 3.646
1436262180000 3.65
1436262240000 3.63
1436262360000 3.57
1436262420000 3.6099
1436262480000 3.51
1436262540000 3.5419
1436262600000 3.5
1436262720000 3.5001
1436262780000 3.5499
1436262900000 3.5499
1436262960000 3.51
1436263020000 3.5
1436263140000 3.45
1436263200000 3.5199
1436263380000 3.498
1436263440000 3.5399
1436263500000 3.525
1436263680000 3.4964
1436263800000 3.485
1436263860000 3.4537
1436264460000 3.4501
1436264580000 3.46
1436264640000 3.5
1436264880000 3.5
1436265000000 3.5
1436265180000 3.55
1436265660000 3.615
1436265840000 3.563
1436265900000 3.5599
1436265960000 3.51
1436266140000 3.5086
1436266380000 3.48
1436266440000 3.4852
1436266620000 3.513
1436266740000 3.5296
1436266800000 3.526
1436266920000 3.5496
1436267220000 3.51
1436267700000 3.5499
1436269140000 3.5399
1436269560000 3.52
1436269680000 3.53
1436269800000 3.54
1436270220000 3.6101
1436270280000 3.65
1436270700000 3.65
1436270760000 3.7
1436271120000 3.6804
1436271360000 3.6672
1436271420000 3.66
1436271480000 3.69
1436271540000 3.6505
1436271600000 3.65
1436271660000 3.6
1436271720000 3.57
1436271900000 3.6
1436271960000 3.63
1436272320000 3.63
1436272920000 3.64
1436274180000 3.6
1436275920000 3.65
1436276640000 3.6438
1436276880000 3.64
1436277660000 3.7
1436277720000 3.64
1436278860000 3.6468
1436278920000 3.56
1436279760000 3.63
1436280900000 3.6502
