1436261400000 35.25
1436261820000 34.44
1436262000000 34.6
1436262060000 34.65
1436262180000 34.05
1436262480000 34.39
1436262540000 34.07
1436262720000 34.23
1436262840000 34.39
1436263020000 34.12
1436263080000 34.39
1436263200000 34.12
1436263260000 34.09
1436263320000 34.195
1436263380000 34.04
1436263440000 34.07
1436263500000 33.95
1436263560000 33.45
1436263620000 33.75
1436263680000 33.51
1436263860000 33.72
1436263920000 33.7299
1436263980000 33.7
1436264280000 33.79
1436264400000 33.8
1436264580000 33.8
1436264640000 33.76
1436264700000 33.88
1436264760000 33.91
1436264880000 33.73
1436265240000 33.76
1436265360000 33.73
1436265600000 33.89
1436265720000 33.68
1436265780000 33.89
1436265960000 33.79
1436266020000 33.49
1436266080000 33.51
1436266140000 33.615
1436266320000 33.75
1436266440000 33.74
1436266500000 33.76
1436266560000 33.59
1436266620000 33.59
1436266740000 33.43
1436266800000 33.27
1436266860000 33.3
1436266920000 33.32
1436266980000 33.35
1436267040000 33.3
1436267100000 33.22
1436267160000 33.3001
1436267220000 33.05
1436267280000 32.9
1436267340000 32.77
1436267400000 32.255
1436267460000 32.01
1436267520000 32.044
1436267640000 32.22
1436267700000 32.225
1436267760000 32.0
1436267880000 31.07
1436267940000 30.9699
1436268000000 30.89
1436268060000 31.205
1436268180000 30.951
1436268240000 30.895
1436268300000 30.95
1436268360000 30.969
1436268420000 31.52
1436268480000 31.28
1436268540000 31.41
1436268600000 31.11
1436268720000 31.41
1436268780000 31.41
1436268840000 30.92
1436269020000 30.92
1436269080000 31.05
1436269140000 30.91
1436269200000 31.0
1436269260000 30.98
1436269380000 30.86
1436269440000 30.86
1436269500000 30.9
1436269620000 30.6999
1436269680000 30.4032
1436269740000 30.294
1436269800000 30.44
1436270640000 30.3423
1436270700000 30.31
1436270760000 30.31
1436270820000 30.35
1436270880000 30.29
1436270940000 30.34
1436271000000 30.42
1436271060000 30.595
1436271120000 30.36
1436271180000 30.35
1436271300000 30.28
1436271420000 30.2
1436271480000 29.69
1436271600000 29.9
1436271660000 29.825
1436271960000 29.95
1436272080000 29.72
1436272140000 29.74
1436272260000 29.75
1436272320000 29.76
1436272380000 29.98
1436272500000 29.78
1436272560000 29.77
1436272620000 29.75
1436272680000 29.733
1436272800000 29.96
1436272860000 29.9899
1436272920000 29.99
1436273100000 30.42
1436273160000 30.52
1436273220000 31.44
1436273280000 31.6001
1436273400000 31.73
1436273460000 31.71
1436273580000 31.66
1436273700000 30.8912
1436273760000 30.83
1436273820000 30.9
1436273940000 30.8983
1436274000000 30.81
1436274060000 30.6604
1436274180000 30.513
1436274240000 30.8
1436274360000 30.47
1436274420000 30.47
1436274780000 30.595
1436274840000 30.85
1436274900000 31.15
1436274960000 31.06
1436275020000 31.2
1436275080000 31.0
1436275320000 31.316
1436275380000 31.34
1436275620000 31.02
1436275680000 31.06
1436275800000 31.1501
1436275860000 31.495
1436275920000 31.54
1436275980000 31.42
1436276040000 31.5099
1436276220000 31.5099
1436276280000 31.51
1436276340000 31.5
1436276400000 31.52
1436276460000 31.76
1436276700000 31.5001
1436276760000 31.5501
1436276820000 31.6
1436277000000 31.39
1436277180000 31.68
1436277240000 31.41
1436277300000 31.5
1436277360000 31.46
1436277480000 31.68
1436277540000 31.68
1436277780000 31.71
1436277840000 31.79
1436277960000 31.95
1436278020000 31.98
1436278080000 31.81
1436278260000 32.0
1436278380000 32.01
1436278440000 32.18
1436278500000 32.2
1436278560000 32.165
1436278740000 32.0999
1436278920000 31.92
1436279400000 32.05
1436279760000 32.0
1436280180000 31.85
1436280480000 31.795
1436280720000 32.0
1436280780000 31.86
1436280900000 31.865
1436280960000 31.7001
1436281080000 32.0
1436281320000 31.985
1436281440000 31.9
