1436261400000 1.66
1436262600000 1.68
1436262840000 1.68
1436263260000 1.68
1436263440000 1.6801
1436263500000 1.72
1436264400000 1.72
1436265300000 1.72
1436266200000 1.72
1436266560000 1.7199
1436267160000 1.72
1436267220000 1.681
1436268060000 1.72
1436268240000 1.719
1436268900000 1.71
1436269740000 1.72
1436270580000 1.72
1436271540000 1.71
1436272500000 1.72
1436272680000 1.6956
1436273340000 1.71
1436274180000 1.72
1436275080000 1.7199
1436275200000 1.72
1436276100000 1.72
1436277000000 1.72
1436277840000 1.72
1436278560000 1.6901
1436278800000 1.72
1436279700000 1.7
1436280060000 1.6999
1436280600000 1.7
1436281440000 1.7
1436281500000 1.6907
