1436261400000 60.57
1436261460000 60.55
1436261580000 60.5
1436261640000 60.3
1436261700000 60.26
1436261760000 60.15
1436261820000 60.06
1436261880000 60.1
1436261940000 60.18
1436262000000 60.2594
1436262060000 60.15
1436262120000 60.11
1436262180000 60.1088
1436262240000 60.045
1436262300000 59.99
1436262360000 60.0
1436262480000 60.04
1436262540000 60.06
1436262600000 60.01
1436262660000 59.94
1436262720000 59.99
1436262780000 60.046
1436262840000 59.94
1436262900000 59.908
1436262960000 59.86
1436263020000 59.79
1436263080000 59.72
1436263140000 59.65
1436263200000 59.67
1436263260000 59.6455
1436263320000 59.73
1436263380000 59.76
1436263440000 59.75
1436263500000 59.78
1436263560000 59.74
1436263620000 59.76
1436263680000 59.7
1436263740000 59.72
1436263800000 59.79
1436263860000 59.9
1436263920000 59.88
1436263980000 59.82
1436264040000 59.82
1436264100000 59.76
1436264160000 59.77
1436264220000 59.78
1436264280000 59.77
1436264340000 59.76
1436264400000 59.73
1436264460000 59.66
1436264520000 59.66
1436264580000 59.59
1436264640000 59.61
1436264700000 59.59
1436264760000 59.55
1436264820000 59.54
1436264880000 59.45
1436265000000 59.44
1436265120000 59.4
1436265180000 59.45
1436265240000 59.43
1436265300000 59.43
1436265360000 59.51
1436265420000 59.53
1436265480000 59.465
1436265540000 59.44
1436265600000 59.49
1436265660000 59.49
1436265720000 59.41
1436265780000 59.4099
1436265840000 59.4103
1436265900000 59.49
1436265960000 59.43
1436266020000 59.46
1436266080000 59.47
1436266140000 59.42
1436266200000 59.43
1436266260000 59.4499
1436266320000 59.46
1436266380000 59.46
1436266440000 59.46
1436266500000 59.5006
1436266560000 59.43
1436266620000 59.45
1436266680000 59.42
1436266740000 59.38
1436266800000 59.38
1436266860000 59.32
1436266980000 59.36
1436267040000 59.39
1436267100000 59.4
1436267160000 59.4
1436267220000 59.4
1436267280000 59.4527
1436267340000 59.48
1436267400000 59.46
1436267460000 59.49
1436267520000 59.52
1436267580000 59.53
1436267640000 59.45
1436267700000 59.45
1436267760000 59.47
1436267820000 59.47
1436267880000 59.43
1436267940000 59.43
1436268000000 59.44
1436268060000 59.4
1436268120000 59.38
1436268180000 59.42
1436268240000 59.41
1436268300000 59.365
1436268360000 59.38
1436268480000 59.4
1436268540000 59.35
1436268600000 59.35
1436268660000 59.37
1436268720000 59.38
1436268780000 59.37
1436268840000 59.43
1436268900000 59.44
1436268960000 59.48
1436269020000 59.53
1436269080000 59.56
1436269140000 59.55
1436269200000 59.5
1436269260000 59.58
1436269320000 59.61
1436269380000 59.65
1436269440000 59.68
1436269500000 59.695
1436269560000 59.69
1436269620000 59.71
1436269680000 59.77
1436269740000 59.76
1436269800000 59.78
1436269860000 59.93
1436269920000 59.87
1436269980000 59.845
1436270040000 59.86
1436270100000 59.86
1436270160000 59.89
1436270220000 59.93
1436270280000 59.94
1436270340000 59.92
1436270400000 59.97
1436270460000 59.93
1436270520000 59.85
1436270580000 59.85
1436270640000 59.86
1436270700000 59.87
1436270760000 59.83
1436270820000 59.785
1436270940000 59.76
1436271000000 59.77
1436271060000 59.74
1436271120000 59.69
1436271180000 59.7
1436271240000 59.69
1436271300000 59.66
1436271360000 59.7
1436271420000 59.67
1436271480000 59.64
1436271540000 59.65
1436271600000 59.6207
1436271660000 59.61
1436271720000 59.6
1436271840000 59.61
1436271900000 59.64
1436271960000 59.67
1436272080000 59.66
1436272140000 59.66
1436272200000 59.64
1436272260000 59.68
1436272320000 59.71
1436272380000 59.7
1436272440000 59.69
1436272500000 59.7
1436272560000 59.64
1436272620000 59.65
1436272680000 59.68
1436272740000 59.7599
1436272800000 59.73
1436272860000 59.73
1436272920000 59.75
1436272980000 59.73
1436273040000 59.73
1436273100000 59.73
1436273160000 59.84
1436273280000 59.85
1436273400000 59.83
1436273460000 59.83
1436273520000 59.83
1436273580000 59.83
1436273640000 59.83
1436273760000 59.87
1436273820000 59.84
1436273880000 59.82
1436273940000 59.87
1436274000000 59.88
1436274060000 59.86
1436274120000 59.85
1436274180000 59.84
1436274240000 59.81
1436274300000 59.84
1436274360000 59.81
1436274420000 59.78
1436274480000 59.77
1436274600000 59.8
1436274660000 59.8
1436274720000 59.82
1436274780000 59.89
1436274840000 59.92
1436274900000 59.916
1436274960000 59.83
1436275020000 59.81
1436275080000 59.815
1436275140000 59.8
1436275200000 59.8
1436275260000 59.77
1436275320000 59.74
1436275380000 59.75
1436275440000 59.75
1436275500000 59.76
1436275560000 59.76
1436275620000 59.78
1436275680000 59.76
1436275800000 59.79
1436275860000 59.79
1436275920000 59.7
1436275980000 59.71
1436276040000 59.67
1436276160000 59.724
1436276220000 59.71
1436276280000 59.68
1436276340000 59.69
1436276400000 59.69
1436276460000 59.66
1436276580000 59.67
1436276640000 59.66
1436276700000 59.66
1436276760000 59.675
1436276820000 59.66
1436276880000 59.64
1436276940000 59.64
1436277000000 59.63
1436277060000 59.62
1436277240000 59.65
1436277300000 59.66
1436277360000 59.62
1436277420000 59.62
1436277480000 59.61
1436277540000 59.58
1436277660000 59.62
1436277720000 59.62
1436277900000 59.6
1436277960000 59.59
1436278020000 59.58
1436278080000 59.56
1436278140000 59.58
1436278200000 59.59
1436278260000 59.57
1436278320000 59.56
1436278380000 59.62
1436278440000 59.62
1436278500000 59.6
1436278620000 59.5601
1436278680000 59.575
1436278740000 59.54
1436278860000 59.53
1436278920000 59.45
1436279040000 59.51
1436279100000 59.51
1436279220000 59.51
1436279280000 59.52
1436279340000 59.51
1436279400000 59.5
1436279520000 59.53
1436279640000 59.5
1436279700000 59.5
1436279760000 59.54
1436279820000 59.52
1436279880000 59.53
1436279940000 59.58
1436280000000 59.59
1436280060000 59.66
1436280120000 59.66
1436280180000 59.68
1436280300000 59.76
1436280360000 59.75
1436280420000 59.76
1436280480000 59.78
1436280540000 59.75
1436280600000 59.74
1436280660000 59.73
1436280720000 59.75
1436280780000 59.74
1436280840000 59.76
1436280900000 59.76
1436280960000 59.78
1436281080000 59.86
1436281140000 59.98
1436281200000 59.934
1436281260000 59.95
1436281320000 59.94
1436281380000 59.93
1436281440000 59.95
1436281500000 59.97
1436281560000 59.92
