1436261400000 112.0
1436261520000 110.33
1436261580000 110.39
1436261640000 110.04
1436261700000 111.47
1436261760000 110.1471
1436261880000 110.77
1436261940000 110.01
1436262000000 110.04
1436262060000 109.66
1436262120000 109.05
1436262180000 109.01
1436262240000 108.41
1436262300000 107.98
1436262360000 108.83
1436262480000 108.3
1436262540000 108.92
1436262600000 109.005
1436262660000 108.44
1436262720000 108.11
1436262780000 108.5
1436262840000 108.16
1436262900000 108.15
1436262960000 107.3
1436263020000 107.23
1436263080000 107.25
1436263140000 107.24
1436263260000 107.3
1436263320000 107.15
1436263380000 107.06
1436263440000 107.0
1436263500000 106.11
1436263560000 106.71
1436263620000 106.31
1436263680000 105.56
1436263740000 105.29
1436263800000 105.71
1436263860000 105.46
1436263920000 105.39
1436263980000 105.28
1436264040000 105.29
1436264160000 104.75
1436264220000 104.65
1436264280000 104.5901
1436264340000 104.6906
1436264400000 104.76
1436264460000 104.501
1436264520000 104.65
1436264580000 104.5964
1436264640000 104.65
1436264700000 104.11
1436264760000 104.08
1436264820000 104.09
1436264880000 103.45
1436264940000 102.89
1436265000000 102.7801
1436265060000 103.35
1436265120000 103.09
1436265180000 102.74
1436265240000 102.83
1436265300000 103.0
1436265360000 102.44
1436265420000 102.33
1436265480000 102.06
1436265540000 101.76
1436265600000 101.28
1436265660000 101.4
1436265720000 101.04
1436265780000 100.016
1436265840000 100.31
1436265900000 100.5
1436265960000 100.03
1436266020000 100.19
1436266080000 100.88
1436266140000 101.08
1436266200000 100.7701
1436266260000 100.99
1436266320000 100.845
1436266380000 101.4825
1436266440000 101.62
1436266500000 101.56
1436266560000 101.65
1436266620000 100.26
1436266680000 100.39
1436266800000 100.7
1436266860000 100.63
1436266920000 100.2
1436266980000 100.57
1436267040000 100.42
1436267100000 100.56
1436267220000 100.73
1436267280000 101.2549
1436267340000 101.55
1436267400000 101.47
1436267460000 101.54
1436267520000 101.59
1436267580000 101.5617
1436267640000 101.9701
1436267700000 102.81
1436267760000 102.93
1436267820000 102.97
1436267880000 103.04
1436267940000 103.13
1436268000000 103.11
1436268060000 103.34
1436268120000 103.57
1436268180000 103.91
1436268240000 103.5575
1436268300000 103.6131
1436268360000 104.3225
1436268420000 104.875
1436268480000 105.0
1436268540000 105.35
1436268600000 105.315
1436268660000 105.31
1436268720000 105.5
1436268780000 105.31
1436268840000 105.25
1436268900000 105.85
1436268960000 105.22
1436269020000 105.56
1436269080000 105.33
1436269140000 105.6
1436269200000 105.76
1436269260000 105.75
1436269320000 106.1
1436269380000 106.145
1436269440000 105.1
1436269500000 105.13
1436269560000 104.8
1436269620000 104.2
1436269680000 103.96
1436269740000 103.91
1436269800000 104.068
1436269860000 103.598
1436269920000 103.608
1436269980000 103.29
1436270040000 103.61
1436270100000 103.59
1436270160000 104.148
1436270220000 103.5522
1436270280000 103.4501
1436270340000 103.956
1436270400000 103.83
1436270520000 104.11
1436270580000 103.98
1436270640000 104.39
1436270820000 104.78
1436270880000 104.81
1436270940000 104.58
1436271000000 104.33
1436271060000 104.22
1436271180000 103.35
1436271240000 103.2
1436271300000 103.54
1436271360000 103.59
1436271420000 103.24
1436271540000 103.415
1436271600000 103.53
1436271660000 103.59
1436271780000 103.625
1436271840000 103.39
1436271900000 103.615
1436271960000 103.44
1436272020000 103.4351
1436272080000 103.52
1436272140000 103.6
1436272200000 103.63
1436272260000 103.81
1436272320000 103.7525
1436272440000 103.65
1436272560000 103.65
1436272680000 103.67
1436272740000 103.84
1436272860000 103.82
1436272920000 103.89
1436272980000 103.87
1436273040000 103.89
1436273100000 104.24
1436273160000 104.24
1436273220000 104.25
1436273340000 104.38
1436273460000 104.55
1436273580000 104.54
1436273640000 104.66
1436273700000 104.75
1436273820000 104.73
1436273880000 104.7
1436273940000 104.7
1436274000000 104.63
1436274240000 104.48
1436274300000 104.65
1436274360000 104.495
1436274420000 104.42
1436274480000 103.98
1436274540000 103.93
1436274720000 103.94
1436274840000 103.94
1436274960000 103.96
1436275020000 103.92
1436275080000 103.85
1436275140000 103.8
1436275200000 103.85
1436275260000 103.725
1436275320000 103.56
1436275380000 103.6634
1436275440000 103.64
1436275500000 103.6
1436275560000 103.52
1436275680000 103.6
1436275740000 103.655
1436275800000 103.66
1436275860000 103.76
1436275920000 103.75
1436275980000 103.8
1436276040000 103.73
1436276160000 103.7279
1436276220000 103.71
1436276280000 103.71
1436276340000 103.65
1436276400000 103.66
1436276460000 103.65
1436276520000 103.62
1436276580000 103.54
1436276640000 103.52
1436276700000 103.54
1436276760000 103.29
1436276820000 103.25
1436276880000 103.55
1436276940000 103.4
1436277000000 103.53
1436277060000 103.54
1436277120000 103.42
1436277240000 103.413
1436277300000 103.48
1436277360000 103.76
1436277420000 104.2
1436277480000 104.7399
1436277540000 104.35
1436277660000 104.25
1436277720000 104.15
1436277840000 103.92
1436277900000 104.03
1436278020000 104.23
1436278080000 104.5
1436278320000 104.44
1436278380000 104.6395
1436278440000 104.5833
1436278560000 104.5
1436278620000 104.515
1436278740000 104.24
1436278800000 104.295
1436278860000 103.935
1436278920000 103.85
1436278980000 103.6
1436279040000 103.5
1436279100000 103.59
1436279280000 103.67
1436279340000 103.5
1436279400000 103.45
1436279460000 103.51
1436279520000 103.36
1436279580000 103.36
1436279640000 103.31
1436279820000 103.33
1436279880000 103.78
1436279940000 103.67
1436280000000 103.78
1436280060000 103.573
1436280120000 103.97
1436280360000 104.27
1436280420000 104.37
1436280480000 104.37
1436280540000 104.26
1436280660000 103.69
1436280840000 103.7
1436280900000 103.7
1436281080000 103.7
1436281140000 104.182
1436281200000 103.9501
1436281260000 103.96
1436281380000 103.71
1436281440000 103.63
1436281500000 103.305
1436281560000 103.604
