1436261400000 152.6
1436261460000 152.59
1436261640000 152.93
1436261700000 152.95
1436261760000 152.62
1436261820000 153.375
1436261880000 153.5
1436261940000 153.5163
1436262000000 153.78
1436262060000 153.79
1436262120000 153.84
1436262180000 153.86
1436262240000 153.96
1436262300000 153.795
1436262360000 153.35
1436262420000 153.31
1436262480000 153.36
1436262540000 153.37
1436262600000 153.92
1436262660000 153.775
1436262720000 153.79
1436262780000 153.78
1436262840000 153.65
1436262900000 153.52
1436262960000 153.71
1436263020000 153.75
1436263080000 153.69
1436263140000 153.62
1436263260000 153.66
1436263320000 153.9
1436263380000 153.68
1436263440000 153.56
1436263500000 153.72
1436263560000 153.55
1436263620000 153.59
1436263680000 153.56
1436263740000 153.58
1436263800000 153.75
1436263980000 153.8045
1436264040000 153.85
1436264100000 153.75
1436264160000 153.73
1436264220000 153.77
1436264280000 153.7
1436264460000 153.82
1436264580000 153.734
1436264640000 153.96
1436264700000 153.975
1436264820000 153.95
1436264880000 153.99
1436264940000 153.923
1436265000000 153.93
1436265060000 153.86
1436265240000 153.68
1436265300000 153.76
1436265360000 153.66
1436265420000 153.4
1436265480000 153.112
1436265540000 153.01
1436265600000 152.85
1436265660000 152.82
1436265720000 152.55
1436265780000 152.52
1436265840000 152.35
1436265900000 152.55
1436265960000 152.73
1436266020000 152.709
1436266080000 152.9
1436266140000 152.9
1436266200000 152.875
1436266260000 152.85
1436266320000 152.99
1436266380000 153.01
1436266440000 153.49
1436266500000 153.4
1436266560000 153.5
1436266620000 153.53
1436266680000 153.5
1436266740000 153.55
1436266800000 153.34
1436266860000 153.3
1436266980000 153.1
1436267040000 153.234
1436267100000 153.0075
1436267280000 153.45
1436267340000 153.5
1436267400000 153.49
1436267460000 153.5
1436267520000 153.6249
1436267580000 153.52
1436267700000 153.5
1436267760000 153.61
1436267820000 153.82
1436267880000 153.7
1436267940000 153.69
1436268000000 153.75
1436268060000 153.41
1436268120000 153.475
1436268240000 153.59
1436268300000 153.6
1436268360000 153.6434
1436268420000 153.76
1436268480000 153.74
1436268540000 153.74
1436268600000 153.72
1436268660000 153.74
1436268720000 153.66
1436268780000 153.03
1436268840000 152.43
1436268900000 152.46
1436268960000 152.44
1436269020000 152.48
1436269080000 152.49
1436269140000 152.53
1436269200000 152.52
1436269260000 152.731
1436269320000 152.51
1436269380000 152.32
1436269440000 152.33
1436269560000 152.5382
1436269620000 152.5
1436269680000 152.5
1436269740000 152.5
1436269800000 152.32
1436269860000 152.23
1436269920000 152.07
1436269980000 152.29
1436270040000 152.14
1436270100000 152.07
1436270160000 152.175
1436270220000 152.67
1436270280000 152.73
1436270340000 152.813
1436270400000 152.62
1436270460000 152.72
1436270520000 152.6
1436270580000 152.74
1436270700000 153.21
1436270820000 153.38
1436271000000 153.36
1436271060000 153.22
1436271120000 153.32
1436271180000 153.18
1436271240000 153.19
1436271300000 153.08
1436271360000 153.08
1436271420000 153.11
1436271540000 153.1
1436271660000 153.24
1436271720000 153.4646
1436271780000 153.33
1436271840000 153.55
1436271900000 153.62
1436272020000 153.6093
1436272080000 153.47
1436272140000 153.6672
1436272200000 153.46
1436272260000 153.53
1436272320000 153.48
1436272380000 153.3
1436272440000 153.24
1436272500000 153.335
1436272560000 153.4
1436272620000 153.5
1436272680000 153.405
1436272740000 153.57
1436272800000 153.82
1436272860000 153.59
1436272920000 153.71
1436272980000 153.86
1436273100000 153.95
1436273160000 154.08
1436273220000 154.14
1436273280000 154.025
1436273340000 154.14
1436273400000 153.99
1436273460000 153.91
1436273520000 153.939
1436273580000 153.93
1436273640000 153.96
1436273700000 153.99
1436273760000 154.0
1436273820000 154.025
1436273880000 154.12
1436273940000 154.06
1436274060000 154.08
1436274180000 153.89
1436274300000 154.09
1436274360000 154.11
1436274420000 154.09
1436274480000 154.1
1436274540000 154.09
1436274600000 154.21
1436274660000 154.168
1436274720000 154.22
1436274780000 154.242
1436274840000 154.304
1436274900000 154.255
1436274960000 154.3
1436275080000 154.17
1436275140000 154.31
1436275200000 154.348
1436275260000 154.37
1436275320000 154.31
1436275380000 154.31
1436275440000 154.45
1436275500000 154.52
1436275620000 154.61
1436275680000 154.61
1436275740000 154.6
1436275800000 154.68
1436275860000 154.66
1436275920000 154.58
1436275980000 154.66
1436276040000 154.62
1436276100000 154.675
1436276160000 154.71
1436276220000 154.665
1436276280000 154.66
1436276340000 154.66
1436276400000 154.7
1436276460000 154.6849
1436276520000 154.585
1436276580000 154.67
1436276640000 154.72
1436276700000 154.73
1436276760000 154.715
1436276820000 154.78
1436276880000 154.8
1436276940000 154.86
1436277000000 154.83
1436277060000 154.8699
1436277120000 154.7501
1436277180000 154.87
1436277240000 154.65
1436277360000 154.7083
1436277420000 154.8
1436277480000 154.765
1436277540000 154.72
1436277600000 154.55
1436277660000 154.6
1436277720000 154.54
1436277780000 154.445
1436277840000 154.62
1436277900000 154.6
1436277960000 154.481
1436278020000 154.53
1436278080000 154.501
1436278140000 154.5
1436278200000 154.59
1436278260000 154.6
1436278320000 154.575
1436278440000 154.6
1436278500000 154.671
1436278560000 154.69
1436278620000 154.7
1436278680000 154.69
1436278740000 154.57
1436278800000 154.66
1436278860000 154.47
1436278920000 154.53
1436278980000 154.55
1436279040000 154.6
1436279100000 154.64
1436279160000 154.81
1436279220000 154.66
1436279280000 154.75
1436279340000 154.7
1436279400000 154.75
1436279460000 154.79
1436279520000 154.79
1436279580000 154.78
1436279640000 154.74
1436279700000 154.72
1436279760000 154.865
1436279820000 154.8
1436279880000 154.72
1436279940000 154.84
1436280000000 154.86
1436280060000 154.81
1436280120000 154.98
1436280180000 154.9
1436280240000 154.94
1436280300000 154.94
1436280360000 155.04
1436280420000 154.95
1436280480000 155.1
1436280600000 154.929
1436280660000 155.05
1436280720000 155.0699
1436280780000 155.07
1436280840000 155.17
1436280900000 155.16
1436280960000 154.84
1436281020000 154.83
1436281080000 155.0
1436281140000 155.05
1436281260000 155.11
1436281320000 155.0725
1436281380000 155.25
1436281440000 155.24
1436281500000 155.22
1436281560000 155.23
