1404705600000 0.1521
1404792000000 0.17
1404878400000 0.15
1404964800000 0.155
1405051200000 0.1494
1405310400000 0.1275
1405396800000 0.115
1405483200000 0.13
1405569600000 0.14
1405656000000 0.17
1405915200000 0.18
1406001600000 0.18
1406088000000 0.143
1406174400000 0.1447
1406260800000 0.135
1406520000000 0.13
1406606400000 0.147
1406692800000 0.125
1406779200000 0.144
1406865600000 0.139
1407124800000 0.124
1407211200000 0.126
1407297600000 0.135
1407384000000 0.136
1407470400000 0.135
1407729600000 0.133
1407816000000 0.12
1407902400000 0.135
1407988800000 0.11
1408075200000 0.13
1408334400000 0.13
1408420800000 0.129
1408507200000 0.129
1408593600000 0.12
1408680000000 0.125
1408939200000 0.1247
1409025600000 0.1121
1409112000000 0.0901
1409198400000 0.08
1409284800000 0.09
1409630400000 0.092
1409716800000 0.098
1409803200000 0.09
1409889600000 0.111
1410148800000 0.11
1410235200000 0.1066
1410321600000 0.109
1410408000000 0.126
1410494400000 0.13
1410753600000 0.091
1410840000000 0.12
1410926400000 0.1288
1411012800000 0.1224
1411099200000 0.126
1411358400000 0.12
1411444800000 0.1
1411531200000 0.1001
1411617600000 0.095
1411704000000 0.1
1411963200000 0.1099
1412049600000 0.12
1412136000000 0.1001
1412222400000 0.0924
1412308800000 0.1199
1412568000000 0.093
1412654400000 0.0911
1412827200000 0.109
1412913600000 0.11
1413172800000 0.11
1413259200000 0.1159
1413345600000 0.1159
1413432000000 0.11
1413518400000 0.1099
1413777600000 0.1099
1413864000000 0.1055
1413950400000 0.1056
1414036800000 0.1
1414123200000 0.09
1414382400000 0.109
1414468800000 0.085
1414555200000 0.0924
1414641600000 0.08
1414728000000 0.084
1414990800000 0.049
1415077200000 0.046
1415163600000 0.0535
1415250000000 0.0343
1415336400000 0.047
1415595600000 0.048
1415682000000 0.047
1415768400000 0.046
1415854800000 0.045
1415941200000 0.043
1416200400000 0.0449
1416286800000 0.0448
1416373200000 0.0374
1416459600000 0.038
1416546000000 0.036
1416805200000 0.036
1416891600000 0.0354
1416978000000 0.039
1417150800000 0.037
1417410000000 0.026
1417496400000 0.021
1417582800000 0.018
1417669200000 0.02
1417755600000 0.0259
1418014800000 0.081
1418101200000 0.055
1418187600000 0.055
1418274000000 0.045
1418360400000 0.035
1418619600000 0.062
1418706000000 0.06
1418792400000 0.06
1418878800000 0.0643
1418965200000 0.0645
1419224400000 0.06
1419310800000 0.055
1419397200000 0.059
1419570000000 0.05
1419829200000 0.0599
1419915600000 0.0395
1420002000000 0.04
1420174800000 0.0575
1420434000000 0.058
1420520400000 0.0575
1420606800000 0.0575
1420693200000 0.0577
1420779600000 0.0577
1421038800000 0.0593
1421125200000 0.0575
1421211600000 0.0578
1421298000000 0.0579
1421384400000 0.059
1421730000000 0.0581
1421816400000 0.0582
1421902800000 0.0584
1421989200000 0.0582
1422248400000 0.0594
1422334800000 0.0594
1422421200000 0.058
1422507600000 0.0593
1422594000000 0.059
