1404705600000 69.42
1404792000000 67.52
1404878400000 68.34
1404964800000 67.92
1405051200000 67.81
1405310400000 67.95
1405396800000 65.65
1405483200000 63.76
1405569600000 63.24
1405656000000 64.87
1405915200000 64.96
1406001600000 65.7
1406088000000 62.58
1406174400000 62.65
1406260800000 62.51
1406520000000 61.4
1406606400000 61.55
1406692800000 61.66
1406779200000 60.9
1406865600000 61.05
1407124800000 61.87
1407211200000 62.16
1407297600000 61.47
1407384000000 60.5
1407470400000 60.75
1407729600000 62.23
1407816000000 62.455
1407902400000 63.32
1407988800000 63.59
1408075200000 63.39
1408334400000 64.56
1408420800000 66.22
1408507200000 64.8
1408593600000 64.92
1408680000000 66.06
1408939200000 67.6
1409025600000 68.53
1409112000000 68.25
1409198400000 68.91
1409284800000 69.03
1409630400000 68.44
1409716800000 67.91
1409803200000 67.76
1409889600000 67.73
1410148800000 68.7
1410235200000 67.36
1410321600000 68.98
1410408000000 68.43
1410494400000 67.14
1410753600000 66.16
1410840000000 66.81
1410926400000 66.39
1411012800000 67.1
1411099200000 66.55
1411358400000 66.21
1411444800000 65.58
1411531200000 68.02
1411617600000 66.03
1411704000000 65.915
1411963200000 66.49
1412049600000 66.34
1412136000000 64.75
1412222400000 65.94
1412308800000 67.01
1412568000000 66.27
1412654400000 63.9
1412740800000 65.39
1412827200000 64.32
1412913600000 63.19
1413172800000 60.85
1413259200000 60.05
1413345600000 61.99
1413432000000 63.975
1413518400000 65.89
1413777600000 67.34
1413864000000 66.4
1413950400000 69.15
1414036800000 72.42
1414123200000 70.93
1414382400000 71.94
1414468800000 72.34
1414555200000 71.35
1414641600000 72.5
1414728000000 72.29
1414990800000 73.08
1415077200000 72.42
1415163600000 70.75
1415250000000 70.91
1415336400000 70.38
1415595600000 71.48
1415682000000 71.42
1415768400000 72.31
1415854800000 71.74
1415941200000 70.52
1416200400000 72.73
1416286800000 73.73
1416373200000 74.11
1416459600000 73.37
1416546000000 73.6
1416805200000 74.85
1416891600000 74.96
1416978000000 75.65
1417150800000 75.81
1417410000000 75.6
1417496400000 76.44
1417582800000 75.93
1417669200000 74.52
1417755600000 74.36
1418014800000 100.6
1418101200000 95.83
1418187600000 95.01
1418274000000 96.27
1418360400000 96.31
1418619600000 96.31
1418706000000 96.73
1418792400000 97.8
1418878800000 97.77
1418965200000 98.67
1419224400000 100.47
1419310800000 100.38
1419397200000 100.29
1419570000000 100.3
1419829200000 100.71
1419915600000 100.7
1420002000000 100.65
1420174800000 100.76
1420434000000 100.68
1420520400000 100.8
1420606800000 100.79
1420693200000 100.605
1420779600000 100.75
1421038800000 100.775
1421125200000 100.94
1421211600000 101.5
1421298000000 101.37
1421384400000 101.3
1421730000000 101.8
1421816400000 101.94
