1436263380000 1.12
1436264820000 1.1101
1436264880000 1.11
1436265000000 1.0875
1436265060000 1.1099
1436266020000 1.05
1436266140000 1.0401
1436266500000 1.05
1436266680000 1.0401
1436267220000 1.033
1436267460000 1.03
1436267520000 1.0
1436267580000 1.0
1436268420000 1.0
1436268660000 0.99
1436269200000 0.9999
1436269560000 1.0
1436269680000 1.0
1436269740000 1.0
1436270580000 1.0
1436271900000 1.02
1436272740000 1.04
1436276400000 1.04
1436277600000 1.02
1436281500000 1.011
1436281560000 1.01
