1436261400000 9.86
1436261460000 8.865
1436261520000 9.215
1436261580000 9.29
1436261640000 9.02
1436261700000 9.045
1436261760000 8.86
1436261820000 9.05
1436261880000 9.0503
1436261940000 9.14
1436262000000 9.18
1436262060000 9.14
1436262120000 9.1399
1436262180000 9.17
1436262240000 9.18
1436262300000 9.27
1436262360000 9.255
1436262420000 9.29
1436262480000 9.28
1436262540000 9.22
1436262600000 9.31
1436262660000 9.25
1436262720000 9.28
1436262780000 9.25
1436262840000 9.1609
1436262900000 9.14
1436262960000 9.08
1436263020000 9.0399
1436263080000 9.03
1436263140000 9.04
1436263200000 9.06
1436263260000 9.01
1436263320000 9.05
1436263380000 9.04
1436263440000 9.0
1436263500000 9.01
1436263560000 9.03
1436263620000 9.03
1436263680000 9.02
1436263740000 9.0
1436263800000 9.01
1436263860000 9.08
1436263920000 9.05
1436263980000 9.03
1436264040000 9.02
1436264100000 9.02
1436264160000 9.0342
1436264220000 9.09
1436264280000 9.095
1436264340000 9.08
1436264400000 9.08
1436264460000 9.11
1436264520000 9.2
1436264580000 9.3
1436264640000 9.27
1436264700000 9.28
1436264760000 9.26
1436264820000 9.1
1436264880000 9.01
1436264940000 8.94
1436265000000 8.92
1436265060000 8.94
1436265120000 8.94
1436265180000 8.96
1436265240000 9.05
1436265300000 9.05
1436265360000 9.02
1436265420000 8.96
1436265480000 8.95
1436265540000 8.95
1436265600000 8.8981
1436265660000 8.87
1436265720000 8.86
1436265780000 8.72
1436265840000 8.79
1436265900000 8.78
1436265960000 8.775
1436266020000 8.8201
1436266080000 8.85
1436266140000 8.94
1436266200000 8.88
1436266260000 8.8801
1436266320000 8.86
1436266380000 8.96
1436266440000 8.96
1436266500000 8.98
1436266560000 8.99
1436266620000 8.99
1436266680000 8.99
1436266740000 8.9865
1436266800000 8.9855
1436266860000 8.97
1436266920000 8.91
1436266980000 8.86
1436267040000 8.8937
1436267100000 8.9
1436267160000 8.88
1436267220000 8.86
1436267280000 8.88
1436267340000 8.86
1436267400000 8.87
1436267460000 8.88
1436267520000 8.9
1436267580000 8.88
1436267640000 8.91
1436267700000 8.97
1436267760000 8.97
1436267820000 8.95
1436267880000 8.95
1436267940000 8.9883
1436268000000 8.99
1436268060000 8.99
1436268120000 8.985
1436268180000 8.99
1436268240000 8.97
1436268300000 8.99
1436268360000 9.02
1436268420000 9.04
1436268480000 9.04
1436268540000 9.08
1436268600000 9.1
1436268660000 9.085
1436268720000 9.09
1436268840000 9.0199
1436268960000 9.015
1436269020000 9.0
1436269080000 8.92
1436269140000 8.92
1436269200000 8.92
1436269260000 8.895
1436269380000 8.895
1436269440000 8.9094
1436269500000 8.91
1436269560000 8.91
1436269680000 8.91
1436269740000 8.909
1436269800000 8.91
1436269860000 8.93
1436269920000 8.9295
1436270040000 8.93
1436270100000 8.925
1436270160000 8.93
1436270220000 8.93
1436270280000 8.9799
1436270340000 8.98
1436270400000 8.94
1436270460000 8.95
1436270520000 8.95
1436270580000 8.95
1436270640000 8.94
1436270700000 8.95
1436270760000 8.95
1436271000000 8.95
1436271060000 8.9499
1436271120000 8.93
1436271180000 8.88
1436271240000 8.87
1436271360000 8.9
1436271420000 8.9
1436271540000 8.8781
1436271600000 8.86
1436271660000 8.88
1436271720000 8.87
1436271840000 8.87
1436271900000 8.87
1436271960000 8.87
1436272020000 8.87
1436272080000 8.87
1436272140000 8.86
1436272200000 8.86
1436272260000 8.85
1436272320000 8.86
1436272380000 8.86
1436272440000 8.85
1436272500000 8.8
1436272560000 8.86
1436272620000 8.85
1436272680000 8.851
1436272740000 8.8
1436272800000 8.81
1436272860000 8.835
1436272920000 8.87
1436272980000 8.87
1436273040000 8.85
1436273100000 8.85
1436273160000 8.85
1436273220000 8.84
1436273340000 8.84
1436273400000 8.83
1436273460000 8.83
1436273520000 8.837
1436273580000 8.83
1436273640000 8.85
1436273700000 8.86
1436273760000 8.94
1436273820000 8.95
1436273880000 8.96
1436273940000 8.96
1436274000000 8.9494
1436274060000 8.95
1436274180000 9.01
1436274240000 9.02
1436274300000 9.02
1436274360000 9.03
1436274420000 9.02
1436274480000 9.01
1436274540000 8.99
1436274600000 9.01
1436274660000 9.03
1436274720000 9.03
1436274780000 9.06
1436274840000 9.09
1436274900000 9.06
1436275020000 9.067
1436275080000 9.05
1436275140000 9.04
1436275200000 9.05
1436275260000 9.04
1436275320000 9.08
1436275380000 9.1199
1436275440000 9.1201
1436275500000 9.19
1436275560000 9.18
1436275620000 9.18
1436275680000 9.19
1436275740000 9.18
1436275800000 9.15
1436275860000 9.13
1436275920000 9.1299
1436275980000 9.12
1436276040000 9.13
1436276100000 9.13
1436276160000 9.15
1436276220000 9.15
1436276280000 9.16
1436276340000 9.17
1436276400000 9.18
1436276460000 9.21
1436276520000 9.21
1436276580000 9.2
1436276640000 9.21
1436276700000 9.28
1436276760000 9.3
1436276820000 9.33
1436276880000 9.29
1436277000000 9.31
1436277060000 9.31
1436277120000 9.31
1436277180000 9.31
1436277240000 9.33
1436277300000 9.34
1436277360000 9.365
1436277420000 9.36
1436277480000 9.36
1436277540000 9.36
1436277600000 9.36
1436277660000 9.36
1436277780000 9.29
1436277840000 9.29
1436277900000 9.29
1436277960000 9.29
1436278020000 9.25
1436278140000 9.22
1436278200000 9.24
1436278260000 9.24
1436278320000 9.24
1436278380000 9.24
1436278500000 9.25
1436278560000 9.26
1436278620000 9.26
1436278680000 9.26
1436278740000 9.26
1436278800000 9.26
1436278860000 9.26
1436278920000 9.26
1436278980000 9.26
1436279040000 9.26
1436279100000 9.26
1436279160000 9.26
1436279220000 9.26
1436279280000 9.26
1436279340000 9.26
1436279400000 9.26
1436279460000 9.26
1436279520000 9.3
1436279580000 9.34
1436279640000 9.33
1436279700000 9.33
1436279760000 9.29
1436279820000 9.29
1436279880000 9.26
1436279940000 9.28
1436280000000 9.25
1436280060000 9.26
1436280120000 9.27
1436280180000 9.28
1436280300000 9.35
1436280360000 9.32
1436280420000 9.33
1436280480000 9.33
1436280600000 9.33
1436280660000 9.35
1436280720000 9.33
1436280780000 9.4
1436280840000 9.39
1436280900000 9.44
1436280960000 9.48
1436281020000 9.45
1436281140000 9.49
1436281200000 9.48
1436281260000 9.5
1436281320000 9.48
1436281380000 9.46
1436281440000 9.47
1436281500000 9.47
1436281560000 9.48
