1436261400000 18.35
1436261640000 18.33
1436261940000 18.35
1436262420000 18.2
1436262840000 18.5
1436263740000 18.2
1436266320000 18.18
1436266380000 18.23
1436266500000 18.21
1436266740000 18.23
1436267100000 18.23
1436267340000 18.26
1436267580000 18.16
1436268840000 18.13
1436268900000 18.17
1436269140000 18.2
1436269980000 18.2
1436270760000 18.2541
1436272320000 18.28
1436272620000 18.37
1436273220000 18.29
1436273700000 18.42
1436274660000 18.39
1436276280000 18.32
1436278500000 18.33
1436278740000 18.33
1436279100000 18.3
1436279880000 18.38
1436280180000 18.41
1436280240000 18.45
1436281440000 18.46
