1436262360000 12.97
1436262420000 12.86
1436262840000 12.89
1436263080000 12.87
1436263260000 12.83
1436263740000 12.8468
1436263980000 12.85
1436264340000 12.86
1436264460000 12.85
1436264820000 12.82
1436264880000 12.78
1436265000000 12.76
1436265060000 12.73
1436265240000 12.71
1436265600000 12.64
1436265660000 12.62
1436265960000 12.62
1436266140000 12.71
1436266200000 12.65
1436266380000 12.68
1436266440000 12.676
1436266680000 12.67
1436267100000 12.61
1436267280000 12.63
1436267700000 12.59
1436267760000 12.61
1436267820000 12.59
1436267880000 12.59
1436267940000 12.59
1436268000000 12.57
1436268060000 12.57
1436268540000 12.55
1436268600000 12.55
1436268840000 12.49
1436269080000 12.47
1436269140000 12.51
1436269440000 12.57
1436269980000 12.54
1436270040000 12.57
1436270100000 12.57
1436270160000 12.62
1436270220000 12.63
1436270340000 12.61
1436270400000 12.62
1436270820000 12.62
1436270880000 12.62
1436271000000 12.62
1436271060000 12.62
1436271120000 12.6
1436271180000 12.6
1436271300000 12.61
1436271420000 12.6
1436271480000 12.61
1436271540000 12.61
1436271780000 12.614
1436271840000 12.61
1436271900000 12.66
1436271960000 12.646
1436272140000 12.645
1436272320000 12.647
1436272500000 12.656
1436272560000 12.7
1436272680000 12.676
1436272740000 12.72
1436272860000 12.695
1436273040000 12.713
1436273100000 12.74
1436273220000 12.725
1436273400000 12.706
1436273520000 12.69
1436273580000 12.697
1436273880000 12.73
1436273940000 12.74
1436274000000 12.75
1436274120000 12.75
1436274240000 12.76
1436274300000 12.74
1436274540000 12.73
1436274720000 12.78
1436274780000 12.81
1436274960000 12.78
1436275020000 12.76
1436275200000 12.79
1436275440000 12.79
1436275680000 12.79
1436275800000 12.81
1436275860000 12.79
1436276280000 12.81
1436276640000 12.79
1436276700000 12.81
1436276820000 12.82
1436277300000 12.77
1436277360000 12.75
1436277420000 12.82
1436277480000 12.8299
1436277540000 12.87
1436277600000 12.88
1436277660000 12.86
1436277720000 12.88
1436277780000 12.89
1436277840000 12.89
1436277900000 12.89
1436277960000 12.94
1436278020000 12.88
1436278080000 12.92
1436278140000 12.88
1436278200000 12.88
1436278260000 12.92
1436278440000 12.93
1436278560000 12.92
1436278680000 12.91
1436278860000 12.89
1436278920000 12.84
1436278980000 12.84
1436279040000 12.83
1436279100000 12.805
1436279160000 12.805
1436279220000 12.8
1436279280000 12.8
1436279400000 12.81
1436279520000 12.8
1436279580000 12.81
1436280000000 12.85
1436280060000 12.84
1436280120000 12.85
1436280180000 12.85
1436280240000 12.85
1436280300000 12.85
1436280360000 12.85
1436280420000 12.85
1436280480000 12.82
1436280540000 12.85
1436280900000 12.85
1436280960000 12.85
1436281080000 12.86
1436281140000 12.875
1436281200000 12.905
1436281260000 12.88
1436281320000 12.88
1436281380000 12.88
1436281500000 12.87
1436281560000 12.82
