1436261400000 1.75
1436261520000 1.75
1436261580000 1.75
1436261640000 1.75
1436261700000 1.74
1436261760000 1.74
1436261880000 1.7436
1436262000000 1.75
1436262120000 1.745
1436262420000 1.73
1436262600000 1.73
1436262960000 1.73
1436263020000 1.7201
1436263620000 1.72
1436263680000 1.72
1436263740000 1.7201
1436263920000 1.72
1436263980000 1.72
1436264340000 1.7201
1436264400000 1.72
1436264640000 1.721
1436264700000 1.72
1436264760000 1.72
1436264880000 1.7201
1436265000000 1.7215
1436265060000 1.7212
1436265120000 1.72
1436265240000 1.72
1436265300000 1.72
1436265420000 1.71
1436265480000 1.71
1436265540000 1.71
1436265660000 1.7
1436265720000 1.71
1436265840000 1.7
1436265900000 1.7
1436265960000 1.7001
1436266020000 1.71
1436266140000 1.705
1436266200000 1.7
1436266260000 1.7
1436266320000 1.65
1436266380000 1.6699
1436266440000 1.66
1436266500000 1.66
1436266560000 1.652
1436266620000 1.65
1436266680000 1.65
1436266920000 1.6563
1436266980000 1.6699
1436267040000 1.6699
1436267160000 1.665
1436267220000 1.65
1436267520000 1.66
1436267580000 1.66
1436267700000 1.665
1436267820000 1.67
1436267880000 1.65
1436267940000 1.65
1436268000000 1.655
1436268060000 1.6501
1436268120000 1.655
1436268180000 1.6501
1436268300000 1.655
1436268360000 1.659
1436268420000 1.6599
1436268600000 1.65
1436268660000 1.6599
1436268720000 1.655
1436268780000 1.6594
1436268840000 1.6599
1436268900000 1.655
1436269020000 1.655
1436269200000 1.66
1436269260000 1.66
1436269380000 1.66
1436269500000 1.66
1436269620000 1.67
1436269800000 1.6643
1436269860000 1.6699
1436269920000 1.6735
1436270040000 1.6725
1436270100000 1.67
1436270220000 1.67
1436270280000 1.67
1436270340000 1.68
1436270520000 1.7
1436270640000 1.68
1436270760000 1.7
1436270940000 1.68
1436271000000 1.7
1436271420000 1.6801
1436271480000 1.6801
1436271720000 1.69
1436272140000 1.7
1436272200000 1.68
1436272320000 1.7
1436272680000 1.69
1436272800000 1.69
1436272980000 1.68
1436273640000 1.69
1436273820000 1.6988
1436274180000 1.7
1436274360000 1.68
1436274660000 1.691
1436274720000 1.6958
1436274840000 1.7
1436274960000 1.7099
1436275020000 1.71
1436275140000 1.705
1436275200000 1.705
1436275380000 1.7
1436275680000 1.705
1436275800000 1.705
1436275860000 1.705
1436275920000 1.71
1436276040000 1.705
1436276700000 1.71
1436276820000 1.71
1436277480000 1.7084
1436277720000 1.71
1436277780000 1.7001
1436278020000 1.71
1436278620000 1.71
1436278680000 1.71
1436279160000 1.71
1436279340000 1.7099
1436279460000 1.71
1436279520000 1.71
1436279580000 1.7099
1436279640000 1.7099
1436279760000 1.71
1436279940000 1.71
1436280000000 1.71
1436280120000 1.71
1436280180000 1.7199
1436280240000 1.72
1436280300000 1.7199
1436280420000 1.73
1436280960000 1.73
1436281080000 1.73
1436281200000 1.73
1436281320000 1.7216
1436281440000 1.73
1436281500000 1.73
