1436261400000 34.2
1436261520000 34.22
1436261580000 34.18
1436261640000 34.21
1436261700000 34.18
1436261760000 34.11
1436261820000 33.9
1436261880000 33.85
1436262060000 33.88
1436262180000 33.88
1436262300000 33.89
1436262360000 33.85
1436262480000 33.88
1436262540000 33.89
1436262720000 33.86
1436262780000 33.85
1436262840000 33.84
1436262900000 33.81
1436262960000 33.8
1436263020000 33.79
1436263080000 33.757
1436263200000 33.76
1436263260000 33.75
1436263320000 33.74
1436263380000 33.75
1436263440000 33.73
1436263500000 33.72
1436263560000 33.72
1436263620000 33.7
1436263680000 33.64
1436263740000 33.6299
1436263800000 33.65
1436263860000 33.71
1436263920000 33.72
1436263980000 33.73
1436264040000 33.73
1436264100000 33.67
1436264160000 33.69
1436264220000 33.72
1436264280000 33.71
1436264340000 33.69
1436264400000 33.68
1436264460000 33.65
1436264520000 33.69
1436264580000 33.68
1436264700000 33.67
1436264760000 33.63
1436264820000 33.63
1436264880000 33.575
1436264940000 33.56
1436265000000 33.56
1436265060000 33.54
1436265120000 33.54
1436265180000 33.52
1436265240000 33.54
1436265300000 33.53
1436265360000 33.52
1436265420000 33.53
1436265480000 33.5
1436265540000 33.52
1436265600000 33.51
1436265660000 33.5
1436265720000 33.45
1436265780000 33.39
1436265900000 33.44
1436265960000 33.44
1436266080000 33.47
1436266140000 33.46
1436266200000 33.5
1436266260000 33.495
1436266320000 33.5
1436266380000 33.54
1436266440000 33.54
1436266500000 33.57
1436266560000 33.55
1436266620000 33.56
1436266680000 33.54
1436266740000 33.53
1436266800000 33.51
1436266860000 33.47
1436266920000 33.4932
1436266980000 33.49
1436267040000 33.5
1436267100000 33.51
1436267160000 33.49
1436267280000 33.485
1436267340000 33.475
1436267400000 33.5
1436267460000 33.54
1436267520000 33.56
1436267580000 33.59
1436267640000 33.55
1436267700000 33.57
1436267760000 33.63
1436267820000 33.625
1436267880000 33.62
1436267940000 33.59
1436268000000 33.61
1436268060000 33.61
1436268120000 33.6
1436268180000 33.612
1436268240000 33.65
1436268360000 33.62
1436268420000 33.6298
1436268480000 33.64
1436268540000 33.62
1436268600000 33.54
1436268660000 33.56
1436268720000 33.55
1436268780000 33.55
1436268840000 33.55
1436268900000 33.5
1436268960000 33.51
1436269020000 33.53
1436269080000 33.53
1436269140000 33.575
1436269200000 33.55
1436269320000 33.57
1436269380000 33.59
1436269440000 33.61
1436269500000 33.58
1436269560000 33.57
1436269620000 33.57
1436269680000 33.62
1436269740000 33.59
1436269800000 33.58
1436269860000 33.605
1436269980000 33.63
1436270040000 33.65
1436270100000 33.65
1436270160000 33.68
1436270220000 33.75
1436270280000 33.72
1436270340000 33.75
1436270400000 33.75
1436270460000 33.745
1436270520000 33.73
1436270580000 33.755
1436270640000 33.765
1436270700000 33.79
1436270820000 33.79
1436270880000 33.78
1436270940000 33.77
1436271000000 33.77
1436271060000 33.75
1436271120000 33.735
1436271240000 33.73
1436271300000 33.68
1436271360000 33.69
1436271420000 33.69
1436271480000 33.67
1436271540000 33.71
1436271600000 33.705
1436271660000 33.71
1436271720000 33.66
1436271780000 33.63
1436271840000 33.6399
1436271900000 33.64
1436271960000 33.66
1436272140000 33.68
1436272200000 33.685
1436272260000 33.67
1436272320000 33.68
1436272380000 33.67
1436272440000 33.68
1436272500000 33.68
1436272560000 33.66
1436272620000 33.67
1436272680000 33.67
1436272740000 33.69
1436272800000 33.68
1436272860000 33.67
1436272920000 33.67
1436272980000 33.71
1436273040000 33.75
1436273100000 33.78
1436273160000 33.8
1436273220000 33.84
1436273280000 33.83
1436273340000 33.8299
1436273460000 33.83
1436273520000 33.89
1436273580000 33.82
1436273640000 33.83
1436273700000 33.88
1436273760000 33.86
1436273880000 33.85
1436274000000 33.87
1436274060000 33.86
1436274120000 33.86
1436274180000 33.83
1436274240000 33.81
1436274300000 33.81
1436274360000 33.81
1436274420000 33.8
1436274480000 33.82
1436274540000 33.87
1436274600000 33.87
1436274660000 33.88
1436274720000 33.88
1436274780000 33.93
1436274840000 33.9251
1436274900000 33.95
1436275020000 33.845
1436275080000 33.86
1436275140000 33.87
1436275200000 33.895
1436275260000 33.86
1436275320000 33.85
1436275380000 33.86
1436275440000 33.88
1436275500000 33.86
1436275560000 33.88
1436275620000 33.89
1436275680000 33.91
1436275740000 33.91
1436275800000 33.92
1436275860000 33.93
1436275920000 33.89
1436275980000 33.885
1436276040000 33.89
1436276100000 33.91
1436276160000 33.905
1436276220000 33.89
1436276280000 33.88
1436276340000 33.89
1436276400000 33.89
1436276460000 33.86
1436276520000 33.87
1436276580000 33.91
1436276640000 33.92
1436276700000 33.94
1436276880000 33.92
1436276940000 33.94
1436277000000 33.99
1436277060000 33.91
1436277120000 33.92
1436277180000 33.9
1436277240000 33.91
1436277300000 33.93
1436277360000 33.94
1436277420000 33.93
1436277480000 33.9
1436277540000 33.885
1436277600000 33.89
1436277660000 33.93
1436277720000 33.94
1436277840000 33.94
1436277900000 33.94
1436277960000 33.895
1436278020000 33.895
1436278080000 33.9
1436278140000 33.92
1436278200000 33.95
1436278260000 33.91
1436278320000 33.96
1436278380000 33.98
1436278440000 33.99
1436278500000 33.99
1436278560000 33.95
1436278680000 33.97
1436278740000 33.93
1436278800000 33.91
1436278860000 33.93
1436278920000 33.91
1436278980000 33.93
1436279040000 33.96
1436279100000 33.975
1436279160000 34.0
1436279220000 34.0
1436279280000 34.01
1436279340000 34.0
1436279400000 34.01
1436279460000 34.01
1436279520000 34.03
1436279580000 34.04
1436279640000 34.04
1436279700000 34.01
1436279760000 34.04
1436279820000 34.05
1436279880000 34.05
1436279940000 34.1
1436280000000 34.08
1436280060000 34.13
1436280120000 34.15
1436280180000 34.15
1436280240000 34.21
1436280300000 34.21
1436280360000 34.2
1436280420000 34.21
1436280480000 34.25
1436280540000 34.22
1436280600000 34.22
1436280660000 34.18
1436280720000 34.185
1436280780000 34.22
1436280840000 34.24
1436280900000 34.22
1436280960000 34.22
1436281020000 34.25
1436281080000 34.24
1436281140000 34.32
1436281200000 34.27
1436281260000 34.3
1436281320000 34.27
1436281380000 34.24
1436281440000 34.25
1436281500000 34.27
1436281560000 34.24
