1436261400000 10.89
1436261700000 10.79
1436261880000 10.7
1436262120000 10.72
1436262900000 10.65
1436262960000 10.59
1436263020000 10.59
1436263260000 10.59
1436263440000 10.61
1436263740000 10.61
1436263860000 10.567
1436264100000 10.61
1436264280000 10.61
1436264460000 10.6
1436264640000 10.61
1436264700000 10.62
1436264760000 10.55
1436264820000 10.51
1436265000000 10.51
1436265180000 10.53
1436265480000 10.5
1436265660000 10.48
1436265720000 10.47
1436265780000 10.48
1436265840000 10.53
1436265900000 10.4927
1436266080000 10.5037
1436266200000 10.485
1436266260000 10.49
1436266320000 10.48
1436266380000 10.5
1436266440000 10.47
1436266560000 10.44
1436266680000 10.43
1436267100000 10.38
1436267880000 10.38
1436267940000 10.4
1436268060000 10.39
1436268120000 10.38
1436268240000 10.42
1436268360000 10.41
1436268480000 10.41
1436268540000 10.4
1436268660000 10.36
1436268720000 10.32
1436269140000 10.32
1436269320000 10.34
1436269380000 10.38
1436269440000 10.37
1436269500000 10.43
1436269560000 10.37
1436269620000 10.36
1436269800000 10.345
1436270160000 10.37
1436270220000 10.44
1436270280000 10.42
1436270340000 10.38
1436270580000 10.37
1436270640000 10.36
1436270700000 10.36
1436270760000 10.36
1436270820000 10.37
1436270880000 10.37
1436271360000 10.32
1436271480000 10.31
1436271540000 10.28
1436271720000 10.27
1436271900000 10.27
1436271960000 10.28
1436272140000 10.26
1436272200000 10.26
1436272260000 10.255
1436272380000 10.25
1436272500000 10.25
1436272560000 10.26
1436272620000 10.25
1436273160000 10.26
1436273220000 10.26
1436273280000 10.26
1436273460000 10.2556
1436273520000 10.26
1436273580000 10.26
1436273640000 10.26
1436273700000 10.3
1436273820000 10.3
1436273940000 10.3
1436274000000 10.3
1436274060000 10.295
1436274240000 10.3
1436274360000 10.26
1436274600000 10.28
1436274660000 10.27
1436274720000 10.28
1436274780000 10.28
1436275440000 10.29
1436275500000 10.3
1436275620000 10.29
1436275740000 10.29
1436275800000 10.295
1436275920000 10.29
1436276040000 10.2736
1436276280000 10.299
1436276340000 10.3
1436276400000 10.25
1436276460000 10.3
1436276520000 10.21
1436276640000 10.28
1436276760000 10.28
1436277120000 10.278
1436277840000 10.28
1436277960000 10.25
1436278020000 10.3
1436278260000 10.28
1436278320000 10.28
1436278380000 10.2735
1436278500000 10.3
1436278740000 10.29
1436278860000 10.28
1436279040000 10.28
1436279100000 10.27
1436279160000 10.252
1436279460000 10.27
1436279640000 10.27
1436279700000 10.27
1436279820000 10.24
1436279880000 10.27
1436280000000 10.27
1436280180000 10.28
1436280240000 10.28
1436280300000 10.29
1436280360000 10.27
1436280660000 10.27
1436280840000 10.26
1436280900000 10.25
1436280960000 10.28
1436281080000 10.3
1436281200000 10.3
1436281260000 10.29
1436281320000 10.28
