1436261400000 3.43
1436261700000 3.39
1436261820000 3.36
1436261880000 3.35
1436261940000 3.3501
1436262000000 3.36
1436262060000 3.38
1436262120000 3.38
1436262180000 3.39
1436262240000 3.397
1436262360000 3.36
1436262420000 3.3501
1436262600000 3.38
1436262660000 3.36
1436262720000 3.365
1436262780000 3.36
1436262840000 3.36
1436262900000 3.34
1436263140000 3.32
1436263200000 3.31
1436263260000 3.32
1436263500000 3.32
1436263560000 3.32
1436263620000 3.32
1436263680000 3.3101
1436263740000 3.33
1436263920000 3.32
1436263980000 3.3201
1436264040000 3.32
1436264100000 3.31
1436264220000 3.3001
1436264280000 3.315
1436264340000 3.31
1436264400000 3.3209
1436264460000 3.32
1436264580000 3.32
1436264700000 3.32
1436264760000 3.31
1436264820000 3.32
1436264880000 3.305
1436264940000 3.3
1436265000000 3.3
1436265120000 3.2943
1436265180000 3.302
1436265360000 3.3
1436265420000 3.3
1436265480000 3.3
1436265540000 3.29
1436265600000 3.29
1436265660000 3.3
1436265720000 3.295
1436265840000 3.3
1436265900000 3.3
1436265960000 3.305
1436266020000 3.3
1436266140000 3.305
1436266200000 3.3
1436266320000 3.3
1436266380000 3.31
1436266440000 3.31
1436266500000 3.3185
1436266560000 3.32
1436266740000 3.31
1436266800000 3.3
1436266860000 3.295
1436266980000 3.31
1436267220000 3.31
1436267280000 3.32
1436267340000 3.31
1436267400000 3.31
1436267580000 3.31
1436267640000 3.31
1436267820000 3.32
1436267880000 3.32
1436267940000 3.3199
1436268000000 3.31
1436268060000 3.31
1436268120000 3.3
1436268300000 3.31
1436268360000 3.31
1436268420000 3.31
1436268480000 3.3
1436268540000 3.3
1436268600000 3.3
1436268840000 3.3
1436269020000 3.3
1436269080000 3.3
1436269140000 3.31
1436269200000 3.31
1436269260000 3.32
1436269380000 3.31
1436269440000 3.32
1436269500000 3.31
1436269560000 3.315
1436269800000 3.32
1436269860000 3.3204
1436269980000 3.33
1436270100000 3.34
1436270220000 3.36
1436270340000 3.38
1436270400000 3.37
1436270520000 3.36
1436270580000 3.36
1436270820000 3.36
1436270940000 3.36
1436271000000 3.35
1436271060000 3.35
1436271120000 3.345
1436271300000 3.35
1436271360000 3.35
1436271480000 3.34
1436271540000 3.345
1436271660000 3.35
1436271720000 3.35
1436271900000 3.35
1436271960000 3.35
1436272080000 3.35
1436272200000 3.36
1436272320000 3.36
1436272440000 3.36
1436272620000 3.36
1436272680000 3.37
1436272740000 3.39
1436272800000 3.38
1436272920000 3.37
1436273100000 3.38
1436273220000 3.39
1436273280000 3.4
1436273400000 3.39
1436273640000 3.4
1436273760000 3.41
1436273880000 3.4
1436273940000 3.41
1436274000000 3.41
1436274060000 3.41
1436274180000 3.4
1436274240000 3.41
1436274300000 3.405
1436274360000 3.4
1436274420000 3.4
1436274480000 3.3901
1436274720000 3.41
1436274840000 3.41
1436274900000 3.42
1436274960000 3.41
1436275080000 3.405
1436275140000 3.41
1436275200000 3.4
1436275260000 3.3901
1436275320000 3.39
1436275500000 3.39
1436275620000 3.4
1436275680000 3.39
1436275740000 3.39
1436275800000 3.4
1436275920000 3.41
1436276100000 3.41
1436276160000 3.4055
1436276220000 3.41
1436276280000 3.4
1436276400000 3.41
1436276460000 3.4
1436276520000 3.4
1436276580000 3.4
1436276640000 3.41
1436276760000 3.41
1436276820000 3.41
1436276880000 3.4123
1436277060000 3.4
1436277120000 3.4
1436277180000 3.4
1436277240000 3.4
1436277300000 3.4
1436277600000 3.4
1436277720000 3.4
1436277840000 3.41
1436277900000 3.4
1436277960000 3.4
1436278020000 3.4
1436278080000 3.4
1436278200000 3.41
1436278380000 3.41
1436278440000 3.4
1436278560000 3.4
1436278620000 3.4
1436278680000 3.4
1436278740000 3.3907
1436278800000 3.395
1436278860000 3.4
1436278980000 3.39
1436279040000 3.385
1436279400000 3.389
1436279520000 3.38
1436279580000 3.3801
1436279700000 3.39
1436279760000 3.39
1436279820000 3.385
1436279880000 3.375
1436279940000 3.38
1436280000000 3.38
1436280060000 3.37
1436280180000 3.37
1436280420000 3.37
1436280540000 3.38
1436280600000 3.38
1436280660000 3.38
1436280720000 3.37
1436280900000 3.3601
1436280960000 3.36
1436281020000 3.36
1436281080000 3.37
1436281140000 3.38
1436281200000 3.39
1436281320000 3.39
1436281380000 3.38
1436281440000 3.39
1436281500000 3.38
1436281560000 3.38
