1436261400000 1.85
1436261820000 1.8182
1436262120000 1.82
1436262600000 1.82
1436263560000 1.8101
1436263620000 1.81
1436263860000 1.83
1436264040000 1.8396
1436264220000 1.8201
1436264760000 1.82
1436265480000 1.8201
1436265660000 1.8201
1436266080000 1.84
1436266140000 1.82
1436266560000 1.804
1436267640000 1.83
1436267760000 1.8192
1436267940000 1.83
1436268180000 1.805
1436268360000 1.77
1436268420000 1.78
1436268600000 1.78
1436268720000 1.8
1436268840000 1.77
1436268900000 1.7701
1436269080000 1.78
1436269140000 1.77
1436269200000 1.77
1436269260000 1.77
1436270220000 1.78
1436270580000 1.78
1436270880000 1.761
1436270940000 1.78
1436271000000 1.78
1436271360000 1.8
1436271780000 1.8
1436272740000 1.8
1436274240000 1.79
1436274300000 1.78
1436274420000 1.78
1436275140000 1.78
1436275620000 1.78
1436276880000 1.79
1436278680000 1.791
1436279880000 1.7999
1436280240000 1.8
1436280300000 1.815
