1436261400000 68.41
1436261460000 68.45
1436261520000 68.45
1436261580000 68.49
1436261640000 68.405
1436261700000 68.4
1436261760000 68.31
1436261820000 68.15
1436261880000 68.14
1436261940000 68.23
1436262000000 68.22
1436262060000 68.21
1436262120000 68.23
1436262180000 68.3
1436262240000 68.28
1436262300000 68.28
1436262360000 68.174
1436262420000 68.18
1436262480000 68.19
1436262540000 68.21
1436262600000 68.125
1436262660000 68.05
1436262720000 68.12
1436262780000 68.13
1436262840000 68.11
1436262900000 68.07
1436262960000 68.07
1436263020000 68.07
1436263080000 68.06
1436263140000 67.97
1436263200000 67.98
1436263260000 67.99
1436263320000 68.02
1436263380000 68.01
1436263440000 67.97
1436263500000 67.96
1436263560000 67.92
1436263620000 67.91
1436263680000 67.79
1436263740000 67.88
1436263800000 67.95
1436263860000 67.98
1436263920000 68.0
1436263980000 68.0
1436264040000 68.02
1436264100000 67.92
1436264160000 67.93
1436264220000 67.94
1436264280000 67.88
1436264340000 67.95
1436264400000 67.89
1436264460000 67.82
1436264520000 67.91
1436264580000 67.86
1436264640000 67.82
1436264700000 67.8
1436264760000 67.79
1436264820000 67.81
1436264880000 67.76
1436264940000 67.77
1436265000000 67.73
1436265060000 67.71
1436265120000 67.7
1436265180000 67.71
1436265240000 67.65
1436265300000 67.63
1436265360000 67.62
1436265420000 67.645
1436265480000 67.63
1436265540000 67.56
1436265600000 67.554
1436265660000 67.55
1436265720000 67.48
1436265780000 67.48
1436265840000 67.47
1436265900000 67.5
1436265960000 67.5
1436266020000 67.54
1436266080000 67.56
1436266140000 67.6
1436266200000 67.55
1436266260000 67.545
1436266320000 67.6
1436266380000 67.63
1436266440000 67.62
1436266500000 67.71
1436266560000 67.6
1436266620000 67.63
1436266680000 67.61
1436266740000 67.61
1436266800000 67.62
1436266860000 67.5
1436266920000 67.55
1436266980000 67.53
1436267040000 67.505
1436267100000 67.54
1436267160000 67.49
1436267220000 67.51
1436267280000 67.5
1436267340000 67.5
1436267400000 67.49
1436267460000 67.51
1436267520000 67.54
1436267580000 67.57
1436267640000 67.55
1436267700000 67.54
1436267760000 67.54
1436267820000 67.56
1436267880000 67.537
1436267940000 67.49
1436268000000 67.53
1436268060000 67.46
1436268120000 67.457
1436268180000 67.47
1436268240000 67.575
1436268300000 67.53
1436268360000 67.52
1436268420000 67.522
1436268480000 67.6
1436268540000 67.52
1436268600000 67.51
1436268660000 67.48
1436268720000 67.5164
1436268780000 67.49
1436268840000 67.45
1436268900000 67.41
1436268960000 67.39
1436269020000 67.47
1436269080000 67.48
1436269140000 67.541
1436269200000 67.54
1436269260000 67.575
1436269320000 67.56
1436269380000 67.57
1436269440000 67.57
1436269500000 67.56
1436269560000 67.511
1436269620000 67.5
1436269680000 67.5399
1436269740000 67.49
1436269800000 67.47
1436269860000 67.445
1436269920000 67.41
1436269980000 67.43
1436270040000 67.43
1436270100000 67.43
1436270160000 67.4917
1436270220000 67.65
1436270280000 67.62
1436270340000 67.62
1436270400000 67.58
1436270460000 67.53
1436270520000 67.555
1436270580000 67.55
1436270640000 67.58
1436270700000 67.58
1436270760000 67.56
1436270820000 67.53
1436270880000 67.53
1436270940000 67.521
1436271000000 67.54
1436271060000 67.5
1436271120000 67.48
1436271180000 67.48
1436271240000 67.48
1436271300000 67.51
1436271360000 67.55
1436271420000 67.51
1436271480000 67.52
1436271540000 67.55
1436271600000 67.545
1436271660000 67.58
1436271720000 67.59
1436271780000 67.585
1436271840000 67.588
1436271900000 67.56
1436271960000 67.55
1436272020000 67.55
1436272080000 67.552
1436272140000 67.55
1436272200000 67.53
1436272260000 67.555
1436272320000 67.56
1436272380000 67.5599
1436272440000 67.57
1436272500000 67.545
1436272560000 67.545
1436272620000 67.58
1436272680000 67.595
1436272740000 67.65
1436272800000 67.66
1436272860000 67.72
1436272920000 67.769
1436272980000 67.8
1436273040000 67.84
1436273100000 67.89
1436273160000 67.95
1436273220000 67.97
1436273280000 67.97
1436273340000 67.98
1436273400000 67.96
1436273460000 67.96
1436273520000 67.97
1436273580000 67.95
1436273640000 67.97
1436273700000 68.06
1436273760000 68.02
1436273820000 68.04
1436273880000 68.11
1436273940000 68.115
1436274000000 68.08
1436274060000 68.09
1436274120000 68.07
1436274180000 68.05
1436274240000 68.08
1436274300000 68.06
1436274360000 68.02
1436274420000 67.97
1436274480000 68.0
1436274540000 68.08
1436274600000 68.12
1436274660000 68.12
1436274720000 68.16
1436274780000 68.2
1436274840000 68.21
1436274900000 68.25
1436274960000 68.2
1436275020000 68.17
1436275080000 68.11
1436275140000 68.13
1436275200000 68.15
1436275260000 68.0975
1436275320000 68.1
1436275380000 68.11
1436275440000 68.14
1436275500000 68.12
1436275560000 68.12
1436275620000 68.08
1436275680000 68.12
1436275740000 68.14
1436275800000 68.2
1436275860000 68.19
1436275920000 68.14
1436275980000 68.15
1436276040000 68.1
1436276100000 68.12
1436276160000 68.0999
1436276220000 68.09
1436276280000 68.09
1436276340000 68.11
1436276400000 68.13
1436276460000 68.07
1436276520000 68.1
1436276580000 68.12
1436276640000 68.15
1436276700000 68.2
1436276760000 68.16
1436276820000 68.1456
1436276880000 68.16
1436276940000 68.18
1436277000000 68.19
1436277060000 68.15
1436277120000 68.16
1436277180000 68.17
1436277240000 68.17
1436277300000 68.12
1436277360000 68.12
1436277420000 68.11
1436277480000 68.05
1436277540000 68.06
1436277600000 68.07
1436277660000 68.09
1436277720000 68.09
1436277780000 68.06
1436277840000 68.07
1436277900000 68.1
1436277960000 68.06
1436278020000 68.05
1436278080000 68.04
1436278140000 68.06
1436278200000 68.1
1436278260000 68.12
1436278320000 68.14
1436278380000 68.13
1436278440000 68.14
1436278500000 68.1
1436278560000 68.04
1436278620000 68.06
1436278680000 68.04
1436278740000 68.02
1436278800000 67.97
1436278860000 67.97
1436278920000 67.9
1436278980000 67.875
1436279040000 67.91
1436279100000 67.91
1436279160000 67.88
1436279220000 67.89
1436279280000 67.89
1436279340000 67.87
1436279400000 67.89
1436279460000 67.87
1436279520000 67.88
1436279580000 67.93
1436279640000 67.9646
1436279700000 67.96
1436279760000 67.9932
1436279820000 67.99
1436279880000 67.99
1436279940000 68.04
1436280000000 68.075
1436280060000 68.15
1436280120000 68.19
1436280180000 68.21
1436280240000 68.28
1436280300000 68.2821
1436280360000 68.29
1436280420000 68.32
1436280480000 68.35
1436280540000 68.371
1436280600000 68.36
1436280660000 68.32
1436280720000 68.365
1436280780000 68.364
1436280840000 68.43
1436280900000 68.44
1436280960000 68.42
1436281020000 68.45
1436281080000 68.46
1436281140000 68.6074
1436281200000 68.6
1436281260000 68.6
1436281320000 68.57
1436281380000 68.57
1436281440000 68.53
1436281500000 68.58
1436281560000 68.5171
