1436261400000 4.99
1436261460000 5.02
1436261520000 5.09
1436261580000 5.1
1436261640000 5.07
1436261700000 5.04
1436261760000 5.02
1436261820000 5.01
1436262000000 5.0
1436262240000 5.0
1436262300000 4.98
1436262360000 4.98
1436262720000 4.96
1436262840000 4.9546
1436262900000 4.95
1436262960000 4.96
1436263020000 4.95
1436263080000 4.93
1436263140000 4.94
1436263200000 4.95
1436263260000 4.95
1436263320000 4.95
1436263380000 4.96
1436263560000 4.94
1436263620000 4.94
1436263680000 4.92
1436263740000 4.92
1436263800000 4.92
1436263860000 4.93
1436263980000 4.93
1436264040000 4.93
1436264100000 4.9354
1436264160000 4.93
1436264220000 4.94
1436264280000 4.93
1436264340000 4.935
1436264400000 4.9301
1436264460000 4.94
1436264520000 4.9575
1436264580000 4.95
1436264640000 4.95
1436264700000 4.94
1436264760000 4.94
1436264820000 4.94
1436264880000 4.93
1436264940000 4.94
1436265000000 4.9265
1436265060000 4.94
1436265120000 4.94
1436265180000 4.93
1436265240000 4.93
1436265300000 4.93
1436265360000 4.92
1436265420000 4.92
1436265540000 4.91
1436265660000 4.89
1436265720000 4.875
1436265780000 4.87
1436265840000 4.865
1436265900000 4.87
1436265960000 4.88
1436266020000 4.9
1436266080000 4.91
1436266140000 4.92
1436266200000 4.91
1436266320000 4.91
1436266380000 4.92
1436266440000 4.93
1436266500000 4.95
1436266560000 4.95
1436266620000 4.95
1436266680000 4.97
1436266740000 4.97
1436266800000 4.96
1436266860000 4.95
1436266920000 4.94
1436266980000 4.93
1436267040000 4.94
1436267280000 4.93
1436267400000 4.935
1436267460000 4.94
1436267520000 4.94
1436267580000 4.95
1436267640000 4.94
1436267700000 4.94
1436267820000 4.94
1436267880000 4.94
1436267940000 4.95
1436268000000 4.96
1436268060000 4.95
1436268120000 4.95
1436268180000 4.95
1436268240000 4.95
1436268300000 4.96
1436268360000 4.95
1436268540000 4.95
1436268600000 4.95
1436268660000 4.95
1436268720000 4.959
1436268780000 4.95
1436268840000 4.95
1436268900000 4.95
1436268960000 4.94
1436269020000 4.95
1436269080000 4.96
1436269140000 4.95
1436269200000 4.97
1436269260000 4.98
1436269320000 4.98
1436269380000 4.96
1436269440000 4.98
1436269500000 4.98
1436269560000 4.98
1436269620000 4.99
1436269680000 4.98
1436269740000 4.99
1436269800000 4.98
1436269860000 4.99
1436269920000 4.99
1436269980000 4.98
1436270040000 4.99
1436270100000 4.99
1436270160000 4.99
1436270220000 5.01
1436270280000 5.01
1436270340000 5.01
1436270400000 5.01
1436270460000 5.02
1436270520000 5.02
1436270580000 5.02
1436270640000 5.02
1436270760000 5.01
1436270820000 5.02
1436270880000 5.01
1436270940000 5.01
1436271000000 5.0
1436271060000 4.98
1436271180000 4.97
1436271240000 4.96
1436271300000 4.96
1436271360000 4.98
1436271420000 4.98
1436271600000 4.97
1436271660000 4.96
1436271720000 4.96
1436271780000 4.96
1436272080000 4.95
1436272200000 4.95
1436272260000 4.95
1436272320000 4.961
1436272380000 4.97
1436272500000 4.97
1436272620000 4.98
1436272680000 4.98
1436272740000 4.99
1436273220000 4.99
1436273280000 5.0
1436273340000 5.0
1436273520000 4.99
1436273580000 4.9944
1436273640000 5.0
1436273700000 5.0
1436273760000 5.0
1436273880000 5.01
1436273940000 5.03
1436274000000 5.03
1436274060000 5.04
1436274120000 5.03
1436274180000 5.03
1436274240000 5.04
1436274300000 5.02
1436274360000 5.03
1436274420000 5.02
1436274480000 5.01
1436274540000 5.0
1436274600000 5.01
1436274660000 5.01
1436274720000 5.02
1436274780000 5.0104
1436274840000 5.03
1436274900000 5.04
1436274960000 5.03
1436275020000 5.02
1436275080000 5.02
1436275140000 5.02
1436275200000 5.02
1436275260000 5.03
1436275320000 5.02
1436275380000 5.02
1436275440000 5.03
1436275500000 5.02
1436275560000 5.01
1436275620000 5.01
1436275680000 5.01
1436275740000 5.01
1436275800000 5.01
1436275860000 5.0
1436275920000 5.0
1436275980000 4.99
1436276040000 5.0
1436276220000 5.0
1436276280000 4.99
1436276340000 5.0
1436276400000 5.01
1436276460000 5.0
1436276520000 5.0
1436276640000 5.01
1436276700000 5.03
1436276820000 5.01
1436277000000 4.99
1436277060000 4.99
1436277360000 4.98
1436277420000 4.97
1436277480000 4.975
1436277540000 4.98
1436277600000 4.97
1436277660000 4.98
1436277720000 4.97
1436278320000 4.97
1436278380000 4.97
1436278440000 4.98
1436278560000 4.97
1436278620000 4.97
1436278680000 4.97
1436278740000 4.97
1436278800000 4.95
1436278860000 4.96
1436278920000 4.94
1436278980000 4.95
1436279100000 4.9599
1436279160000 4.97
1436279280000 4.96
1436279340000 4.95
1436279400000 4.9454
1436279520000 4.94
1436279580000 4.96
1436279700000 4.95
1436279760000 4.94
1436279880000 4.95
1436280000000 4.96
1436280060000 4.97
1436280120000 4.98
1436280180000 4.99
1436280240000 4.9946
1436280300000 5.0
1436280360000 5.0
1436280420000 5.0
1436280480000 5.01
1436280540000 5.02
1436280600000 5.02
1436280660000 5.03
1436280720000 5.03
1436280780000 5.02
1436280900000 5.01
1436281020000 5.01
1436281080000 5.03
1436281140000 5.0451
1436281200000 5.05
1436281260000 5.05
1436281320000 5.05
1436281440000 5.06
1436281500000 5.055
1436281560000 5.045
