1436261400000 4.63
1436263260000 4.7
1436263320000 4.66
1436263440000 4.6
1436263560000 4.5924
1436264040000 4.6
1436264100000 4.56
1436264160000 4.55
1436264220000 4.55
1436264280000 4.55
1436264340000 4.63
1436264400000 4.63
1436264460000 4.66
1436264520000 4.67
1436264580000 4.68
1436264700000 4.69
1436264760000 4.67
1436264820000 4.67
1436264880000 4.68
1436264940000 4.68
1436265000000 4.68
1436265060000 4.68
1436265120000 4.69
1436265240000 4.69
1436265300000 4.7
1436265360000 4.7
1436265420000 4.7
1436265480000 4.7
1436265540000 4.7
1436265600000 4.7
1436265660000 4.7
1436265720000 4.7
1436265780000 4.7
1436265840000 4.7
1436265900000 4.7
1436265960000 4.7
1436266020000 4.74
1436266620000 4.69
1436266920000 4.63
1436266980000 4.63
1436267340000 4.58
1436267700000 4.55
1436267880000 4.55
1436268000000 4.55
1436268120000 4.52
1436268480000 4.5
1436268540000 4.52
1436268600000 4.51
1436268780000 4.51
1436268900000 4.48
1436269080000 4.51
1436269320000 4.5
1436269740000 4.5
1436270340000 4.5
1436270700000 4.48
1436270940000 4.48
1436271000000 4.48
1436271240000 4.54
1436271840000 4.51
1436272140000 4.52
1436272200000 4.55
1436272260000 4.56
1436273520000 4.54
1436274240000 4.52
1436274360000 4.51
1436275080000 4.53
1436275560000 4.5
1436275620000 4.51
1436276280000 4.512
1436276400000 4.5
1436276640000 4.52
1436276820000 4.5
1436276880000 4.5299
1436276940000 4.53
1436277000000 4.61
1436277060000 4.63
1436277120000 4.6128
1436277180000 4.6215
1436277480000 4.59
1436278020000 4.62
1436278140000 4.59
1436278440000 4.61
1436278500000 4.59
1436278620000 4.61
1436278980000 4.58
1436279400000 4.55
1436280300000 4.53
1436280540000 4.53
1436280900000 4.53
1436281020000 4.54
1436281200000 4.53
1436281440000 4.54
