1436261400000 18.66
1436261460000 18.6799
1436261640000 18.54
1436261880000 18.26
1436261940000 18.29
1436262300000 18.45
1436262480000 18.39
1436262540000 18.4
1436262720000 18.43
1436262900000 18.42
1436263080000 18.36
1436263380000 18.34
1436263500000 18.3
1436263620000 18.3
1436263680000 18.29
1436263800000 18.37
1436263860000 18.36
1436264040000 18.35
1436264100000 18.315
1436264160000 18.33
1436264220000 18.26
1436264340000 18.33
1436264640000 18.295
1436264700000 18.2996
1436264820000 18.26
1436264880000 18.2
1436264940000 18.18
1436265000000 18.19
1436265360000 18.16
1436265480000 18.12
1436265540000 18.14
1436265600000 18.105
1436265900000 18.11
1436265960000 18.11
1436266080000 18.15
1436266320000 18.13
1436266380000 18.19
1436266440000 18.15
1436266500000 18.14
1436266560000 18.12
1436266620000 18.125
1436266680000 18.12
1436266800000 18.1
1436266860000 18.1
1436266920000 18.09
1436267100000 18.09
1436267340000 18.1
1436267400000 18.12
1436267520000 18.08
1436267580000 18.06
1436267760000 18.0776
1436268060000 18.04
1436268480000 17.99
1436268600000 17.93
1436268780000 17.98
1436268960000 17.96
1436269020000 18.01
1436269080000 17.99
1436269140000 18.0
1436269260000 18.05
1436269320000 18.03
1436269380000 18.03
1436269440000 18.06
1436269980000 18.03
1436270040000 18.11
1436270100000 18.05
1436270160000 18.05
1436270220000 18.05
1436270580000 18.0
1436270640000 18.05
1436270820000 18.055
1436270880000 18.08
1436270940000 18.055
1436271720000 18.09
1436271960000 18.1
1436272020000 18.1
1436272380000 18.11
1436272440000 18.12
1436272500000 18.14
1436272620000 18.18
1436273040000 18.11
1436273100000 18.12
1436273220000 18.12
1436273280000 18.09
1436273640000 18.15
1436273880000 18.13
1436274240000 18.15
1436274300000 18.15
1436274360000 18.125
1436274540000 18.14
1436274600000 18.14
1436274660000 18.12
1436274720000 18.12
1436274780000 18.12
1436274840000 18.12
1436274960000 18.12
1436275140000 18.15
1436275200000 18.15
1436276100000 18.21
1436276220000 18.23
1436276640000 18.26
1436276820000 18.28
1436276880000 18.22
1436277000000 18.205
1436277480000 18.19
1436277540000 18.19
1436277600000 18.18
1436277660000 18.18
1436277720000 18.19
1436277900000 18.19
1436277960000 18.19
1436278020000 18.21
1436278080000 18.195
1436278200000 18.18
1436278260000 18.2
1436278320000 18.18
1436278380000 18.18
1436278800000 18.12
1436278860000 18.13
1436279220000 18.13
1436279340000 18.14
1436279880000 18.15
1436279940000 18.17
1436280060000 18.175
1436280180000 18.16
1436280240000 18.18
1436280300000 18.15
1436280360000 18.145
1436280420000 18.15
1436280600000 18.16
1436280780000 18.1924
1436280840000 18.21
1436280960000 18.23
1436281080000 18.28
1436281140000 18.35
1436281200000 18.32
1436281320000 18.34
1436281380000 18.34
1436281500000 18.32
