1436261400000 11.31
1436261820000 11.29
1436261880000 11.3
1436261940000 11.3
1436262000000 11.3
1436262300000 11.34
1436262600000 11.36
1436262660000 11.35
1436262780000 11.39
1436262840000 11.39
1436262900000 11.39
1436263020000 11.4
1436263080000 11.499
1436263500000 11.46
1436263560000 11.54
1436263740000 11.53
1436263980000 11.52
1436264220000 11.49
1436264340000 11.49
1436264640000 11.5
1436264700000 11.5
1436265000000 11.465
1436265240000 11.325
1436265360000 11.28
1436265420000 11.19
1436265480000 11.15
1436265540000 11.151
1436266020000 11.14
1436266140000 11.135
1436266440000 11.24
1436266740000 11.2112
1436267220000 11.2
1436267280000 11.2
1436268120000 11.18
1436268300000 11.22
1436268840000 11.16
1436269500000 11.17
1436269980000 11.2035
1436270100000 11.21
1436270160000 11.23
1436270460000 11.29
1436270700000 11.3399
1436270820000 11.34
1436270940000 11.29
1436271840000 11.34
1436271960000 11.3541
1436272020000 11.3
1436272080000 11.29
1436273100000 11.29
1436274060000 11.35
1436274300000 11.39
1436274420000 11.37
1436274480000 11.36
1436275140000 11.4
1436275200000 11.445
1436275740000 11.3604
1436275800000 11.37
1436277240000 11.43
1436277600000 11.3945
1436279820000 11.44
1436280120000 11.5
1436280240000 11.45
1436280540000 11.41
1436280900000 11.44
1436281140000 11.4
1436281200000 11.4869
1436281560000 11.42
