1436261400000 47.84
1436261460000 47.7
1436261520000 47.63
1436261580000 47.75
1436261640000 47.71
1436261700000 47.64
1436261760000 47.63
1436261820000 47.5226
1436261880000 47.32
1436261940000 47.34
1436262000000 47.31
1436262240000 47.46
1436262300000 47.4
1436262360000 47.45
1436262540000 47.46
1436262660000 47.42
1436262780000 47.46
1436262840000 47.46
1436262900000 47.46
1436263020000 47.4
1436263080000 47.33
1436263140000 47.28
1436263200000 47.285
1436263260000 47.24
1436263320000 47.25
1436263380000 47.23
1436263440000 47.2
1436263500000 47.1672
1436263560000 47.1772
1436263620000 47.16
1436263680000 47.05
1436263740000 47.09
1436263800000 47.08
1436263860000 47.1
1436263980000 47.09
1436264040000 47.08
1436264100000 47.04
1436264220000 47.004
1436264280000 47.0467
1436264400000 47.01
1436264460000 46.99
1436264520000 47.0525
1436264640000 47.02
1436264700000 46.98
1436264760000 46.95
1436264820000 46.93
1436264880000 46.96
1436265000000 46.91
1436265120000 46.9025
1436265180000 46.94
1436265240000 46.88
1436265300000 46.87
1436265360000 46.84
1436265420000 46.8201
1436265480000 46.82
1436265540000 46.78
1436265600000 46.71
1436265660000 46.7
1436265720000 46.64
1436265780000 46.59
1436265840000 46.62
1436265900000 46.64
1436265960000 46.69
1436266020000 46.85
1436266080000 46.87
1436266140000 46.9
1436266200000 46.9
1436266260000 46.875
1436266320000 46.87
1436266380000 46.925
1436266440000 46.94
1436266500000 46.97
1436266560000 46.87
1436266620000 46.91
1436266740000 46.9
1436266800000 46.86
1436266920000 46.7776
1436266980000 46.84
1436267040000 46.81
1436267100000 46.8
1436267220000 46.78
1436267280000 46.8
1436267340000 46.79
1436267400000 46.82
1436267460000 46.87
1436267520000 46.86
1436267580000 46.88
1436267640000 46.91
1436267760000 46.89
1436267880000 46.89
1436267940000 46.88
1436268000000 46.8801
1436268060000 46.8
1436268120000 46.77
1436268180000 46.78
1436268240000 46.83
1436268300000 46.78
1436268360000 46.8099
1436268420000 46.7795
1436268480000 46.75
1436268540000 46.71
1436268600000 46.6301
1436268660000 46.6199
1436268720000 46.66
1436268780000 46.62
1436268840000 46.56
1436268900000 46.56
1436268960000 46.54
1436269020000 46.6
1436269080000 46.65
1436269140000 46.715
1436269200000 46.69
1436269260000 46.64
1436269320000 46.661
1436269380000 46.78
1436269440000 46.85
1436269500000 46.8
1436269560000 46.78
1436269620000 46.77
1436269680000 46.81
1436269800000 46.81
1436269860000 46.79
1436269920000 46.78
1436269980000 46.79
1436270040000 46.81
1436270100000 46.85
1436270160000 46.9
1436270220000 47.02
1436270280000 47.01
1436270340000 47.0
1436270400000 46.98
1436270460000 46.92
1436270520000 46.92
1436270580000 46.98
1436270640000 47.03
1436270700000 47.02
1436270760000 46.97
1436270820000 46.97
1436270880000 46.99
1436270940000 46.98
1436271000000 46.96
1436271060000 46.92
1436271120000 46.91
1436271180000 46.97
1436271300000 46.97
1436271360000 46.98
1436271420000 46.99
1436271480000 47.0
1436271540000 46.99
1436271600000 46.96
1436271660000 46.98
1436271720000 47.0
1436271780000 47.02
1436271840000 47.02
1436271900000 47.0184
1436271960000 47.02
1436272020000 47.05
1436272080000 47.09
1436272140000 47.1
1436272200000 47.08
1436272260000 47.09
1436272320000 47.1
1436272380000 47.1
1436272440000 47.14
1436272500000 47.14
1436272560000 47.12
1436272620000 47.11
1436272680000 47.1099
1436272740000 47.12
1436272800000 47.125
1436272860000 47.12
1436272920000 47.16
1436272980000 47.16
1436273100000 47.13
1436273160000 47.17
1436273220000 47.17
1436273280000 47.21
1436273340000 47.21
1436273400000 47.17
1436273460000 47.16
1436273520000 47.21
1436273580000 47.17
1436273640000 47.17
1436273700000 47.21
1436273760000 47.25
1436273820000 47.24
1436273880000 47.25
1436273940000 47.27
1436274000000 47.3
1436274060000 47.33
1436274120000 47.37
1436274180000 47.34
1436274240000 47.299
1436274300000 47.32
1436274360000 47.3
1436274420000 47.19
1436274480000 47.23
1436274660000 47.28
1436274720000 47.37
1436274780000 47.38
1436274900000 47.43
1436274960000 47.36
1436275020000 47.33
1436275080000 47.31
1436275140000 47.28
1436275200000 47.3
1436275260000 47.3
1436275320000 47.28
1436275380000 47.29
1436275440000 47.29
1436275500000 47.34
1436275560000 47.33
1436275620000 47.39
1436275680000 47.43
1436275740000 47.43
1436275800000 47.46
1436275860000 47.46
1436275920000 47.4199
1436275980000 47.39
1436276040000 47.42
1436276100000 47.475
1436276160000 47.4966
1436276280000 47.51
1436276340000 47.51
1436276400000 47.54
1436276460000 47.48
1436276520000 47.46
1436276580000 47.5
1436276640000 47.55
1436276700000 47.54
1436276760000 47.5297
1436276820000 47.57
1436276880000 47.56
1436276940000 47.5799
1436277000000 47.57
1436277060000 47.5001
1436277120000 47.52
1436277180000 47.51
1436277240000 47.49
1436277300000 47.49
1436277360000 47.49
1436277480000 47.49
1436277540000 47.48
1436277600000 47.48
1436277660000 47.51
1436277720000 47.51
1436277780000 47.46
1436277840000 47.49
1436277900000 47.49
1436277960000 47.475
1436278020000 47.47
1436278080000 47.47
1436278140000 47.47
1436278200000 47.48
1436278260000 47.5
1436278320000 47.52
1436278380000 47.53
1436278440000 47.53
1436278500000 47.51
1436278560000 47.49
1436278620000 47.44
1436278680000 47.43
1436278740000 47.42
1436278800000 47.42
1436278860000 47.42
1436278920000 47.4
1436278980000 47.41
1436279040000 47.41
1436279100000 47.42
1436279160000 47.443
1436279220000 47.448
1436279280000 47.475
1436279340000 47.485
1436279400000 47.48
1436279460000 47.48
1436279520000 47.48
1436279580000 47.6
1436279640000 47.64
1436279700000 47.65
1436279760000 47.64
1436279820000 47.6259
1436279880000 47.6
1436279940000 47.61
1436280000000 47.6
1436280060000 47.62
1436280120000 47.66
1436280180000 47.7
1436280240000 47.77
1436280360000 47.745
1436280420000 47.81
1436280480000 47.77
1436280540000 47.765
1436280600000 47.775
1436280660000 47.75
1436280720000 47.73
1436280780000 47.72
1436280840000 47.78
1436280900000 47.76
1436280960000 47.77
1436281020000 47.79
1436281080000 47.8
1436281140000 47.87
1436281200000 47.87
1436281260000 47.9
1436281320000 47.945
1436281380000 47.93
1436281440000 47.92
1436281500000 47.96
1436281560000 47.91
