1404705600000 23.62
1404792000000 23.63
1404878400000 23.62
1404964800000 23.62
1405051200000 23.62
1405310400000 23.61
1405396800000 23.61
1405483200000 23.62
1405569600000 23.42
1405656000000 23.48
1405915200000 23.37
1406001600000 23.4
1406088000000 23.4
1406174400000 23.41
1406260800000 23.41
1406520000000 23.44
1406606400000 23.43
1406692800000 23.46
1406779200000 23.41
1406865600000 23.47
1407124800000 23.45
1407211200000 23.46
1407297600000 23.47
1407384000000 23.75
1407470400000 23.79
1407729600000 23.87
1407816000000 23.94
1407902400000 23.9
1407988800000 23.87
1408075200000 23.8
1408334400000 23.86
1408420800000 23.85
1408507200000 23.83
1408593600000 23.83
1408680000000 23.89
1408939200000 23.9
1409025600000 23.9
1409112000000 23.92
1409198400000 23.86
1409284800000 23.91
1409630400000 23.92
1409716800000 23.86
1409803200000 23.87
1409889600000 23.88
1410148800000 23.91
1410235200000 23.89
1410321600000 23.89
1410408000000 23.91
1410494400000 23.88
1410753600000 23.88
1410840000000 23.9
1410926400000 23.95
1411012800000 23.95
1411099200000 23.92
1411358400000 23.97
1411444800000 23.95
1411531200000 23.98
1411617600000 23.96
1411704000000 23.99
1411963200000 23.99
