1436261400000 20.77
1436261640000 20.68
1436262540000 20.69
1436262660000 20.71
1436263500000 20.7
1436263680000 20.65
1436263860000 20.62
1436264460000 20.53
1436264820000 20.42
1436264940000 20.43
1436265000000 20.5
1436265660000 20.33
1436265840000 20.3
1436265960000 20.36
1436266020000 20.36
1436266320000 20.38
1436266380000 20.41
1436266980000 20.39
1436267580000 20.32
1436267640000 20.41
1436267700000 20.44
1436268060000 20.3
1436268420000 20.22
1436268780000 20.17
1436268840000 20.12
1436268900000 20.12
1436269020000 20.12
1436269080000 20.24
1436269200000 20.24
1436269260000 20.24
1436269620000 20.3
1436269740000 20.19
1436269800000 20.26
1436269920000 20.28
1436270220000 20.35
1436270340000 20.36
1436270580000 20.31
1436270640000 20.37
1436270700000 20.35
1436270820000 20.4
1436270940000 20.4
1436271000000 20.36
1436271060000 20.37
1436271180000 20.36
1436272080000 20.35
1436272140000 20.36
1436272260000 20.36
1436272440000 20.355
1436272500000 20.35
1436272860000 20.46
1436272920000 20.375
1436273220000 20.38
1436273280000 20.43
1436273340000 20.48
1436273460000 20.44
1436273580000 20.5
1436273640000 20.49
1436273700000 20.5
1436273760000 20.5
1436273880000 20.52
1436274180000 20.53
1436274360000 20.49
1436274540000 20.4
1436274720000 20.43
1436275380000 20.46
1436275680000 20.515
1436275740000 20.485
1436275800000 20.51
1436275860000 20.49
1436276280000 20.47
1436276640000 20.48
1436277060000 20.46
1436277180000 20.5
1436277480000 20.44
1436277600000 20.41
1436277960000 20.43
1436278020000 20.44
1436278200000 20.47
1436278320000 20.38
1436278380000 20.39
1436278440000 20.44
1436278560000 20.4
1436278620000 20.34
1436279220000 20.34
1436279280000 20.34
1436279520000 20.33
1436279580000 20.3
1436279640000 20.3
1436279700000 20.33
1436279760000 20.33
1436279940000 20.41
1436280060000 20.44
1436280480000 20.515
1436280660000 20.49
1436280900000 20.44
1436280960000 20.45
1436281080000 20.49
1436281200000 20.505
1436281380000 20.51
1436281440000 20.51
1436281500000 20.47
