1436261400000 32.84
1436261640000 32.67
1436261700000 32.66
1436262120000 32.7
1436262300000 32.7
1436262480000 32.6
1436262540000 32.67
1436262960000 32.63
1436263020000 32.6
1436264280000 32.475
1436264640000 32.52
1436264820000 32.46
1436265060000 32.42
1436266020000 32.39
1436266080000 32.42
1436266200000 32.4
1436266320000 32.41
1436266380000 32.41
1436266560000 32.42
1436266620000 32.46
1436266920000 32.39
1436267040000 32.4
1436267460000 32.38
1436267520000 32.41
1436268000000 32.39
1436268180000 32.37
1436268540000 32.32
1436268600000 32.34
1436268660000 32.34
1436269020000 32.31
1436269080000 32.32
1436269380000 32.39
1436269560000 32.42
1436270040000 32.4
1436270100000 32.42
1436270160000 32.46
1436270220000 32.54
1436270280000 32.54
1436270400000 32.56
1436270460000 32.5
1436270640000 32.49
1436270700000 32.495
1436270880000 32.45
1436271060000 32.39
1436271120000 32.38
1436271180000 32.3401
1436271240000 32.3403
1436271360000 32.3401
1436271420000 32.3401
1436271480000 32.4
1436271600000 32.4
1436271720000 32.44
1436271780000 32.44
1436271840000 32.4201
1436271960000 32.3603
1436272020000 32.39
1436272080000 32.39
1436272200000 32.36
1436272320000 32.34
1436272380000 32.33
1436272440000 32.35
1436272500000 32.35
1436272560000 32.325
1436272680000 32.2901
1436272740000 32.35
1436272920000 32.36
1436272980000 32.35
1436273100000 32.38
1436273220000 32.4
1436273280000 32.38
1436273340000 32.42
1436273400000 32.38
1436273460000 32.4
1436273520000 32.42
1436273640000 32.36
1436273760000 32.3901
1436273820000 32.41
1436273880000 32.4
1436274000000 32.47
1436274240000 32.48
1436274300000 32.47
1436274900000 32.51
1436274960000 32.49
1436275680000 32.52
1436275800000 32.53
1436275980000 32.5
1436276220000 32.51
1436276640000 32.54
1436276700000 32.55
1436276820000 32.62
1436277000000 32.6
1436277120000 32.58
1436277360000 32.57
1436277600000 32.56
1436277780000 32.5599
1436277900000 32.56
1436277960000 32.6
1436278020000 32.59
1436278080000 32.57
1436278320000 32.56
1436278380000 32.53
1436278500000 32.53
1436278620000 32.526
1436278740000 32.51
1436278800000 32.48
1436278860000 32.45
1436278920000 32.41
1436278980000 32.34
1436279040000 32.35
1436279220000 32.38
1436279400000 32.36
1436279460000 32.34
1436279520000 32.34
1436279820000 32.37
1436279880000 32.37
1436280000000 32.44
1436280180000 32.48
1436280300000 32.54
1436280420000 32.56
1436280660000 32.57
1436280720000 32.58
1436280840000 32.59
1436280900000 32.58
1436281020000 32.55
1436281080000 32.55
1436281140000 32.63
1436281440000 32.63
1436281500000 32.61
