1436261400000 12.12
1436261460000 12.1
1436261580000 12.12
1436261640000 12.1
1436261760000 12.115
1436261880000 12.15
1436262780000 12.17
1436262960000 12.18
1436263020000 12.18
1436263080000 12.18
1436263140000 12.1801
1436263200000 12.1801
1436263260000 12.18
1436263560000 12.1301
1436264400000 12.13
1436264580000 12.12
1436265000000 12.1
1436265180000 12.08
1436265240000 12.09
1436265300000 12.08
1436265360000 12.08
1436265420000 12.1
1436265600000 12.063
1436265660000 12.06
1436265840000 12.05
1436265900000 12.067
1436265960000 12.05
1436266020000 12.052
1436266200000 12.05
1436266260000 12.05
1436266320000 12.059
1436266500000 12.07
1436266620000 12.05
1436266800000 12.04
1436266860000 12.04
1436266920000 12.04
1436267100000 12.04
1436267160000 12.04
1436267220000 12.067
1436267520000 12.04
1436267760000 12.0447
1436267820000 12.03
1436267880000 12.03
1436267940000 12.03
1436268000000 12.03
1436268060000 12.04
1436268120000 12.04
1436268180000 12.05
1436268240000 12.05
1436268300000 12.05
1436268360000 12.05
1436268420000 12.04
1436268480000 12.04
1436268540000 12.04
1436268600000 12.02
1436268660000 12.02
1436268780000 12.03
1436268840000 12.03
1436268900000 12.04
1436269020000 12.04
1436269080000 12.03
1436269140000 12.04
1436269200000 12.05
1436269260000 12.05
1436269320000 12.05
1436269380000 12.0699
1436269440000 12.07
1436269500000 12.07
1436269560000 12.07
1436269620000 12.07
1436269680000 12.07
1436269740000 12.07
1436269800000 12.08
1436269860000 12.08
1436269920000 12.08
1436269980000 12.08
1436270100000 12.09
1436270160000 12.07
1436270220000 12.08
1436270280000 12.0525
1436270340000 12.08
1436270400000 12.07
1436270460000 12.08
1436270520000 12.05
1436270640000 12.0601
1436270700000 12.07
1436270760000 12.08
1436270820000 12.06
1436271000000 12.0601
1436271060000 12.06
1436271180000 12.06
1436271660000 12.08
1436271840000 12.073
1436271960000 12.0788
1436272020000 12.06
1436272140000 12.06
1436272200000 12.06
1436272380000 12.0672
1436272440000 12.06
1436272500000 12.06
1436272620000 12.06
1436272980000 12.0757
1436273040000 12.06
1436273160000 12.05
1436273340000 12.07
1436273400000 12.065
1436273460000 12.06
1436273520000 12.07
1436273580000 12.08
1436273700000 12.08
1436274000000 12.09
1436274120000 12.08
1436274180000 12.08
1436274420000 12.08
1436274480000 12.0897
1436274900000 12.09
1436274960000 12.09
1436275080000 12.08
1436275140000 12.08
1436275320000 12.0832
1436275380000 12.08
1436275500000 12.07
1436276100000 12.06
1436276220000 12.06
1436276340000 12.06
1436276400000 12.06
1436276460000 12.069
1436276520000 12.06
1436276580000 12.06
1436276640000 12.06
1436276700000 12.05
1436276760000 12.05
1436276820000 12.06
1436276940000 12.069
1436277120000 12.06
1436277180000 12.06
1436277240000 12.06
1436277300000 12.064
1436277420000 12.06
1436277840000 12.06
1436277960000 12.06
1436278200000 12.0562
1436278260000 12.05
1436278380000 12.05
1436278440000 12.05
1436278500000 12.05
1436278620000 12.05
1436278680000 12.05
1436278740000 12.058
1436278800000 12.04
1436278860000 12.04
1436278980000 12.04
1436279040000 12.04
1436279100000 12.05
1436279580000 12.06
1436279940000 12.06
1436280180000 12.07
1436280240000 12.08
1436280360000 12.08
1436280420000 12.09
1436280720000 12.095
1436280780000 12.1
1436280840000 12.1199
1436280960000 12.11
1436281020000 12.11
1436281320000 12.1201
1436281380000 12.12
1436281500000 12.12
1436281560000 12.12
