1404705600000 4.49
1404792000000 4.48
1404878400000 4.49
1404964800000 4.47
1405051200000 4.5
1405310400000 4.494
1405396800000 4.49
1405483200000 4.48
1405569600000 4.49
1405656000000 4.5
1405915200000 4.49
1406001600000 4.5
1406088000000 4.49
1406174400000 4.49
1406260800000 4.49
1406520000000 4.47
1406606400000 4.49
1406692800000 4.47
1406779200000 4.48
1406865600000 4.47
1407124800000 4.48
1407211200000 4.48
1407297600000 4.45
1407384000000 4.48
1407470400000 4.5
1407729600000 4.51
1407816000000 4.5
1407902400000 4.5
1407988800000 4.4999
1408075200000 4.54
1408334400000 4.56
1408420800000 4.5
1408507200000 4.52
1408593600000 4.59
1408680000000 4.59
1408939200000 4.62
1409025600000 4.59
1409112000000 4.6
1409198400000 4.63
1409284800000 4.6
1409630400000 4.61
1409716800000 4.63
1409803200000 4.63
1409889600000 4.62
1410148800000 4.62
1410235200000 4.62
1410321600000 4.62
1410408000000 4.62
1410494400000 4.62
1410753600000 4.63
1410840000000 4.62
1410926400000 4.62
1411012800000 4.62
1411099200000 4.63
1411358400000 4.62
1411444800000 4.63
1411531200000 4.63
