1436261400000 27.37
1436261640000 27.38
1436262000000 27.15
1436262240000 27.14
1436262300000 27.1101
1436262360000 27.05
1436262420000 27.095
1436262540000 27.04
1436262840000 27.0
1436262900000 27.03
1436262960000 27.04
1436263080000 26.99
1436263140000 26.97
1436263200000 26.97
1436263260000 27.0
1436263500000 27.0
1436263620000 27.01
1436263740000 27.01
1436263920000 27.0
1436263980000 27.015
1436264040000 27.075
1436264100000 27.0
1436264160000 27.0399
1436264220000 27.0
1436264340000 27.09
1436264460000 27.08
1436264700000 27.07
1436264760000 27.03
1436264820000 27.04
1436264880000 26.97
1436265120000 26.92
1436265300000 26.945
1436265360000 26.91
1436265420000 26.935
1436265480000 26.95
1436265540000 27.0
1436265600000 27.0
1436265660000 26.9301
1436265780000 26.9
1436265840000 26.9001
1436265900000 26.95
1436265960000 26.95
1436266020000 27.036
1436266080000 27.06
1436266140000 27.05
1436266200000 26.9901
1436266320000 26.9801
1436266380000 27.0175
1436266500000 27.01
1436266560000 26.95
1436266620000 27.01
1436266800000 27.0
1436266860000 26.99
1436267040000 27.0
1436267220000 26.99
1436267280000 27.0
1436267400000 27.0
1436267460000 27.002
1436267580000 27.0
1436267820000 27.0
1436267880000 27.05
1436267940000 27.02
1436268060000 27.0
1436268240000 27.03
1436268360000 26.96
1436268420000 26.98
1436268480000 26.945
1436268540000 26.94
1436268720000 26.99
1436268840000 26.97
1436268900000 26.935
1436268960000 26.95
1436269020000 26.95
1436269200000 27.07
1436269260000 27.04
1436269320000 27.04
1436269380000 27.09
1436269440000 27.1
1436269620000 27.11
1436269680000 27.01
1436269740000 27.04
1436269860000 27.01
1436269980000 27.04
1436270040000 27.07
1436270100000 27.07
1436270160000 27.09
1436270220000 27.19
1436270280000 27.16
1436270340000 27.12
1436270400000 27.09
1436270460000 27.09
1436270580000 27.04
1436270700000 27.0799
1436270760000 27.125
1436271060000 27.17
1436271120000 27.2
1436271180000 27.1845
1436271480000 27.215
1436271720000 27.295
1436271960000 27.27
1436272140000 27.35
1436272440000 27.35
1436272500000 27.35
1436272920000 27.4
1436273160000 27.49
1436273280000 27.49
1436273520000 27.5
1436273700000 27.525
1436273820000 27.4801
1436273940000 27.51
1436274240000 27.61
1436274300000 27.59
1436274360000 27.52
1436274480000 27.51
1436274720000 27.59
1436275140000 27.57
1436275200000 27.56
1436275380000 27.51
1436275440000 27.53
1436275680000 27.5999
1436275920000 27.585
1436275980000 27.6
1436276040000 27.624
1436276100000 27.6
1436276400000 27.6
1436276640000 27.565
1436276760000 27.65
1436276880000 27.6
1436276940000 27.66
1436277060000 27.64
1436277300000 27.64
1436277360000 27.66
1436277480000 27.66
1436277540000 27.6
1436277720000 27.62
1436277780000 27.62
1436277840000 27.61
1436277900000 27.61
1436278200000 27.6
1436278440000 27.55
1436278560000 27.55
1436278620000 27.57
1436278740000 27.56
1436278800000 27.58
1436278920000 27.59
1436278980000 27.4901
1436279040000 27.53
1436279100000 27.54
1436279160000 27.55
1436279280000 27.57
1436279340000 27.55
1436279520000 27.525
1436279640000 27.555
1436279760000 27.58
1436279820000 27.555
1436279880000 27.55
1436279940000 27.57
1436280000000 27.57
1436280060000 27.59
1436280120000 27.5
1436280180000 27.5
1436280240000 27.67
1436280300000 27.65
1436280420000 27.72
1436280480000 27.75
1436280720000 27.79
1436280780000 27.78
1436281020000 27.795
1436281080000 27.83
1436281140000 27.9
1436281200000 27.91
1436281260000 27.84
1436281320000 27.98
1436281380000 27.92
1436281440000 27.895
1436281500000 27.9
1436281560000 27.841
