1436261400000 13.25
1436261580000 13.28
1436261640000 13.29
1436261700000 13.3601
1436261760000 13.35
1436261820000 13.36
1436261880000 13.38
1436261940000 13.39
1436262000000 13.37
1436262060000 13.376
1436262120000 13.4
1436262180000 13.4
1436262240000 13.39
1436262420000 13.37
1436262480000 13.37
1436262660000 13.34
1436262720000 13.34
1436262900000 13.34
1436262960000 13.3799
1436263020000 13.4
1436263080000 13.38
1436263200000 13.36
1436263320000 13.34
1436263380000 13.3501
1436263440000 13.35
1436263620000 13.34
1436263680000 13.341
1436263740000 13.303
1436263860000 13.29
1436263980000 13.28
1436264040000 13.26
1436264280000 13.3299
1436264340000 13.27
1436264520000 13.25
1436264580000 13.29
1436264760000 13.27
1436264820000 13.28
1436264880000 13.27
1436265000000 13.285
1436265060000 13.3199
1436265120000 13.27
1436265180000 13.3137
1436265240000 13.2996
1436265300000 13.31
1436265360000 13.31
1436265420000 13.2701
1436265540000 13.31
1436265600000 13.2703
1436265660000 13.29
1436265720000 13.27
1436265840000 13.27
1436265960000 13.27
1436266020000 13.2699
1436266080000 13.26
1436266200000 13.26
1436266260000 13.25
1436266440000 13.25
1436266500000 13.29
1436266560000 13.29
1436266620000 13.28
1436266680000 13.25
1436266800000 13.25
1436266860000 13.25
1436266980000 13.25
1436267040000 13.2599
1436267220000 13.241
1436267340000 13.24
1436267460000 13.235
1436267520000 13.23
1436267580000 13.22
1436267640000 13.22
1436267760000 13.23
1436268120000 13.24
1436268240000 13.24
1436268300000 13.24
1436268360000 13.23
1436268540000 13.22
1436268600000 13.21
1436268660000 13.21
1436268780000 13.21
1436268840000 13.2
1436268960000 13.2012
1436269020000 13.1707
1436269200000 13.21
1436269260000 13.22
1436269320000 13.22
1436269620000 13.2
1436269800000 13.22
1436269860000 13.191
1436269920000 13.2
1436270100000 13.2
1436270400000 13.2175
1436270460000 13.2
1436270520000 13.228
1436270760000 13.22
1436270880000 13.2322
1436271000000 13.2
1436271240000 13.21
1436271300000 13.23
1436271360000 13.2
1436271540000 13.23
1436271780000 13.2
1436271840000 13.2
1436272020000 13.2
1436272080000 13.19
1436272260000 13.19
1436272380000 13.19
1436272440000 13.2084
1436272500000 13.2
1436272860000 13.21
1436272980000 13.2028
1436273040000 13.2078
1436273100000 13.22
1436273340000 13.21
1436273520000 13.229
1436273640000 13.23
1436273700000 13.23
1436273940000 13.22
1436274000000 13.24
1436274180000 13.22
1436274240000 13.2249
1436274420000 13.2338
1436274480000 13.22
1436274720000 13.23
1436274900000 13.25
1436274960000 13.26
1436275020000 13.2645
1436275140000 13.26
1436275260000 13.25
1436275380000 13.26
1436275500000 13.25
1436275560000 13.2518
1436275620000 13.25
1436275800000 13.25
1436276040000 13.25
1436276160000 13.25
1436276340000 13.25
1436276400000 13.2511
1436276460000 13.25
1436276580000 13.25
1436276640000 13.24
1436276700000 13.25
1436276820000 13.24
1436276880000 13.24
1436277240000 13.27
1436277300000 13.27
1436277540000 13.25
1436277600000 13.24
1436277720000 13.27
1436277900000 13.24
1436278020000 13.2599
1436278080000 13.26
1436278200000 13.26
1436278440000 13.26
1436278500000 13.26
1436278620000 13.2501
1436278680000 13.25
1436278740000 13.24
1436278860000 13.26
1436278980000 13.27
1436279040000 13.26
1436279100000 13.2799
1436279160000 13.25
1436279220000 13.26
1436279280000 13.2799
1436279400000 13.28
1436279520000 13.26
1436279580000 13.3
1436279640000 13.315
1436279820000 13.31
1436279880000 13.275
1436280000000 13.27
1436280120000 13.28
1436280180000 13.3104
1436280300000 13.308
1436280360000 13.2901
1436280420000 13.31
1436280480000 13.32
1436280600000 13.33
1436280660000 13.33
1436280780000 13.31
1436281020000 13.36
1436281080000 13.31
1436281140000 13.31
1436281200000 13.36
1436281260000 13.3201
1436281320000 13.33
1436281380000 13.36
1436281440000 13.38
1436281500000 13.37
