1404705600000 2.01
1404792000000 1.98
1404878400000 1.9899
1404964800000 1.98
1405051200000 2.0
1405310400000 1.99
1405396800000 1.98
1405483200000 1.96
1405569600000 1.91
1405656000000 1.98
1405915200000 1.99
1406001600000 1.95
1406088000000 2.01
1406174400000 2.01
1406260800000 1.9501
1406520000000 2.0
1406606400000 2.0
1406692800000 2.06
1406779200000 2.04
1406865600000 1.98
1407124800000 2.0
1407211200000 1.99
1407297600000 2.0
1407384000000 2.0
1407470400000 2.0999
1407729600000 2.22
1407816000000 2.4
1407902400000 2.43
1407988800000 2.37
1408075200000 2.46
1408334400000 2.69
1408420800000 2.63
1408507200000 2.67
1408593600000 2.59
1408680000000 2.49
1408939200000 2.56
1409025600000 2.55
1409112000000 2.57
1409198400000 2.72
1409284800000 2.76
1409630400000 2.8
1409716800000 2.82
1409803200000 2.66
1409889600000 2.72
1410148800000 2.69
1410235200000 2.69
1410321600000 2.83
1410408000000 2.93
1410494400000 3.0
1410753600000 3.11
1410840000000 3.3
1410926400000 3.7
1411012800000 3.15
1411099200000 3.2
1411358400000 3.24
1411444800000 3.24
1411531200000 2.96
1411617600000 2.89
1411704000000 2.93
1411963200000 3.0
1412049600000 2.98
1412136000000 2.77
1412222400000 2.71
1412308800000 2.68
1412568000000 2.7
1412654400000 2.57
1412740800000 2.42
1412827200000 2.34
1412913600000 2.29
1413172800000 2.24
1413259200000 2.33
1413345600000 2.3
1413432000000 2.35
1413518400000 2.52
1413777600000 2.45
1413864000000 2.5
1413950400000 2.5
1414036800000 2.61
1414123200000 2.87
1414382400000 2.7799
1414468800000 2.75
1414555200000 2.91
1414641600000 2.8
1414728000000 2.86
1414990800000 2.93
1415077200000 2.94
1415163600000 2.9599
1415250000000 2.87
1415336400000 2.888
1415595600000 2.65
1415682000000 2.63
1415768400000 2.74
1415854800000 2.7
1415941200000 2.71
1416200400000 2.8
1416286800000 2.84
1416373200000 2.82
1416459600000 2.81
1416546000000 2.82
1416805200000 2.81
1416891600000 2.85
1416978000000 2.84
1417150800000 2.8
1417410000000 2.83
1417496400000 2.82
1417582800000 2.82
1417669200000 2.82
1417755600000 2.82
1418014800000 2.8
1418101200000 2.8
1418187600000 2.79
1418274000000 2.8
1418360400000 2.81
1418619600000 2.8
1418706000000 2.8
1418792400000 2.82
1418878800000 2.8
1418965200000 2.76
1419224400000 2.79
1419310800000 2.76
1419397200000 2.78
1419570000000 2.79
1419829200000 2.79
1419915600000 2.79
1420002000000 2.8
1420174800000 2.8
1420434000000 2.8
1420520400000 2.8
1420606800000 2.8
1420693200000 2.82
1420779600000 2.82
1421038800000 2.79
1421125200000 2.79
1421211600000 2.79
1421298000000 2.79
1421384400000 2.78
1421730000000 2.77
1421816400000 2.78
1421902800000 2.79
1421989200000 2.78
1422248400000 2.79
1422334800000 2.8
1422421200000 2.79
1422507600000 2.8
1422594000000 2.795
1422853200000 2.8
1422939600000 2.79
1423026000000 2.8
1423112400000 2.79
1423198800000 2.79
1423458000000 2.81
1423544400000 2.8
1423630800000 2.8
1423717200000 2.8
1423803600000 2.81
1424149200000 2.805
1424235600000 2.805
1424322000000 2.805
1424408400000 2.8116
1424667600000 2.81
1424754000000 2.82
1424840400000 2.81
1424926800000 2.81
1425013200000 2.81
1425272400000 2.81
1425358800000 2.8105
1425445200000 2.81
1425531600000 2.8
1425618000000 2.82
1425873600000 2.81
