1436261400000 0.6
1436261520000 0.6199
1436261580000 0.61
1436261640000 0.6145
1436261700000 0.6197
1436261820000 0.61
1436261880000 0.6101
1436261940000 0.6101
1436262060000 0.6
1436262120000 0.6
1436262300000 0.57
1436262360000 0.5526
1436262480000 0.57
1436262540000 0.5648
1436262600000 0.5648
1436262660000 0.58
1436262720000 0.5801
1436262840000 0.58
1436262900000 0.59
1436263020000 0.5981
1436263260000 0.597
1436263440000 0.5902
1436263500000 0.5902
1436263560000 0.58
1436263740000 0.5801
1436263860000 0.5802
1436263980000 0.5851
1436264040000 0.5851
1436264100000 0.5802
1436264160000 0.5802
1436264220000 0.5802
1436264280000 0.5802
1436264340000 0.5802
1436264400000 0.5803
1436264460000 0.5803
1436264520000 0.5803
1436264580000 0.5803
1436264640000 0.5803
1436264700000 0.5819
1436264760000 0.5803
1436264820000 0.5803
1436264940000 0.5804
1436265000000 0.5803
1436265060000 0.5803
1436265120000 0.5809
1436265240000 0.5803
1436265300000 0.5804
1436265360000 0.5801
1436265420000 0.5801
1436265480000 0.5802
1436265540000 0.5802
1436265600000 0.5801
1436265660000 0.5802
1436265720000 0.5801
1436265840000 0.5801
1436265900000 0.5802
1436265960000 0.5801
1436266020000 0.5801
1436266080000 0.5801
1436266140000 0.58
1436266200000 0.5801
1436266260000 0.5801
1436266320000 0.5801
1436266380000 0.5801
1436266440000 0.5801
1436266500000 0.5802
1436266560000 0.5801
1436266620000 0.5801
1436266680000 0.5801
1436266740000 0.58
1436266800000 0.5798
1436266860000 0.5798
1436266920000 0.5797
1436266980000 0.5793
1436267040000 0.5793
1436267100000 0.5789
1436267160000 0.5789
1436267220000 0.5789
1436267280000 0.5789
1436267340000 0.5789
1436267400000 0.5789
1436267460000 0.57
1436267520000 0.5692
1436267640000 0.5749
1436267700000 0.5749
1436267760000 0.5623
1436267820000 0.5611
1436267880000 0.5611
1436267940000 0.5683
1436268000000 0.5637
1436268060000 0.57
1436268180000 0.5637
1436268240000 0.5637
1436268300000 0.5637
1436268360000 0.5637
1436268420000 0.5637
1436268480000 0.5637
1436268540000 0.5637
1436268600000 0.5637
1436268660000 0.5637
1436268720000 0.5637
1436268780000 0.5638
1436268840000 0.5669
1436268900000 0.5638
1436268960000 0.5638
1436269020000 0.5639
1436269080000 0.564
1436269140000 0.564
1436269200000 0.564
1436269260000 0.564
1436269320000 0.564
1436269380000 0.5656
1436269440000 0.5658
1436269500000 0.5671
1436269560000 0.5772
1436269620000 0.5731
1436269980000 0.5703
1436270040000 0.5704
1436270100000 0.5704
1436270160000 0.5704
1436270220000 0.5704
1436270280000 0.5704
1436270340000 0.5704
1436270400000 0.5704
1436270460000 0.5788
1436270520000 0.5789
1436270580000 0.5789
1436270640000 0.5789
1436270700000 0.5789
1436270760000 0.5789
1436270820000 0.5789
1436270880000 0.5789
1436270940000 0.575
1436271000000 0.5751
1436271060000 0.5751
1436271120000 0.5751
1436271180000 0.5649
1436271240000 0.568
1436271300000 0.5681
1436271360000 0.5681
1436271420000 0.5681
1436271480000 0.5681
1436271540000 0.564
1436271600000 0.5641
1436271660000 0.5641
1436271720000 0.5643
1436271780000 0.5647
1436271840000 0.5641
1436271900000 0.5641
1436271960000 0.5642
1436272020000 0.567
1436272080000 0.5642
1436272140000 0.5642
1436272200000 0.5642
1436272260000 0.5642
1436272320000 0.5642
1436272380000 0.5643
1436272440000 0.5658
1436272620000 0.5644
1436272680000 0.5644
1436272740000 0.5644
1436272860000 0.5721
1436272920000 0.58
1436272980000 0.58
1436273040000 0.5787
1436273100000 0.5803
1436273160000 0.58
1436273220000 0.5801
1436273280000 0.5801
1436273340000 0.5801
1436273400000 0.5801
1436273460000 0.573
1436273520000 0.5781
1436273580000 0.5759
1436273640000 0.5758
1436273700000 0.5721
1436273760000 0.5721
1436273820000 0.5721
1436273880000 0.5721
1436273940000 0.5721
1436274000000 0.5721
1436274060000 0.5721
1436274120000 0.5721
1436274180000 0.5721
1436274240000 0.5721
1436274300000 0.5721
1436274360000 0.5721
1436274420000 0.5721
1436274540000 0.5862
1436274600000 0.5724
1436274660000 0.5724
1436274720000 0.5779
1436274780000 0.5732
1436274840000 0.6
1436274900000 0.5991
1436274960000 0.5991
1436275020000 0.5991
1436275080000 0.599
1436275140000 0.599
1436275200000 0.599
1436275260000 0.599
1436275320000 0.599
1436275380000 0.599
1436275440000 0.599
1436275500000 0.5989
1436275560000 0.5902
1436275620000 0.5989
1436275740000 0.5904
1436275800000 0.5905
1436275920000 0.5904
1436276220000 0.5904
1436276280000 0.5911
1436276340000 0.5985
1436276460000 0.6004
1436276520000 0.6004
1436276580000 0.6004
1436276640000 0.6004
1436276700000 0.605
1436276760000 0.605
1436276820000 0.605
1436276880000 0.605
1436276940000 0.605
1436277000000 0.605
1436277060000 0.605
1436277120000 0.605
1436277180000 0.6
1436277240000 0.6
1436277300000 0.5985
1436277360000 0.5985
1436277420000 0.5985
1436277480000 0.5985
1436277540000 0.5985
1436277600000 0.597
1436277660000 0.597
1436277720000 0.6027
1436277780000 0.6027
1436277840000 0.6027
1436278020000 0.6027
1436278080000 0.6
1436278140000 0.6
1436278200000 0.6
1436278260000 0.6
1436278320000 0.6
1436278380000 0.6
1436278440000 0.6
1436278500000 0.6
1436278560000 0.6
1436278620000 0.5986
1436278680000 0.5986
1436278740000 0.5986
1436278800000 0.5986
1436278860000 0.5987
1436278920000 0.5987
1436278980000 0.5987
1436279040000 0.5987
1436279100000 0.5987
1436279160000 0.5987
1436279220000 0.5986
1436279280000 0.5986
1436279340000 0.5986
1436279400000 0.5986
1436279460000 0.5986
1436279520000 0.5986
1436279580000 0.5986
1436279640000 0.5986
1436279700000 0.5986
1436279760000 0.5986
1436279820000 0.5986
1436279880000 0.5986
1436279940000 0.5986
1436280000000 0.5986
1436280060000 0.5986
1436280180000 0.6014
1436280240000 0.5987
1436280300000 0.5987
1436280360000 0.597
1436280420000 0.5969
1436280480000 0.597
1436280540000 0.597
1436280600000 0.597
1436280660000 0.5971
1436280720000 0.597
1436280780000 0.597
1436280840000 0.597
1436280900000 0.597
1436280960000 0.597
1436281020000 0.597
1436281080000 0.597
1436281140000 0.5971
1436281200000 0.597
1436281260000 0.597
1436281320000 0.597
1436281380000 0.597
1436281440000 0.597
1436281500000 0.597
1436281560000 0.597
