1436261400000 52.23
1436261460000 52.23
1436261520000 52.285
1436261580000 52.17
1436261700000 52.315
1436261760000 52.315
1436261820000 52.28
1436261940000 52.29
1436262000000 52.29
1436262060000 52.3
1436262120000 52.3049
1436262180000 52.29
1436262240000 52.3
1436262300000 52.29
1436262360000 52.28
1436262420000 52.285
1436262480000 52.3
1436262540000 52.29
1436262600000 52.31
1436262660000 52.28
1436262720000 52.31
1436262780000 52.34
1436262840000 52.35
1436262900000 52.34
1436262960000 52.34
1436263020000 52.335
1436263080000 52.31
1436263140000 52.27
1436263200000 52.27
1436263260000 52.27
1436263320000 52.2949
1436263380000 52.27
1436263440000 52.27
1436263500000 52.25
1436263560000 52.22
1436263620000 52.21
1436263680000 52.14
1436263740000 52.1
1436263800000 52.155
1436263860000 52.2
1436263920000 52.22
1436263980000 52.2
1436264040000 52.19
1436264100000 52.16
1436264160000 52.14
1436264220000 52.17
1436264280000 52.16
1436264340000 52.14
1436264400000 52.14
1436264460000 52.11
1436264520000 52.14
1436264580000 52.11
1436264640000 52.13
1436264700000 52.12
1436264760000 52.0874
1436264820000 52.07
1436264880000 52.06
1436264940000 52.06
1436265000000 52.04
1436265060000 52.02
1436265120000 52.02
1436265180000 52.03
1436265240000 51.98
1436265300000 52.02
1436265360000 52.02
1436265420000 52.04
1436265480000 52.02
1436265540000 51.99
1436265600000 52.0
1436265660000 52.02
1436265720000 51.99
1436265780000 51.975
1436265840000 52.0
1436265900000 51.97
1436265960000 51.97
1436266020000 52.01
1436266080000 52.03
1436266140000 52.04
1436266200000 52.01
1436266260000 52.01
1436266320000 52.015
1436266380000 52.0605
1436266440000 52.08
1436266500000 52.07
1436266560000 52.06
1436266620000 52.09
1436266680000 52.05
1436266740000 52.05
1436266800000 52.04
1436266920000 52.02
1436266980000 52.0213
1436267100000 52.01
1436267160000 52.0
1436267220000 52.0
1436267280000 52.0
1436267340000 52.01
1436267400000 52.01
1436267460000 52.05
1436267520000 52.06
1436267580000 52.0505
1436267640000 52.06
1436267880000 52.04
1436267940000 52.04
1436268000000 52.04
1436268060000 51.99
1436268120000 51.98
1436268180000 51.9921
1436268240000 52.01
1436268360000 52.0
1436268420000 52.0
1436268480000 52.01
1436268540000 51.97
1436268600000 51.99
1436268660000 51.97
1436268720000 51.99
1436268780000 51.97
1436268840000 51.99
1436268900000 51.93
1436268960000 51.92
1436269020000 51.98
1436269080000 51.9903
1436269140000 52.02
1436269200000 52.0
1436269260000 52.06
1436269320000 52.03
1436269380000 52.06
1436269440000 52.08
1436269500000 52.08
1436269560000 52.08
1436269620000 52.08
1436269680000 52.08
1436269740000 52.09
1436269800000 52.09
1436269860000 52.08
1436269920000 52.06
1436269980000 52.06
1436270100000 52.06
1436270160000 52.1
1436270220000 52.2
1436270280000 52.16
1436270340000 52.18
1436270460000 52.1599
1436270580000 52.1275
1436270640000 52.17
1436270700000 52.18
1436270760000 52.17
1436270820000 52.15
1436270880000 52.15
1436270940000 52.17
1436271000000 52.14
1436271060000 52.13
1436271120000 52.14
1436271180000 52.13
1436271240000 52.1299
1436271300000 52.13
1436271360000 52.16
1436271480000 52.15
1436271540000 52.17
1436271600000 52.16
1436271660000 52.2
1436271720000 52.2299
1436271780000 52.21
1436271840000 52.2
1436271900000 52.19
1436271960000 52.2
1436272020000 52.21
1436272080000 52.2
1436272140000 52.21
1436272200000 52.21
1436272260000 52.24
1436272320000 52.25
1436272380000 52.22
1436272440000 52.2
1436272500000 52.18
1436272560000 52.17
1436272620000 52.18
1436272680000 52.17
1436272740000 52.2
1436272860000 52.21
1436272920000 52.23
1436272980000 52.22
1436273040000 52.17
1436273100000 52.21
1436273160000 52.24
1436273220000 52.26
1436273280000 52.25
1436273340000 52.23
1436273400000 52.23
1436273460000 52.24
1436273520000 52.27
1436273640000 52.26
1436273700000 52.34
1436273760000 52.33
1436273820000 52.33
1436273880000 52.35
1436273940000 52.36
1436274000000 52.37
1436274060000 52.37
1436274120000 52.36
1436274180000 52.35
1436274240000 52.36
1436274300000 52.34
1436274360000 52.33
1436274420000 52.32
1436274480000 52.32
1436274540000 52.36
1436274600000 52.35
1436274660000 52.35
1436274720000 52.39
1436274780000 52.42
1436274840000 52.43
1436274900000 52.44
1436274960000 52.34
1436275020000 52.31
1436275080000 52.33
1436275140000 52.33
1436275200000 52.335
1436275260000 52.31
1436275320000 52.31
1436275380000 52.3
1436275440000 52.31
1436275500000 52.32
1436275560000 52.33
1436275620000 52.34
1436275680000 52.32
1436275740000 52.34
1436275800000 52.36
1436275860000 52.35
1436275920000 52.32
1436275980000 52.33
1436276040000 52.33
1436276220000 52.33
1436276280000 52.35
1436276400000 52.35
1436276460000 52.34
1436276520000 52.35
1436276640000 52.37
1436276700000 52.41
1436276760000 52.42
1436276820000 52.4
1436276880000 52.4
1436276940000 52.4
1436277000000 52.41
1436277060000 52.4
1436277120000 52.38
1436277240000 52.3749
1436277300000 52.35
1436277480000 52.35
1436277540000 52.32
1436277600000 52.35
1436277660000 52.37
1436277720000 52.36
1436277780000 52.34
1436277840000 52.34
1436277900000 52.35
1436278020000 52.34
1436278140000 52.34
1436278200000 52.37
1436278260000 52.36
1436278380000 52.3391
1436278440000 52.35
1436278500000 52.35
1436278560000 52.35
1436278620000 52.34
1436278680000 52.34
1436278740000 52.32
1436278800000 52.29
1436278860000 52.29
1436278920000 52.26
1436278980000 52.28
1436279040000 52.3099
1436279100000 52.3128
1436279160000 52.34
1436279220000 52.3397
1436279280000 52.34
1436279340000 52.34
1436279400000 52.34
1436279460000 52.34
1436279520000 52.35
1436279580000 52.37
1436279640000 52.37
1436279700000 52.35
1436279760000 52.34
1436279820000 52.35
1436279880000 52.34
1436279940000 52.4
1436280000000 52.4
1436280060000 52.42
1436280120000 52.48
1436280180000 52.47
1436280240000 52.53
1436280300000 52.55
1436280420000 52.56
1436280480000 52.56
1436280540000 52.5347
1436280600000 52.54
1436280660000 52.54
1436280720000 52.55
1436280780000 52.53
1436280840000 52.58
1436280900000 52.58
1436280960000 52.56
1436281020000 52.58
1436281080000 52.64
1436281140000 52.67
1436281200000 52.67
1436281260000 52.67
1436281320000 52.67
1436281380000 52.66
1436281440000 52.66
1436281500000 52.66
1436281560000 52.65
