1404705600000 10.4
1404792000000 10.37
1404878400000 10.36
1405051200000 10.36
1405396800000 10.36
1405569600000 10.52
1405656000000 10.49
1406174400000 10.37
1406520000000 10.35
1406692800000 10.32
1406779200000 10.3
1406865600000 10.3
1407211200000 10.31
1407297600000 10.32
1407384000000 10.2999
1407470400000 10.2
1407729600000 10.3099
1407816000000 10.22
1407902400000 10.22
1407988800000 10.33
1408075200000 10.3
1408334400000 10.3
1408420800000 10.33
1408593600000 10.29
1408680000000 10.28
1408939200000 10.28
1409025600000 10.32
1409112000000 10.28
1410148800000 10.38
1410235200000 10.3401
1410321600000 10.38
1410753600000 10.37
1410840000000 10.31
1410926400000 10.46
1411012800000 10.54
1411444800000 10.65
1411531200000 10.61
1412136000000 10.63
