1405051200000 10.2
1405396800000 10.25
1405569600000 10.2
1405915200000 10.15
1406606400000 10.11
1406692800000 10.11
1406779200000 10.2001
1406865600000 10.2001
1407124800000 10.1601
1407211200000 10.18
1407297600000 10.3
1407384000000 10.15
1407470400000 10.09
1407729600000 10.22
1407902400000 10.35
1407988800000 10.3
1408075200000 10.3
1408334400000 10.2501
1408420800000 10.247
1408507200000 10.22
1408593600000 10.25
1408680000000 10.25
1408939200000 10.2101
1409025600000 10.25
1409112000000 10.25
1409198400000 10.24
1409284800000 10.2502
1410148800000 10.28
1410235200000 10.3001
1410321600000 10.3
1410408000000 10.3198
1410494400000 10.34
1410753600000 10.3
1410840000000 10.28
1410926400000 10.3
1411012800000 10.36
1411099200000 10.3801
1411358400000 10.35
1411444800000 10.35
1411531200000 10.3852
1411617600000 10.3796
1411704000000 10.39
1411963200000 10.15
1412136000000 10.4
