1436261400000 7.27
1436261520000 7.07
1436261580000 7.1001
1436261640000 7.04
1436261700000 7.03
1436261760000 7.011
1436261880000 7.0
1436261940000 6.945
1436262060000 6.95
1436262180000 6.95
1436262240000 6.942
1436262300000 6.95
1436262540000 6.9599
1436262660000 6.95
1436262720000 6.96
1436262780000 7.02
1436262840000 7.0101
1436262900000 7.02
1436262960000 6.98
1436263020000 6.945
1436263080000 6.85
1436263140000 6.87
1436263200000 6.845
1436263260000 6.87
1436263320000 6.86
1436263380000 6.9
1436263440000 6.866
1436263500000 6.87
1436263560000 6.84
1436263620000 6.82
1436263680000 6.8
1436263740000 6.78
1436263800000 6.76
1436263860000 6.75
1436263920000 6.69
1436263980000 6.6557
1436264040000 6.69
1436264100000 6.67
1436264160000 6.68
1436264220000 6.59
1436264280000 6.47
1436264340000 6.459
1436264400000 6.54
1436264460000 6.59
1436264520000 6.595
1436264580000 6.595
1436264640000 6.595
1436264700000 6.5965
1436264760000 6.6
1436264820000 6.6
1436264880000 6.6
1436264940000 6.6
1436265000000 6.6
1436265060000 6.6
1436265120000 6.6
1436265180000 6.595
1436265240000 6.6
1436265300000 6.6
1436265360000 6.59
1436265420000 6.58
1436265480000 6.59
1436265540000 6.56
1436265600000 6.49
1436265720000 6.46
1436265780000 6.39
1436265840000 6.395
1436265900000 6.39
1436265960000 6.335
1436266020000 6.32
1436266080000 6.33
1436266140000 6.33
1436266200000 6.27
1436266260000 6.28
1436266320000 6.2999
1436266380000 6.295
1436266440000 6.28
1436266500000 6.28
1436266560000 6.28
1436266620000 6.2864
1436266680000 6.3
1436266740000 6.3
1436266800000 6.3
1436266860000 6.295
1436266920000 6.2989
1436266980000 6.2637
1436267100000 6.25
1436267160000 6.26
1436267220000 6.27
1436267280000 6.29
1436267340000 6.27
1436267400000 6.153
1436267460000 6.13
1436267520000 6.13
1436267580000 6.13
1436267640000 6.215
1436267700000 6.22
1436267760000 6.21
1436267820000 6.21
1436267940000 6.19
1436268000000 6.2
1436268060000 6.2
1436268120000 6.24
1436268180000 6.21
1436268300000 6.17
1436268360000 6.18
1436268420000 6.18
1436268480000 6.19
1436268540000 6.21
1436268600000 6.23
1436268720000 6.25
1436268780000 6.25
1436268840000 6.22
1436268900000 6.18
1436268960000 6.19
1436269020000 6.2
1436269140000 6.26
1436269200000 6.28
1436269260000 6.28
1436269320000 6.28
1436269380000 6.28
1436269440000 6.3
1436269500000 6.3
1436269560000 6.37
1436269620000 6.4
1436269680000 6.46
1436269740000 6.4499
1436269800000 6.4101
1436269860000 6.41
1436269920000 6.39
1436269980000 6.31
1436270040000 6.27
1436270100000 6.27
1436270160000 6.268
1436270220000 6.34
1436270280000 6.41
1436270340000 6.37
1436270400000 6.36
1436270520000 6.38
1436270580000 6.43
1436270640000 6.43
1436270700000 6.44
1436270760000 6.45
1436270820000 6.45
1436270880000 6.33
1436270940000 6.38
1436271000000 6.36
1436271060000 6.31
1436271120000 6.27
1436271180000 6.274
1436271240000 6.3
1436271300000 6.32
1436271360000 6.34
1436271420000 6.32
1436271540000 6.23
1436271600000 6.27
1436271960000 6.33
1436272020000 6.3299
1436272140000 6.37
1436272200000 6.36
1436272440000 6.34
1436272500000 6.31
1436272680000 6.31
1436272740000 6.35
1436272800000 6.31
1436272860000 6.3303
1436272980000 6.3463
1436273040000 6.35
1436273160000 6.37
1436273220000 6.37
1436273280000 6.42
1436273340000 6.44
1436273400000 6.46
1436273460000 6.47
1436273520000 6.47
1436273580000 6.48
1436273640000 6.44
1436273700000 6.43
1436274180000 6.4401
1436274240000 6.47
1436274300000 6.48
1436274360000 6.49
1436274420000 6.49
1436274480000 6.55
1436274540000 6.56
1436274600000 6.57
1436274660000 6.56
1436274720000 6.56
1436274780000 6.56
1436274840000 6.6
1436274900000 6.59
1436274960000 6.59
1436275020000 6.59
1436275080000 6.59
1436275140000 6.52
1436275260000 6.5101
1436275320000 6.55
1436275620000 6.59
1436275680000 6.585
1436275740000 6.59
1436275800000 6.59
1436275860000 6.59
1436275920000 6.585
1436275980000 6.59
1436276040000 6.59
1436276100000 6.59
1436276160000 6.59
1436276220000 6.59
1436276280000 6.585
1436276340000 6.59
1436276400000 6.59
1436276460000 6.59
1436276520000 6.59
1436276580000 6.64
1436276640000 6.65
1436276700000 6.68
1436276760000 6.69
1436276820000 6.69
1436276880000 6.68
1436277060000 6.61
1436277240000 6.5901
1436277300000 6.55
1436277360000 6.5101
1436277480000 6.525
1436277540000 6.53
1436277600000 6.51
1436277660000 6.525
1436277720000 6.54
1436277900000 6.535
1436277960000 6.535
1436278020000 6.535
1436278080000 6.535
1436278140000 6.535
1436278200000 6.55
1436278260000 6.57
1436278320000 6.54
1436278380000 6.58
1436278440000 6.57
1436278500000 6.5956
1436278560000 6.6
1436278620000 6.53
1436278680000 6.55
1436278800000 6.516
1436278860000 6.6
1436278980000 6.57
1436279100000 6.59
1436279160000 6.58
1436279220000 6.58
1436279280000 6.575
1436279340000 6.58
1436279400000 6.59
1436279460000 6.58
1436279520000 6.581
1436279580000 6.59
1436279640000 6.59
1436279700000 6.59
1436279760000 6.66
1436279820000 6.683
1436279880000 6.71
1436279940000 6.74
1436280000000 6.74
1436280180000 6.71
1436280240000 6.71
1436280300000 6.74
1436280360000 6.76
1436280420000 6.76
1436280480000 6.765
1436280540000 6.77
1436280600000 6.77
1436280660000 6.78
1436280780000 6.72
1436280840000 6.724
1436280900000 6.71
1436280960000 6.69
1436281140000 6.63
1436281200000 6.635
1436281320000 6.65
1436281500000 6.7
1436281620000 6.68
