1436261400000 3.15
1436261520000 3.1036
1436261580000 3.1
1436261700000 3.19
1436261820000 3.15
1436261880000 3.15
1436261940000 3.15
1436262000000 3.19
1436262060000 3.15
1436262120000 3.17
1436262180000 3.17
1436262240000 3.16
1436262300000 3.17
1436262360000 3.17
1436262420000 3.18
1436262480000 3.17
1436262540000 3.16
1436262600000 3.1601
1436262660000 3.1001
1436263140000 3.1299
1436263560000 3.11
1436263620000 3.081
1436263800000 3.071
1436264100000 3.08
1436264160000 3.1
1436264220000 3.1
1436264280000 3.1
1436264400000 3.1
1436264460000 3.1
1436264520000 3.09
1436264580000 3.1
1436264640000 3.09
1436264700000 3.062
1436264760000 3.06
1436264880000 3.05
1436264940000 3.05
1436265000000 3.0
1436265060000 3.01
1436265120000 2.992
1436265180000 2.9901
1436265240000 2.99
1436265360000 2.9301
1436265480000 2.93
1436265600000 2.94
1436265660000 2.93
1436265720000 2.93
1436265780000 2.92
1436265840000 2.8504
1436265900000 2.77
1436265960000 2.7101
1436266020000 2.63
1436266080000 2.6
1436266140000 2.61
1436266200000 2.5301
1436266260000 2.52
1436266320000 2.5199
1436266380000 2.59
1436266440000 2.59
1436266500000 2.59
1436266560000 2.68
1436266620000 2.67
1436266680000 2.6257
1436266740000 2.6092
1436266800000 2.6
1436266860000 2.58
1436266920000 2.554
1436266980000 2.55
1436267040000 2.54
1436267280000 2.54
1436267580000 2.59
1436267700000 2.6
1436268000000 2.68
1436268120000 2.62
1436268180000 2.58
1436268360000 2.59
1436268960000 2.6
1436269380000 2.57
1436269500000 2.55
1436269800000 2.58
1436269920000 2.62
1436269980000 2.65
1436270040000 2.66
1436270100000 2.68
1436270160000 2.66
1436270220000 2.62
1436270340000 2.6416
1436270400000 2.66
1436270460000 2.67
1436270520000 2.67
1436270580000 2.6602
1436270640000 2.6699
1436270700000 2.66
1436270820000 2.6501
1436270880000 2.655
1436270940000 2.65
1436271060000 2.65
1436271360000 2.65
1436271420000 2.66
1436271480000 2.66
1436271540000 2.66
1436271720000 2.67
1436271780000 2.669
1436272140000 2.665
1436272200000 2.66
1436272380000 2.6501
1436272440000 2.65
1436272500000 2.65
1436272560000 2.625
1436272680000 2.6173
1436272740000 2.61
1436272860000 2.6
1436272980000 2.605
1436273280000 2.66
1436273340000 2.639
1436273400000 2.65
1436273520000 2.6599
1436273700000 2.66
1436273940000 2.64
1436274120000 2.6404
1436274240000 2.6699
1436275020000 2.67
1436275200000 2.6699
1436275980000 2.67
1436276160000 2.64
1436276340000 2.65
1436276940000 2.63
1436277360000 2.6399
1436277480000 2.63
1436277660000 2.62
1436278260000 2.63
1436278320000 2.6299
1436278740000 2.6001
1436278860000 2.67
1436279580000 2.67
1436279760000 2.6699
1436279880000 2.6555
1436279940000 2.66
1436280180000 2.66
1436280780000 2.63
1436281140000 2.63
1436281200000 2.625
1436281320000 2.63
