1436261400000 20.08
1436261700000 20.1
1436261940000 20.396
1436262060000 20.1
1436262420000 20.04
1436262840000 20.06
1436263020000 20.08
1436263500000 20.1
1436263920000 20.195
1436264100000 20.14
1436264220000 20.13
1436264940000 20.12
1436265300000 20.1299
1436265480000 20.07
1436265660000 20.06
1436266440000 20.08
1436267100000 20.0756
1436268960000 20.08
1436269380000 20.12
1436270160000 20.13
1436270280000 20.2
1436270520000 20.17
1436271120000 20.15
1436271300000 20.13
1436272560000 20.14
1436272920000 20.13
1436273340000 20.23
1436274840000 20.207
1436276160000 20.14
1436276460000 20.13
1436276640000 20.16
1436278740000 20.16
1436279220000 20.17
1436279640000 20.24
1436280180000 20.24
1436280480000 20.31
1436280540000 20.32
1436280840000 20.32
1436281140000 20.35
1436281260000 20.325
