1436261400000 1.29
1436261520000 1.2749
1436261640000 1.2721
1436261700000 1.275
1436261760000 1.28
1436262000000 1.2799
1436262060000 1.2745
1436262360000 1.275
1436262420000 1.275
1436262480000 1.28
1436263080000 1.28
1436263260000 1.28
1436263380000 1.28
1436263440000 1.28
1436263500000 1.275
1436263560000 1.28
1436263620000 1.28
1436263740000 1.28
1436263800000 1.28
1436263860000 1.27
1436263920000 1.28
1436264160000 1.277
1436264280000 1.27
1436264340000 1.275
1436264460000 1.275
1436264520000 1.2714
1436264700000 1.275
1436264760000 1.2779
1436264820000 1.2799
1436264940000 1.27
1436265000000 1.2701
1436265060000 1.2733
1436265180000 1.271
1436265240000 1.275
1436265360000 1.275
1436265480000 1.275
1436265540000 1.2702
1436265600000 1.27
1436265660000 1.275
1436265780000 1.27
1436265840000 1.275
1436265960000 1.27
1436266140000 1.27
1436266260000 1.2732
1436266320000 1.27
1436266380000 1.2754
1436266560000 1.2754
1436266620000 1.27
1436266680000 1.27
1436266800000 1.265
1436266860000 1.27
1436267040000 1.26
1436267220000 1.2621
1436267580000 1.265
1436267760000 1.2621
1436268300000 1.27
1436268960000 1.27
1436269320000 1.262
1436269560000 1.27
1436269920000 1.27
1436270040000 1.26
1436270100000 1.2609
1436270160000 1.27
1436270220000 1.27
1436270280000 1.27
1436270520000 1.27
1436270880000 1.26
1436270940000 1.27
1436271000000 1.271
1436271180000 1.274
1436271420000 1.27
1436271780000 1.28
1436272020000 1.2712
1436272200000 1.27
1436272920000 1.27
1436273100000 1.275
1436273220000 1.28
1436273820000 1.275
1436274000000 1.2779
1436274120000 1.27
1436274180000 1.275
1436274900000 1.28
1436274960000 1.2721
1436275080000 1.27
1436275200000 1.27
1436275260000 1.275
1436275740000 1.2701
1436275980000 1.27
1436276040000 1.26
1436276100000 1.27
1436276160000 1.27
1436276220000 1.27
1436276520000 1.28
1436277180000 1.27
1436278020000 1.27
1436278140000 1.27
1436278380000 1.275
1436278500000 1.2725
1436278560000 1.273
1436278680000 1.276
1436278740000 1.275
1436278800000 1.275
1436278860000 1.2794
1436278920000 1.27
1436278980000 1.27
1436279100000 1.275
1436279520000 1.275
1436279580000 1.27
1436280000000 1.27
1436280060000 1.28
1436280420000 1.27
1436280720000 1.27
1436280840000 1.27
1436281020000 1.275
1436281080000 1.275
1436281320000 1.2749
1436281560000 1.275
