1436261400000 12.22
1436261760000 12.16
1436261820000 12.16
1436261940000 12.13
1436262060000 12.13
1436262180000 12.13
1436262780000 12.13
1436262840000 12.1
1436263200000 12.1
1436263500000 12.12
1436263560000 12.12
1436263680000 12.12
1436263800000 12.12
1436263860000 12.13
1436264040000 12.13
1436264340000 12.13
1436264640000 12.11
1436264760000 12.11
1436264820000 12.13
1436264940000 12.13
1436265060000 12.1
1436265120000 12.1
1436265240000 12.1
1436265300000 12.11
1436265420000 12.09
1436265540000 12.095
1436265600000 12.09
1436265660000 12.09
1436265720000 12.08
1436265900000 12.1
1436266020000 12.11
1436266080000 12.1
1436266200000 12.12
1436266320000 12.11
1436266440000 12.13
1436266500000 12.135
1436266560000 12.14
1436266620000 12.11
1436266920000 12.12
1436267100000 12.13
1436267220000 12.1137
1436267400000 12.13
1436267460000 12.13
1436267580000 12.16
1436267700000 12.16
1436267760000 12.14
1436268060000 12.18
1436268120000 12.19
1436268240000 12.19
1436268360000 12.19
1436268420000 12.18
1436268480000 12.18
1436268600000 12.18
1436268720000 12.15
1436268780000 12.15
1436268960000 12.105
1436269020000 12.13
1436269140000 12.105
1436269440000 12.12
1436269500000 12.091
1436269560000 12.165
1436269620000 12.1488
1436269680000 12.155
1436269860000 12.15
1436270040000 12.14
1436270340000 12.155
1436270460000 12.12
1436270580000 12.11
1436270700000 12.13
1436271060000 12.15
1436271180000 12.15
1436271840000 12.18
1436271900000 12.18
1436272140000 12.195
1436272200000 12.19
1436272320000 12.19
1436272560000 12.19
1436272620000 12.19
1436272980000 12.202
1436273220000 12.23
1436273400000 12.2391
1436273520000 12.225
1436273820000 12.24
1436274180000 12.26
1436274300000 12.27
1436274360000 12.255
1436274660000 12.26
1436274720000 12.25
1436274780000 12.24
1436275140000 12.24
1436275200000 12.24
1436275380000 12.25
1436275500000 12.27
1436275560000 12.26
1436275680000 12.25
1436275860000 12.25
1436275920000 12.23
1436276820000 12.24
1436277300000 12.25
1436278740000 12.25
1436279040000 12.21
1436279100000 12.166
1436279460000 12.16
1436279880000 12.18
1436280060000 12.19
1436280180000 12.24
1436280660000 12.24
1436280900000 12.24
1436281080000 12.25
1436281140000 12.25
1436281320000 12.26
