1436261400000 26.24
1436261460000 26.16
1436261580000 26.2668
1436261700000 26.36
1436261760000 26.36
1436261820000 26.37
1436261880000 26.3385
1436261940000 26.34
1436262120000 26.43
1436262180000 26.46
1436262240000 26.46
1436262300000 26.46
1436262360000 26.46
1436262420000 26.47
1436262480000 26.48
1436262540000 26.48
1436262600000 26.48
1436262660000 26.49
1436262720000 26.56
1436262780000 26.66
1436262840000 26.64
1436262900000 26.58
1436262960000 26.59
1436263140000 26.5
1436263260000 26.41
1436263560000 26.49
1436263620000 26.49
1436263680000 26.5
1436263740000 26.52
1436263800000 26.57
1436263860000 26.57
1436263920000 26.5335
1436263980000 26.54
1436264040000 26.5
1436264100000 26.5
1436264160000 26.52
1436264220000 26.5001
1436264280000 26.51
1436264340000 26.53
1436264400000 26.48
1436264460000 26.5
1436264820000 26.421
1436264880000 26.45
1436264940000 26.46
1436265000000 26.38
1436265060000 26.44
1436265120000 26.45
1436265180000 26.45
1436265240000 26.34
1436265300000 26.335
1436265360000 26.27
1436265420000 26.19
1436265720000 26.15
1436265900000 26.1001
1436265960000 26.1
1436266020000 26.075
1436266140000 26.08
1436266200000 26.065
1436266260000 26.095
1436266320000 26.05
1436266380000 26.11
1436266440000 26.07
1436266560000 26.0574
1436266620000 26.051
1436266680000 26.05
1436266740000 26.08
1436266800000 26.0799
1436266860000 26.0699
1436266920000 26.065
1436266980000 26.04
1436267040000 26.0001
1436267100000 26.0
1436267160000 25.98
1436267220000 25.91
1436267280000 25.99
1436267340000 26.0
1436267400000 26.0
1436267520000 26.0
1436267700000 26.132
1436267820000 26.14
1436267880000 26.1501
1436268060000 26.175
1436268120000 26.19
1436268180000 26.2895
1436268360000 26.244
1436268780000 26.29
1436268900000 26.29
1436268960000 26.2756
1436269020000 26.28
1436269080000 26.28
1436269140000 26.3
1436269260000 26.2901
1436269380000 26.4
1436269440000 26.415
1436269500000 26.49
1436269560000 26.52
1436269680000 26.5
1436269800000 26.49
1436269860000 26.515
1436269920000 26.487
1436269980000 26.482
1436270100000 26.49
1436270160000 26.52
1436270220000 26.57
1436270280000 26.56
1436270460000 26.534
1436270520000 26.64
1436270580000 26.6
1436270700000 26.6
1436270820000 26.5776
1436270880000 26.5999
1436271060000 26.5347
1436271360000 26.54
1436271420000 26.518
1436271540000 26.52
1436271600000 26.48
1436271660000 26.55
1436271840000 26.55
1436271960000 26.55
1436272140000 26.55
1436272200000 26.56
1436272260000 26.57
1436272320000 26.53
1436272560000 26.55
1436272680000 26.54
1436272740000 26.5
1436272860000 26.502
1436272920000 26.504
1436272980000 26.5
1436273040000 26.54
1436273100000 26.58
1436273160000 26.62
1436273220000 26.6449
1436273280000 26.62
1436273400000 26.6399
1436273460000 26.635
1436273580000 26.61
1436273700000 26.68
1436273820000 26.6907
1436273880000 26.6629
1436273940000 26.66
1436274060000 26.7
1436274120000 26.68
1436274360000 26.68
1436274480000 26.6899
1436274600000 26.65
1436274660000 26.64
1436274720000 26.69
1436274900000 26.67
1436274960000 26.64
1436275080000 26.624
1436275320000 26.58
1436275380000 26.58
1436275440000 26.55
1436275620000 26.574
1436275680000 26.615
1436275740000 26.59
1436275860000 26.58
1436275980000 26.57
1436276040000 26.6
1436276100000 26.58
1436276280000 26.6
1436276340000 26.61
1436276580000 26.6674
1436276640000 26.658
1436276760000 26.64
1436276880000 26.66
1436277120000 26.6
1436277180000 26.61
1436277240000 26.61
1436277300000 26.6299
1436277420000 26.61
1436277540000 26.61
1436277900000 26.6253
1436277960000 26.58
1436278140000 26.58
1436278260000 26.57
1436278320000 26.609
1436278440000 26.604
1436278620000 26.5976
1436278680000 26.56
1436278740000 26.57
1436278800000 26.55
1436278920000 26.58
1436278980000 26.54
1436279040000 26.514
1436279160000 26.55
1436279340000 26.55
1436279400000 26.66
1436279460000 26.67
1436279700000 26.645
1436279760000 26.64
1436279820000 26.65
1436279880000 26.625
1436280120000 26.68
1436280240000 26.73
1436280300000 26.721
1436280480000 26.75
1436280540000 26.71
1436280780000 26.71
1436280900000 26.71
1436281080000 26.71
1436281260000 26.77
1436281500000 26.7818
1436281560000 26.78
