1436261400000 12.91
1436262780000 13.02
1436262840000 12.72
1436264940000 12.76
1436265360000 12.78
1436265540000 12.7338
1436265660000 12.74
1436266020000 12.7
1436266080000 12.6
1436267340000 12.5
1436267820000 12.45
1436267940000 12.62
1436270940000 12.48
1436272380000 12.45
1436274000000 12.48
1436274600000 12.45
1436274660000 12.45
1436274720000 12.46
1436275020000 12.52
1436275380000 12.44
1436276340000 12.44
1436276460000 12.465
1436277000000 12.465
1436277360000 12.5
1436279340000 12.44
1436280300000 12.46
1436280360000 12.45
1436280420000 12.45
1436280840000 12.49
