1436261400000 2.7
1436261820000 2.51
1436261940000 2.51
1436262120000 2.65
1436262240000 2.65
1436262360000 2.64
1436262540000 2.64
1436262660000 2.64
1436263140000 2.63
1436263260000 2.63
1436263380000 2.63
1436263560000 2.63
1436263620000 2.63
1436263680000 2.61
1436263740000 2.62
1436263860000 2.6164
1436263920000 2.61
1436263980000 2.61
1436264520000 2.62
1436264700000 2.61
1436264880000 2.61
1436265060000 2.61
1436265180000 2.61
1436265240000 2.6
1436265420000 2.6
1436265600000 2.6
1436265720000 2.6
1436265780000 2.6
1436265960000 2.6
1436266020000 2.61
1436266140000 2.6
1436266320000 2.59
1436266500000 2.57
1436266680000 2.58
1436267040000 2.57
1436267220000 2.57
1436267280000 2.5799
1436267400000 2.57
1436267580000 2.57
1436267820000 2.55
1436268000000 2.55
1436268120000 2.5572
1436268480000 2.56
1436268900000 2.56
1436269260000 2.59
1436269440000 2.63
1436269800000 2.65
1436269860000 2.73
1436269980000 2.69
1436270100000 2.68
1436270220000 2.6501
1436270280000 2.67
1436270700000 2.66
1436270880000 2.65
1436270940000 2.66
1436271180000 2.65
1436271360000 2.66
1436271600000 2.66
1436271840000 2.65
1436272020000 2.65
1436272140000 2.66
1436272320000 2.68
1436272380000 2.68
1436272620000 2.68
1436272920000 2.68
1436273100000 2.68
1436273460000 2.67
1436273700000 2.67
1436273940000 2.68
1436274120000 2.7
1436274480000 2.68
1436274720000 2.68
1436274960000 2.68
1436275200000 2.68
1436275440000 2.68
1436275620000 2.67
1436275920000 2.66
1436275980000 2.67
1436276520000 2.6683
1436276760000 2.66
1436276880000 2.67
1436277300000 2.67
1436277540000 2.67
1436277780000 2.66
1436278020000 2.66
1436278200000 2.66
1436278500000 2.66
1436278620000 2.69
1436278740000 2.66
1436279040000 2.66
1436279340000 2.66
1436279520000 2.68
1436279880000 2.66
1436280180000 2.67
1436280300000 2.68
1436280360000 2.69
1436280660000 2.67
1436280840000 2.67
1436281020000 2.66
1436281140000 2.68
