1436261400000 62.38
1436261460000 62.22
1436261520000 62.23
1436261580000 62.34
1436261640000 62.26
1436261700000 62.195
1436261760000 62.185
1436261820000 62.22
1436261880000 62.2
1436261940000 62.33
1436262000000 62.29
1436262060000 62.265
1436262120000 62.2499
1436262180000 62.31
1436262240000 62.28
1436262300000 62.29
1436262360000 62.29
1436262420000 62.37
1436262480000 62.32
1436262540000 62.355
1436262600000 62.3251
1436262660000 62.3
1436262720000 62.29
1436262780000 62.35
1436262840000 62.335
1436262900000 62.3
1436262960000 62.26
1436263020000 62.32
1436263080000 62.305
1436263140000 62.29
1436263200000 62.23
1436263260000 62.2
1436263320000 62.19
1436263380000 62.205
1436263440000 62.2
1436263500000 62.19
1436263560000 62.22
1436263620000 62.21
1436263680000 62.16
1436263740000 62.155
1436263800000 62.2
1436263860000 62.24
1436263920000 62.245
1436263980000 62.235
1436264040000 62.25
1436264100000 62.14
1436264160000 62.08
1436264220000 62.11
1436264280000 62.07
1436264340000 62.07
1436264400000 62.05
1436264460000 62.0
1436264520000 62.04
1436264580000 62.085
1436264640000 62.1
1436264700000 62.06
1436264760000 62.05
1436264820000 62.05
1436264880000 61.965
1436264940000 61.98
1436265000000 62.02
1436265060000 61.95
1436265120000 61.94
1436265180000 61.96
1436265240000 61.85
1436265300000 61.865
1436265360000 61.79
1436265420000 61.805
1436265480000 61.76
1436265540000 61.77
1436265600000 61.735
1436265660000 61.73
1436265720000 61.68
1436265780000 61.71
1436265840000 61.695
1436265900000 61.6926
1436265960000 61.675
1436266020000 61.685
1436266080000 61.67
1436266140000 61.64
1436266200000 61.6051
1436266260000 61.6
1436266320000 61.6599
1436266380000 61.6567
1436266440000 61.74
1436266500000 61.79
1436266560000 61.77
1436266620000 61.79
1436266680000 61.805
1436266740000 61.805
1436266800000 61.79
1436266860000 61.715
1436266920000 61.72
1436266980000 61.7
1436267040000 61.67
1436267100000 61.65
1436267160000 61.58
1436267220000 61.61
1436267280000 61.625
1436267340000 61.65
1436267400000 61.63
1436267460000 61.61
1436267520000 61.66
1436267580000 61.71
1436267640000 61.709
1436267700000 61.69
1436267760000 61.72
1436267820000 61.735
1436267880000 61.68
1436267940000 61.67
1436268000000 61.7
1436268060000 61.65
1436268120000 61.5847
1436268180000 61.62
1436268240000 61.67
1436268300000 61.63
1436268360000 61.59
1436268420000 61.5562
1436268480000 61.57
1436268540000 61.49
1436268600000 61.45
1436268660000 61.45
1436268720000 61.4
1436268780000 61.4
1436268840000 61.38
1436268900000 61.365
1436268960000 61.34
1436269020000 61.42
1436269080000 61.47
1436269140000 61.51
1436269200000 61.55
1436269260000 61.61
1436269320000 61.6
1436269380000 61.595
1436269440000 61.575
1436269500000 61.6
1436269560000 61.58
1436269620000 61.57
1436269680000 61.62
1436269740000 61.58
1436269800000 61.59
1436269860000 61.59
1436269920000 61.575
1436269980000 61.56
1436270040000 61.53
1436270100000 61.53
1436270160000 61.61
1436270220000 61.76
1436270280000 61.7
1436270340000 61.72
1436270400000 61.67
1436270460000 61.63
1436270520000 61.62
1436270580000 61.63
1436270640000 61.65
1436270700000 61.65
1436270760000 61.6201
1436270820000 61.64
1436270880000 61.66
1436270940000 61.65
1436271000000 61.65
1436271060000 61.62
1436271120000 61.6
1436271180000 61.58
1436271240000 61.57
1436271300000 61.5549
1436271360000 61.5951
1436271420000 61.56
1436271480000 61.56
1436271540000 61.57
1436271600000 61.57
1436271660000 61.62
1436271720000 61.64
1436271780000 61.59
1436271840000 61.63
1436271900000 61.64
1436271960000 61.63
1436272020000 61.6499
1436272080000 61.68
1436272140000 61.66
1436272200000 61.62
1436272260000 61.6
1436272320000 61.64
1436272380000 61.66
1436272440000 61.69
1436272500000 61.72
1436272560000 61.71
1436272620000 61.72
1436272680000 61.7
1436272740000 61.75
1436272800000 61.72
1436272860000 61.74
1436272920000 61.74
1436272980000 61.75
1436273040000 61.71
1436273100000 61.76
1436273160000 61.8
1436273220000 61.79
1436273280000 61.78
1436273340000 61.79
1436273400000 61.77
1436273460000 61.75
1436273520000 61.78
1436273580000 61.76
1436273640000 61.7535
1436273700000 61.8399
1436273760000 61.81
1436273820000 61.85
1436273880000 61.86
1436273940000 61.86
1436274000000 61.89
1436274060000 61.88
1436274120000 61.89
1436274180000 61.85
1436274240000 61.87
1436274300000 61.89
1436274360000 61.88
1436274420000 61.89
1436274480000 61.91
1436274540000 61.96
1436274600000 61.96
1436274660000 61.98
1436274720000 61.99
1436274780000 62.04
1436274840000 62.06
1436274900000 62.1
1436274960000 62.03
1436275020000 61.98
1436275080000 61.94
1436275140000 61.94
1436275200000 61.98
1436275260000 61.95
1436275320000 61.88
1436275380000 61.87
1436275440000 61.8862
1436275500000 61.945
1436275560000 61.935
1436275620000 61.9545
1436275680000 61.975
1436275740000 62.01
1436275800000 62.02
1436275860000 62.02
1436275920000 61.94
1436275980000 61.95
1436276040000 61.93
1436276100000 61.95
1436276160000 61.96
1436276220000 61.96
1436276280000 62.0
1436276340000 62.01
1436276400000 62.05
1436276460000 62.0
1436276520000 62.03
1436276580000 62.05
1436276640000 62.07
1436276700000 62.12
1436276760000 62.11
1436276820000 62.1
1436276880000 62.1
1436276940000 62.14
1436277000000 62.15
1436277060000 62.09
1436277120000 62.105
1436277180000 62.0873
1436277240000 62.07
1436277300000 62.08
1436277360000 62.11
1436277420000 62.12
1436277480000 62.1
1436277540000 62.08
1436277600000 62.08
1436277660000 62.09
1436277720000 62.11
1436277780000 62.0899
1436277840000 62.13
1436277900000 62.15
1436277960000 62.13
1436278020000 62.12
1436278080000 62.09
1436278140000 62.1001
1436278200000 62.12
1436278260000 62.105
1436278320000 62.13
1436278380000 62.12
1436278440000 62.11
1436278500000 62.12
1436278560000 62.14
1436278620000 62.16
1436278680000 62.15
1436278740000 62.12
1436278800000 62.08
1436278860000 62.09
1436278920000 62.07
1436278980000 62.07
1436279040000 62.09
1436279100000 62.11
1436279160000 62.14
1436279220000 62.13
1436279280000 62.1
1436279340000 62.08
1436279400000 62.09
1436279460000 62.09
1436279520000 62.11
1436279580000 62.13
1436279640000 62.1551
1436279700000 62.14
1436279760000 62.1599
1436279820000 62.17
1436279880000 62.1468
1436279940000 62.25
1436280000000 62.245
1436280060000 62.31
1436280120000 62.39
1436280180000 62.385
1436280240000 62.47
1436280300000 62.5
1436280360000 62.48
1436280420000 62.485
1436280480000 62.47
1436280540000 62.44
1436280600000 62.43
1436280660000 62.435
1436280720000 62.44
1436280780000 62.4672
1436280840000 62.47
1436280900000 62.47
1436280960000 62.46
1436281020000 62.49
1436281080000 62.48
1436281140000 62.61
1436281200000 62.595
1436281260000 62.605
1436281320000 62.58
1436281380000 62.54
1436281440000 62.53
1436281500000 62.55
1436281560000 62.53
