1436261400000 28.95
1436261940000 28.93
1436262000000 28.93
1436262060000 28.875
1436262360000 28.75
1436262660000 28.65
1436262780000 28.79
1436262840000 28.65
1436262960000 28.75
1436263140000 28.6
1436263320000 28.5975
1436263380000 28.64
1436263500000 28.71
1436263620000 28.63
1436263740000 28.66
1436264100000 28.76
1436264340000 28.71
1436264580000 28.66
1436264640000 28.65
1436264700000 28.635
1436265000000 28.5
1436265120000 28.51
1436265180000 28.41
1436265240000 28.49
1436265360000 28.455
1436265420000 28.455
1436265600000 28.39
1436265840000 28.32
1436265960000 28.4
1436266020000 28.46
1436266080000 28.459
1436266380000 28.49
1436266440000 28.51
1436266500000 28.58
1436266560000 28.53
1436266800000 28.51
1436266920000 28.49
1436267460000 28.46
1436267580000 28.43
1436267880000 28.37
1436268540000 28.26
1436268780000 28.265
1436268840000 28.26
1436269020000 28.2001
1436269080000 28.21
1436269260000 28.22
1436269380000 28.26
1436269440000 28.26
1436269740000 28.29
1436269980000 28.22
1436270100000 28.21
1436270640000 28.18
1436270700000 28.26
1436270820000 28.279
1436270880000 28.22
1436271180000 28.25
1436271240000 28.18
1436271300000 28.18
1436271600000 28.18
1436271720000 28.15
1436271780000 28.08
1436272080000 28.08
1436272260000 28.14
1436272740000 28.15
1436272800000 28.2
1436272860000 28.2
1436273220000 28.26
1436273280000 28.3
1436273760000 28.34
1436273880000 28.34
1436274120000 28.5
1436274300000 28.38
1436274720000 28.44
1436274900000 28.42
1436275440000 28.49
1436275500000 28.455
1436276040000 28.62
1436276580000 28.62
1436276760000 28.63
1436277360000 28.51
1436277420000 28.465
1436277480000 28.45
1436277720000 28.44
1436278140000 28.47
1436278680000 28.4
1436278740000 28.3
1436278920000 28.27
1436278980000 28.19
1436279340000 28.18
1436279460000 28.21
1436279520000 28.21
1436279580000 28.2679
1436279880000 28.315
1436280000000 28.36
1436280060000 28.53
1436280180000 28.55
1436280480000 28.57
1436280900000 28.57
1436281020000 28.65
1436281080000 28.66
1436281200000 28.85
1436281260000 28.81
1436281320000 28.8
1436281380000 28.75
