1436261400000 5.0
1436261520000 4.96
1436261640000 4.93
1436261760000 4.9183
1436261820000 4.9392
1436261880000 4.92
1436262180000 4.9201
1436262300000 4.92
1436262360000 4.92
1436262480000 4.929
1436262780000 4.95
1436263020000 4.92
1436263200000 4.94
1436263500000 4.93
1436263560000 4.92
1436263620000 4.91
1436263680000 4.91
1436263740000 4.91
1436263800000 4.92
1436263860000 4.92
1436263980000 4.9101
1436264040000 4.91
1436264100000 4.913
1436264160000 4.9177
1436264400000 4.922
1436264580000 4.91
1436264760000 4.91
1436264820000 4.92
1436264880000 4.92
1436264940000 4.93
1436265240000 4.93
1436265300000 4.91
1436265420000 4.91
1436265480000 4.91
1436265660000 4.92
1436265780000 4.91
1436265900000 4.9
1436265960000 4.86
1436266020000 4.87
1436266140000 4.88
1436266260000 4.8842
1436266320000 4.89
1436266500000 4.9
1436266560000 4.9
1436266680000 4.89
1436266740000 4.88
1436266800000 4.88
1436266920000 4.88
1436266980000 4.84
1436267040000 4.84
1436267100000 4.8401
1436267160000 4.8401
1436267220000 4.8699
1436267400000 4.85
1436267460000 4.85
1436267580000 4.86
1436267640000 4.8921
1436267760000 4.89
1436267880000 4.89
1436268120000 4.88
1436268180000 4.8899
1436268300000 4.89
1436268420000 4.8841
1436268540000 4.89
1436268780000 4.88
1436268840000 4.88
1436268900000 4.88
1436268960000 4.88
1436269080000 4.88
1436269200000 4.88
1436269320000 4.88
1436269380000 4.8801
1436269500000 4.89
1436269680000 4.88
1436269740000 4.88
1436269800000 4.88
1436270040000 4.86
1436270100000 4.88
1436270160000 4.8645
1436270220000 4.85
1436270580000 4.87
1436270640000 4.88
1436270700000 4.88
1436270760000 4.87
1436270820000 4.88
1436270880000 4.8617
1436271060000 4.86
1436271120000 4.8699
1436271180000 4.86
1436271240000 4.86
1436271360000 4.86
1436271420000 4.86
1436271480000 4.86
1436271540000 4.87
1436271600000 4.88
1436272020000 4.87
1436272140000 4.8601
1436272260000 4.88
1436272500000 4.9
1436272560000 4.89
1436272620000 4.9
1436272740000 4.9
1436272860000 4.8992
1436273040000 4.9
1436273100000 4.89
1436273280000 4.9
1436273340000 4.9
1436273460000 4.91
1436273520000 4.91
1436273640000 4.91
1436273700000 4.91
1436273760000 4.91
1436273820000 4.91
1436273880000 4.91
1436273940000 4.93
1436274180000 4.93
1436274240000 4.91
1436274360000 4.93
1436274420000 4.93
1436274540000 4.939
1436274600000 4.92
1436274660000 4.92
1436274900000 4.92
1436274960000 4.92
1436275080000 4.94
1436275140000 4.93
1436275200000 4.92
1436275560000 4.94
1436275620000 4.94
1436275860000 4.93
1436276220000 4.94
1436276340000 4.94
1436276640000 4.9328
1436276700000 4.94
1436276880000 4.94
1436277000000 4.93
1436277120000 4.95
1436277180000 4.96
1436277900000 4.97
1436278080000 4.97
1436278440000 4.97
1436278800000 4.96
1436278860000 4.97
1436278920000 4.96
1436278980000 4.97
1436279100000 4.9566
1436279280000 4.9501
1436279340000 4.98
1436279400000 4.96
1436279640000 4.96
1436279760000 4.97
1436280000000 4.98
1436280060000 4.989
1436280120000 5.0
1436280180000 5.0
1436280660000 4.98
1436280780000 4.98
1436280900000 4.96
1436281320000 4.98
1436281440000 4.97
1436281560000 4.98
