1436261400000 1.2
1436261520000 1.1799
1436261820000 1.1799
1436261880000 1.1701
1436262060000 1.17
1436262120000 1.17
1436262240000 1.16
1436262300000 1.1699
1436262420000 1.17
1436262720000 1.15
1436263440000 1.17
1436263560000 1.1601
1436263620000 1.1699
1436263680000 1.17
1436263740000 1.1601
1436263860000 1.16
1436263920000 1.16
1436263980000 1.16
1436264040000 1.15
1436264100000 1.15
1436264160000 1.16
1436264220000 1.16
1436264280000 1.17
1436264340000 1.163
1436264640000 1.1701
1436264700000 1.18
1436264760000 1.19
1436264820000 1.2
1436264880000 1.21
1436264940000 1.21
1436265180000 1.2101
1436265480000 1.2254
1436265660000 1.2
1436265720000 1.1671
1436265780000 1.16
1436265840000 1.17
1436265900000 1.1699
1436266020000 1.17
1436266140000 1.1696
1436266860000 1.1699
1436266920000 1.17
1436266980000 1.17
1436267100000 1.19
1436267160000 1.18
1436267220000 1.18
1436267280000 1.1801
1436267580000 1.18
1436268000000 1.18
1436268300000 1.1815
1436268480000 1.18
1436268900000 1.18
1436269020000 1.18
1436269140000 1.1801
1436269260000 1.18
1436269320000 1.17
1436269560000 1.1621
1436270040000 1.16
1436270100000 1.1523
1436270580000 1.16
1436271600000 1.1501
1436272440000 1.15
1436272740000 1.153
1436272920000 1.155
1436273220000 1.15
1436273520000 1.1501
1436273640000 1.1579
1436273760000 1.15
1436274120000 1.12
1436274480000 1.115
1436274660000 1.11
1436275020000 1.1186
1436275500000 1.1179
1436275680000 1.1128
1436275920000 1.119
1436276160000 1.1349
1436276400000 1.1199
1436276520000 1.119
1436276580000 1.12
1436276880000 1.12
1436277360000 1.1249
1436278140000 1.13
1436278860000 1.13
1436279280000 1.12
1436280720000 1.121
1436280780000 1.1299
1436280900000 1.1299
1436281080000 1.12
1436281140000 1.11
