1436261400000 3.05
1436261460000 3.045
1436261520000 3.0
1436261640000 2.99
1436261700000 2.98
1436261940000 2.95
1436262000000 2.82
1436262180000 2.814
1436262240000 2.811
1436262300000 2.82
1436262420000 2.82
1436262480000 2.85
1436262540000 2.86
1436262600000 2.859
1436262660000 2.8532
1436262840000 2.85
1436262900000 2.85
1436262960000 2.859
1436263020000 2.859
1436263080000 2.85
1436263260000 2.91
1436263560000 2.88
1436263620000 2.88
1436263680000 2.89
1436263740000 2.89
1436263800000 2.9
1436263860000 2.9
1436263920000 2.91
1436263980000 2.9
1436264040000 2.9
1436264100000 2.9
1436264280000 2.86
1436264340000 2.861
1436264460000 2.8499
1436264520000 2.82
1436264640000 2.83
1436264700000 2.811
1436264760000 2.81
1436264880000 2.81
1436264940000 2.81
1436265120000 2.81
1436265240000 2.81
1436265300000 2.81
1436265540000 2.7812
1436265600000 2.7801
1436265660000 2.78
1436265720000 2.75
1436265780000 2.74
1436265840000 2.74
1436265900000 2.74
1436265960000 2.74
1436266020000 2.74
1436266320000 2.75
1436266440000 2.75
1436266500000 2.76
1436266560000 2.77
1436266620000 2.77
1436266680000 2.77
1436266740000 2.77
1436266800000 2.76
1436266860000 2.77
1436266920000 2.77
1436266980000 2.77
1436267040000 2.77
1436267100000 2.77
1436267160000 2.77
1436267220000 2.77
1436267280000 2.765
1436267340000 2.77
1436267400000 2.79
1436267460000 2.79
1436267580000 2.79
1436267640000 2.8001
1436267760000 2.8
1436267820000 2.8
1436267880000 2.79
1436268180000 2.7666
1436268300000 2.765
1436268420000 2.76
1436268480000 2.76
1436268540000 2.76
1436268600000 2.76
1436268660000 2.76
1436268720000 2.76
1436268780000 2.76
1436268840000 2.76
1436268900000 2.76
1436268960000 2.76
1436269020000 2.76
1436269080000 2.76
1436269140000 2.78
1436269200000 2.78
1436269260000 2.77
1436269320000 2.77
1436269380000 2.78
1436269440000 2.78
1436269500000 2.76
1436269560000 2.769
1436269620000 2.75
1436269740000 2.72
1436269800000 2.72
1436269860000 2.72
1436269980000 2.72
1436270040000 2.72
1436270220000 2.7299
1436270340000 2.72
1436270400000 2.67
1436270580000 2.675
1436270640000 2.65
1436270700000 2.6601
1436270760000 2.67
1436271240000 2.6301
1436271300000 2.6201
1436271420000 2.5701
1436271660000 2.5801
1436271840000 2.61
1436271900000 2.6
1436271960000 2.6185
1436272020000 2.6004
1436272080000 2.6
1436272440000 2.6
1436272560000 2.62
1436272620000 2.62
1436272680000 2.65
1436272740000 2.6436
1436272800000 2.65
1436272860000 2.65
1436272920000 2.65
1436272980000 2.65
1436273040000 2.65
1436273100000 2.65
1436273160000 2.65
1436273220000 2.65
1436273280000 2.65
1436273340000 2.65
1436273400000 2.65
1436273460000 2.65
1436273520000 2.65
1436273580000 2.65
1436273640000 2.6401
1436273760000 2.65
1436273820000 2.64
1436274000000 2.61
1436274060000 2.6
1436274120000 2.58
1436274300000 2.515
1436274540000 2.5691
1436274600000 2.56
1436274660000 2.53
1436274720000 2.51
1436274840000 2.55
1436275020000 2.535
1436275080000 2.55
1436275140000 2.55
1436275200000 2.55
1436275260000 2.55
1436275320000 2.55
1436275380000 2.59
1436275440000 2.59
1436275500000 2.6
1436275560000 2.6
1436275620000 2.59
1436275680000 2.59
1436275740000 2.5856
1436275800000 2.6
1436275860000 2.6
1436275920000 2.6
1436275980000 2.6
1436276040000 2.6
1436276100000 2.6
1436276160000 2.6
1436276220000 2.6
1436276280000 2.59
1436276340000 2.59
1436276400000 2.58
1436276460000 2.58
1436276520000 2.58
1436276580000 2.58
1436276640000 2.58
1436276700000 2.57
1436276820000 2.5401
1436277360000 2.55
1436277420000 2.55
1436277480000 2.57
1436277540000 2.57
1436277600000 2.58
1436277660000 2.59
1436277720000 2.59
1436277780000 2.6
1436277840000 2.6
1436277900000 2.63
1436277960000 2.63
1436278020000 2.63
1436278080000 2.64
1436278140000 2.64
1436278200000 2.64
1436278260000 2.64
1436278320000 2.65
1436278380000 2.65
1436278440000 2.7
1436278500000 2.7
1436278560000 2.7198
1436278620000 2.7
1436278680000 2.72
1436278800000 2.7201
1436278980000 2.7001
1436279220000 2.6899
1436279280000 2.67
1436279340000 2.6699
1436279400000 2.63
1436279460000 2.64
1436279520000 2.6599
1436279580000 2.6541
1436279640000 2.6501
1436279700000 2.6501
1436279880000 2.6462
1436280000000 2.66
1436280060000 2.66
1436280120000 2.65
1436280180000 2.65
1436280240000 2.66
1436280300000 2.65
1436280360000 2.66
1436280420000 2.66
1436280480000 2.63
1436280540000 2.5928
1436280600000 2.59
1436280660000 2.57
1436280960000 2.5775
1436281020000 2.579
1436281140000 2.58
1436281200000 2.6
1436281260000 2.61
1436281320000 2.63
1436281380000 2.63
1436281440000 2.62
1436281500000 2.57
1436281560000 2.58
