1436261400000 59.39
1436261880000 59.31
1436262000000 59.31
1436262180000 59.31
1436262360000 59.178
1436262480000 59.3
1436262600000 59.205
1436262720000 59.22
1436263200000 58.958
1436263320000 59.035
1436263380000 59.03
1436263440000 58.968
1436263500000 58.94
1436263560000 58.96
1436263620000 59.01
1436263680000 59.015
1436263800000 58.94
1436263860000 59.09
1436263920000 59.1
1436263980000 59.04
1436264160000 59.04
1436264220000 59.14
1436264340000 59.13
1436264400000 59.105
1436264520000 59.11
1436264820000 59.05
1436264940000 58.98
1436265000000 58.8
1436265240000 58.88
1436265420000 58.98
1436265480000 59.02
1436265660000 58.9
1436265720000 58.84
1436265780000 58.87
1436265840000 58.825
1436265900000 58.73
1436265960000 58.7
1436266080000 58.76
1436266140000 58.77
1436266200000 58.775
1436266260000 58.75
1436266320000 58.765
1436266440000 58.87
1436266560000 58.8415
1436266740000 58.92
1436266800000 58.84
1436267100000 58.815
1436267580000 58.85
1436267880000 58.86
1436268000000 58.85
1436268060000 58.85
1436268540000 58.73
1436268600000 58.76
1436268660000 58.8
1436268720000 58.783
1436268780000 58.79
1436268840000 58.64
1436268960000 58.78
1436269020000 58.8
1436269140000 58.88
1436269260000 59.02
1436269440000 59.09
1436269560000 59.18
1436270220000 59.2
1436271360000 59.15
1436271660000 59.22
1436271720000 59.32
1436272620000 59.19
1436272800000 59.13
1436273700000 59.26
1436273880000 59.21
1436274240000 59.48
1436274600000 59.23
1436274660000 59.3
1436274900000 59.19
1436275200000 59.23
1436275620000 59.19
1436275680000 59.26
1436275740000 59.3
1436276580000 59.35
1436276640000 59.32
1436277060000 59.3
1436277720000 59.22
1436277780000 59.175
1436277960000 59.17
1436278320000 59.19
1436278560000 59.08
1436278620000 59.055
1436278740000 59.11
1436279280000 59.02
1436279340000 59.01
1436279520000 59.02
1436279700000 59.1
1436280120000 59.16
1436280180000 59.3
1436280420000 59.46
1436280900000 59.3
1436281080000 59.34
1436281200000 59.46
1436281380000 59.35
1436281500000 59.36
1436281560000 59.34
