1404705600000 92.74
1404792000000 89.43
1404878400000 88.6
1404964800000 89.69
1405051200000 89.89
1405310400000 91.42
1405396800000 90.8
1405483200000 92.96
1405569600000 91.85
1405656000000 93.12
1405915200000 91.73
1406001600000 91.54
1406088000000 90.98
1406174400000 92.13
1406260800000 91.1
1406520000000 90.78
1406606400000 92.28
1406692800000 96.7
1406779200000 92.96
1406865600000 91.04
1407124800000 92.66
1407211200000 94.82
1407297600000 93.65
1407384000000 93.87
1407470400000 94.31
1407729600000 97.08
1407816000000 95.87
1407902400000 96.89
1407988800000 98.43
1408075200000 98.51
1408334400000 99.99
1408420800000 100.62
1408507200000 100.49
1408593600000 100.29
1408680000000 100.46
1408939200000 99.86
1409025600000 100.61
1409112000000 99.93
1409198400000 99.15
1409284800000 100.38
1409630400000 100.95
1409716800000 109.6
1409803200000 106.18
1409889600000 108.76
1410148800000 109.76
1410235200000 109.46
1410321600000 109.74
1410408000000 110.8
1410494400000 110.06
1410753600000 107.32
1410840000000 108.16
1410926400000 107.47
1411012800000 107.8
1411099200000 126.82
1411358400000 127.03
1411444800000 126.89
1411531200000 126.95
1411617600000 126.62
1411704000000 126.78
1411963200000 126.57
1412049600000 126.82
1412136000000 126.48
1412222400000 126.42
1412308800000 127.09
1412568000000 127.8
1412654400000 127.97
1412740800000 127.94
1412827200000 127.71
1412913600000 127.65
1413172800000 127.89
1413259200000 127.69
1413345600000 127.19
1413432000000 127.77
1413518400000 127.53
1413777600000 127.84
1413864000000 127.86
1413950400000 127.81
1414036800000 128.04
1414123200000 128.22
1414382400000 128.24
1414468800000 128.21
1414555200000 128.22
1414641600000 128.42
1414728000000 128.32
1414990800000 128.0
1415077200000 127.99
1415163600000 127.94
1415250000000 128.05
1415336400000 128.21
1415595600000 128.27
1415682000000 128.45
1415768400000 128.3
1415854800000 128.32
1415941200000 128.28
1416200400000 128.25
1416286800000 128.27
1416373200000 128.35
1416459600000 128.52
1416546000000 128.49
1416805200000 128.68
1416891600000 128.87
1416978000000 128.77
1417150800000 128.81
1417410000000 128.64
1417496400000 128.77
1417582800000 128.8
1417669200000 128.78
