1436261400000 1.13
1436261700000 1.12
1436261760000 1.12
1436261940000 1.12
1436262060000 1.12
1436262120000 1.12
1436262900000 1.11
1436263020000 1.12
1436263200000 1.1
1436263260000 1.1
1436263380000 1.0901
1436263560000 1.0896
1436264220000 1.0802
1436264280000 1.0802
1436264340000 1.0801
1436264400000 1.08
1436264520000 1.08
1436264580000 1.08
1436264640000 1.07
1436264700000 1.08
1436264760000 1.06
1436264880000 1.065
1436265120000 1.06
1436265180000 1.05
1436265300000 1.06
1436265420000 1.07
1436265480000 1.06
1436265720000 1.07
1436265840000 1.066
1436266140000 1.06
1436266320000 1.05
1436266440000 1.05
1436266500000 1.05
1436266620000 1.059
1436266800000 1.051
1436266860000 1.05
1436266980000 1.04
1436267100000 1.04
1436267160000 1.04
1436267460000 1.0401
1436267520000 1.0401
1436267580000 1.0401
1436267640000 1.0499
1436267700000 1.04
1436267820000 1.03
1436267880000 1.03
1436268000000 1.03
1436268060000 1.03
1436268120000 1.03
1436268180000 1.01
1436268420000 1.02
1436268480000 1.04
1436268540000 1.0101
1436268600000 1.01
1436268660000 1.01
1436268720000 1.0001
1436268780000 1.01
1436268840000 1.01
1436268900000 1.011
1436268960000 1.01
1436269020000 1.01
1436269080000 1.01
1436269140000 1.0
1436269200000 0.9699
1436269260000 0.9677
1436269320000 0.98
1436269380000 0.99
1436269500000 0.9899
1436269620000 0.9895
1436269680000 0.9898
1436269740000 0.9898
1436269800000 0.99
1436269920000 1.0028
1436270100000 0.9901
1436270160000 1.0182
1436270220000 0.9999
1436270280000 0.9991
1436270340000 0.9999
1436270400000 0.9931
1436270460000 0.9983
1436270520000 1.0
1436270580000 1.0
1436270640000 0.9901
1436270700000 0.9999
1436270760000 1.0
1436270820000 1.02
1436270880000 1.02
1436271720000 1.02
1436272740000 0.9901
1436272800000 0.9947
1436273220000 1.0
1436273400000 1.01
1436273820000 1.01
1436274180000 1.01
1436274420000 1.0001
1436275020000 1.0089
1436275080000 1.0022
1436275260000 1.01
1436275620000 0.9902
1436276340000 1.01
1436276460000 1.01
1436276820000 1.0011
1436277360000 1.0
1436278800000 1.0099
1436279100000 1.01
1436279520000 1.01
1436279880000 1.0099
1436280120000 1.01
1436280360000 1.0299
1436281380000 1.0148
