1436261400000 6.83
1436261760000 6.84
1436261820000 6.83
1436262000000 6.7101
1436262300000 6.7
1436262600000 6.8
1436262960000 6.65
1436263260000 6.7066
1436264160000 6.7399
1436264640000 6.74
1436266440000 6.7843
1436267340000 6.8
1436267820000 6.75
1436268060000 6.742
1436269620000 6.81
1436270580000 6.81
1436271660000 6.83
1436271720000 6.83
1436273400000 6.91
1436273820000 6.92
1436274120000 7.0
1436274780000 7.0
1436275200000 6.973
1436275560000 6.92
1436275620000 6.91
1436275980000 6.9
1436276640000 6.9
1436277960000 6.8201
1436278740000 6.8092
1436278800000 6.78
1436279280000 6.75
1436280000000 6.78
1436280600000 6.75
1436281080000 6.777
1436281500000 6.78
