1404705600000 25.0
1404792000000 24.47
1404878400000 24.49
1404964800000 24.28
1405051200000 24.31
1405310400000 24.53
1405396800000 24.49
1405483200000 24.09
1405569600000 24.01
1405656000000 24.1
1405915200000 24.16
1406001600000 24.51
1406088000000 24.04
1406174400000 23.88
1406260800000 23.63
1406520000000 23.57
1406606400000 23.71
1406692800000 24.02
1406779200000 23.37
1406865600000 24.27
1407124800000 25.41
1407211200000 25.09
1407297600000 24.39
1407384000000 25.49
1407470400000 24.87
1407729600000 25.16
1407816000000 25.24
1407902400000 25.515
1407988800000 26.45
1408075200000 26.255
1408334400000 26.75
1408420800000 26.97
1408507200000 26.74
1408593600000 26.84
1408680000000 26.86
1408939200000 27.04
1409025600000 27.215
1409112000000 27.22
1409198400000 27.16
1409284800000 27.54
1409630400000 27.305
1409716800000 26.99
1409803200000 27.13
1409889600000 27.23
1410148800000 27.095
1410235200000 26.67
1410321600000 26.67
1410408000000 26.71
1410494400000 34.8
1410753600000 34.64
1410840000000 34.57
1410926400000 34.26
1411012800000 34.4
1411099200000 34.27
1411358400000 34.21
1411444800000 34.39
1411531200000 34.25
1411617600000 34.12
1411704000000 34.34
1411963200000 34.44
1412049600000 34.25
1412136000000 34.08
1412222400000 34.12
1412308800000 34.39
1412568000000 34.12
1412654400000 33.97
1412740800000 34.09
1412827200000 33.81
1412913600000 33.78
1413172800000 33.68
1413259200000 33.96
1413345600000 33.54
1413432000000 34.105
1413518400000 34.2
1413777600000 34.45
1413864000000 34.75
1413950400000 34.64
1414036800000 34.78
1414123200000 34.805
1414382400000 34.82
1414468800000 35.33
1414555200000 35.12
1414641600000 35.17
1414728000000 35.25
1414990800000 35.11
1415077200000 35.16
1415163600000 35.18
1415250000000 35.17
1415336400000 35.1
1415595600000 35.03
1415682000000 35.05
1415768400000 35.0
1415854800000 34.95
1415941200000 35.08
1416200400000 34.95
1416286800000 34.9
1416373200000 34.885
1416459600000 35.06
1416546000000 35.07
1416805200000 35.14
1416891600000 35.02
1416978000000 34.93
1417150800000 35.02
1417410000000 34.8
1417496400000 34.875
1417582800000 34.86
1417669200000 34.51
1417755600000 34.65
1418014800000 34.68
1418101200000 34.44
