1436261400000 13.0
1436261460000 12.88
1436261700000 12.92
1436261880000 12.92
1436262000000 12.91
1436262540000 12.98
1436262720000 13.01
1436263080000 12.96
1436263200000 13.0
1436263320000 13.03
1436263500000 12.97
1436263680000 12.92
1436264040000 12.93
1436265000000 12.91
1436265060000 12.9
1436265120000 12.9
1436265300000 12.9
1436265360000 12.9
1436265420000 12.92
1436265660000 12.9
1436265720000 12.92
1436266140000 12.92
1436266200000 12.9
1436266260000 12.87
1436266380000 12.85
1436266920000 12.86
1436266980000 12.89
1436267040000 12.89
1436267100000 12.9
1436267160000 12.9
1436267220000 12.9
1436267280000 12.9
1436267340000 12.9
1436267460000 12.9
1436267520000 12.9
1436267640000 12.9
1436267700000 12.9
1436267760000 12.9
1436267820000 12.9
1436267880000 12.9
1436268000000 12.9
1436268060000 12.9
1436268120000 12.9
1436268300000 12.85
1436268420000 12.87
1436268540000 12.86
1436268720000 12.87
1436268780000 12.87
1436268840000 12.83
1436268900000 12.89
1436268960000 12.9
1436269020000 12.9
1436269080000 12.9
1436269200000 12.9
1436269260000 12.9
1436269320000 12.88
1436269380000 12.9
1436269440000 12.91
1436269500000 12.91
1436269560000 12.91
1436269680000 12.9
1436269740000 12.91
1436269800000 12.91
1436269860000 12.91
1436269920000 12.91
1436269980000 12.92
1436270040000 12.91
1436270100000 12.91
1436270160000 12.91
1436270220000 12.915
1436270280000 12.9
1436270400000 12.9
1436270640000 12.86
1436270820000 12.86
1436271060000 12.88
1436271120000 12.81
1436271240000 12.81
1436271360000 12.81
1436271540000 12.81
1436271600000 12.82
1436272020000 12.81
1436272080000 12.835
1436272260000 12.84
1436272500000 12.83
1436272620000 12.82
1436272800000 12.81
1436272980000 12.83
1436273220000 12.85
1436273340000 12.8401
1436273640000 12.86
1436273880000 12.9
1436274000000 12.9
1436274060000 12.89
1436274240000 12.9
1436274660000 12.9
1436274720000 12.9
1436274780000 12.9
1436274840000 12.9
1436275260000 12.9
1436275320000 12.88
1436275800000 12.88
1436275920000 12.9
1436275980000 12.9
1436276040000 12.88
1436276460000 12.875
1436276640000 12.89
1436276700000 12.89
1436277480000 12.9199
1436277660000 12.87
1436277780000 12.88
1436277900000 12.87
1436278320000 12.865
1436278560000 12.84
1436278680000 12.88
1436278740000 12.88
1436279280000 12.84
1436280180000 12.87
1436280300000 12.92
1436280360000 12.94
1436280420000 12.94
1436280480000 12.96
1436280540000 12.99
1436280660000 12.99
1436280720000 12.99
1436280780000 13.0
1436280840000 13.01
1436280900000 13.01
1436280960000 13.01
1436281080000 13.09
1436281140000 13.06
1436281200000 13.06
1436281260000 13.08
1436281440000 13.05
1436281560000 13.05
