1436261400000 153.74
1436261460000 155.45
1436261880000 154.9799
1436262420000 154.3
1436262840000 153.534
1436262900000 154.0
1436263020000 152.98
1436263140000 152.83
1436263800000 153.01
1436264700000 153.4037
1436264880000 153.49
1436265000000 153.47
1436265060000 153.18
1436265180000 152.5813
1436265240000 152.58
1436265540000 152.28
1436265780000 152.4301
1436265900000 152.3
1436265960000 152.39
1436266020000 152.42
1436266080000 152.71
1436267040000 152.62
1436267340000 153.4199
1436267640000 152.4764
1436267820000 153.316
1436268420000 152.34
1436268540000 152.01
1436268600000 150.91
1436268840000 150.89
1436269380000 150.95
1436269500000 150.959
1436269620000 151.04
1436269680000 151.253
1436269740000 150.9997
1436270040000 151.41
1436270220000 151.3601
1436270520000 152.1348
1436272380000 152.2
1436272860000 152.19
1436272920000 152.15
1436273040000 151.76
1436273160000 152.06
1436273880000 152.14
1436275080000 151.82
1436275140000 151.72
1436275200000 151.5
1436275560000 151.03
1436278140000 150.98
1436278200000 150.66
1436278260000 150.6
1436278560000 150.92
1436278740000 150.64
1436278800000 150.6
1436278860000 150.935
1436279100000 150.89
1436279400000 150.6001
1436279580000 150.94
1436279880000 150.97
1436280060000 150.98
1436280360000 150.9301
1436280420000 151.78
1436280720000 151.52
1436281380000 151.93
1436281440000 151.94
1436281560000 152.26
