1436261400000 60.33
1436261520000 60.0801
1436262300000 60.13
1436262480000 60.08
1436262540000 60.0
1436262600000 60.1288
1436262660000 60.07
1436262780000 60.155
1436262900000 60.25
1436263020000 60.225
1436263080000 60.15
1436263140000 60.2
1436263200000 60.18
1436263260000 60.14
1436263320000 60.18
1436263500000 60.21
1436263560000 60.16
1436263620000 60.16
1436263800000 60.13
1436263980000 60.23
1436264040000 60.265
1436264160000 60.17
1436264220000 60.195
1436264280000 60.2
1436264340000 60.22
1436264460000 60.24
1436264520000 60.24
1436264580000 60.2
1436264640000 60.105
1436264700000 60.13
1436264760000 60.02
1436264820000 59.95
1436264880000 60.01
1436265000000 59.96
1436265180000 59.98
1436265240000 59.95
1436265300000 59.942
1436265360000 59.9412
1436265600000 59.92
1436265660000 59.925
1436265720000 59.88
1436265840000 59.755
1436265960000 59.83
1436266140000 59.89
1436266380000 59.86
1436266440000 59.95
1436266500000 59.935
1436266740000 59.875
1436266800000 59.82
1436266860000 59.784
1436266980000 59.78
1436267100000 59.74
1436267160000 59.738
1436267220000 59.68
1436267280000 59.6401
1436267340000 59.76
1436267640000 59.78
1436267700000 59.73
1436267760000 59.75
1436267820000 59.8
1436267880000 59.65
1436268060000 59.51
1436268120000 59.4
1436268300000 59.37
1436268540000 59.37
1436268660000 59.23
1436268840000 59.245
1436268900000 59.23
1436268960000 59.23
1436269020000 59.23
1436269320000 59.41
1436269440000 59.74
1436269740000 59.705
1436269800000 59.765
1436270100000 59.75
1436270160000 59.83
1436270220000 60.0
1436270400000 59.83
1436270460000 59.765
1436270520000 59.795
1436270580000 59.78
1436270640000 59.81
1436270700000 59.78
1436270820000 59.79
1436270940000 59.785
1436271000000 59.785
1436271060000 59.815
1436271180000 59.79
1436271240000 59.78
1436271420000 59.7941
1436271480000 59.78
1436271660000 59.81
1436271840000 59.76
1436271960000 59.84
1436272080000 59.88
1436272380000 59.89
1436272500000 59.93
1436272860000 59.99
1436272920000 60.0
1436272980000 60.0
1436273100000 60.0
1436273160000 60.09
1436273220000 60.1025
1436273340000 60.04
1436273460000 60.13
1436273580000 60.08
1436273640000 60.08
1436273700000 60.18
1436273760000 60.18
1436273820000 60.27
1436273940000 60.26
1436274060000 60.26
1436274240000 60.31
1436274360000 60.2
1436274420000 60.17
1436274540000 60.12
1436274600000 60.15
1436274660000 60.23
1436274780000 60.4
1436274840000 60.49
1436274960000 60.4
1436275140000 60.35
1436275440000 60.42
1436275860000 60.49
1436276040000 60.5
1436276100000 60.42
1436276220000 60.43
1436276340000 60.48
1436276580000 60.435
1436276820000 60.4
1436276880000 60.4
1436276940000 60.37
1436277000000 60.43
1436277360000 60.395
1436277480000 60.36
1436277600000 60.33
1436277720000 60.33
1436277780000 60.31
1436277960000 60.33
1436278020000 60.35
1436278140000 60.3
1436278200000 60.3
1436278260000 60.26
1436278440000 60.24
1436278560000 60.21
1436278680000 60.16
1436278740000 60.06
1436278800000 60.07
1436278920000 60.0
1436279100000 60.0
1436279340000 60.08
1436279400000 60.16
1436279520000 60.19
1436279580000 60.2
1436279700000 60.205
1436279760000 60.28
1436279880000 60.27
1436280000000 60.3
1436280120000 60.35
1436280180000 60.38
1436280420000 60.44
1436280480000 60.51
1436280840000 60.485
1436280900000 60.48
1436281020000 60.54
1436281080000 60.63
1436281140000 60.79
1436281200000 60.86
1436281440000 60.82
