1436261400000 30.05
1436261520000 30.01
1436261580000 30.05
1436261700000 30.04
1436261760000 29.98
1436261820000 30.0
1436262060000 30.01
1436262120000 30.03
1436262180000 30.03
1436262240000 30.04
1436262300000 30.08
1436262360000 30.06
1436262420000 30.17
1436262540000 30.16
1436262600000 30.12
1436262660000 30.1
1436262720000 30.14
1436262780000 30.15
1436262840000 30.19
1436262900000 30.19
1436262960000 30.18
1436263020000 30.19
1436263080000 30.13
1436263140000 30.16
1436263200000 30.14
1436263260000 30.15
1436263320000 30.15
1436263380000 30.171
1436263500000 30.18
1436263560000 30.1496
1436263620000 30.14
1436263740000 30.1
1436263800000 30.1
1436263860000 30.09
1436263920000 30.1
1436263980000 30.09
1436264040000 30.09
1436264100000 30.09
1436264160000 30.05
1436264220000 30.07
1436264280000 30.06
1436264340000 30.07
1436264400000 30.08
1436264460000 30.04
1436264520000 30.09
1436264580000 30.05
1436264640000 30.05
1436264700000 30.04
1436264760000 30.02
1436264820000 30.04
1436264880000 30.045
1436264940000 30.05
1436265000000 30.04
1436265060000 30.03
1436265120000 30.05
1436265180000 30.03
1436265240000 30.03
1436265300000 30.05
1436265360000 30.04
1436265420000 30.01
1436265480000 30.015
1436265540000 30.02
1436265600000 30.01
1436265660000 29.98
1436265720000 29.9501
1436265780000 29.98
1436265840000 29.99
1436265900000 29.99
1436265960000 29.99
1436266020000 29.98
1436266080000 29.99
1436266140000 29.95
1436266200000 29.95
1436266260000 29.91
1436266320000 29.96
1436266380000 29.97
1436266440000 29.96
1436266500000 29.96
1436266560000 29.96
1436266620000 29.96
1436266680000 29.99
1436266740000 29.97
1436266800000 29.95
1436266860000 29.94
1436266920000 29.94
1436266980000 29.93
1436267040000 29.92
1436267100000 29.94
1436267160000 29.9
1436267220000 29.91
1436267280000 29.91
1436267340000 29.91
1436267460000 29.91
1436267520000 29.92
1436267580000 29.93
1436267640000 29.91
1436267700000 29.92
1436267760000 29.9191
1436267820000 29.95
1436267940000 29.96
1436268000000 29.96
1436268060000 29.949
1436268180000 29.95
1436268240000 30.0
1436268300000 30.01
1436268360000 30.01
1436268420000 29.99
1436268480000 29.99
1436268540000 29.98
1436268600000 29.98
1436268660000 29.99
1436268720000 29.97
1436268780000 29.93
1436268840000 29.91
1436268900000 29.8603
1436268960000 29.88
1436269020000 29.91
1436269140000 29.93
1436269200000 29.95
1436269260000 29.95
1436269320000 29.945
1436269380000 29.9649
1436269440000 29.98
1436269560000 29.98
1436269680000 29.99
1436269740000 29.95
1436269800000 29.94
1436269860000 29.92
1436269980000 29.92
1436270040000 29.93
1436270100000 29.96
1436270160000 29.99
1436270220000 30.02
1436270280000 30.0
1436270340000 29.98
1436270400000 29.99
1436270520000 29.98
1436270640000 30.0
1436270700000 30.0
1436270760000 29.98
1436270820000 29.978
1436271000000 29.96
1436271060000 29.93
1436271120000 29.91
1436271180000 29.91
1436271360000 29.91
1436271540000 29.925
1436271600000 29.9245
1436271660000 29.93
1436271720000 29.92
1436271780000 29.91
1436271840000 29.91
1436271900000 29.9
1436271960000 29.91
1436272020000 29.93
1436272080000 29.91
1436272140000 29.9
1436272200000 29.89
1436272260000 29.91
1436272320000 29.91
1436272380000 29.9
1436272440000 29.9
1436272500000 29.89
1436272560000 29.89
1436272680000 29.92
1436272740000 29.93
1436272800000 29.92
1436272920000 29.95
1436272980000 29.97
1436273100000 29.98
1436273160000 30.0
1436273220000 29.99
1436273280000 30.02
1436273640000 30.05
1436273700000 30.05
1436273760000 30.03
1436273820000 30.03
1436273880000 30.05
1436273940000 30.04
1436274000000 30.04
1436274120000 30.03
1436274180000 30.01
1436274240000 30.005
1436274300000 30.0
1436274360000 29.99
1436274480000 30.0
1436274600000 30.01
1436274660000 30.02
1436274720000 30.03
1436274840000 30.04
1436274900000 30.03
1436274960000 30.02
1436275020000 30.01
1436275140000 30.01
1436275200000 30.01
1436275440000 30.03
1436275500000 30.03
1436275620000 30.02
1436275680000 30.025
1436275740000 30.03
1436275800000 30.04
1436275860000 30.05
1436275920000 30.03
1436276040000 30.04
1436276100000 30.03
1436276160000 30.02
1436276280000 30.04
1436276340000 30.03
1436276400000 30.035
1436276460000 30.04
1436276520000 30.04
1436276580000 30.0375
1436276640000 30.04
1436276700000 30.035
1436276760000 30.035
1436276820000 30.04
1436276880000 30.04
1436276940000 30.0301
1436277000000 30.03
1436277060000 30.025
1436277120000 30.005
1436277180000 30.0
1436277240000 29.99
1436277360000 29.98
1436277480000 29.99
1436277540000 29.9899
1436277600000 29.99
1436277660000 30.0
1436277780000 30.02
1436277900000 30.01
1436277960000 30.01
1436278020000 30.0
1436278080000 30.0
1436278140000 30.01
1436278200000 30.01
1436278260000 30.02
1436278320000 30.015
1436278380000 30.02
1436278440000 30.02
1436278500000 30.02
1436278560000 29.99
1436278620000 30.0
1436278680000 30.01
1436278740000 29.97
1436278800000 29.98
1436278860000 29.99
1436278920000 29.97
1436278980000 29.96
1436279040000 29.99
1436279220000 30.0
1436279280000 30.0
1436279340000 30.0
1436279460000 29.99
1436279520000 30.01
1436279580000 30.015
1436279640000 30.01
1436279700000 30.01
1436279760000 30.01
1436279820000 30.01
1436279880000 30.0
1436279940000 30.015
1436280000000 30.02
1436280060000 30.02
1436280120000 30.035
1436280180000 30.035
1436280240000 30.04
1436280300000 30.04
1436280360000 30.02
1436280420000 30.04
1436280480000 30.02
1436280600000 30.03
1436280720000 30.0302
1436280780000 30.04
1436280840000 30.05
1436280900000 30.05
1436280960000 30.04
1436281020000 30.05
1436281080000 30.05
1436281140000 30.1
1436281200000 30.14
1436281260000 30.14
1436281320000 30.12
1436281380000 30.1
1436281440000 30.09
1436281500000 30.09
1436281560000 30.06
