1436261400000 41.32
1436261640000 41.14
1436261820000 40.95
1436262060000 40.985
1436262120000 41.0
1436262240000 40.98
1436262360000 40.92
1436262420000 40.97
1436262480000 40.9501
1436262540000 40.95
1436262720000 40.99
1436262780000 41.06
1436262840000 40.99
1436262960000 40.95
1436263020000 40.91
1436263080000 40.86
1436263140000 40.85
1436263200000 40.77
1436263260000 40.76
1436263320000 40.8
1436263440000 40.795
1436263500000 40.8
1436263560000 40.75
1436263620000 40.65
1436263680000 40.59
1436263740000 40.67
1436263800000 40.69
1436263860000 40.71
1436263920000 40.74
1436263980000 40.6897
1436264040000 40.67
1436264100000 40.63
1436264160000 40.62
1436264280000 40.7
1436264340000 40.77
1436264460000 40.74
1436264520000 40.85
1436264580000 40.84
1436264640000 40.8946
1436264700000 40.82
1436264820000 40.82
1436264880000 40.73
1436264940000 40.76
1436265000000 40.82
1436265060000 40.67
1436265120000 40.72
1436265240000 40.67
1436265300000 40.63
1436265360000 40.61
1436265420000 40.64
1436265540000 40.55
1436265600000 40.625
1436265660000 40.55
1436265720000 40.43
1436265780000 40.45
1436265840000 40.49
1436265900000 40.55
1436265960000 40.57
1436266020000 40.73
1436266080000 40.81
1436266140000 40.77
1436266200000 40.76
1436266260000 40.7165
1436266380000 40.82
1436266440000 40.88
1436266500000 40.97
1436266560000 40.94
1436266620000 40.99
1436266680000 41.06
1436266740000 41.035
1436266800000 41.01
1436266860000 40.91
1436266920000 40.97
1436266980000 40.96
1436267040000 40.94
1436267100000 40.98
1436267160000 41.03
1436267220000 41.05
1436267280000 41.09
1436267340000 41.09
1436267400000 41.11
1436267460000 41.19
1436267520000 41.23
1436267640000 41.1899
1436267700000 41.29
1436267760000 41.36
1436267820000 41.41
1436267880000 41.43
1436267940000 41.24
1436268000000 41.32
1436268060000 41.22
1436268120000 41.2348
1436268180000 41.33
1436268240000 41.33
1436268300000 41.34
1436268360000 41.3
1436268420000 41.3
1436268480000 41.28
1436268540000 41.24
1436268600000 41.21
1436268660000 41.14
1436268720000 41.19
1436268780000 41.145
1436268840000 41.07
1436268900000 40.98
1436268960000 40.95
1436269020000 40.99
1436269140000 41.08
1436269200000 41.24
1436269260000 41.27
1436269320000 41.316
1436269380000 41.34
1436269440000 41.34
1436269500000 41.28
1436269560000 41.28
1436269620000 41.27
1436269800000 41.27
1436269860000 41.24
1436269920000 41.22
1436269980000 41.22
1436270040000 41.34
1436270100000 41.3526
1436270160000 41.4
1436270220000 41.56
1436270280000 41.6
1436270340000 41.64
1436270400000 41.65
1436270520000 41.53
1436270640000 41.55
1436270700000 41.62
1436270820000 41.62
1436270880000 41.66
1436270940000 41.59
1436271000000 41.56
1436271060000 41.53
1436271120000 41.53
1436271180000 41.49
1436271240000 41.6
1436271300000 41.74
1436271360000 41.8
1436271420000 41.74
1436271480000 41.72
1436271540000 41.71
1436271600000 41.61
1436271720000 41.6
1436271900000 41.6
1436271960000 41.79
1436272020000 41.8
1436272080000 41.9
1436272140000 41.9
1436272200000 41.91
1436272260000 41.94
1436272320000 41.94
1436272500000 41.92
1436272560000 41.99
1436272620000 41.92
1436272680000 41.94
1436272740000 41.98
1436272800000 42.03
1436272860000 42.05
1436272920000 42.05
1436272980000 42.07
1436273100000 42.08
1436273160000 42.18
1436273220000 42.18
1436273280000 42.25
1436273340000 42.27
1436273400000 42.22
1436273460000 42.18
1436273640000 42.24
1436273700000 42.21
1436273760000 42.29
1436273820000 42.29
1436273880000 42.29
1436273940000 42.29
1436274000000 42.3
1436274060000 42.29
1436274180000 42.22
1436274240000 42.25
1436274300000 42.32
1436274360000 42.31
1436274420000 42.29
1436274480000 42.31
1436274540000 42.35
1436274600000 42.36
1436274660000 42.4
1436274720000 42.44
1436274780000 42.5
1436274900000 42.58
1436274960000 42.56
1436275020000 42.58
1436275140000 42.62
1436275200000 42.67
1436275260000 42.575
1436275320000 42.58
1436275380000 42.555
1436275440000 42.63
1436275500000 42.62
1436275560000 42.61
1436275620000 42.61
1436275740000 42.63
1436275800000 42.72
1436275860000 42.701
1436275920000 42.81
1436275980000 42.78
1436276040000 42.78
1436276100000 42.84
1436276160000 42.77
1436276220000 42.752
1436276280000 42.59
1436276400000 42.62
1436276460000 42.7
1436276520000 42.75
1436276580000 42.66
1436276700000 42.64
1436276760000 42.74
1436276820000 42.76
1436276880000 42.75
1436276940000 42.75
1436277000000 42.65
1436277060000 42.74
1436277120000 42.72
1436277180000 42.77
1436277240000 42.75
1436277300000 42.79
1436277360000 42.82
1436277420000 42.82
1436277480000 42.7708
1436277600000 42.86
1436277720000 42.86
1436277780000 42.89
1436277840000 42.94
1436277900000 42.93
1436277960000 42.81
1436278020000 42.68
1436278080000 42.64
1436278140000 42.59
1436278200000 42.55
1436278260000 42.62
1436278320000 42.66
1436278380000 42.67
1436278440000 42.65
1436278500000 42.57
1436278560000 42.57
1436278620000 42.57
1436278680000 42.535
1436278740000 42.52
1436278800000 42.53
1436278860000 42.58
1436278920000 42.51
1436278980000 42.48
1436279040000 42.4943
1436279100000 42.52
1436279160000 42.58
1436279220000 42.5401
1436279340000 42.5
1436279460000 42.535
1436279520000 42.51
1436279580000 42.51
1436279700000 42.52
1436279760000 42.51
1436279820000 42.52
1436279880000 42.54
1436279940000 42.66
1436280060000 42.75
1436280120000 42.888
1436280180000 42.88
1436280240000 42.93
1436280300000 42.93
1436280420000 42.95
1436280480000 43.09
1436280540000 43.08
1436280600000 43.28
1436280660000 43.2843
1436280720000 43.224
1436280780000 43.25
1436280840000 43.28
1436280900000 43.3
1436280960000 43.32
1436281020000 43.39
1436281080000 43.44
1436281140000 43.54
1436281200000 43.72
1436281260000 43.66
1436281320000 43.665
1436281380000 43.63
1436281440000 43.52
1436281500000 43.49
1436281560000 43.43
