1436261400000 1.42
1436261880000 1.53
1436262000000 1.51
1436262480000 1.51
1436262780000 1.5101
1436263560000 1.52
1436263800000 1.5101
1436263980000 1.5101
1436264220000 1.5101
1436264520000 1.5101
1436265600000 1.5101
1436265900000 1.51
1436265960000 1.51
1436267160000 1.5181
1436267520000 1.5101
1436269740000 1.51
1436269860000 1.56
1436270640000 1.57
1436270760000 1.563
1436271000000 1.56
1436271300000 1.53
1436272260000 1.547
1436272800000 1.5599
1436273940000 1.56
1436274300000 1.56
1436274420000 1.56
1436275200000 1.557
1436278140000 1.55
1436278860000 1.55
1436279100000 1.55
1436279940000 1.54
1436280960000 1.55
