1436261400000 59.72
1436261640000 59.75
1436261820000 59.78
1436262120000 59.85
1436262180000 59.86
1436262240000 59.87
1436262480000 59.815
1436262840000 59.77
1436262900000 59.8
1436263020000 59.46
1436263080000 59.38
1436263140000 59.31
1436263320000 59.21
1436263440000 59.2
1436263500000 59.25
1436263560000 59.24
1436263620000 59.29
1436263680000 59.35
1436263800000 59.39
1436263860000 59.42
1436263980000 59.48
1436264100000 59.38
1436264160000 59.4
1436264220000 59.4
1436264460000 59.48
1436264580000 59.41
1436264700000 59.4
1436264760000 59.49
1436264820000 59.61
1436265060000 59.5
1436265180000 59.42
1436265240000 59.5
1436265300000 59.51
1436265420000 59.48
1436265480000 59.5
1436265540000 59.46
1436265780000 59.43
1436265900000 59.52
1436265960000 59.53
1436266020000 59.62
1436266140000 59.56
1436266200000 59.63
1436266380000 59.69
1436266800000 59.59
1436266920000 59.59
1436267040000 59.54
1436267100000 59.55
1436267160000 59.44
1436267280000 59.36
1436267340000 59.44
1436267400000 59.55
1436267460000 59.68
1436267520000 59.7
1436267580000 59.55
1436267640000 59.66
1436267700000 59.56
1436267880000 59.5
1436268060000 59.38
1436268120000 59.32
1436268180000 59.4
1436268240000 59.37
1436268540000 59.39
1436268660000 59.4
1436268720000 59.4
1436268780000 59.44
1436268840000 59.49
1436268900000 59.5
1436268960000 59.49
1436269200000 59.45
1436269320000 59.45
1436269380000 59.51
1436269620000 59.57
1436269740000 59.5
1436269860000 59.5
1436269980000 59.4701
1436270160000 59.64
1436270460000 59.6
1436270580000 59.685
1436270640000 59.75
1436270880000 59.8
1436271000000 59.79
1436271060000 59.75
1436271120000 59.78
1436271420000 59.81
1436271540000 59.79
1436271600000 59.79
1436272200000 59.79
1436272260000 59.82
1436272320000 59.85
1436272380000 59.87
1436272500000 59.82
1436272560000 59.82
1436272740000 59.75
1436272800000 59.75
1436272920000 59.904
1436273340000 60.0
1436273520000 59.98
1436273880000 60.13
1436273940000 60.02
1436274300000 60.12
1436274360000 60.08
1436274540000 60.17
1436274600000 60.14
1436274720000 60.21
1436274960000 60.28
1436275080000 60.18
1436275680000 60.1901
1436275800000 60.185
1436276280000 60.12
1436276340000 60.12
1436276460000 60.12
1436276520000 60.12
1436276580000 60.14
1436276640000 60.12
1436276820000 60.04
1436276880000 60.05
1436277360000 60.01
1436277420000 60.0
1436277480000 60.15
1436277540000 60.15
1436277600000 60.17
1436277660000 60.16
1436277780000 60.09
1436277840000 60.15
1436277900000 60.075
1436277960000 60.15
1436278020000 60.08
1436278080000 60.19
1436278320000 60.17
1436278380000 60.04
1436278440000 60.16
1436278500000 60.08
1436278560000 60.085
1436278860000 60.0
1436279100000 59.9
1436279160000 59.81
1436279280000 59.8
1436279460000 59.855
1436279520000 59.89
1436279580000 59.88
1436279640000 59.84
1436279760000 59.76
1436280000000 59.84
1436280120000 59.9
1436280180000 59.95
1436280240000 59.95
1436280300000 59.9
1436280420000 59.99
1436280480000 59.95
1436280600000 59.96
1436280840000 59.95
1436280900000 59.91
1436280960000 59.9
1436281080000 59.91
1436281140000 60.0
1436281260000 60.05
1436281320000 60.03
1436281380000 59.985
1436281440000 60.07
1436281500000 60.015
1436281560000 60.07
