1436261400000 14.32
1436261460000 14.02
1436261700000 13.95
1436261880000 13.93
1436262300000 14.1
1436262720000 13.97
1436265180000 13.82
1436267340000 13.84
1436267520000 13.87
1436268120000 13.82
1436268180000 13.82
1436268240000 13.82
1436268660000 13.81
1436270220000 13.89
1436270400000 13.92
1436270580000 13.95
1436270760000 13.95
1436272440000 13.92
1436272740000 14.0
1436272980000 14.0
1436274720000 14.03
1436275020000 14.095
1436275080000 14.1399
1436275320000 14.05
1436275380000 14.09
1436276340000 14.1
1436276400000 14.1
1436276460000 14.09
1436276580000 14.16
1436277000000 14.17
1436277420000 14.12
1436277480000 14.1
1436277960000 14.0
1436278020000 14.06
1436278140000 14.07
1436278620000 14.08
1436278680000 14.025
1436278740000 14.0
1436278800000 14.06
1436280060000 14.04
1436280120000 14.05
1436280180000 14.08
1436280420000 14.19
1436280660000 14.2
1436280900000 14.19
1436281320000 14.19
1436281380000 14.19
