1436261400000 1.94
1436261760000 1.92
1436261820000 1.92
1436261880000 1.93
1436261940000 1.94
1436262780000 1.93
1436262960000 1.94
1436263260000 1.9
1436263860000 1.91
1436264580000 1.8663
1436264760000 1.865
1436264820000 1.86
1436266140000 1.86
1436267220000 1.8691
1436268300000 1.86
1436268600000 1.8499
1436268780000 1.845
1436268840000 1.84
1436269020000 1.845
1436269080000 1.845
1436269140000 1.845
1436269200000 1.845
1436269260000 1.845
1436269320000 1.845
1436269380000 1.845
1436269440000 1.845
1436269680000 1.84
1436270400000 1.84
1436272260000 1.84
1436272500000 1.8402
1436276340000 1.843
1436278740000 1.84
1436279100000 1.8401
1436279220000 1.841
1436279340000 1.85
1436279760000 1.85
1436280300000 1.84
1436280720000 1.85
1436281020000 1.85
