1436261400000 136.3
1436261460000 136.085
1436261520000 136.25
1436261580000 136.25
1436261640000 136.3
1436261700000 136.18
1436261760000 136.3
1436261820000 136.48
1436261880000 136.4
1436261940000 136.49
1436262000000 136.52
1436262060000 136.48
1436262120000 136.52
1436262180000 136.72
1436262240000 136.69
1436262300000 136.77
1436262360000 136.77
1436262420000 136.82
1436262480000 136.85
1436262540000 136.91
1436262600000 136.9
1436262660000 136.81
1436262720000 136.89
1436262780000 136.9094
1436262840000 136.96
1436262900000 136.95
1436262960000 136.8823
1436263020000 136.93
1436263080000 136.89
1436263140000 136.84
1436263200000 136.87
1436263260000 136.9
1436263320000 136.831
1436263380000 136.97
1436263440000 136.94
1436263500000 136.95
1436263560000 136.92
1436263620000 136.93
1436263680000 136.8
1436263740000 136.89
1436263800000 136.97
1436263860000 137.09
1436263920000 137.22
1436263980000 137.2099
1436264040000 137.23
1436264100000 137.1735
1436264160000 137.085
1436264220000 137.19
1436264280000 137.1
1436264340000 137.1165
1436264400000 137.11
1436264460000 137.04
1436264520000 137.09
1436264580000 137.08
1436264640000 137.08
1436264700000 137.07
1436264760000 137.03
1436264820000 137.06
1436264880000 136.94
1436264940000 136.96
1436265000000 136.95
1436265060000 136.75
1436265120000 136.67
1436265180000 136.73
1436265240000 136.62
1436265300000 136.715
1436265360000 136.69
1436265420000 136.71
1436265480000 136.71
1436265540000 136.77
1436265600000 136.705
1436265660000 136.65
1436265720000 136.51
1436265780000 136.56
1436265840000 136.62
1436265900000 136.73
1436265960000 136.77
1436266020000 136.84
1436266080000 136.8456
1436266140000 136.89
1436266200000 136.85
1436266260000 136.82
1436266320000 136.88
1436266380000 136.92
1436266440000 136.91
1436266500000 137.016
1436266560000 136.9699
1436266620000 137.0
1436266680000 136.95
1436266740000 136.88
1436266800000 136.88
1436266860000 136.79
1436266920000 136.806
1436266980000 136.83
1436267040000 136.79
1436267100000 136.78
1436267160000 136.68
1436267220000 136.79
1436267280000 136.75
1436267340000 136.74
1436267400000 136.68
1436267460000 136.67
1436267520000 136.63
1436267580000 136.6818
1436267640000 136.61
1436267700000 136.6
1436267760000 136.6099
1436267820000 136.647
1436267880000 136.53
1436267940000 136.5
1436268000000 136.49
1436268060000 136.42
1436268120000 136.3865
1436268180000 136.405
1436268240000 136.54
1436268300000 136.46
1436268360000 136.41
1436268420000 136.35
1436268480000 136.43
1436268540000 136.4
1436268600000 136.3775
1436268660000 136.36
1436268720000 136.33
1436268780000 136.35
1436268840000 136.31
1436268900000 136.32
1436268960000 136.235
1436269020000 136.38
1436269080000 136.38
1436269140000 136.475
1436269200000 136.5
1436269260000 136.6199
1436269320000 136.59
1436269380000 136.73
1436269440000 136.74
1436269500000 136.75
1436269560000 136.71
1436269620000 136.74
1436269680000 136.78
1436269740000 136.78
1436269800000 136.77
1436269860000 136.77
1436269920000 136.7473
1436269980000 136.85
1436270040000 136.78
1436270100000 136.87
1436270160000 137.02
1436270220000 137.28
1436270280000 137.24
1436270340000 137.25
1436270400000 137.27
1436270460000 137.25
1436270520000 137.27
1436270580000 137.32
1436270640000 137.35
1436270700000 137.44
1436270760000 137.44
1436270820000 137.43
1436270880000 137.43
1436270940000 137.47
1436271000000 137.55
1436271060000 137.52
1436271120000 137.4501
1436271180000 137.518
1436271240000 137.57
1436271300000 137.6075
1436271360000 137.65
1436271420000 137.655
1436271480000 137.67
1436271540000 137.65
1436271600000 137.78
1436271660000 138.56
1436271720000 138.49
1436271780000 138.415
1436271840000 138.4648
1436271900000 138.4
1436271960000 138.36
1436272020000 138.34
1436272080000 138.43
1436272140000 138.39
1436272200000 138.34
1436272260000 138.34
1436272320000 138.29
1436272380000 138.185
1436272440000 138.2
1436272500000 138.23
1436272560000 138.23
1436272620000 138.28
1436272680000 138.27
1436272740000 138.37
1436272800000 138.37
1436272860000 138.35
1436272920000 138.42
1436272980000 138.4376
1436273040000 138.4
1436273100000 138.45
1436273160000 138.52
1436273220000 138.53
1436273280000 138.54
1436273340000 138.64
1436273400000 138.68
1436273460000 138.61
1436273520000 138.6
1436273580000 138.53
1436273640000 138.58
1436273700000 138.62
1436273760000 138.63
1436273820000 138.62
1436273880000 138.73
1436273940000 138.83
1436274000000 138.94
1436274060000 138.89
1436274120000 138.83
1436274180000 138.74
1436274240000 138.786
1436274300000 138.825
1436274360000 138.76
1436274420000 138.72
1436274480000 138.6076
1436274540000 138.74
1436274600000 138.72
1436274660000 138.8
1436274720000 138.88
1436274780000 138.98
1436274840000 139.07
1436274900000 139.08
1436274960000 139.01
1436275020000 139.0232
1436275080000 139.05
1436275140000 139.04
1436275200000 139.12
1436275260000 139.12
1436275320000 139.12
1436275380000 139.2
1436275440000 139.215
1436275500000 139.22
1436275560000 139.17
1436275620000 139.2
1436275680000 139.27
1436275740000 139.41
1436275800000 139.4425
1436275860000 139.51
1436275920000 139.43
1436275980000 139.48
1436276040000 139.42
1436276100000 139.37
1436276160000 139.44
1436276220000 139.48
1436276280000 139.55
1436276340000 139.64
1436276400000 139.6243
1436276460000 139.55
1436276520000 139.56
1436276580000 139.6
1436276640000 139.65
1436276700000 139.7
1436276760000 139.69
1436276820000 139.71
1436276880000 139.736
1436276940000 139.78
1436277000000 139.87
1436277060000 139.74
1436277120000 139.58
1436277180000 139.59
1436277240000 139.65
1436277300000 139.55
1436277360000 139.64
1436277420000 139.72
1436277480000 139.68
1436277540000 139.69
1436277600000 139.68
1436277660000 139.63
1436277720000 139.61
1436277780000 139.59
1436277840000 139.73
1436277900000 139.84
1436277960000 139.78
1436278020000 139.74
1436278080000 139.69
1436278140000 139.8
1436278200000 139.8368
1436278260000 139.78
1436278320000 139.89
1436278380000 139.83
1436278440000 139.82
1436278500000 139.78
1436278560000 139.84
1436278620000 139.83
1436278680000 139.728
1436278740000 139.66
1436278800000 139.66
1436278860000 139.69
1436278920000 139.625
1436278980000 139.67
1436279040000 139.659
1436279100000 139.6234
1436279160000 139.71
1436279220000 139.65
1436279280000 139.7003
1436279340000 139.72
1436279400000 139.7557
1436279460000 139.69
1436279520000 139.68
1436279580000 139.75
1436279640000 139.82
1436279700000 139.82
1436279760000 139.87
1436279820000 139.8301
1436279880000 139.7959
1436279940000 139.93
1436280000000 139.94
1436280060000 140.06
1436280120000 140.22
1436280180000 140.18
1436280240000 140.28
1436280300000 140.35
1436280360000 140.23
1436280420000 140.27
1436280480000 140.31
1436280540000 140.24
1436280600000 140.245
1436280660000 140.2
1436280720000 140.18
1436280780000 140.1601
1436280840000 140.26
1436280900000 140.3
1436280960000 140.24
1436281020000 140.33
1436281080000 140.34
1436281140000 140.54
1436281200000 140.55
1436281260000 140.55
1436281320000 140.55
1436281380000 140.55
1436281440000 140.57
1436281500000 140.57
1436281560000 140.56
