1436261400000 6.4
1436261520000 6.364
1436261580000 6.38
1436261640000 6.35
1436261700000 6.36
1436261760000 6.33
1436261820000 6.31
1436261880000 6.3
1436261940000 6.29
1436262000000 6.29
1436262060000 6.28
1436262120000 6.2733
1436262180000 6.3
1436262240000 6.3
1436262300000 6.31
1436262360000 6.31
1436262420000 6.31
1436262480000 6.32
1436262540000 6.3088
1436262600000 6.31
1436262660000 6.31
1436262840000 6.3099
1436262900000 6.31
1436262960000 6.285
1436263020000 6.27
1436263080000 6.27
1436263140000 6.27
1436263200000 6.28
1436263320000 6.26
1436263440000 6.26
1436263500000 6.26
1436263560000 6.259
1436263620000 6.2501
1436263680000 6.245
1436263740000 6.23
1436263800000 6.24
1436263860000 6.26
1436263920000 6.255
1436263980000 6.255
1436264040000 6.27
1436264100000 6.26
1436264160000 6.26
1436264220000 6.26
1436264280000 6.27
1436264340000 6.26
1436264400000 6.27
1436264460000 6.27
1436264520000 6.26
1436264580000 6.26
1436264640000 6.26
1436264700000 6.26
1436264760000 6.26
1436264820000 6.26
1436264880000 6.23
1436264940000 6.245
1436265000000 6.24
1436265060000 6.22
1436265120000 6.215
1436265180000 6.22
1436265240000 6.21
1436265300000 6.21
1436265360000 6.21
1436265420000 6.21
1436265480000 6.19
1436265540000 6.205
1436265600000 6.205
1436265660000 6.2
1436265720000 6.19
1436265780000 6.19
1436265840000 6.18
1436265900000 6.18
1436265960000 6.2
1436266020000 6.21
1436266080000 6.22
1436266140000 6.215
1436266200000 6.215
1436266260000 6.215
1436266320000 6.215
1436266380000 6.2286
1436266440000 6.225
1436266500000 6.235
1436266560000 6.245
1436266620000 6.255
1436266680000 6.255
1436266740000 6.25
1436266800000 6.25
1436266860000 6.243
1436266920000 6.245
1436266980000 6.245
1436267040000 6.245
1436267100000 6.243
1436267160000 6.215
1436267220000 6.24
1436267280000 6.235
1436267340000 6.235
1436267460000 6.24
1436267520000 6.25
1436267580000 6.2462
1436267640000 6.245
1436267700000 6.25
1436267760000 6.245
1436267820000 6.27
1436267880000 6.265
1436267940000 6.25
1436268000000 6.2467
1436268060000 6.23
1436268120000 6.225
1436268180000 6.22
1436268240000 6.215
1436268360000 6.21
1436268420000 6.21
1436268480000 6.215
1436268540000 6.21
1436268660000 6.215
1436268720000 6.22
1436268780000 6.23
1436268840000 6.225
1436268900000 6.22
1436268960000 6.21
1436269020000 6.22
1436269080000 6.23
1436269140000 6.23
1436269320000 6.24
1436269380000 6.245
1436269440000 6.245
1436269500000 6.2457
1436269560000 6.24
1436269620000 6.245
1436269680000 6.2404
1436269740000 6.245
1436269800000 6.24
1436269860000 6.245
1436270040000 6.24
1436270100000 6.24
1436270160000 6.24
1436270220000 6.27
1436270280000 6.285
1436270340000 6.265
1436270400000 6.26
1436270460000 6.255
1436270520000 6.25
1436270640000 6.2501
1436270700000 6.26
1436271000000 6.255
1436271060000 6.245
1436271120000 6.23
1436271180000 6.235
1436271240000 6.23
1436271300000 6.23
1436271420000 6.235
1436271480000 6.2336
1436271540000 6.23
1436271600000 6.235
1436271660000 6.24
1436271720000 6.2365
1436271780000 6.23
1436271840000 6.24
1436271900000 6.23
1436271960000 6.23
1436272020000 6.235
1436272080000 6.2399
1436272140000 6.235
1436272200000 6.2375
1436272260000 6.23
1436272380000 6.23
1436272440000 6.23
1436272500000 6.2337
1436272560000 6.235
1436272620000 6.23
1436272680000 6.24
1436272800000 6.24
1436272860000 6.245
1436272920000 6.24
1436272980000 6.245
1436273100000 6.25
1436273280000 6.26
1436273340000 6.265
1436273520000 6.265
1436273580000 6.27
1436273640000 6.27
1436273700000 6.29
1436273760000 6.285
1436273820000 6.285
1436273880000 6.29
1436273940000 6.29
1436274060000 6.29
1436274120000 6.295
1436274180000 6.29
1436274240000 6.29
1436274360000 6.27
1436274420000 6.25
1436274480000 6.2599
1436274540000 6.275
1436274600000 6.275
1436274660000 6.28
1436274720000 6.29
1436274780000 6.29
1436274840000 6.3
1436274900000 6.29
1436274960000 6.29
1436275020000 6.28
1436275080000 6.285
1436275140000 6.28
1436275200000 6.28
1436275260000 6.27
1436275320000 6.277
1436275440000 6.27
1436275560000 6.27
1436275620000 6.27
1436275740000 6.265
1436275800000 6.27
1436275920000 6.26
1436275980000 6.25
1436276040000 6.265
1436276100000 6.29
1436276160000 6.28
1436276220000 6.28
1436276280000 6.28
1436276400000 6.29
1436276460000 6.29
1436276520000 6.28
1436276580000 6.28
1436276640000 6.3
1436276700000 6.305
1436276760000 6.309
1436276820000 6.31
1436276880000 6.305
1436276940000 6.29
1436277000000 6.28
1436277060000 6.28
1436277120000 6.28
1436277180000 6.28
1436277240000 6.28
1436277300000 6.28
1436277420000 6.275
1436277480000 6.2763
1436277540000 6.275
1436277660000 6.27
1436277720000 6.275
1436277840000 6.275
1436277900000 6.28
1436277960000 6.2701
1436278020000 6.28
1436278140000 6.29
1436278200000 6.285
1436278260000 6.28
1436278380000 6.27
1436278440000 6.27
1436278500000 6.26
1436278560000 6.265
1436278680000 6.26
1436278740000 6.26
1436278800000 6.255
1436278860000 6.25
1436278920000 6.26
1436278980000 6.255
1436279040000 6.25
1436279160000 6.26
1436279280000 6.26
1436279340000 6.26
1436279520000 6.26
1436279580000 6.27
1436279640000 6.26
1436279820000 6.27
1436279880000 6.27
1436280000000 6.28
1436280060000 6.29
1436280180000 6.28
1436280240000 6.29
1436280420000 6.3
1436280540000 6.3
1436280600000 6.3
1436280660000 6.295
1436280720000 6.29
1436280840000 6.2909
1436280900000 6.29
1436280960000 6.29
1436281020000 6.3
1436281080000 6.31
1436281140000 6.33
1436281200000 6.34
1436281260000 6.335
1436281320000 6.335
1436281380000 6.32
1436281440000 6.31
1436281500000 6.31
1436281560000 6.3099
