1436261400000 53.46
1436261520000 53.46
1436261580000 53.18
1436261640000 53.08
1436261700000 52.93
1436261880000 52.8
1436261940000 52.775
1436262000000 52.88
1436262060000 52.88
1436262180000 52.61
1436262240000 52.61
1436262300000 52.64
1436262600000 52.775
1436262660000 52.71
1436262780000 52.77
1436262840000 52.78
1436263020000 52.59
1436263080000 52.675
1436263140000 52.65
1436263260000 52.51
1436263320000 52.53
1436263440000 52.48
1436263500000 52.55
1436263620000 52.54
1436263740000 52.45
1436263800000 52.47
1436263980000 52.93
1436264100000 52.78
1436264400000 52.525
1436264580000 52.65
1436264640000 52.6
1436264700000 52.55
1436264760000 52.55
1436264940000 52.36
1436265000000 52.31
1436265060000 52.198
1436265120000 52.21
1436265240000 52.0901
1436265300000 52.26
1436265360000 52.2
1436265420000 52.27
1436265480000 52.33
1436265600000 52.39
1436265660000 52.35
1436265780000 52.21
1436265960000 52.37
1436266020000 52.28
1436266080000 52.48
1436266200000 52.48
1436266260000 52.47
1436266320000 52.65
1436266380000 52.48
1436266440000 52.76
1436266500000 52.89
1436266560000 52.805
1436266620000 52.775
1436266680000 52.74
1436266740000 52.66
1436266800000 52.63
1436266980000 52.37
1436267220000 52.36
1436267400000 52.47
1436267460000 52.37
1436267520000 52.4
1436267580000 52.48
1436267640000 52.4
1436267700000 52.47
1436268120000 52.62
1436268240000 52.62
1436268360000 52.53
1436268660000 52.5
1436268720000 52.38
1436269140000 52.49
1436269260000 52.66
1436269320000 52.6
1436269440000 52.78
1436269500000 52.75
1436269560000 52.75
1436269920000 52.7
1436270040000 52.74
1436270100000 52.68
1436270160000 52.7
1436270220000 52.75
1436271060000 52.68
1436271120000 52.61
1436271180000 52.61
1436271540000 52.59
1436271600000 52.6
1436271900000 52.75
1436272080000 52.7
1436272380000 52.7
1436272440000 52.598
1436272560000 52.57
1436272620000 52.67
1436272680000 52.7
1436272800000 52.75
1436272860000 52.65
1436272920000 52.73
1436272980000 52.74
1436273040000 52.89
1436273100000 52.775
1436273220000 52.775
1436273280000 52.76
1436273520000 52.66
1436273640000 52.73
1436273700000 52.73
1436273760000 52.73
1436273820000 52.71
1436273880000 52.73
1436273940000 52.66
1436274000000 52.73
1436274060000 52.73
1436274120000 52.79
1436274480000 52.55
1436274600000 52.59
1436274720000 52.68
1436274780000 52.74
1436274960000 52.75
1436275140000 52.66
1436275320000 52.545
1436275440000 52.69
1436275500000 52.75
1436275620000 52.74
1436275680000 52.75
1436275740000 52.74
1436276460000 52.69
1436276520000 52.66
1436276700000 52.75
1436276760000 52.715
1436276820000 52.73
1436276880000 52.75
1436276940000 52.8599
1436277000000 52.765
1436277060000 52.72
1436277120000 52.72
1436277480000 52.56
1436277720000 52.46
1436277780000 52.51
1436278080000 52.36
1436278140000 52.35
1436278320000 52.47
1436278560000 52.71
1436278620000 52.65
1436278680000 52.57
1436278740000 52.53
1436278800000 52.53
1436278980000 52.35
1436279100000 52.34
1436279220000 52.375
1436279340000 52.29
1436279400000 52.35
1436279460000 52.45
1436279520000 52.42
1436279880000 52.55
1436280180000 52.605
1436280240000 52.67
1436280420000 52.65
1436280660000 52.76
1436280840000 52.75
1436280900000 52.75
1436280960000 52.79
1436281020000 52.765
1436281080000 52.765
1436281140000 52.76
1436281500000 52.57
