1436261400000 7.66
1436261460000 7.66
1436261520000 7.64
1436261580000 7.63
1436261640000 7.63
1436261700000 7.61
1436261760000 7.62
1436261820000 7.62
1436261880000 7.6
1436261940000 7.61
1436262000000 7.63
1436262060000 7.6199
1436262120000 7.615
1436262180000 7.6199
1436262240000 7.5959
1436262300000 7.62
1436262360000 7.62
1436262420000 7.63
1436262480000 7.618
1436262540000 7.64
1436262600000 7.66
1436262660000 7.65
1436262780000 7.66
1436262840000 7.65
1436262900000 7.66
1436262960000 7.62
1436263020000 7.66
1436263080000 7.6585
1436263260000 7.6405
1436263320000 7.63
1436263500000 7.6437
1436263560000 7.65
1436263620000 7.65
1436263680000 7.65
1436263740000 7.64
1436263800000 7.6463
1436263860000 7.63
1436263920000 7.65
1436263980000 7.65
1436264040000 7.65
1436264100000 7.65
1436264160000 7.65
1436264220000 7.65
1436264340000 7.65
1436264400000 7.6546
1436264460000 7.65
1436264520000 7.65
1436264700000 7.6501
1436264760000 7.64
1436264820000 7.64
1436264880000 7.6485
1436264940000 7.64
1436265000000 7.63
1436265060000 7.65
1436265120000 7.64
1436265180000 7.63
1436265240000 7.64
1436265300000 7.65
1436265360000 7.63
1436265420000 7.64
1436265480000 7.63
1436265540000 7.62
1436265600000 7.6
1436265660000 7.5769
1436265720000 7.5513
1436265780000 7.5799
1436265900000 7.58
1436265960000 7.58
1436266140000 7.5644
1436266260000 7.55
1436266320000 7.55
1436266380000 7.56
1436266440000 7.56
1436266500000 7.55
1436266620000 7.55
1436266680000 7.5401
1436266740000 7.54
1436266800000 7.53
1436266860000 7.5
1436266920000 7.48
1436266980000 7.47
1436267040000 7.45
1436267100000 7.4386
1436267160000 7.46
1436267220000 7.42
1436267280000 7.42
1436267340000 7.425
1436267460000 7.4488
1436267520000 7.4499
1436267580000 7.4267
1436267640000 7.43
1436267700000 7.4221
1436267820000 7.42
1436267880000 7.44
1436267940000 7.42
1436268000000 7.42
1436268060000 7.39
1436268180000 7.39
1436268240000 7.38
1436268300000 7.4
1436268360000 7.38
1436268420000 7.3799
1436268480000 7.3734
1436268600000 7.36
1436268660000 7.37
1436268840000 7.37
1436268900000 7.35
1436268960000 7.29
1436269020000 7.3
1436269080000 7.28
1436269140000 7.3
1436269200000 7.32
1436269260000 7.31
1436269380000 7.3399
1436269440000 7.35
1436269500000 7.3599
1436269560000 7.359
1436269620000 7.37
1436269680000 7.3799
1436269740000 7.36
1436269800000 7.3699
1436269980000 7.3747
1436270040000 7.38
1436270100000 7.38
1436270160000 7.4
1436270220000 7.43
1436270280000 7.4225
1436270340000 7.43
1436270400000 7.4499
1436270460000 7.44
1436270580000 7.4499
1436270640000 7.4299
1436270700000 7.43
1436270760000 7.4295
1436271000000 7.4048
1436271060000 7.39
1436271120000 7.41
1436271180000 7.4
1436271240000 7.41
1436271300000 7.3969
1436271360000 7.42
1436271420000 7.415
1436271480000 7.43
1436271540000 7.415
1436271600000 7.43
1436271660000 7.44
1436271720000 7.44
1436271780000 7.44
1436271840000 7.4599
1436271900000 7.46
1436271960000 7.46
1436272020000 7.4699
1436272080000 7.47
1436272200000 7.4601
1436272260000 7.4699
1436272320000 7.47
1436272380000 7.47
1436272440000 7.4897
1436272500000 7.5
1436272560000 7.47
1436272620000 7.49
1436272680000 7.51
1436272740000 7.5238
1436273160000 7.54
1436273220000 7.4701
1436273340000 7.48
1436273400000 7.485
1436273460000 7.51
1436273520000 7.5099
1436273580000 7.51
1436273700000 7.51
1436273820000 7.5
1436273880000 7.51
1436274000000 7.51
1436274060000 7.5199
1436274120000 7.5141
1436274240000 7.5
1436274360000 7.5
1436274480000 7.47
1436274540000 7.47
1436274720000 7.47
1436274840000 7.46
1436274900000 7.459
1436274960000 7.45
1436275020000 7.45
1436275080000 7.45
1436275200000 7.44
1436275260000 7.45
1436275320000 7.44
1436275380000 7.45
1436275440000 7.45
1436275500000 7.45
1436275560000 7.45
1436275620000 7.45
1436275680000 7.445
1436275740000 7.45
1436275800000 7.445
1436275860000 7.4406
1436275920000 7.445
1436275980000 7.44
1436276040000 7.44
1436276100000 7.4672
1436276160000 7.4548
1436276400000 7.4561
1436276640000 7.46
1436276700000 7.4637
1436276760000 7.4702
1436277000000 7.4673
1436277060000 7.45
1436277120000 7.45
1436277420000 7.4599
1436277720000 7.4596
1436277840000 7.46
1436277900000 7.4404
1436277960000 7.4307
1436278020000 7.45
1436278080000 7.45
1436278140000 7.45
1436278200000 7.45
1436278260000 7.44
1436278320000 7.4499
1436278380000 7.45
1436278440000 7.45
1436278500000 7.45
1436278560000 7.4455
1436278620000 7.45
1436278680000 7.445
1436278740000 7.43
1436278800000 7.41
1436278860000 7.4219
1436278920000 7.41
1436279040000 7.44
1436279460000 7.44
1436279520000 7.445
1436279640000 7.45
1436280120000 7.43
1436280180000 7.46
1436280240000 7.4401
1436280300000 7.44
1436280420000 7.46
1436280480000 7.42
1436280600000 7.43
1436280720000 7.45
1436280840000 7.4521
1436280900000 7.43
1436280960000 7.45
1436281020000 7.45
1436281080000 7.46
1436281200000 7.47
1436281260000 7.47
1436281440000 7.47
1436281560000 7.4628
