1436261400000 35.95
1436261460000 36.11
1436261520000 36.02
1436261640000 36.01
1436261700000 35.91
1436261760000 36.0
1436261820000 36.01
1436261880000 35.99
1436262000000 35.96
1436262060000 35.85
1436262120000 35.88
1436262240000 35.9
1436262300000 35.88
1436262360000 35.88
1436262420000 35.92
1436262480000 36.04
1436262540000 36.02
1436262600000 36.05
1436262660000 36.06
1436262720000 36.07
1436262780000 36.08
1436262840000 36.09
1436262900000 36.1
1436262960000 36.1
1436263020000 36.1
1436263080000 36.1
1436263140000 36.14
1436263200000 36.1
1436263260000 36.1
1436263320000 36.06
1436263380000 36.06
1436263440000 36.02
1436263500000 36.03
1436263620000 36.03
1436263680000 36.015
1436263740000 36.02
1436263800000 35.99
1436263860000 35.9999
1436263980000 35.98
1436264040000 36.01
1436264100000 35.99
1436264160000 35.98
1436264220000 35.98
1436264400000 36.0
1436264460000 36.0
1436264520000 36.01
1436264700000 36.0
1436264760000 35.99
1436264820000 36.03
1436264880000 36.02
1436264940000 36.02
1436265000000 35.98
1436265060000 35.99
1436265240000 35.98
1436265300000 35.97
1436265360000 35.94
1436265420000 35.9125
1436265540000 35.85
1436265660000 35.8
1436265720000 35.79
1436265840000 35.81
1436265900000 35.83
1436265960000 35.83
1436266020000 35.86
1436266080000 35.8825
1436266140000 35.87
1436266200000 35.86
1436266260000 35.86
1436266320000 35.85
1436266380000 35.88
1436266440000 35.89
1436266500000 35.91
1436266560000 35.93
1436266620000 35.93
1436266680000 35.9
1436266740000 35.94
1436266800000 35.94
1436266860000 35.9
1436266920000 35.9
1436266980000 35.88
1436267040000 35.9
1436267100000 35.84
1436267280000 35.82
1436267340000 35.8
1436267400000 35.82
1436267460000 35.85
1436267520000 35.86
1436267580000 35.86
1436267640000 35.875
1436267700000 35.87
1436267760000 35.875
1436267820000 35.92
1436267880000 35.89
1436267940000 35.855
1436268000000 35.87
1436268060000 35.865
1436268180000 35.84
1436268240000 35.86
1436268300000 35.84
1436268360000 35.84
1436268420000 35.86
1436268480000 35.86
1436268540000 35.85
1436268660000 35.83
1436268720000 35.8799
1436268780000 35.865
1436268840000 35.83
1436268900000 35.84
1436269140000 35.85
1436269200000 35.84
1436269320000 35.86
1436269380000 35.85
1436269440000 35.86
1436269500000 35.86
1436269560000 35.885
1436269620000 35.87
1436269740000 35.86
1436269800000 35.875
1436269860000 35.9
1436269920000 35.89
1436269980000 35.875
1436270040000 35.9
1436270100000 35.89
1436270160000 35.91
1436270220000 35.97
1436270280000 35.96
1436270340000 35.97
1436270400000 35.99
1436270460000 35.96
1436270520000 35.99
1436270580000 35.97
1436270640000 35.98
1436270700000 35.99
1436270760000 35.98
1436270820000 35.98
1436270880000 35.96
1436270940000 35.965
1436271000000 35.96
1436271060000 35.95
1436271120000 35.97
1436271180000 35.96
1436271300000 35.96
1436271360000 35.97
1436271420000 35.97
1436271540000 35.955
1436271600000 35.96
1436271660000 35.98
1436271720000 36.0
1436271780000 35.98
1436271840000 35.975
1436271900000 35.975
1436271960000 35.96
1436272020000 35.95
1436272080000 35.94
1436272140000 35.93
1436272200000 35.92
1436272260000 35.92
1436272320000 35.94
1436272380000 35.95
1436272440000 35.95
1436272500000 35.97
1436272620000 35.98
1436272680000 35.9725
1436272740000 35.98
1436272800000 35.98
1436272860000 35.95
1436272920000 35.97
1436272980000 35.97
1436273040000 35.96
1436273100000 35.96
1436273220000 36.0
1436273280000 35.98
1436273400000 35.98
1436273520000 35.98
1436273580000 35.98
1436273640000 35.99
1436273700000 36.019
1436273760000 36.0234
1436273820000 36.03
1436273880000 36.04
1436273940000 36.05
1436274180000 36.04
1436274300000 36.03
1436274360000 36.015
1436274480000 35.97
1436274540000 36.0
1436274600000 35.98
1436274660000 35.99
1436274720000 36.0
1436274780000 36.09
1436274840000 36.07
1436274960000 36.03
1436275020000 36.0
1436275140000 35.99
1436275200000 36.0
1436275260000 35.9825
1436275320000 35.98
1436275380000 35.97
1436275440000 35.97
1436275500000 35.98
1436275560000 35.98
1436275620000 36.0
1436275680000 35.99
1436275740000 36.01
1436275800000 36.02
1436275860000 36.01
1436275920000 35.98
1436275980000 35.99
1436276040000 35.97
1436276100000 35.98
1436276220000 35.985
1436276280000 35.98
1436276340000 35.98
1436276400000 35.98
1436276460000 35.98
1436276580000 35.98
1436276640000 35.99
1436276700000 36.0
1436276760000 35.9873
1436276820000 35.99
1436276880000 35.98
1436276940000 35.99
1436277000000 36.0
1436277060000 36.01
1436277120000 36.01
1436277180000 36.01
1436277240000 36.0
1436277360000 36.0
1436277420000 36.015
1436277480000 36.0
1436277540000 36.0
1436277600000 36.0
1436277660000 36.0
1436277720000 36.0
1436277780000 36.0
1436277840000 36.0
1436277900000 36.0
1436277960000 35.98
1436278020000 36.02
1436278080000 36.01
1436278140000 36.01
1436278200000 36.02
1436278260000 36.02
1436278380000 36.0264
1436278440000 36.02
1436278500000 36.02
1436278620000 36.0008
1436278680000 35.99
1436278740000 35.96
1436278800000 35.969
1436278860000 36.0
1436278920000 35.96
1436278980000 35.9999
1436279040000 35.99
1436279100000 35.96
1436279340000 35.9475
1436279400000 35.97
1436279460000 35.9525
1436279520000 35.96
1436279580000 35.98
1436279700000 35.98
1436279760000 35.97
1436279820000 35.99
1436279880000 35.97
1436279940000 36.01
1436280000000 36.0
1436280060000 36.01
1436280120000 36.05
1436280180000 36.05
1436280240000 36.06
1436280300000 36.07
1436280360000 36.06
1436280420000 36.07
1436280480000 36.05
1436280540000 36.02
1436280660000 36.01
1436280720000 36.01
1436280780000 36.02
1436280900000 36.045
1436280960000 36.035
1436281020000 36.05
1436281080000 36.04
1436281140000 36.08
1436281200000 36.1
1436281260000 36.1
1436281320000 36.07
1436281380000 36.08
1436281440000 36.09
1436281500000 36.07
1436281560000 36.06
1436281620000 36.05
1436281680000 36.04
