1436261400000 52.83
1436261760000 52.64
1436261820000 52.59
1436261940000 52.72
1436262120000 52.85
1436262420000 52.78
1436262780000 52.9
1436263020000 52.77
1436263440000 52.51
1436264580000 52.57
1436265060000 52.4499
1436265180000 52.41
1436265420000 52.42
1436265540000 52.34
1436265960000 52.36
1436266020000 52.37
1436266200000 52.34
1436266560000 52.37
1436266800000 52.34
1436266980000 52.3
1436267160000 52.29
1436267520000 52.35
1436268180000 52.39
1436268600000 52.32
1436268840000 52.3
1436268960000 52.3
1436269020000 52.35
1436269200000 52.34
1436269740000 52.38
1436269920000 52.4303
1436270160000 52.415
1436270340000 52.525
1436270700000 52.63
1436271120000 52.58
1436271180000 52.67
1436271240000 52.73
1436271300000 52.82
1436271360000 52.89
1436271420000 52.84
1436271480000 52.76
1436271540000 52.7
1436271600000 52.79
1436271660000 52.73
1436271720000 52.61
1436271780000 52.87
1436271840000 52.84
1436272140000 52.73
1436272320000 52.82
1436272560000 52.72
1436273160000 52.86
1436273640000 52.82
1436273940000 52.89
1436274000000 52.99
1436274360000 53.06
1436274420000 53.05
1436274960000 52.97
1436275560000 52.93
1436275620000 52.79
1436275680000 52.8999
1436275800000 52.78
1436275860000 52.76
1436276340000 52.73
1436276400000 52.76
1436276520000 52.87
1436276640000 52.89
1436277000000 52.975
1436277180000 52.91
1436277600000 52.925
1436277960000 52.8401
1436278020000 52.9
1436278140000 52.94
1436278200000 52.905
1436278320000 52.96
1436278380000 52.955
1436278560000 52.95
1436278680000 52.89
1436278800000 53.02
1436278860000 52.96
1436279160000 52.91
1436279220000 52.94
1436279340000 52.93
1436279400000 52.8
1436279520000 52.7549
1436279580000 52.8
1436279700000 52.91
1436279820000 52.95
1436279940000 52.86
1436280120000 53.0177
1436280180000 53.11
1436280420000 53.24
1436280540000 53.31
1436280600000 53.31
1436280660000 53.31
1436280720000 53.31
1436280780000 53.2
1436280960000 53.29
1436281080000 53.29
1436281260000 53.48
1436281320000 53.47
1436281500000 53.38
