1436261400000 6.0
1436261580000 6.0
1436261640000 5.99
1436261700000 5.99
1436261760000 5.93
1436261880000 5.91
1436261940000 5.83
1436262000000 5.83
1436262060000 5.83
1436262120000 5.84
1436262180000 5.83
1436262240000 5.83
1436262300000 5.83
1436262420000 5.84
1436262480000 5.85
1436262600000 5.86
1436262780000 5.95
1436262840000 5.97
1436262900000 6.0
1436262960000 5.98
1436263080000 5.99
1436263140000 6.015
1436263200000 6.011
1436263260000 6.015
1436263440000 6.02
1436263500000 6.01
1436263620000 6.01
1436263740000 6.02
1436263800000 6.015
1436263980000 6.02
1436264040000 6.02
1436264160000 6.01
1436264220000 6.01
1436264280000 6.01
1436264400000 6.0099
1436264580000 6.01
1436264640000 6.01
1436264760000 6.0
1436264880000 6.0
1436264940000 6.01
1436265000000 6.01
1436265060000 6.01
1436265120000 6.01
1436265180000 6.02
1436265300000 6.01
1436265420000 6.0
1436265480000 6.01
1436265660000 6.03
1436265720000 6.03
1436265780000 6.005
1436265900000 6.0
1436266080000 6.0
1436266320000 6.0
1436266380000 5.98
1436266560000 5.98
1436266680000 5.95
1436266740000 5.95
1436266800000 5.95
1436266860000 5.95
1436266980000 5.96
1436267040000 5.97
1436267100000 5.969
1436267220000 5.96
1436267280000 5.96
1436267340000 5.96
1436267460000 5.95
1436267520000 5.95
1436267940000 5.96
1436268000000 5.96
1436268060000 5.96
1436268120000 5.959
1436268180000 5.959
1436268300000 5.96
1436268360000 5.96
1436268540000 5.96
1436268600000 5.96
1436268660000 5.96
1436268780000 5.95
1436268840000 5.95
1436268900000 5.95
1436268960000 5.95
1436269200000 5.9501
1436269620000 5.96
1436269680000 5.955
1436269860000 5.96
1436269920000 5.96
1436270160000 5.955
1436270340000 5.96
1436270880000 5.96
1436270940000 5.96
1436271060000 5.95
1436271120000 5.95
1436271180000 5.95
1436271240000 5.95
1436271540000 5.95
1436271900000 5.95
1436271960000 5.95
1436272020000 5.95
1436272080000 5.95
1436272140000 5.87
1436272260000 5.88
1436272380000 5.87
1436272440000 5.875
1436272500000 5.88
1436272620000 5.91
1436272680000 5.92
1436272860000 5.94
1436273100000 5.95
1436273220000 5.95
1436273280000 5.95
1436273400000 5.94
1436273460000 5.94
1436273520000 5.92
1436273580000 5.92
1436273820000 5.91
1436274000000 5.92
1436274180000 5.92
1436274300000 5.93
1436274360000 5.94
1436274420000 5.94
1436274540000 5.95
1436274720000 5.95
1436275020000 5.95
1436275080000 5.95
1436275200000 5.95
1436275320000 5.95
1436275380000 5.9501
1436275440000 5.96
1436275500000 5.95
1436275560000 5.95
1436275620000 5.96
1436275680000 5.95
1436275740000 5.9501
1436275860000 5.95
1436275920000 5.95
1436275980000 5.95
1436276040000 5.95
1436276100000 5.95
1436276160000 5.96
1436276280000 5.96
1436276340000 5.96
1436276460000 5.96
1436276520000 5.96
1436276640000 5.96
1436276700000 5.969
1436276760000 5.965
1436276820000 5.96
1436276880000 5.96
1436276940000 5.969
1436277000000 5.96
1436277060000 5.96
1436277120000 5.96
1436277180000 5.96
1436277300000 5.96
1436277360000 5.96
1436277420000 5.96
1436277480000 5.96
1436277540000 5.96
1436277660000 5.96
1436277720000 5.97
1436277840000 5.96
1436277900000 5.96
1436278020000 5.96
1436278080000 5.96
1436278200000 5.97
1436278260000 5.96
1436278320000 5.97
1436278380000 5.96
1436278440000 5.96
1436278500000 5.97
1436278560000 5.96
1436278620000 5.96
1436278680000 5.97
1436278740000 5.96
1436278860000 5.96
1436278920000 5.96
1436278980000 5.97
1436279040000 5.96
1436279100000 5.97
1436279220000 5.97
1436279280000 5.965
1436279340000 5.97
1436279400000 5.96
1436279460000 5.96
1436279700000 5.96
1436279760000 5.96
1436279880000 5.96
1436279940000 5.96
1436280060000 5.96
1436280120000 5.96
1436280180000 5.97
1436280240000 5.96
1436280360000 5.96
1436280420000 5.97
1436280480000 5.995
1436280540000 5.99
1436280660000 5.9901
1436280720000 5.9901
1436280780000 5.99
1436280840000 5.99
1436280900000 5.99
1436281020000 5.98
1436281140000 5.98
1436281200000 5.98
1436281320000 5.97
1436281440000 5.97
1436281500000 5.97
1436281560000 5.96
