1436261400000 0.391
1436261460000 0.39
1436261520000 0.3965
1436261580000 0.39
1436261640000 0.405
1436261700000 0.39
1436261820000 0.394
1436261880000 0.3901
1436261940000 0.39
1436262120000 0.39
1436262240000 0.39
1436262300000 0.3914
1436262360000 0.39
1436262480000 0.3925
1436262540000 0.39
1436262600000 0.3909
1436262660000 0.3909
1436262720000 0.3893
1436262780000 0.3879
1436262840000 0.3864
1436262900000 0.385
1436262960000 0.3856
1436263020000 0.386
1436263080000 0.3861
1436263140000 0.3855
1436263200000 0.3854
1436263260000 0.3935
1436263320000 0.3935
1436263380000 0.39
1436263440000 0.39
1436263500000 0.3851
1436263560000 0.3889
1436263620000 0.385
1436263680000 0.3865
1436263740000 0.3864
1436263800000 0.3854
1436263860000 0.3851
1436263920000 0.3816
1436263980000 0.3822
1436264040000 0.3805
1436264100000 0.3821
1436264160000 0.3804
1436264220000 0.3805
1436264280000 0.3805
1436264340000 0.3804
1436264400000 0.3804
1436264460000 0.3804
1436264520000 0.3804
1436264580000 0.3803
1436264640000 0.3804
1436264700000 0.3804
1436264760000 0.3803
1436264820000 0.3803
1436264880000 0.3803
1436264940000 0.3803
1436265000000 0.3803
1436265060000 0.3803
1436265120000 0.3804
1436265180000 0.3803
1436265240000 0.3802
1436265300000 0.3802
1436265360000 0.3802
1436265420000 0.3764
1436265480000 0.3761
1436265600000 0.3761
1436265720000 0.3752
1436265780000 0.3752
1436265840000 0.3757
1436265900000 0.3752
1436265960000 0.3751
1436266020000 0.3751
1436266080000 0.3751
1436266140000 0.3752
1436266200000 0.3752
1436266260000 0.3752
1436266320000 0.3753
1436266380000 0.377
1436266440000 0.3849
1436266500000 0.3847
1436266560000 0.3826
1436266620000 0.384
1436266680000 0.3834
1436266740000 0.3832
1436266800000 0.3785
1436266860000 0.377
1436266920000 0.3785
1436266980000 0.3799
1436267040000 0.3799
1436267100000 0.3785
1436267160000 0.3785
1436267220000 0.3797
1436267280000 0.3798
1436267340000 0.3778
1436267400000 0.377
1436267460000 0.3772
1436267520000 0.3775
1436267580000 0.3772
1436267640000 0.3773
1436267700000 0.3772
1436267760000 0.3772
1436267820000 0.3772
1436267880000 0.3772
1436267940000 0.3773
1436268000000 0.3772
1436268060000 0.3773
1436268120000 0.3773
1436268180000 0.3774
1436268240000 0.3798
1436268300000 0.3797
1436268360000 0.3797
1436268420000 0.3797
1436268480000 0.3797
1436268540000 0.3797
1436268600000 0.3798
1436268660000 0.3797
1436268720000 0.3797
1436268780000 0.3798
1436268840000 0.3797
1436268900000 0.3798
1436268960000 0.3798
1436269020000 0.3798
1436269080000 0.3791
1436269140000 0.3791
1436269200000 0.3793
1436269260000 0.3792
1436269320000 0.3792
1436269380000 0.3789
1436269440000 0.3789
1436269500000 0.3789
1436269560000 0.3789
1436269620000 0.3788
1436269680000 0.3788
1436269740000 0.3788
1436269800000 0.3788
1436269860000 0.3788
1436269920000 0.3788
1436269980000 0.3788
1436270040000 0.3789
1436270100000 0.3788
1436270160000 0.3789
1436270220000 0.3788
1436270280000 0.3789
1436270340000 0.3788
1436270400000 0.3789
1436270520000 0.379
1436270580000 0.379
1436270640000 0.379
1436270700000 0.379
1436270760000 0.379
1436270820000 0.379
1436270880000 0.379
1436270940000 0.3791
1436271000000 0.3791
1436271060000 0.3791
1436271120000 0.3791
1436271180000 0.379
1436271240000 0.379
1436271300000 0.379
1436271360000 0.3791
1436271420000 0.3791
1436271480000 0.3791
1436271540000 0.3791
1436271600000 0.3791
1436271660000 0.379
1436271720000 0.3791
1436271780000 0.3792
1436271840000 0.3792
1436271900000 0.3792
1436271960000 0.3792
1436272020000 0.3792
1436272080000 0.3791
1436272140000 0.3792
1436272200000 0.3791
1436272260000 0.3791
1436272320000 0.3791
1436272380000 0.3791
1436272440000 0.3792
1436272500000 0.3792
1436272560000 0.3791
1436272620000 0.3792
1436272680000 0.3791
1436272740000 0.3792
1436272800000 0.3792
1436272860000 0.3792
1436272920000 0.3792
1436272980000 0.3792
1436273040000 0.3792
1436273100000 0.3791
1436273160000 0.3791
1436273220000 0.3792
1436273280000 0.3793
1436273340000 0.3793
1436273400000 0.3792
1436273460000 0.3793
1436273520000 0.3793
1436273580000 0.3793
1436273640000 0.3793
1436273700000 0.3793
1436273760000 0.3793
1436273820000 0.3793
1436273880000 0.3793
1436273940000 0.3793
1436274000000 0.3792
1436274060000 0.3792
1436274120000 0.3792
1436274180000 0.3793
1436274240000 0.3792
1436274300000 0.3792
1436274360000 0.3792
1436274420000 0.3793
1436274480000 0.3792
1436274540000 0.3793
1436274600000 0.3792
1436274660000 0.3792
1436274720000 0.3792
1436274780000 0.3792
1436274840000 0.3793
1436274900000 0.3793
1436274960000 0.3792
1436275020000 0.3793
1436275080000 0.3793
1436275140000 0.3793
1436275200000 0.3793
1436275260000 0.3792
1436275320000 0.3792
1436275380000 0.3792
1436275440000 0.3792
1436275500000 0.3792
1436275560000 0.3792
1436275620000 0.38
1436275680000 0.38
1436275740000 0.38
1436275800000 0.3799
1436275860000 0.3828
1436275920000 0.3824
1436275980000 0.3821
1436276040000 0.3864
1436276100000 0.385
1436276160000 0.3852
1436276220000 0.3854
1436276280000 0.3852
1436276340000 0.3853
1436276400000 0.3853
1436276460000 0.3853
1436276520000 0.3852
1436276580000 0.3852
1436276640000 0.3853
1436276700000 0.3853
1436276760000 0.3852
1436276820000 0.3853
1436276880000 0.3853
1436276940000 0.3853
1436277000000 0.3852
1436277060000 0.3852
1436277120000 0.3853
1436277180000 0.3853
1436277240000 0.3852
1436277300000 0.3852
1436277360000 0.3853
1436277420000 0.3853
1436277480000 0.3852
1436277540000 0.3853
1436277600000 0.3853
1436277660000 0.3853
1436277720000 0.3853
1436277780000 0.3853
1436277840000 0.3853
1436277900000 0.3853
1436277960000 0.3853
1436278020000 0.3853
1436278080000 0.3853
1436278140000 0.3874
1436278200000 0.3878
1436278260000 0.3886
1436278320000 0.3893
1436278380000 0.3893
1436278440000 0.3893
1436278500000 0.3893
1436278560000 0.3893
1436278620000 0.3893
1436278680000 0.3893
1436278740000 0.3892
1436278800000 0.3892
1436278860000 0.3892
1436278920000 0.3892
1436278980000 0.3892
1436279040000 0.3893
1436279100000 0.3893
1436279160000 0.3892
1436279220000 0.3893
1436279280000 0.3893
1436279340000 0.3892
1436279400000 0.3893
1436279460000 0.3893
1436279520000 0.3893
1436279580000 0.3893
1436279640000 0.3893
1436279700000 0.3893
1436279760000 0.3893
1436279820000 0.3893
1436279880000 0.3893
1436279940000 0.3893
1436280000000 0.3893
1436280060000 0.3914
1436280120000 0.3915
1436280180000 0.3913
1436280240000 0.3909
1436280300000 0.3908
1436280360000 0.3908
1436280420000 0.3901
1436280480000 0.39
1436280540000 0.39
1436280600000 0.39
1436280660000 0.39
1436280720000 0.39
1436280780000 0.3901
1436280840000 0.39
1436280900000 0.39
1436280960000 0.3901
1436281020000 0.39
1436281080000 0.39
1436281140000 0.3901
1436281200000 0.39
1436281260000 0.3901
1436281320000 0.39
1436281380000 0.39
1436281440000 0.39
1436281500000 0.39
