1436261400000 16.51
1436262240000 16.43
1436262360000 16.45
1436262600000 16.47
1436262660000 16.47
1436262840000 16.48
1436263200000 16.48
1436263260000 16.48
1436263320000 16.49
1436263680000 16.48
1436263860000 16.485
1436264100000 16.49
1436264160000 16.49
1436264280000 16.49
1436264340000 16.5
1436264460000 16.5
1436264520000 16.49
1436264580000 16.456
1436264760000 16.45
1436265060000 16.49
1436265120000 16.49
1436265180000 16.48
1436265240000 16.48
1436265300000 16.48
1436265360000 16.47
1436265420000 16.4704
1436265480000 16.47
1436265540000 16.47
1436265600000 16.45
1436265720000 16.45
1436265780000 16.45
1436265960000 16.4308
1436266140000 16.45
1436266200000 16.45
1436266320000 16.45
1436266560000 16.45
1436266620000 16.4699
1436266740000 16.45
1436266800000 16.45
1436266860000 16.45
1436266920000 16.45
1436267040000 16.45
1436267100000 16.45
1436267160000 16.45
1436267220000 16.46
1436267280000 16.46
1436267340000 16.46
1436267400000 16.45
1436267460000 16.47
1436267580000 16.45
1436267760000 16.45
1436267940000 16.45
1436268000000 16.46
1436268060000 16.46
1436268120000 16.46
1436268180000 16.45
1436268240000 16.45
1436268300000 16.45
1436268480000 16.45
1436268660000 16.45
1436268720000 16.45
1436268780000 16.45
1436268840000 16.431
1436268900000 16.46
1436269020000 16.43
1436269080000 16.43
1436269140000 16.43
1436269680000 16.45
1436269920000 16.49
1436269980000 16.48
1436270160000 16.421
1436270460000 16.46
1436271120000 16.46
1436273400000 16.4701
1436273760000 16.497
1436273880000 16.5
1436273940000 16.5
1436274000000 16.5
1436275380000 16.47
1436276400000 16.4801
1436276940000 16.48
1436277060000 16.5
1436277360000 16.48
1436277420000 16.49
1436277480000 16.48
1436277660000 16.5
1436277720000 16.5
1436277780000 16.49
1436277840000 16.49
1436278080000 16.495
1436278140000 16.49
1436278860000 16.49
1436278980000 16.48
1436279520000 16.5
1436279580000 16.46
1436279640000 16.5
1436279700000 16.5
1436279760000 16.5
1436279820000 16.5
1436279880000 16.5
1436279940000 16.5
1436280120000 16.5
1436280240000 16.52
1436280300000 16.54
1436280360000 16.55
1436280420000 16.56
1436280480000 16.57
1436281200000 16.59
1436281260000 16.6
1436281500000 16.61
