1404705600000 9.4494
1404792000000 9.3533
1404878400000 9.2669
1404964800000 9.1805
1405051200000 9.2285
1405310400000 9.3053
1405396800000 9.2477
1405483200000 9.1709
1405569600000 9.1132
1405656000000 9.1901
1405915200000 9.1805
1406001600000 9.1901
1406088000000 9.1613
1406174400000 9.1421
1406260800000 9.0364
1406520000000 9.0556
1406606400000 8.8444
1406692800000 8.9692
1406779200000 8.7387
1406865600000 8.6907
1407124800000 8.7099
1407211200000 8.7771
1407297600000 8.806
1407384000000 8.7099
1407470400000 8.7483
1407729600000 8.7867
1407816000000 8.7387
1407902400000 8.7867
1407988800000 8.7291
1408075200000 8.6523
1408334400000 8.7387
1408420800000 8.7963
1408507200000 8.7579
1408593600000 8.8156
1408680000000 8.902
1408939200000 8.9596
1409025600000 8.9404
1409112000000 8.9212
1409198400000 8.854
1409284800000 8.9788
1409630400000 10.1696
1409716800000 10.1792
1409803200000 10.208
1409889600000 10.208
1410148800000 10.2176
1410235200000 10.208
1410321600000 10.2272
1410408000000 10.2656
1410494400000 10.2272
1410753600000 10.2272
1410840000000 10.2272
1410926400000 10.2368
1411012800000 10.256
1411099200000 10.2752
1411358400000 10.2368
1411444800000 10.1312
1411531200000 10.2176
1411617600000 10.1984
1411704000000 10.2368
1411963200000 10.2128
1412049600000 10.1888
1412136000000 10.1792
1412222400000 10.1984
1412308800000 10.2464
1412568000000 10.1984
1412654400000 10.1504
1412740800000 10.1984
1412827200000 10.0928
1412913600000 9.9775
1413172800000 9.8623
1413259200000 9.9007
1413345600000 9.699
1413432000000 9.995
1413518400000 9.86
1413777600000 9.87
1413864000000 9.95
1413950400000 9.93
1414036800000 9.97
1414123200000 10.04
1414382400000 10.09
1414468800000 10.11
1414555200000 10.13
1414641600000 10.1
1414728000000 10.15
1414990800000 10.15
1415077200000 10.14
1415163600000 10.18
1415250000000 10.19
1415336400000 10.18
1415595600000 10.17
1415682000000 10.19
1415768400000 10.19
1415854800000 10.165
1415941200000 10.17
1416200400000 10.16
1416286800000 10.16
1416373200000 10.16
1416459600000 10.27
1416546000000 10.26
1416805200000 10.33
1416891600000 10.29
1416978000000 10.29
1417150800000 10.32
1417410000000 10.35
1417496400000 10.34
1417582800000 10.35
1417669200000 10.35
1417755600000 10.36
1418014800000 10.3
1418101200000 10.34
1418187600000 10.34
1418274000000 10.34
1418360400000 10.34
1418619600000 10.35
