1436261400000 2.18
1436261460000 2.18
1436261580000 2.18
1436261640000 2.17
1436261700000 2.16
1436261820000 2.15
1436261940000 2.1699
1436262000000 2.15
1436262120000 2.171
1436262420000 2.174
1436262540000 2.1503
1436262720000 2.1799
1436263080000 2.15
1436263200000 2.14
1436263380000 2.15
1436263440000 2.16
1436263500000 2.142
1436263620000 2.1599
1436263800000 2.149
1436263920000 2.14
1436263980000 2.142
1436264040000 2.14
1436264100000 2.158
1436264160000 2.1499
1436264220000 2.1405
1436264340000 2.1499
1436264460000 2.1405
1436264520000 2.1458
1436264640000 2.14
1436264760000 2.139
1436264940000 2.13
1436265000000 2.13
1436265060000 2.13
1436265360000 2.1201
1436265420000 2.12
1436265480000 2.11
1436265540000 2.11
1436265600000 2.12
1436265660000 2.11
1436265780000 2.1101
1436265840000 2.1
1436265900000 2.09
1436265960000 2.09
1436266200000 2.11
1436266320000 2.1001
1436266560000 2.11
1436266620000 2.12
1436266680000 2.1179
1436266980000 2.11
1436267040000 2.1199
1436267160000 2.1121
1436267220000 2.12
1436267280000 2.12
1436267340000 2.11
1436267580000 2.1099
1436267760000 2.1
1436267880000 2.0901
1436267940000 2.09
1436268060000 2.09
1436268120000 2.09
1436268420000 2.1
1436268540000 2.1
1436268900000 2.09
1436269020000 2.086
1436269140000 2.0801
1436269260000 2.0852
1436269380000 2.09
1436269440000 2.1158
1436269680000 2.1001
1436269740000 2.098
1436269980000 2.1021
1436270100000 2.1
1436270160000 2.09
1436270400000 2.08
1436270580000 2.09
1436270640000 2.08
1436270760000 2.08
1436270820000 2.09
1436270880000 2.09
1436271000000 2.0999
1436271180000 2.09
1436271240000 2.09
1436271300000 2.0895
1436271360000 2.0883
1436271540000 2.09
1436271600000 2.09
1436271780000 2.1
1436271840000 2.09
1436271900000 2.09
1436272020000 2.09
1436272260000 2.1
1436272320000 2.11
1436272380000 2.1
1436272560000 2.1
1436272620000 2.0999
1436272860000 2.11
1436272920000 2.11
1436272980000 2.11
1436273040000 2.12
1436273100000 2.1201
1436273400000 2.12
1436273760000 2.1198
1436273880000 2.11
1436274600000 2.1
1436274960000 2.11
1436275440000 2.106
1436275500000 2.11
1436276700000 2.119
1436276760000 2.12
1436277000000 2.13
1436277180000 2.12
1436277540000 2.1223
1436277720000 2.13
1436277840000 2.12
1436277900000 2.13
1436278020000 2.12
1436278080000 2.1199
1436278200000 2.1196
1436278380000 2.1104
1436278440000 2.1101
1436278500000 2.12
1436278560000 2.1196
1436278680000 2.1104
1436278800000 2.1
1436279160000 2.11
1436279460000 2.111
1436279520000 2.11
1436280060000 2.13
1436280120000 2.15
1436280720000 2.13
1436280900000 2.13
1436280960000 2.13
1436281320000 2.13
