1436261400000 27.69
1436261460000 27.5
1436261640000 27.69
1436261700000 27.47
1436261760000 27.57
1436261820000 27.5
1436261880000 27.51
1436261940000 27.62
1436262000000 27.485
1436262060000 27.3644
1436262120000 27.3
1436262180000 27.33
1436262240000 27.37
1436262300000 27.41
1436262360000 27.48
1436262420000 27.44
1436262480000 27.56
1436262540000 27.56
1436262600000 27.5
1436262660000 27.57
1436262720000 27.65
1436262780000 27.68
1436262840000 27.61
1436262900000 27.68
1436262960000 27.69
1436263020000 27.66
1436263080000 27.55
1436263140000 27.41
1436263200000 27.43
1436263320000 27.47
1436263380000 27.49
1436263440000 27.45
1436263500000 27.47
1436263560000 27.465
1436263620000 27.47
1436263740000 27.545
1436263800000 27.54
1436263860000 27.64
1436263920000 27.64
1436263980000 27.64
1436264040000 27.665
1436264340000 27.59
1436264460000 27.59
1436264520000 27.56
1436264580000 27.56
1436264640000 27.575
1436264700000 27.6
1436264760000 27.56
1436264820000 27.52
1436265000000 27.48
1436265180000 27.47
1436265240000 27.5
1436265300000 27.51
1436265360000 27.48
1436265420000 27.5
1436265540000 27.5
1436265660000 27.5
1436265720000 27.5
1436265780000 27.5
1436265840000 27.5
1436265960000 27.51
1436266020000 27.55
1436266080000 27.58
1436266200000 27.61
1436266260000 27.6
1436266320000 27.59
1436266380000 27.57
1436266440000 27.65
1436266500000 27.71
1436266560000 27.65
1436266740000 27.62
1436266800000 27.59
1436266920000 27.55
1436267040000 27.56
1436267100000 27.54
1436267160000 27.52
1436267220000 27.5175
1436267280000 27.495
1436267340000 27.57
1436267400000 27.51
1436267580000 27.5101
1436267700000 27.55
1436267760000 27.62
1436267820000 27.56
1436268000000 27.57
1436268060000 27.52
1436268120000 27.51
1436268180000 27.49
1436268360000 27.51
1436268420000 27.52
1436268540000 27.5
1436268600000 27.47
1436268660000 27.445
1436268720000 27.43
1436268780000 27.35
1436268840000 27.32
1436268900000 27.31
1436268960000 27.31
1436269080000 27.345
1436269140000 27.41
1436269200000 27.42
1436269320000 27.46
1436269380000 27.5
1436269440000 27.5
1436269560000 27.55
1436269680000 27.55
1436269740000 27.46
1436270100000 27.44
1436270160000 27.48
1436270220000 27.55
1436270280000 27.61
1436270340000 27.56
1436270640000 27.53
1436270700000 27.57
1436270760000 27.58
1436270940000 27.58
1436271060000 27.54
1436271120000 27.48
1436271420000 27.45
1436271480000 27.45
1436271540000 27.47
1436271660000 27.49
1436271720000 27.48
1436271780000 27.48
1436271960000 27.51
1436272200000 27.52
1436272260000 27.52
1436272320000 27.57
1436272380000 27.57
1436272500000 27.6
1436272620000 27.57
1436272680000 27.59
1436272800000 27.63
1436272860000 27.65
1436272920000 27.67
1436272980000 27.64
1436273040000 27.59
1436273100000 27.62
1436273160000 27.67
1436273220000 27.66
1436273280000 27.74
1436273460000 27.74
1436273520000 27.74
1436273700000 27.8
1436273760000 27.81
1436273820000 27.81
1436273880000 27.8
1436273940000 27.78
1436274000000 27.79
1436274060000 27.81
1436274180000 27.82
1436274240000 27.77
1436274420000 27.8
1436274660000 27.79
1436274720000 27.8
1436274900000 27.87
1436274960000 27.83
1436275200000 27.81
1436275320000 27.81
1436275440000 27.8
1436275500000 27.79
1436275620000 27.75
1436275680000 27.76
1436275740000 27.77
1436275800000 27.77
1436275860000 27.78
1436275920000 27.73
1436276100000 27.74
1436276160000 27.77
1436276400000 27.7
1436276460000 27.67
1436276520000 27.68
1436276640000 27.72
1436276700000 27.77
1436276820000 27.75
1436276880000 27.72
1436276940000 27.75
1436277000000 27.75
1436277060000 27.74
1436277120000 27.77
1436277180000 27.77
1436277300000 27.77
1436277360000 27.79
1436277540000 27.8
1436277720000 27.8
1436277960000 27.78
1436278080000 27.78
1436278200000 27.8
1436278260000 27.81
1436278500000 27.79
1436278560000 27.79
1436278740000 27.76
1436278800000 27.69
1436278860000 27.67
1436278920000 27.68
1436279040000 27.69
1436279100000 27.705
1436279220000 27.69
1436279280000 27.64
1436279340000 27.645
1436279400000 27.6737
1436279460000 27.68
1436279520000 27.7
1436279580000 27.7
1436279700000 27.71
1436279820000 27.72
1436279880000 27.725
1436279940000 27.77
1436280000000 27.775
1436280060000 27.78
1436280180000 27.84
1436280360000 27.875
1436280420000 27.89
1436280720000 27.88
1436280840000 27.88
1436280900000 27.83
1436280960000 27.845
1436281020000 27.88
1436281080000 27.91
1436281140000 27.91
1436281200000 27.89
1436281320000 27.9
1436281440000 27.89
1436281500000 27.87
1436281620000 27.87
1436281680000 27.88
