1436261400000 13.13
1436261460000 13.0701
1436261520000 13.08
1436261700000 13.05
1436262120000 13.0528
1436263140000 12.99
1436263380000 12.94
1436263440000 12.95
1436263500000 12.95
1436263560000 12.95
1436263620000 12.93
1436263680000 12.95
1436263800000 12.96
1436264160000 12.96
1436264340000 12.985
1436264400000 12.98
1436264460000 12.95
1436264520000 12.95
1436264640000 12.95
1436264700000 12.95
1436264760000 12.95
1436264820000 12.915
1436264940000 12.9165
1436265000000 12.93
1436265060000 12.92
1436265120000 12.85
1436265180000 12.92
1436265360000 12.91
1436265540000 12.84
1436265600000 12.819
1436265960000 12.795
1436266140000 12.77
1436266500000 12.75
1436266800000 12.75
1436267040000 12.74
1436267280000 12.75
1436267640000 12.775
1436267880000 12.78
1436268300000 12.71
1436268540000 12.77
1436268660000 12.73
1436268720000 12.73
1436268780000 12.85
1436270460000 12.67
1436270760000 12.67
1436270940000 12.653
1436271060000 12.65
1436271540000 12.7
1436271660000 12.7
1436271840000 12.7
1436272020000 12.7
1436272140000 12.7
1436272320000 12.7
1436272620000 12.7
1436276280000 12.77
1436276340000 12.77
1436277780000 12.7742
1436277840000 12.77
1436277900000 12.77
1436278500000 12.75
1436278680000 12.72
1436278740000 12.72
1436278860000 12.75
1436279700000 12.761
