1404705600000 0.0365
1404792000000 0.0301
1404878400000 0.035
1404964800000 0.035
1405051200000 0.0427
1405310400000 0.0499
1405396800000 0.04
1405483200000 0.0307
1405915200000 0.0301
1406001600000 0.0391
1406174400000 0.0352
1406260800000 0.0319
1406520000000 0.0399
1406606400000 0.03
1406692800000 0.05
1406779200000 0.06
1406865600000 0.04
1407124800000 0.04
1407211200000 0.05
1407384000000 0.0439
1407470400000 0.05
1407729600000 0.048
1407902400000 0.048
1408334400000 0.0316
1408420800000 0.0313
1408680000000 0.0303
1408939200000 0.0499
1409025600000 0.0498
1409803200000 0.03
1409889600000 0.022
1410148800000 0.0594
1410235200000 0.052
1410321600000 0.058
1410408000000 0.05
1410494400000 0.045
1410753600000 0.038
1410840000000 0.0301
1410926400000 0.0483
1411012800000 0.0398
1411358400000 0.034
1411444800000 0.04
1411531200000 0.031
1411617600000 0.0369
1411704000000 0.0372
1411963200000 0.0399
1412049600000 0.0304
1412136000000 0.039
1412222400000 0.04
1412308800000 0.0379
1412568000000 0.039
1412654400000 0.0389
1412740800000 0.0321
1412827200000 0.0331
1412913600000 0.0303
1413172800000 0.0303
1413345600000 0.0304
1413432000000 0.0304
1413518400000 0.0306
1413777600000 0.0349
1413864000000 0.0349
1413950400000 0.0341
1414036800000 0.0311
1414382400000 0.03
1414468800000 0.0349
1414641600000 0.0131
1414728000000 0.0171
1414990800000 0.0335
1415077200000 0.03
1415336400000 0.021
1415768400000 0.025
1415854800000 0.0259
1415941200000 0.03
1416200400000 0.03
1416286800000 0.0151
1416373200000 0.0139
1416459600000 0.0199
1416546000000 0.0175
1416805200000 0.0186
1416978000000 0.014
1417150800000 0.014
1417410000000 0.02
1417496400000 0.0175
1417582800000 0.0142
1417669200000 0.0174
1417755600000 0.015
1418014800000 0.0149
1418101200000 0.013
1418274000000 0.0121
1418360400000 0.0173
1418619600000 0.015
1418792400000 0.0173
1418878800000 0.0102
1418965200000 0.0119
1419224400000 0.0115
1419310800000 0.0159
1419570000000 0.01
1419829200000 0.0173
1419915600000 0.013
1420002000000 0.0101
1420174800000 0.0149
1420434000000 0.014
1420520400000 0.01
1420606800000 0.0148
1420693200000 0.0111
1420779600000 0.0102
1421038800000 0.0102
1421125200000 0.0101
1421211600000 0.0124
1421298000000 0.0125
1421384400000 0.01
1421730000000 0.0124
1421816400000 0.01
1421902800000 0.0125
1422248400000 0.0101
1422334800000 0.01
1422421200000 0.0101
1422594000000 0.01
1422853200000 0.01
1422939600000 0.0076
1423026000000 0.0054
1423198800000 0.0093
1423458000000 0.0082
1423544400000 0.0093
1423630800000 0.0097
1423717200000 0.009
1423803600000 0.009
1424149200000 0.01
1424235600000 0.01
1424322000000 0.008
1424667600000 0.01
1424840400000 0.01
1424926800000 0.011
1425013200000 0.01
1425272400000 0.01
1425358800000 0.011
1425445200000 0.0108
1425531600000 0.01
1425618000000 0.009
1425873600000 0.01
1425960000000 0.011
1426046400000 0.0126
1426132800000 0.0125
1426219200000 0.01
1426478400000 0.01
1426564800000 0.0198
1426651200000 0.0399
1426737600000 0.0275
1426824000000 0.04
1427083200000 0.03
1427169600000 0.029
1427256000000 0.02
1427342400000 0.02
1427428800000 0.014
1427688000000 0.017
1427774400000 0.021
1427860800000 0.018
1427947200000 0.016
1428292800000 0.0199
1428379200000 0.014
1428465600000 0.0132
1428552000000 0.0136
1428638400000 0.0133
1428897600000 0.0135
1428984000000 0.012
1429070400000 0.01
1429156800000 0.0129
1429243200000 0.01
1429502400000 0.0085
1429588800000 0.0085
1429675200000 0.008
1429761600000 0.009
1429848000000 0.009
1430107200000 0.009
1430193600000 0.009
1430280000000 0.009
1430366400000 0.008
1430452800000 0.009
1430712000000 0.01
1430798400000 0.0058
1430884800000 0.0046
1430971200000 0.0077
1431057600000 0.009
1431316800000 0.0088
1431403200000 0.005
1431489600000 0.005
1431576000000 0.0056
1431662400000 0.005
1431921600000 0.0045
1432008000000 0.0035
