1436261400000 3.31
1436261580000 3.3
1436261640000 3.285
1436261700000 3.29
1436261760000 3.28
1436261820000 3.28
1436261880000 3.2403
1436261940000 3.25
1436262000000 3.28
1436262060000 3.27
1436262120000 3.27
1436262180000 3.29
1436262300000 3.29
1436262360000 3.27
1436262420000 3.27
1436262480000 3.25
1436262540000 3.255
1436262600000 3.25
1436262660000 3.25
1436262720000 3.25
1436262780000 3.27
1436262900000 3.255
1436263020000 3.24
1436263080000 3.23
1436263140000 3.24
1436263200000 3.24
1436263260000 3.23
1436263320000 3.23
1436263380000 3.23
1436263440000 3.23
1436263560000 3.23
1436263620000 3.22
1436263680000 3.205
1436263740000 3.205
1436263800000 3.205
1436263860000 3.232
1436263920000 3.23
1436263980000 3.23
1436264040000 3.22
1436264160000 3.22
1436264280000 3.22
1436264340000 3.22
1436264400000 3.2315
1436264460000 3.22
1436264520000 3.22
1436264580000 3.21
1436264640000 3.2299
1436264700000 3.22
1436264820000 3.21
1436264880000 3.22
1436264940000 3.2199
1436265060000 3.21
1436265120000 3.21
1436265180000 3.22
1436265240000 3.21
1436265300000 3.21
1436265360000 3.2
1436265420000 3.2
1436265480000 3.205
1436265540000 3.205
1436265600000 3.205
1436265660000 3.2099
1436265720000 3.2
1436265780000 3.2099
1436265840000 3.205
1436265900000 3.2
1436265960000 3.21
1436266020000 3.27
1436266080000 3.26
1436266140000 3.27
1436266200000 3.28
1436266260000 3.26
1436266320000 3.2599
1436266380000 3.2899
1436266440000 3.2999
1436266500000 3.33
1436266560000 3.2699
1436266620000 3.27
1436266680000 3.29
1436266740000 3.28
1436266800000 3.27
1436266860000 3.27
1436266920000 3.265
1436266980000 3.27
1436267100000 3.265
1436267160000 3.27
1436267220000 3.28
1436267280000 3.28
1436267340000 3.28
1436267400000 3.28
1436267460000 3.28
1436267520000 3.29
1436267580000 3.28
1436267640000 3.28
1436267700000 3.2899
1436267760000 3.28
1436267820000 3.27
1436267880000 3.27
1436267940000 3.2601
1436268000000 3.27
1436268060000 3.265
1436268120000 3.26
1436268180000 3.27
1436268240000 3.2699
1436268300000 3.27
1436268360000 3.28
1436268420000 3.2899
1436268480000 3.2992
1436268540000 3.29
1436268600000 3.29
1436268660000 3.3
1436268720000 3.281
1436268780000 3.2899
1436268840000 3.26
1436268900000 3.265
1436268960000 3.26
1436269020000 3.26
1436269080000 3.25
1436269140000 3.26
1436269200000 3.29
1436269260000 3.29
1436269320000 3.2892
1436269380000 3.299
1436269440000 3.295
1436269500000 3.29
1436269560000 3.2899
1436269620000 3.28
1436269740000 3.28
1436269800000 3.28
1436269860000 3.2899
1436269920000 3.28
1436269980000 3.28
1436270040000 3.27
1436270100000 3.27
1436270160000 3.28
1436270220000 3.3
1436270280000 3.31
1436270400000 3.29
1436270460000 3.28
1436270520000 3.27
1436270580000 3.28
1436270640000 3.27
1436270700000 3.27
1436270760000 3.27
1436270820000 3.275
1436270880000 3.3
1436270940000 3.29
1436271000000 3.29
1436271060000 3.3099
1436271120000 3.3099
1436271180000 3.3
1436271240000 3.3
1436271300000 3.3
1436271360000 3.295
1436271420000 3.3
1436271480000 3.3001
1436271540000 3.3
1436271600000 3.29
1436271660000 3.31
1436271720000 3.3099
1436271840000 3.3
1436271960000 3.3
1436272080000 3.3001
1436272140000 3.3
1436272200000 3.3
1436272260000 3.305
1436272440000 3.3
1436272500000 3.31
1436272620000 3.31
1436272740000 3.32
1436272800000 3.315
1436272860000 3.33
1436272920000 3.3299
1436272980000 3.3399
1436273040000 3.34
1436273160000 3.33
1436273220000 3.33
1436273280000 3.3799
1436273340000 3.37
1436273400000 3.3492
1436273460000 3.35
1436273520000 3.3401
1436273640000 3.35
1436273700000 3.36
1436273820000 3.35
1436273880000 3.35
1436273940000 3.36
1436274000000 3.36
1436274060000 3.35
1436274120000 3.36
1436274180000 3.35
1436274240000 3.3599
1436274300000 3.375
1436274360000 3.37
1436274420000 3.365
1436274480000 3.36
1436274600000 3.36
1436274660000 3.3663
1436274720000 3.375
1436274780000 3.37
1436274840000 3.38
1436274900000 3.388
1436274960000 3.39
1436275020000 3.38
1436275080000 3.38
1436275140000 3.38
1436275200000 3.38
1436275260000 3.38
1436275320000 3.38
1436275440000 3.38
1436275500000 3.385
1436275560000 3.38
1436275620000 3.38
1436275680000 3.38
1436275740000 3.38
1436275800000 3.38
1436275860000 3.3812
1436275920000 3.38
1436275980000 3.38
1436276040000 3.38
1436276100000 3.38
1436276160000 3.385
1436276220000 3.385
1436276340000 3.385
1436276400000 3.385
1436276460000 3.385
1436276520000 3.38
1436276580000 3.385
1436276640000 3.385
1436276700000 3.395
1436276760000 3.4
1436276820000 3.405
1436276880000 3.4
1436276940000 3.4
1436277000000 3.405
1436277060000 3.4
1436277120000 3.4
1436277180000 3.405
1436277240000 3.41
1436277300000 3.41
1436277360000 3.41
1436277420000 3.415
1436277480000 3.415
1436277540000 3.415
1436277600000 3.415
1436277660000 3.41
1436277720000 3.41
1436277780000 3.405
1436277840000 3.405
1436277900000 3.405
1436277960000 3.4099
1436278020000 3.41
1436278080000 3.41
1436278140000 3.41
1436278200000 3.41
1436278260000 3.42
1436278320000 3.42
1436278380000 3.41
1436278440000 3.41
1436278500000 3.4
1436278560000 3.41
1436278620000 3.41
1436278680000 3.4
1436278740000 3.41
1436278800000 3.41
1436278860000 3.4
1436278920000 3.41
1436278980000 3.41
1436279040000 3.41
1436279100000 3.41
1436279160000 3.4
1436279220000 3.41
1436279280000 3.41
1436279340000 3.42
1436279400000 3.42
1436279460000 3.42
1436279520000 3.42
1436279640000 3.43
1436279700000 3.428
1436279820000 3.42
1436279880000 3.43
1436279940000 3.44
1436280000000 3.44
1436280060000 3.44
1436280120000 3.45
1436280180000 3.45
1436280240000 3.45
1436280300000 3.44
1436280420000 3.45
1436280480000 3.46
1436280540000 3.46
1436280600000 3.45
1436280660000 3.44
1436280720000 3.44
1436280840000 3.43
1436280900000 3.43
1436280960000 3.43
1436281020000 3.43
1436281080000 3.43
1436281140000 3.43
1436281260000 3.45
1436281380000 3.44
1436281500000 3.43
