1436261400000 9.32
1436261460000 9.34
1436261580000 9.29
1436261700000 9.27
1436262540000 9.28
1436262600000 9.27
1436262720000 9.18
1436263620000 9.16
1436265960000 9.01
1436266200000 9.02
1436266260000 8.96
1436266440000 8.96
1436267880000 8.97
1436268240000 8.96
1436268360000 8.96
1436268780000 8.84
1436269320000 8.84
1436270160000 8.8999
1436270700000 8.86
1436271300000 8.85
1436271420000 8.899
1436271660000 8.85
1436274000000 8.8
1436274060000 8.83
1436274120000 8.79
1436275380000 8.8
1436276580000 8.8299
1436276700000 8.8
1436276820000 8.85
1436278260000 8.854
1436278860000 8.82
1436279160000 8.88
1436280660000 8.95
1436280720000 8.95
1436280840000 8.99
1436281560000 8.98
