1436261400000 49.92
1436262900000 49.91
1436263860000 49.88
1436264580000 49.9
1436264940000 49.55
1436265900000 49.59
1436266260000 49.6
1436266380000 49.59
1436266980000 49.59
1436267400000 49.8
1436267580000 49.655
1436267640000 49.94
1436268600000 49.48
1436268720000 49.67
1436268900000 49.86
1436269320000 49.65
1436270160000 49.63
1436270220000 49.61
1436270520000 49.52
1436271060000 49.62
1436271120000 49.5
1436271720000 49.37
1436271960000 49.3701
1436272080000 49.37
1436272800000 49.42
1436272860000 49.36
1436273100000 49.445
1436273160000 49.445
1436273220000 49.45
1436274120000 49.37
1436274180000 49.37
1436274240000 49.39
1436274300000 49.37
1436275740000 49.2
1436277360000 49.2
1436278020000 49.205
1436278260000 49.11
1436278380000 49.11
1436278500000 49.0
1436278980000 48.87
1436279220000 48.61
1436279880000 48.87
1436280180000 49.13
1436280360000 49.2
1436280600000 49.315
1436280720000 49.2
1436281080000 49.2
1436281320000 49.245
1436281440000 49.27
