1433496660000 23.1163
1433497440000 23.15
1433497920000 23.15
1433498520000 23.0864
1433498580000 23.15
1433499000000 23.06
1433499600000 23.1
1433499840000 23.13
1433499900000 23.09
1433499960000 23.09
1433500140000 23.09
1433501400000 23.08
1433502600000 23.1299
1433502720000 23.09
1433503620000 23.08
1433504160000 23.06
1433506140000 23.12
1433506260000 23.12
1433506800000 23.091
1433507760000 23.12
1433508120000 23.13
1433508840000 23.12
1433508900000 23.13
1433508960000 23.13
1433509800000 23.13
1433510160000 23.1299
1433511420000 23.12
1433511720000 23.1
1433511780000 23.13
1433514000000 23.13
1433514120000 23.1299
1433514840000 23.13
1433514900000 23.121
1433515260000 23.11
1433515320000 23.07
1433515680000 23.12
1433517360000 23.085
1433518140000 23.1
1433518200000 23.07
1433518380000 23.11
1433518440000 23.09
1433518740000 23.091
1433518800000 23.0949
1433519040000 23.09
1433519340000 23.05
1433519640000 23.06
1433519820000 23.05
1433519880000 23.06
1433519940000 23.06
1433521740000 23.09
