1436261400000 50.5
1436261460000 50.21
1436261520000 50.4
1436261580000 50.12
1436261640000 49.8
1436261700000 49.75
1436261760000 49.53
1436261820000 49.55
1436261880000 49.6
1436261940000 49.77
1436262000000 49.7999
1436262060000 49.7974
1436262120000 49.77
1436262180000 49.8
1436262240000 49.655
1436262360000 49.55
1436262480000 49.48
1436262600000 49.58
1436262660000 49.4
1436262780000 49.46
1436262840000 49.45
1436262900000 49.3147
1436262960000 49.15
1436263020000 48.95
1436263080000 48.88
1436263140000 48.77
1436263200000 48.95
1436263260000 48.86
1436263320000 48.7
1436263440000 48.67
1436263500000 48.58
1436263560000 48.5
1436263620000 48.61
1436263680000 48.44
1436263740000 48.25
1436263800000 48.16
1436263860000 48.15
1436263920000 48.13
1436263980000 48.14
1436264040000 48.13
1436264100000 47.97
1436264160000 47.95
1436264220000 48.0959
1436264280000 48.06
1436264340000 48.26
1436264460000 48.23
1436264520000 48.29
1436264580000 48.2799
1436264700000 48.11
1436264760000 48.11
1436264820000 47.95
1436264880000 47.91
1436264940000 47.82
1436265000000 47.77
1436265060000 47.75
1436265120000 47.72
1436265180000 48.0
1436265240000 47.92
1436265300000 47.94
1436265360000 47.908
1436265420000 47.77
1436265480000 47.77
1436265540000 47.71
1436265600000 47.55
1436265660000 47.62
1436265720000 47.44
1436265780000 47.26
1436265840000 47.298
1436265900000 47.39
1436265960000 47.39
1436266020000 47.53
1436266080000 47.71
1436266140000 47.75
1436266200000 47.88
1436266260000 48.045
1436266320000 48.14
1436266380000 48.17
1436266440000 48.24
1436266500000 48.27
1436266560000 48.38
1436266620000 48.38
1436266680000 48.35
1436266740000 48.16
1436266800000 48.142
1436266860000 48.1153
1436266920000 48.0
1436266980000 47.93
1436267040000 47.89
1436267100000 47.89
1436267160000 47.94
1436267220000 47.87
1436267280000 47.93
1436267340000 47.97
1436267400000 48.0
1436267460000 48.0
1436267520000 48.0
1436267580000 48.04
1436267640000 48.07
1436267700000 47.98
1436267820000 47.94
1436267880000 47.93
1436267940000 47.9
1436268000000 47.9699
1436268060000 47.9672
1436268120000 47.92
1436268180000 47.88
1436268240000 47.89
1436268300000 47.93
1436268360000 47.9101
1436268420000 47.91
1436268480000 47.98
1436268540000 47.97
1436268600000 48.08
1436268660000 48.12
1436268720000 48.13
1436268780000 48.14
1436268840000 48.07
1436268900000 48.0
1436268960000 48.04
1436269020000 48.25
1436269080000 48.28
1436269140000 48.32
1436269200000 48.24
1436269260000 48.33
1436269320000 48.44
1436269440000 48.49
1436269500000 48.59
1436269560000 48.54
1436269620000 48.48
1436269680000 48.482
1436269740000 48.456
1436269800000 48.45
1436269860000 48.46
1436269920000 48.53
1436269980000 48.55
1436270040000 48.61
1436270100000 48.509
1436270160000 48.62
1436270220000 48.93
1436270280000 48.9
1436270340000 48.91
1436270400000 48.87
1436270460000 48.85
1436270580000 48.9399
1436270640000 48.98
1436270700000 48.9051
1436270760000 48.84
1436270820000 48.79
1436270880000 48.61
1436270940000 48.5801
1436271000000 48.52
1436271060000 48.58
1436271240000 48.4989
1436271360000 48.47
1436271480000 48.47
1436271540000 48.63
1436271600000 48.63
1436271660000 48.76
1436271900000 48.75
1436271960000 48.75
1436272020000 48.76
1436272140000 48.77
1436272200000 48.78
1436272260000 48.768
1436272320000 48.83
1436272500000 48.8
1436272560000 48.7916
1436272620000 48.74
1436272680000 48.76
1436272740000 48.73
1436272800000 48.72
1436272860000 48.818
1436272920000 48.8
1436272980000 48.8
1436273040000 48.75
1436273100000 48.705
1436273160000 48.75
1436273220000 48.819
1436273280000 48.82
1436273400000 48.93
1436273460000 48.9536
1436273640000 48.96
1436273700000 48.9744
1436273820000 48.96
1436273880000 48.99
1436274000000 49.0
1436274060000 49.002
1436274120000 48.93
1436274180000 48.82
1436274240000 48.8615
1436274300000 48.91
1436274360000 48.89
1436274480000 48.93
1436274540000 48.88
1436274660000 48.92
1436274720000 49.0
1436274780000 49.04
1436274840000 49.0254
1436274960000 49.05
1436275200000 48.95
1436275320000 48.951
1436275380000 48.951
1436275440000 48.96
1436275620000 49.05
1436275680000 49.09
1436275800000 49.09
1436275860000 49.07
1436275920000 49.02
1436275980000 49.0
1436276040000 48.95
1436276100000 48.95
1436276160000 48.97
1436276220000 48.96
1436276280000 48.8857
1436276340000 48.85
1436276400000 48.93
1436276460000 48.97
1436276520000 49.0
1436276580000 49.0
1436276700000 49.05
1436276760000 49.078
1436276820000 49.07
1436276880000 49.0492
1436276940000 49.01
1436277000000 48.93
1436277060000 48.93
1436277120000 48.83
1436277180000 48.84
1436277240000 48.84
1436277300000 48.83
1436277360000 49.0
1436277540000 48.97
1436277600000 49.138
1436277720000 49.17
1436277780000 49.1
1436277900000 49.03
1436278020000 48.9632
1436278080000 49.0
1436278140000 48.97
1436278200000 48.9872
1436278440000 48.96
1436278560000 48.92
1436278620000 48.94
1436278740000 48.98
1436278860000 48.86
1436278920000 48.69
1436279040000 48.69
1436279160000 48.86
1436279220000 48.795
1436279340000 48.84
1436279400000 48.8808
1436279520000 49.0
1436279580000 49.0
1436279640000 48.98
1436279820000 49.0
1436279880000 49.0
1436279940000 49.0
1436280000000 49.0
1436280180000 49.04
1436280240000 49.18
1436280300000 49.1843
1436280480000 49.28
1436280540000 49.27
1436280660000 49.23
1436280720000 49.21
1436280960000 49.21
1436281020000 49.4199
1436281260000 49.42
1436281320000 49.45
1436281380000 49.47
1436281440000 49.4
1436281500000 49.4268
1436281560000 49.38
