1436261400000 32.4
1436261880000 32.55
1436262840000 32.68
1436263620000 32.43
1436263800000 32.37
1436264160000 32.36
1436264520000 32.7
1436265120000 32.24
1436265780000 32.24
1436266380000 32.34
1436266500000 32.33
1436266740000 32.34
1436266980000 32.22
1436267280000 32.23
1436267520000 32.24
1436267580000 32.22
1436267880000 32.36
1436267940000 32.31
1436268060000 32.31
1436268120000 32.29
1436268420000 32.23
1436268480000 32.1
1436269080000 32.15
1436269440000 32.28
1436270160000 32.4
1436271960000 32.47
1436272320000 32.64
1436272680000 32.63
1436272740000 32.66
1436272800000 32.64
1436273220000 32.63
1436274000000 32.74
1436274720000 32.7
1436275020000 32.7
1436275140000 32.69
1436275260000 32.76
1436275440000 32.77
1436275680000 32.7305
1436275920000 32.74
1436276220000 32.74
1436276880000 32.67
1436277000000 32.76
1436278440000 32.6
1436278500000 32.6
1436278620000 32.6
1436279220000 32.39
1436279460000 32.39
1436279520000 32.43
1436279640000 32.48
1436279820000 32.48
1436280060000 32.5
1436280120000 32.54
1436281080000 32.67
1436281140000 32.78
1436281200000 32.85
1436281560000 32.79
