1436261400000 13.94
1436261820000 13.95
1436262180000 13.92
1436262300000 13.91
1436262780000 13.91
1436263140000 13.9
1436263200000 13.91
1436263320000 13.9
1436263500000 13.88
1436263800000 13.89
1436263920000 13.89
1436264040000 13.91
1436264940000 13.89
1436265240000 13.86
1436265600000 13.88
1436265720000 13.88
1436265780000 13.86
1436265840000 13.88
1436265900000 13.88
1436266020000 13.88
1436266200000 13.86
1436266440000 13.875
1436266560000 13.86
1436266740000 13.89
1436267160000 13.87
1436267520000 13.87
1436267580000 13.89
1436267880000 13.86
1436268000000 13.89
1436268060000 13.89
1436268240000 13.88
1436268300000 13.88
1436268420000 13.89
1436268480000 13.86
1436268540000 13.86
1436268720000 13.87
1436268780000 13.86
1436268840000 13.85
1436269500000 13.88
1436269560000 13.91
1436269740000 13.87
1436269800000 13.91
1436269920000 13.9
1436270100000 13.88
1436270160000 13.9
1436270220000 13.88
1436270280000 13.87
1436270400000 13.89
1436271240000 13.86
1436271300000 13.88
1436272020000 13.88
1436272080000 13.89
1436272260000 13.885
1436272320000 13.885
1436272380000 13.885
1436272560000 13.89
1436272740000 13.89
1436272860000 13.89
1436272980000 13.89
1436273040000 13.9
1436273100000 13.89
1436273760000 13.9
1436273880000 13.895
1436274000000 13.91
1436274060000 13.91
1436274180000 13.92
1436274240000 13.93
1436274300000 13.94
1436274360000 13.93
1436274540000 13.916
1436274780000 13.9
1436275020000 13.94
1436275800000 13.93
1436275980000 13.95
1436276400000 13.94
1436276640000 13.955
1436276700000 13.9595
1436276760000 13.97
1436276880000 13.965
1436277060000 13.94
1436277360000 13.95
1436277420000 13.955
1436277600000 13.96
1436277840000 13.96
1436277960000 13.96
1436278020000 13.97
1436278080000 13.95
1436278140000 13.94
1436278260000 13.93
1436278500000 13.94
1436278560000 13.943
1436279520000 13.92
1436279580000 13.93
1436279880000 13.92
1436280060000 13.89
1436280180000 13.89
1436280420000 13.91
1436280600000 13.93
1436280780000 13.93
1436280960000 13.925
1436281020000 13.94
1436281080000 13.945
1436281200000 13.945
1436281440000 13.945
