1436261400000 27.22
1436261460000 27.18
1436261520000 27.15
1436261580000 27.1801
1436261640000 27.2
1436261700000 27.13
1436261760000 27.14
1436261820000 27.17
1436261880000 27.11
1436261940000 27.14
1436262000000 27.11
1436262060000 27.1001
1436262120000 27.1
1436262180000 27.11
1436262240000 27.12
1436262300000 27.13
1436262360000 27.12
1436262420000 27.12
1436262480000 27.14
1436262540000 27.15
1436262600000 27.145
1436262660000 27.12
1436262720000 27.13
1436262780000 27.155
1436262840000 27.15
1436262900000 27.13
1436262960000 27.12
1436263020000 27.125
1436263080000 27.11
1436263140000 27.085
1436263200000 27.08
1436263260000 27.09
1436263320000 27.07
1436263380000 27.07
1436263440000 27.02
1436263500000 27.01
1436263560000 27.01
1436263620000 27.0
1436263680000 26.93
1436263740000 26.92
1436263800000 27.01
1436263860000 27.02
1436263920000 27.01
1436263980000 27.01
1436264040000 27.02
1436264100000 27.01
1436264160000 26.99
1436264220000 27.0
1436264280000 27.01
1436264340000 27.01
1436264400000 27.02
1436264460000 27.0251
1436264520000 27.04
1436264580000 27.02
1436264640000 27.025
1436264700000 27.0133
1436264760000 27.0
1436264820000 27.0049
1436264880000 26.99
1436264940000 27.0
1436265000000 26.9849
1436265060000 26.96
1436265120000 26.94
1436265180000 26.9699
1436265240000 26.95
1436265300000 26.97
1436265360000 26.96
1436265420000 26.975
1436265480000 26.9601
1436265540000 26.96
1436265600000 26.94
1436265660000 26.945
1436265720000 26.9354
1436265780000 26.935
1436265840000 26.96
1436265900000 26.955
1436265960000 26.97
1436266020000 26.97
1436266080000 26.98
1436266140000 26.9832
1436266200000 26.98
1436266260000 26.98
1436266320000 26.9965
1436266380000 26.99
1436266440000 26.98
1436266500000 26.995
1436266560000 26.9899
1436266620000 26.99
1436266680000 26.98
1436266740000 26.97
1436266800000 26.97
1436266860000 26.94
1436266920000 26.94
1436266980000 26.96
1436267040000 26.939
1436267100000 26.95
1436267160000 26.925
1436267220000 26.94
1436267280000 26.94
1436267340000 26.94
1436267400000 26.9359
1436267460000 26.94
1436267520000 26.95
1436267580000 26.9696
1436267640000 26.95
1436267700000 26.944
1436267760000 26.96
1436267820000 26.966
1436267880000 26.94
1436267940000 26.9417
1436268000000 26.945
1436268060000 26.955
1436268120000 26.9551
1436268180000 26.964
1436268240000 26.985
1436268300000 26.99
1436268360000 26.989
1436268420000 26.999
1436268480000 27.0
1436268540000 26.975
1436268600000 26.95
1436268660000 26.91
1436268720000 26.913
1436268780000 26.91
1436268840000 26.9
1436268900000 26.895
1436268960000 26.89
1436269020000 26.92
1436269080000 26.92
1436269140000 26.925
1436269200000 26.925
1436269260000 26.94
1436269320000 26.94
1436269380000 26.945
1436269440000 26.95
1436269500000 26.955
1436269560000 26.93
1436269620000 26.92
1436269680000 26.95
1436269740000 26.93
1436269800000 26.92
1436269860000 26.9101
1436269920000 26.9001
1436269980000 26.9
1436270040000 26.9099
1436270100000 26.9034
1436270160000 26.94
1436270220000 27.0
1436270280000 26.99
1436270340000 27.005
1436270400000 26.975
1436270460000 26.98
1436270520000 26.975
1436270580000 26.99
1436270640000 26.99
1436270700000 27.0
1436270760000 27.0
1436270820000 26.99
1436270880000 26.98
1436270940000 26.99
1436271000000 26.99
1436271060000 26.985
1436271120000 26.98
1436271180000 26.97
1436271240000 26.98
1436271300000 26.99
1436271360000 27.01
1436271420000 26.99
1436271480000 26.985
1436271540000 26.995
1436271600000 26.9904
1436271660000 27.02
1436271720000 27.01
1436271780000 26.9923
1436271840000 26.98
1436271900000 26.99
1436271960000 26.985
1436272020000 27.0
1436272080000 27.01
1436272140000 27.0
1436272200000 27.01
1436272260000 26.99
1436272320000 27.011
1436272380000 27.03
1436272440000 27.02
1436272500000 27.04
1436272560000 27.02
1436272620000 27.04
1436272680000 27.04
1436272740000 27.06
1436272800000 27.07
1436272860000 27.065
1436272920000 27.055
1436272980000 27.08
1436273040000 27.08
1436273100000 27.09
1436273160000 27.12
1436273220000 27.135
1436273280000 27.1438
1436273340000 27.15
1436273400000 27.13
1436273460000 27.13
1436273520000 27.145
1436273580000 27.14
1436273640000 27.135
1436273700000 27.17
1436273760000 27.166
1436273820000 27.16
1436273880000 27.17
1436273940000 27.2
1436274000000 27.2
1436274060000 27.2
1436274120000 27.19
1436274180000 27.19
1436274240000 27.185
1436274300000 27.18
1436274360000 27.165
1436274420000 27.1549
1436274480000 27.16
1436274540000 27.18
1436274600000 27.19
1436274660000 27.19
1436274720000 27.21
1436274780000 27.245
1436274840000 27.2599
1436274900000 27.27
1436274960000 27.246
1436275020000 27.2201
1436275080000 27.2101
1436275140000 27.205
1436275200000 27.22
1436275260000 27.2
1436275320000 27.2
1436275380000 27.195
1436275440000 27.21
1436275500000 27.2025
1436275560000 27.22
1436275620000 27.2164
1436275680000 27.229
1436275740000 27.2334
1436275800000 27.2467
1436275860000 27.2568
1436275920000 27.22
1436275980000 27.22
1436276040000 27.2001
1436276100000 27.2
1436276160000 27.2
1436276220000 27.19
1436276280000 27.185
1436276340000 27.19
1436276400000 27.2
1436276460000 27.18
1436276520000 27.18
1436276580000 27.1901
1436276640000 27.21
1436276700000 27.245
1436276760000 27.24
1436276820000 27.25
1436276880000 27.225
1436276940000 27.24
1436277000000 27.2447
1436277060000 27.24
1436277120000 27.2499
1436277180000 27.25
1436277240000 27.245
1436277300000 27.25
1436277360000 27.25
1436277420000 27.25
1436277480000 27.245
1436277540000 27.24
1436277600000 27.25
1436277660000 27.245
1436277720000 27.2499
1436277780000 27.23
1436277840000 27.24
1436277900000 27.235
1436277960000 27.21
1436278020000 27.22
1436278080000 27.215
1436278140000 27.225
1436278200000 27.225
1436278260000 27.2319
1436278320000 27.2401
1436278380000 27.24
1436278440000 27.2332
1436278500000 27.235
1436278560000 27.23
1436278620000 27.23
1436278680000 27.24
1436278740000 27.225
1436278800000 27.205
1436278860000 27.21
1436278920000 27.18
1436278980000 27.17
1436279040000 27.1837
1436279100000 27.19
1436279160000 27.195
1436279220000 27.19
1436279280000 27.19
1436279340000 27.17
1436279400000 27.16
1436279460000 27.16
1436279520000 27.165
1436279580000 27.165
1436279640000 27.16
1436279700000 27.1537
1436279760000 27.15
1436279820000 27.16
1436279880000 27.145
1436279940000 27.17
1436280000000 27.17
1436280060000 27.215
1436280120000 27.26
1436280180000 27.27
1436280240000 27.3
1436280300000 27.32
1436280360000 27.315
1436280420000 27.33
1436280480000 27.32
1436280540000 27.3001
1436280600000 27.31
1436280660000 27.3
1436280720000 27.305
1436280780000 27.3
1436280840000 27.325
1436280900000 27.32
1436280960000 27.33
1436281020000 27.356
1436281080000 27.345
1436281140000 27.38
1436281200000 27.3701
1436281260000 27.38
1436281320000 27.37
1436281380000 27.38
1436281440000 27.37
1436281500000 27.39
1436281560000 27.37
