1436261400000 202.6
1436261640000 200.41
1436262240000 202.51
1436262600000 201.53
1436262840000 201.66
1436262900000 201.595
1436263020000 201.6
1436263080000 201.425
1436263140000 201.1
1436263200000 200.855
1436263260000 201.06
1436263320000 201.7
1436263380000 201.12
1436263440000 201.03
1436263620000 200.6
1436263680000 200.6
1436263740000 200.265
1436263800000 200.74
1436263860000 200.93
1436263920000 200.89
1436263980000 200.81
1436264040000 200.805
1436264100000 201.305
1436264160000 200.785
1436264220000 200.82
1436264580000 200.54
1436264640000 200.85
1436264820000 200.38
1436264880000 200.63
1436264940000 200.42
1436265000000 200.41
1436265300000 200.4
1436265420000 200.42
1436265540000 200.035
1436265600000 200.16
1436265660000 199.405
1436265720000 199.36
1436265780000 198.9
1436265840000 198.9
1436265960000 199.2
1436266260000 199.6
1436266380000 200.43
1436266560000 200.26
1436266620000 200.14
1436266740000 200.14
1436266980000 200.07
1436267160000 200.06
1436267400000 200.07
1436267460000 199.87
1436267520000 200.255
1436267580000 200.615
1436267640000 200.255
1436267700000 199.36
1436267760000 200.17
1436267820000 200.3884
1436267880000 200.13
1436267940000 200.37
1436268000000 200.54
1436268060000 200.31
1436268120000 200.0
1436268180000 200.21
1436268240000 200.53
1436268300000 200.3
1436268360000 200.46
1436268420000 200.205
1436268480000 200.52
1436268540000 200.12
1436268600000 199.65
1436268660000 199.685
1436268720000 199.9
1436268780000 199.9
1436268960000 200.07
1436269020000 200.17
1436269080000 200.09
1436269140000 200.225
1436269200000 200.305
1436269260000 200.31
1436269320000 199.968
1436269380000 199.61
1436269440000 199.71
1436269500000 199.82
1436269560000 199.78
1436269620000 199.31
1436269680000 199.16
1436269740000 199.17
1436269920000 199.355
1436270160000 199.17
1436270220000 199.395
1436270460000 200.0
1436270520000 200.73
1436270640000 199.52
1436270760000 199.82
1436270820000 200.66
1436271000000 199.97
1436271060000 199.995
1436271120000 200.64
1436271180000 200.64
1436271600000 199.95
1436271660000 200.56
1436271720000 200.55
1436271840000 200.26
1436272020000 200.53
1436272260000 200.26
1436272320000 200.185
1436272380000 200.215
1436272440000 200.365
1436272500000 200.205
1436272560000 200.055
1436272740000 200.33
1436272800000 200.46
1436273100000 200.73
1436273160000 200.44
1436273220000 201.14
1436273340000 201.22
1436273400000 201.31
1436273460000 201.27
1436273880000 201.65
1436274000000 202.3
1436274060000 202.42
1436274120000 201.932
1436274180000 201.77
1436274240000 200.68
1436274300000 200.78
1436274420000 201.63
1436274540000 201.345
1436274600000 201.11
1436274720000 201.58
1436274960000 201.88
1436275380000 201.91
1436275440000 201.95
1436275560000 201.615
1436275620000 201.7475
1436275680000 202.04
1436275740000 202.21
1436275800000 203.5
1436275860000 203.68
1436275920000 203.4
1436275980000 202.58
1436276040000 201.99
1436276100000 202.02
1436276160000 202.08
1436276220000 202.16
1436276280000 201.75
1436276340000 201.875
1436276460000 201.83
1436276520000 201.95
1436276580000 201.8
1436276640000 201.71
1436276700000 201.925
1436276760000 202.34
1436276820000 202.34
1436276880000 202.5
1436276940000 202.7
1436277000000 202.65
1436277060000 202.35
1436277120000 202.35
1436277180000 202.0
1436277240000 201.73
1436277300000 201.63
1436277360000 201.45
1436277480000 200.89
1436277540000 200.98
1436277600000 201.85
1436277660000 200.94
1436277720000 200.89
1436277780000 200.165
1436277840000 200.755
1436277900000 200.7
1436277960000 200.15
1436278140000 200.6
1436278200000 200.14
1436278260000 200.595
1436278440000 201.13
1436278560000 201.15
1436278620000 200.79
1436278680000 201.15
1436278740000 201.23
1436278800000 200.395
1436278860000 200.3175
1436278920000 200.08
1436278980000 200.26
1436279160000 200.6
1436279280000 200.295
1436279520000 200.9
1436279640000 201.5
1436279700000 201.5
1436279760000 201.14
1436279820000 201.14
1436279880000 201.14
1436280060000 201.69
1436280180000 201.865
1436280240000 202.97
1436280300000 203.09
1436280420000 202.27
1436280480000 202.63
1436280540000 201.595
1436280600000 201.57
1436280840000 201.68
1436280960000 201.88
1436281020000 202.18
1436281080000 201.62
1436281140000 202.49
1436281260000 202.65
1436281320000 202.74
1436281440000 202.81
1436281560000 202.75
