1436261400000 31.61
1436261640000 31.62
1436261940000 31.51
1436262180000 31.49
1436262240000 31.5005
1436262300000 31.51
1436262360000 31.49
1436262420000 31.48
1436262780000 31.47
1436263020000 31.5
1436263080000 31.44
1436263140000 31.44
1436263500000 31.46
1436263560000 31.45
1436263620000 31.45
1436263680000 31.44
1436263800000 31.47
1436263860000 31.5
1436263980000 31.52
1436264040000 31.51
1436264100000 31.47
1436264160000 31.47
1436264220000 31.48
1436264280000 31.47
1436264460000 31.45
1436264760000 31.41
1436264820000 31.39
1436264880000 31.38
1436264940000 31.38
1436265000000 31.38
1436265060000 31.35
1436265180000 31.34
1436265420000 31.32
1436265540000 31.33
1436265720000 31.27
1436265780000 31.27
1436265840000 31.28
1436265960000 31.28
1436266020000 31.28
1436266080000 31.28
1436266140000 31.29
1436266200000 31.27
1436266380000 31.24
1436266440000 31.28
1436266800000 31.24
1436266860000 31.2
1436267040000 31.18
1436267100000 31.18
1436267160000 31.16
1436267220000 31.18
1436267400000 31.18
1436267460000 31.18
1436267760000 31.18
1436267940000 31.16
1436268060000 31.16
1436268120000 31.15
1436268180000 31.13
1436268360000 31.12
1436268480000 31.12
1436268540000 31.09
1436268660000 31.1
1436268840000 31.06
1436268900000 31.05
1436268960000 31.0566
1436269020000 31.05
1436269140000 31.07
1436269200000 31.0501
1436269320000 31.06
1436269440000 31.13
1436269800000 31.15
1436269980000 31.12
1436270100000 31.15
1436270160000 31.15
1436270280000 31.17
1436270340000 31.15
1436270640000 31.1
1436270760000 31.12
1436271060000 31.11
1436271660000 31.11
1436271900000 31.14
1436272140000 31.13
1436272740000 31.19
1436273160000 31.24
1436273400000 31.26
1436273580000 31.26
1436273640000 31.27
1436273700000 31.27
1436273880000 31.27
1436273940000 31.27
1436274180000 31.28
1436274240000 31.29
1436274660000 31.245
1436274720000 31.26
1436274960000 31.3
1436275020000 31.26
1436275200000 31.26
1436275380000 31.28
1436275500000 31.29
1436275620000 31.26
1436275740000 31.26
1436275920000 31.3
1436276160000 31.29
1436276340000 31.29
1436276640000 31.32
1436276820000 31.28
1436276940000 31.29
1436277060000 31.28
1436277420000 31.25
1436278080000 31.27
1436278200000 31.26
1436278320000 31.24
1436278440000 31.21
1436278680000 31.19
1436278740000 31.17
1436278800000 31.18
1436278860000 31.16
1436278980000 31.11
1436279040000 31.1
1436279160000 31.14
1436279700000 31.17
1436279820000 31.185
1436280000000 31.25
1436280060000 31.23
1436280180000 31.27
1436280240000 31.3
1436280660000 31.34
1436281080000 31.32
1436281140000 31.38
1436281200000 31.39
1436281260000 31.42
1436281380000 31.39
1436281560000 31.38
