1436261400000 26.99
1436261580000 27.26
1436261640000 27.375
1436261760000 27.2
1436261820000 27.13
1436262060000 27.315
1436262180000 27.25
1436262540000 27.11
1436262600000 27.18
1436262660000 27.165
1436262720000 27.08
1436262780000 27.15
1436262840000 27.135
1436262900000 27.1
1436262960000 27.06
1436263080000 27.055
1436263140000 26.965
1436263200000 26.955
1436263260000 26.87
1436263560000 26.85
1436263620000 26.83
1436263680000 26.764
1436263740000 26.705
1436263800000 26.7
1436263860000 26.86
1436263920000 26.86
1436263980000 26.79
1436264040000 26.75
1436264100000 26.815
1436264160000 26.8
1436264280000 26.815
1436264340000 26.78
1436264400000 26.75
1436264460000 26.74
1436264580000 26.71
1436264640000 26.78
1436264700000 26.74
1436264760000 26.67
1436264880000 26.66
1436264940000 26.685
1436265000000 26.68
1436265120000 26.625
1436265180000 26.65
1436265240000 26.65
1436265300000 26.66
1436265360000 26.66
1436265420000 26.71
1436265540000 26.68
1436265600000 26.68
1436265660000 26.62
1436265720000 26.61
1436265780000 26.57
1436265840000 26.555
1436265900000 26.61
1436265960000 26.61
1436266020000 26.75
1436266080000 26.8
1436266140000 26.85
1436266200000 26.89
1436266260000 26.89
1436266320000 26.82
1436266380000 26.89
1436266440000 26.98
1436266500000 27.02
1436266560000 27.02
1436266620000 27.02
1436266680000 27.02
1436266740000 26.93
1436266800000 26.85
1436266860000 26.76
1436266920000 26.75
1436267100000 26.77
1436267160000 26.85
1436267220000 26.85
1436267280000 26.87
1436267400000 26.838
1436267460000 26.88
1436267520000 26.88
1436267580000 26.95
1436267640000 26.92
1436267820000 26.89
1436267940000 26.8
1436268000000 26.7712
1436268180000 26.77
1436268300000 26.74
1436268360000 26.7
1436268420000 26.665
1436268480000 26.72
1436268540000 26.69
1436268600000 26.69
1436268660000 26.69
1436268720000 26.69
1436268780000 26.69
1436268840000 26.64
1436268900000 26.65
1436268960000 26.7
1436269020000 26.74
1436269080000 26.77
1436269140000 26.77
1436269200000 26.81
1436269260000 26.83
1436269320000 26.85
1436269380000 26.88
1436269440000 26.89
1436269500000 26.88
1436269560000 26.89
1436269620000 26.92
1436269800000 26.86
1436269920000 26.85
1436269980000 26.88
1436270040000 26.92
1436270100000 26.87
1436270160000 26.91
1436270220000 26.99
1436270280000 27.02
1436270340000 27.03
1436270400000 26.99
1436270460000 26.96
1436270520000 26.92
1436270580000 26.91
1436270700000 26.91
1436270820000 26.91
1436271060000 26.86
1436271240000 26.78
1436271660000 26.79
1436271780000 26.82
1436271840000 26.83
1436272020000 26.79
1436272140000 26.82
1436272200000 26.865
1436272260000 26.87
1436272320000 26.895
1436272380000 26.9
1436272860000 26.91
1436272920000 26.92
1436272980000 26.93
1436273220000 26.97
1436273280000 27.03
1436273340000 26.99
1436273400000 27.01
1436273460000 27.01
1436273520000 27.05
1436273640000 27.03
1436273700000 27.06
1436273760000 27.11
1436273880000 27.1
1436274000000 27.16
1436274060000 27.13
1436274120000 27.07
1436274240000 27.09
1436274300000 27.05
1436274360000 27.03
1436274420000 26.99
1436274600000 26.93
1436274660000 26.98
1436274720000 27.12
1436274780000 27.12
1436274840000 27.09
1436274960000 27.05
1436275080000 27.0
1436275200000 27.0
1436275260000 27.02
1436275560000 27.039
1436275620000 27.035
1436275800000 27.06
1436275860000 27.1
1436275920000 27.05
1436276040000 27.06
1436276100000 27.11
1436276160000 27.13
1436276220000 27.13
1436276400000 27.12
1436276520000 27.12
1436276760000 27.12
1436276820000 27.1199
1436277000000 27.1
1436277060000 27.1
1436277120000 27.19
1436277180000 27.19
1436277240000 27.18
1436277300000 27.18
1436277360000 27.21
1436277420000 27.1501
1436277480000 27.21
1436277540000 27.2
1436277600000 27.21
1436277660000 27.21
1436277720000 27.22
1436277780000 27.1736
1436277900000 27.22
1436278020000 27.22
1436278080000 27.22
1436278140000 27.22
1436278200000 27.18
1436278260000 27.195
1436278380000 27.22
1436278440000 27.21
1436278500000 27.25
1436278560000 27.25
1436278620000 27.24
1436278680000 27.23
1436278740000 27.18
1436278800000 27.18
1436278860000 27.14
1436278920000 27.1
1436278980000 27.09
1436279040000 27.14
1436279100000 27.093
1436279160000 27.13
1436279220000 27.13
1436279280000 27.13
1436279340000 27.16
1436279400000 27.17
1436279460000 27.17
1436279520000 27.17
1436279580000 27.15
1436279640000 27.17
1436279700000 27.17
1436279760000 27.11
1436279820000 27.1
1436279880000 27.1
1436279940000 27.15
1436280000000 27.15
1436280060000 27.17
1436280120000 27.19
1436280180000 27.18
1436280240000 27.205
1436280300000 27.205
1436280360000 27.15
1436280420000 27.26
1436280480000 27.26
1436280540000 27.29
1436280780000 27.24
1436280840000 27.26
1436280900000 27.26
1436280960000 27.26
1436281020000 27.26
1436281080000 27.29
1436281140000 27.37
1436281200000 27.36
1436281260000 27.42
1436281320000 27.42
1436281380000 27.38
1436281440000 27.35
1436281500000 27.34
1436281560000 27.33
