1436261400000 35.16
1436261580000 35.215
1436261640000 35.1
1436261700000 35.13
1436261760000 34.83
1436261820000 35.0
1436261880000 34.85
1436261940000 34.8
1436262000000 34.9
1436262060000 34.82
1436262120000 34.81
1436262180000 34.83
1436262300000 34.78
1436262360000 34.75
1436262420000 34.735
1436262480000 34.78
1436262600000 34.77
1436262660000 34.71
1436262720000 34.6401
1436262780000 34.68
1436262840000 34.71
1436262900000 34.725
1436262960000 34.75
1436263020000 34.75
1436263080000 34.6999
1436263140000 34.61
1436263200000 34.5701
1436263260000 34.585
1436263320000 34.5
1436263380000 34.49
1436263440000 34.46
1436263500000 34.435
1436263620000 34.42
1436263680000 34.28
1436263740000 34.28
1436263800000 34.28
1436263860000 34.4
1436263920000 34.39
1436263980000 34.45
1436264040000 34.4
1436264100000 34.39
1436264160000 34.38
1436264220000 34.43
1436264280000 34.48
1436264340000 34.54
1436264400000 34.58
1436264460000 34.6
1436264520000 34.67
1436264580000 34.65
1436264640000 34.6
1436264700000 34.57
1436264760000 34.49
1436264820000 34.42
1436264880000 34.38
1436264940000 34.41
1436265000000 34.415
1436265060000 34.47
1436265120000 34.46
1436265180000 34.4
1436265240000 34.4
1436265300000 34.44
1436265360000 34.36
1436265420000 34.29
1436265480000 34.3099
1436265540000 34.25
1436265660000 34.21
1436265720000 34.21
1436265780000 34.14
1436265840000 34.17
1436265900000 34.25
1436265960000 34.24
1436266020000 34.36
1436266080000 34.47
1436266140000 34.5
1436266200000 34.56
1436266260000 34.56
1436266320000 34.56
1436266380000 34.64
1436266440000 34.72
1436266500000 34.78
1436266560000 34.685
1436266620000 34.75
1436266680000 34.735
1436266740000 34.74
1436266800000 34.76
1436266860000 34.76
1436266980000 34.73
1436267040000 34.72
1436267100000 34.725
1436267160000 34.73
1436267220000 34.66
1436267280000 34.67
1436267340000 34.69
1436267400000 34.71
1436267460000 34.72
1436267520000 34.78
1436267580000 34.8
1436267640000 34.74
1436267700000 34.81
1436267760000 34.82
1436267820000 34.85
1436267880000 34.83
1436267940000 34.8
1436268000000 34.76
1436268120000 34.72
1436268180000 34.73
1436268240000 34.72
1436268300000 34.73
1436268360000 34.715
1436268420000 34.69
1436268480000 34.69
1436268540000 34.68
1436268600000 34.59
1436268660000 34.59
1436268720000 34.56
1436268780000 34.52
1436268840000 34.5
1436268900000 34.45
1436268960000 34.39
1436269080000 34.47
1436269140000 34.5
1436269200000 34.56
1436269260000 34.605
1436269320000 34.59
1436269380000 34.62
1436269440000 34.69
1436269500000 34.69
1436269560000 34.69
1436269620000 34.65
1436269680000 34.66
1436269740000 34.64
1436269860000 34.64
1436269920000 34.66
1436269980000 34.67
1436270040000 34.68
1436270100000 34.715
1436270160000 34.74
1436270220000 34.82
1436270340000 34.79
1436270460000 34.76
1436270520000 34.6401
1436270580000 34.65
1436270640000 34.68
1436270700000 34.6201
1436270760000 34.61
1436270820000 34.58
1436270880000 34.56
1436270940000 34.56
1436271060000 34.55
1436271120000 34.51
1436271180000 34.49
1436271240000 34.51
1436271300000 34.55
1436271360000 34.58
1436271540000 34.57
1436271600000 34.6
1436271660000 34.6
1436271780000 34.61
1436271840000 34.62
1436271900000 34.62
1436271960000 34.63
1436272020000 34.61
1436272080000 34.62
1436272140000 34.65
1436272200000 34.65
1436272260000 34.63
1436272320000 34.65
1436272380000 34.59
1436272500000 34.62
1436272560000 34.62
1436272680000 34.63
1436272740000 34.65
1436272800000 34.7099
1436272860000 34.7
1436272920000 34.71
1436272980000 34.72
1436273040000 34.66
1436273100000 34.68
1436273160000 34.73
1436273220000 34.82
1436273280000 34.84
1436273340000 34.8
1436273400000 34.85
1436273520000 34.79
1436273580000 34.785
1436273640000 34.79
1436273700000 34.85
1436273760000 34.83
1436273820000 34.825
1436273880000 34.87
1436273940000 34.95
1436274000000 34.94
1436274060000 34.93
1436274120000 34.95
1436274180000 34.9
1436274240000 34.88
1436274300000 34.855
1436274360000 34.85
1436274420000 34.8
1436274480000 34.84
1436274540000 34.88
1436274660000 34.92
1436274720000 34.96
1436274780000 35.05
1436274840000 34.99
1436274900000 35.02
1436274960000 34.98
1436275080000 35.01
1436275140000 35.03
1436275200000 35.02
1436275260000 34.97
1436275320000 34.97
1436275380000 35.003
1436275440000 35.03
1436275560000 35.05
1436275680000 35.04
1436275740000 35.05
1436275800000 35.04
1436275860000 35.05
1436275920000 35.01
1436275980000 34.98
1436276040000 35.0
1436276220000 35.0
1436276280000 34.96
1436276340000 34.94
1436276460000 34.93
1436276520000 35.0
1436276580000 35.0
1436276640000 35.0
1436276700000 35.02
1436276760000 35.03
1436276820000 34.96
1436276880000 34.95
1436276940000 34.97
1436277000000 34.99
1436277120000 34.95
1436277240000 34.97
1436277360000 34.96
1436277420000 35.0
1436277540000 35.0
1436277600000 34.97
1436277780000 34.91
1436277840000 34.89
1436277900000 34.88
1436277960000 34.86
1436278020000 34.81
1436278080000 34.81
1436278140000 34.75
1436278260000 34.79
1436278320000 34.78
1436278440000 34.81
1436278500000 34.78
1436278560000 34.77
1436278620000 34.74
1436278680000 34.74
1436278740000 34.74
1436278860000 34.68
1436278920000 34.66
1436278980000 34.64
1436279040000 34.63
1436279100000 34.64
1436279160000 34.6703
1436279220000 34.68
1436279280000 34.7
1436279400000 34.68
1436279460000 34.685
1436279520000 34.7
1436279580000 34.71
1436279640000 34.72
1436279700000 34.69
1436279820000 34.7
1436279880000 34.7
1436279940000 34.701
1436280000000 34.72
1436280060000 34.7
1436280120000 34.77
1436280180000 34.78
1436280300000 34.9
1436280420000 34.915
1436280480000 34.94
1436280540000 34.96
1436280600000 34.98
1436280660000 34.985
1436280720000 35.01
1436280780000 34.99
1436280840000 34.97
1436280900000 34.95
1436280960000 34.93
1436281020000 34.94
1436281080000 34.98
1436281140000 34.9901
1436281200000 35.0
1436281260000 35.0
1436281320000 35.005
1436281380000 35.005
1436281440000 35.01
1436281500000 35.0
1436281560000 35.01
