1436261400000 10.91
1436261460000 10.93
1436261520000 10.93
1436261940000 10.91
1436262000000 10.92
1436262120000 10.92
1436262240000 10.92
1436262360000 10.92
1436262480000 10.92
1436262660000 10.92
1436262780000 10.92
1436262840000 10.9101
1436262900000 10.92
1436263020000 10.9199
1436263080000 10.91
1436263140000 10.91
1436263200000 10.915
1436263380000 10.91
1436263440000 10.9099
1436263500000 10.9
1436263560000 10.89
1436263680000 10.87
1436263740000 10.86
1436263800000 10.8599
1436263860000 10.855
1436263920000 10.87
1436263980000 10.87
1436264040000 10.88
1436264100000 10.87
1436264220000 10.862
1436264340000 10.88
1436264400000 10.88
1436264580000 10.88
1436264640000 10.88
1436264700000 10.88
1436264820000 10.88
1436264880000 10.86
1436264940000 10.8702
1436265000000 10.8698
1436265180000 10.87
1436265240000 10.8601
1436265300000 10.87
1436265360000 10.86
1436265540000 10.83
1436265600000 10.8157
1436265660000 10.8099
1436265780000 10.8
1436265840000 10.7954
1436265900000 10.7933
1436265960000 10.8
1436266080000 10.8
1436266140000 10.8105
1436266440000 10.84
1436266800000 10.8454
1436267040000 10.812
1436267940000 10.8299
1436268120000 10.801
1436268240000 10.8
1436268300000 10.8252
1436268540000 10.8101
1436268780000 10.812
1436268900000 10.8198
1436269020000 10.8038
1436269140000 10.8066
1436269440000 10.83
1436269560000 10.8101
1436269740000 10.811
1436269860000 10.8176
1436270040000 10.8222
1436270160000 10.832
1436270220000 10.85
1436270280000 10.8533
1436270400000 10.8425
1436270460000 10.8301
1436270640000 10.8561
1436270880000 10.833
1436271060000 10.851
1436271240000 10.8248
1436271360000 10.833
1436271480000 10.86
1436271660000 10.833
1436271720000 10.8301
1436271840000 10.847
1436271900000 10.83
1436271960000 10.82
1436272020000 10.82
1436272080000 10.84
1436272380000 10.85
1436272560000 10.84
1436272620000 10.8356
1436272680000 10.8394
1436272800000 10.86
1436272920000 10.8652
1436272980000 10.8548
1436273100000 10.86
1436273160000 10.8704
1436273220000 10.879
1436273460000 10.88
1436273520000 10.8899
1436274000000 10.897
1436274180000 10.8997
1436274300000 10.8999
1436274540000 10.8996
1436274780000 10.889
1436274840000 10.9134
1436274960000 10.9102
1436275020000 10.902
1436275080000 10.9
1436275260000 10.907
1436275500000 10.88
1436275680000 10.88
1436275740000 10.8799
1436275800000 10.8799
1436275980000 10.87
1436276400000 10.873
1436276640000 10.87
1436276700000 10.9092
1436276760000 10.9114
1436276880000 10.9052
1436276940000 10.9114
1436277420000 10.9
1436277840000 10.881
1436278020000 10.8936
1436278140000 10.8842
1436278200000 10.9099
1436278380000 10.8946
1436278740000 10.9
1436278860000 10.89
1436278920000 10.89
1436279100000 10.9
1436279220000 10.9099
1436279340000 10.8897
1436279580000 10.9008
1436279700000 10.91
1436279940000 10.91
1436280060000 10.92
1436280120000 10.929
1436280180000 10.93
1436280240000 10.9497
1436280420000 10.95
1436280600000 10.9541
1436280660000 10.9599
1436280720000 10.9532
1436281020000 10.9536
1436281080000 10.952
1436281140000 10.972
1436281380000 10.9732
1436281500000 10.98
