1436261400000 69.58
1436261460000 69.51
1436261580000 69.4
1436261640000 69.82
1436261700000 69.41
1436261760000 69.41
1436261820000 69.435
1436261880000 69.22
1436261940000 69.36
1436262000000 69.43
1436262060000 69.39
1436262120000 69.39
1436262180000 69.41
1436262240000 69.43
1436262360000 69.45
1436262420000 69.405
1436262480000 69.44
1436262540000 69.56
1436262600000 69.715
1436262660000 69.87
1436262720000 69.89
1436262780000 69.835
1436262840000 69.72
1436262900000 69.805
1436262960000 69.76
1436263020000 69.885
1436263080000 69.99
1436263200000 69.81
1436263260000 69.89
1436263320000 69.88
1436263380000 70.09
1436263440000 70.05
1436263500000 69.785
1436263560000 69.75
1436263680000 69.71
1436263740000 69.64
1436263800000 69.54
1436263860000 69.675
1436263980000 69.58
1436264040000 69.55
1436264100000 69.25
1436264220000 69.07
1436264280000 69.01
1436264340000 68.995
1436264400000 69.02
1436264460000 69.035
1436264520000 69.08
1436264580000 69.2
1436264640000 69.17
1436264700000 69.13
1436264760000 69.14
1436264820000 69.11
1436264880000 69.155
1436264940000 69.145
1436265000000 69.16
1436265060000 69.19
1436265120000 69.1
1436265180000 69.135
1436265240000 69.04
1436265300000 68.97
1436265360000 69.03
1436265420000 68.98
1436265480000 68.95
1436265540000 68.81
1436265600000 68.72
1436265660000 68.8
1436265720000 68.79
1436265780000 68.75
1436265840000 68.8099
1436265900000 68.9
1436265960000 68.79
1436266020000 68.915
1436266080000 68.85
1436266140000 68.97
1436266200000 68.9
1436266260000 68.88
1436266320000 68.93
1436266380000 68.96
1436266440000 68.96
1436266500000 69.06
1436266560000 68.96
1436266620000 68.9936
1436266740000 68.96
1436266800000 68.875
1436266860000 68.76
1436266920000 68.765
1436266980000 68.805
1436267040000 68.76
1436267100000 68.62
1436267160000 68.59
1436267280000 68.54
1436267340000 68.4
1436267400000 68.46
1436267460000 68.42
1436267520000 68.505
1436267580000 68.52
1436267640000 68.47
1436267700000 68.5
1436267760000 68.46
1436267820000 68.5
1436267880000 68.44
1436268120000 68.31
1436268180000 68.32
1436268360000 68.28
1436268420000 68.255
1436268480000 68.6
1436268540000 68.6
1436268600000 68.59
1436268660000 68.64
1436268720000 68.74
1436268780000 68.74
1436268840000 68.64
1436268900000 68.65
1436268960000 68.51
1436269020000 68.66
1436269080000 68.545
1436269140000 68.47
1436269200000 68.62
1436269320000 68.61
1436269380000 68.6
1436269500000 68.64
1436269560000 68.43
1436269680000 68.41
1436269740000 68.4
1436269860000 68.29
1436269980000 68.34
1436270040000 68.27
1436270100000 68.29
1436270160000 68.37
1436270340000 68.45
1436270400000 68.45
1436270460000 68.43
1436270580000 68.325
1436270700000 68.36
1436270880000 68.34
1436270940000 68.34
1436271000000 68.29
1436271060000 68.3
1436271180000 68.31
1436271240000 68.283
1436271420000 68.28
1436271600000 68.295
1436271660000 68.305
1436271720000 68.27
1436271780000 68.205
1436272080000 68.215
1436272140000 68.19
1436272200000 68.25
1436272260000 68.13
1436272320000 68.175
1436272380000 68.23
1436272500000 68.18
1436272560000 68.16
1436272620000 68.2199
1436272680000 68.22
1436272740000 68.165
1436272800000 68.29
1436273160000 68.22
1436273220000 68.3
1436273280000 68.33
1436273340000 68.505
1436273580000 68.385
1436273640000 68.435
1436273760000 68.44
1436273880000 68.4
1436274060000 68.5
1436274120000 68.495
1436274480000 68.305
1436274540000 68.28
1436274660000 68.3
1436274720000 68.44
1436275020000 68.4
1436275080000 68.37
1436275200000 68.389
1436275320000 68.31
1436275500000 68.3
1436275680000 68.28
1436275740000 68.363
1436275860000 68.29
1436276040000 68.29
1436276280000 68.29
1436276460000 68.28
1436276580000 68.3299
1436276640000 68.25
1436276700000 68.25
1436276880000 68.25
1436277000000 68.19
1436277060000 68.19
1436277120000 68.185
1436277240000 68.11
1436277300000 68.166
1436277420000 68.11
1436277480000 68.08
1436277540000 68.04
1436277600000 68.07
1436277720000 68.04
1436277840000 68.07
1436278020000 67.97
1436278080000 67.97
1436278320000 67.955
1436278380000 67.98
1436278440000 67.98
1436278500000 67.96
1436278620000 67.93
1436278680000 67.9
1436278740000 67.91
1436278860000 67.96
1436278920000 67.91
1436279040000 67.92
1436279160000 67.96
1436279520000 67.97
1436279580000 67.98
1436279640000 68.155
1436279760000 68.13
1436279880000 68.1686
1436279940000 68.095
1436280000000 68.175
1436280060000 68.28
1436280120000 68.32
1436280180000 68.41
1436280240000 68.46
1436280300000 68.42
1436280360000 68.49
1436280420000 68.51
1436280480000 68.63
1436280540000 68.52
1436280600000 68.475
1436280660000 68.42
1436280720000 68.54
1436280780000 68.51
1436280840000 68.44
1436280900000 68.45
1436280960000 68.46
1436281020000 68.44
1436281080000 68.46
1436281140000 68.55
1436281200000 68.5
1436281320000 68.54
1436281380000 68.48
1436281500000 68.41
