1436261400000 1.74
1436261460000 1.74
1436261520000 1.74
1436263500000 1.69
1436263920000 1.69
1436263980000 1.68
1436264160000 1.667
1436264340000 1.67
1436264580000 1.66
1436264640000 1.66
1436264700000 1.66
1436264760000 1.65
1436265060000 1.65
1436265300000 1.65
1436265780000 1.6201
1436265960000 1.6101
1436266380000 1.6101
1436266440000 1.6101
1436266680000 1.64
1436267160000 1.64
1436268000000 1.62
1436268360000 1.61
1436268420000 1.62
1436268480000 1.6
1436268660000 1.6099
1436268780000 1.59
1436269320000 1.59
1436269440000 1.58
1436270100000 1.55
1436270160000 1.555
1436270400000 1.57
1436270520000 1.565
1436270580000 1.55
1436270640000 1.565
1436270820000 1.56
1436270880000 1.57
1436271000000 1.57
1436271300000 1.5601
1436271360000 1.56
1436271420000 1.504
1436271480000 1.48
1436271540000 1.4801
1436271600000 1.48
1436271660000 1.489
1436271720000 1.48
1436271780000 1.49
1436271900000 1.48
1436272080000 1.48
1436272140000 1.48
1436272200000 1.48
1436272320000 1.48
1436272440000 1.48
1436272560000 1.48
1436272680000 1.48
1436272740000 1.4899
1436272800000 1.48
1436272920000 1.48
1436272980000 1.485
1436273040000 1.47
1436273100000 1.47
1436273160000 1.45
1436273220000 1.43
1436273280000 1.44
1436273340000 1.44
1436273400000 1.4599
1436274180000 1.49
1436274540000 1.5
1436274960000 1.5
1436275260000 1.52
1436275500000 1.5499
1436275620000 1.55
1436275800000 1.539
1436275920000 1.55
1436276220000 1.5201
1436276640000 1.57
1436276880000 1.57
1436277000000 1.562
1436277180000 1.57
1436277420000 1.55
1436277840000 1.56
1436278020000 1.59
1436278200000 1.58
1436278260000 1.5879
1436278860000 1.59
1436278920000 1.58
1436279400000 1.56
1436279640000 1.57
1436279760000 1.58
1436279880000 1.57
1436280420000 1.56
1436280480000 1.56
1436280720000 1.56
1436281380000 1.58
1436281560000 1.5653
