1436261400000 50.07
1436271780000 49.99
1436271840000 49.99
1436271960000 49.88
1436272020000 49.99
1436272080000 49.9
1436272140000 49.93
1436272200000 49.94
1436272260000 49.8
1436272320000 49.95
1436272380000 49.96
1436272500000 50.0
1436272800000 50.0
1436273220000 49.82
1436274120000 50.2
1436274180000 50.12
1436274300000 50.0
1436274360000 50.06
1436274420000 50.06
1436274480000 50.03
1436274540000 50.0
1436274720000 50.13
1436274780000 50.0
1436274840000 50.05
1436275140000 50.12
1436275200000 50.12
1436275260000 50.05
1436275320000 50.12
1436275920000 50.0
1436276400000 50.07
1436276520000 50.04
1436277120000 50.05
1436277360000 50.01
1436277660000 50.26
1436279580000 50.17
1436279880000 50.11
1436280120000 50.11
1436280420000 50.06
1436280660000 50.055
1436280900000 50.055
1436281200000 50.055
1436281260000 50.055
