1436261400000 85.29
1436261460000 84.89
1436261520000 85.07
1436261580000 85.34
1436261640000 85.48
1436261700000 85.14
1436261880000 85.33
1436261940000 85.31
1436262000000 85.34
1436262060000 85.23
1436262120000 85.06
1436262180000 85.03
1436262300000 84.94
1436262420000 84.9
1436262480000 84.9514
1436262540000 85.065
1436262600000 84.915
1436262660000 84.8
1436262720000 84.79
1436262840000 84.87
1436262900000 84.89
1436262960000 84.915
1436263020000 84.9
1436263080000 84.88
1436263200000 84.83
1436263260000 84.84
1436263380000 84.84
1436263440000 84.815
1436263500000 84.73
1436263560000 84.72
1436263620000 84.64
1436263680000 84.54
1436263740000 84.55
1436263800000 84.65
1436263860000 84.765
1436263920000 84.64
1436263980000 84.63
1436264040000 84.55
1436264100000 84.6
1436264160000 84.59
1436264220000 84.6
1436264280000 84.57
1436264340000 84.58
1436264400000 84.55
1436264460000 84.49
1436264520000 84.53
1436264580000 84.49
1436264640000 84.49
1436264700000 84.43
1436264760000 84.38
1436264820000 84.465
1436264880000 84.4167
1436264940000 84.34
1436265000000 84.39
1436265060000 84.36
1436265120000 84.26
1436265180000 84.325
1436265240000 84.28
1436265300000 84.3
1436265360000 84.3
1436265420000 84.28
1436265480000 84.31
1436265540000 84.27
1436265600000 84.22
1436265660000 84.21
1436265720000 84.15
1436265780000 84.17
1436265840000 84.18
1436265900000 84.19
1436265960000 84.15
1436266020000 84.27
1436266080000 84.23
1436266140000 84.24
1436266200000 84.205
1436266260000 84.15
1436266320000 84.18
1436266380000 84.25
1436266440000 84.24
1436266500000 84.25
1436266560000 84.275
1436266620000 84.24
1436266680000 84.24
1436266740000 84.21
1436266800000 84.15
1436266860000 84.13
1436266920000 84.12
1436266980000 84.1
1436267040000 84.06
1436267100000 84.1
1436267220000 84.06
1436267280000 84.07
1436267340000 84.1
1436267400000 84.1
1436267460000 84.135
1436267520000 84.11
1436267580000 84.13
1436267640000 84.115
1436267700000 84.1
1436267760000 84.11
1436267880000 84.12
1436267940000 84.0925
1436268000000 84.058
1436268060000 84.04
1436268120000 83.99
1436268180000 84.05
1436268240000 84.11
1436268300000 84.03
1436268360000 84.03
1436268420000 84.05
1436268480000 84.11
1436268540000 84.03
1436268600000 83.99
1436268660000 83.97
1436268720000 83.98
1436268840000 83.96
1436268900000 83.92
1436268960000 83.92
1436269020000 84.01
1436269080000 84.0476
1436269140000 84.09
1436269200000 84.14
1436269260000 84.07
1436269320000 84.02
1436269380000 84.08
1436269440000 84.08
1436269500000 84.14
1436269560000 84.09
1436269620000 84.1
1436269680000 84.11
1436269740000 84.07
1436269800000 84.09
1436269860000 84.1
1436269920000 84.08
1436269980000 84.03
1436270040000 84.06
1436270100000 84.07
1436270160000 84.12
1436270220000 84.33
1436270280000 84.34
1436270340000 84.32
1436270400000 84.31
1436270460000 84.26
1436270580000 84.27
1436270640000 84.26
1436270700000 84.27
1436270760000 84.27
1436270820000 84.23
1436271000000 84.25
1436271060000 84.205
1436271120000 84.18
1436271180000 84.18
1436271300000 84.17
1436271360000 84.21
1436271480000 84.18
1436271540000 84.17
1436271600000 84.21
1436271660000 84.2
1436271720000 84.18
1436271780000 84.17
1436271840000 84.17
1436271900000 84.13
1436271960000 84.12
1436272020000 84.17
1436272080000 84.195
1436272140000 84.18
1436272200000 84.2
1436272260000 84.2
1436272320000 84.25
1436272380000 84.3
1436272440000 84.28
1436272500000 84.28
1436272620000 84.21
1436272680000 84.22
1436272740000 84.24
1436272800000 84.25
1436272860000 84.31
1436272920000 84.35
1436272980000 84.29
1436273040000 84.25
1436273100000 84.3
1436273160000 84.35
1436273220000 84.37
1436273280000 84.41
1436273340000 84.435
1436273400000 84.4
1436273460000 84.38
1436273520000 84.42
1436273640000 84.43
1436273700000 84.48
1436273760000 84.49
1436273880000 84.5
1436273940000 84.57
1436274000000 84.51
1436274060000 84.53
1436274120000 84.52
1436274180000 84.5
1436274240000 84.51
1436274300000 84.51
1436274360000 84.51
1436274420000 84.46
1436274480000 84.44
1436274540000 84.49
1436274600000 84.5
1436274660000 84.51
1436274720000 84.53
1436274780000 84.61
1436274840000 84.7
1436274900000 84.74
1436274960000 84.69
1436275020000 84.62
1436275080000 84.53
1436275140000 84.55
1436275200000 84.59
1436275260000 84.58
1436275320000 84.58
1436275380000 84.61
1436275440000 84.62
1436275500000 84.62
1436275620000 84.57
1436275680000 84.61
1436275740000 84.6
1436275800000 84.61
1436275860000 84.6
1436275980000 84.53
1436276040000 84.53
1436276100000 84.54
1436276160000 84.56
1436276280000 84.59
1436276340000 84.61
1436276400000 84.63
1436276460000 84.61
1436276520000 84.59
1436276580000 84.63
1436276640000 84.65
1436276700000 84.63
1436276760000 84.61
1436276820000 84.6
1436276880000 84.59
1436277000000 84.65
1436277060000 84.66
1436277120000 84.67
1436277180000 84.68
1436277240000 84.72
1436277300000 84.74
1436277360000 84.71
1436277540000 84.73
1436277600000 84.73
1436277720000 84.76
1436277780000 84.73
1436277840000 84.72
1436277900000 84.73
1436277960000 84.73
1436278020000 84.73
1436278080000 84.71
1436278140000 84.735
1436278200000 84.77
1436278260000 84.78
1436278320000 84.785
1436278380000 84.77
1436278440000 84.77
1436278500000 84.76
1436278560000 84.675
1436278620000 84.71
1436278680000 84.715
1436278740000 84.68
1436278800000 84.58
1436278860000 84.58
1436278920000 84.51
1436278980000 84.535
1436279040000 84.59
1436279100000 84.59
1436279160000 84.62
1436279220000 84.63
1436279280000 84.65
1436279340000 84.63
1436279400000 84.67
1436279460000 84.687
1436279520000 84.68
1436279580000 84.73
1436279640000 84.79
1436279700000 84.77
1436279760000 84.8
1436279820000 84.81
1436279880000 84.77
1436279940000 84.82
1436280000000 84.85
1436280060000 84.93
1436280120000 85.055
1436280180000 84.97
1436280240000 85.06
1436280300000 84.99
1436280360000 85.03
1436280420000 85.06
1436280480000 85.03
1436280600000 85.035
1436280720000 85.01
1436280780000 85.01
1436280840000 85.065
1436280900000 85.06
1436280960000 85.05
1436281020000 85.08
1436281080000 85.07
1436281140000 85.07
1436281200000 85.065
1436281260000 85.06
1436281320000 85.06
1436281380000 85.03
1436281440000 85.06
1436281500000 85.08
1436281560000 85.03
