1436261580000 1.4921
1436262600000 1.61
1436262720000 1.3601
1436262840000 1.45
1436263500000 1.45
1436264400000 1.45
1436265300000 1.45
1436266200000 1.45
1436266560000 1.4001
1436267160000 1.45
1436267280000 1.45
1436267820000 1.45
1436268060000 1.5
1436268900000 1.65
1436269740000 1.61
1436270040000 1.65
1436270580000 1.65
1436271540000 1.62
1436272500000 1.64
1436273340000 1.64
1436274180000 1.64
1436274660000 1.56
1436275200000 1.55
1436276100000 1.54
1436277000000 1.55
1436277840000 1.55
1436278200000 1.55
1436278800000 1.64
1436280600000 1.55
1436281320000 1.549
1436281440000 1.55
