1436261880000 12.52
1436261940000 12.64
1436262180000 12.6
1436262600000 12.5975
1436263020000 12.6
1436263140000 12.6
1436263260000 12.6
1436263500000 12.62
1436264100000 12.63
1436264640000 12.605
1436264760000 12.6
1436264820000 12.6025
1436265540000 12.52
1436266080000 12.45
1436266140000 12.48
1436266440000 12.52
1436266800000 12.4484
1436267040000 12.46
1436267520000 12.52
1436267760000 12.51
1436268240000 12.52
1436268840000 12.5
1436268900000 12.5
1436269320000 12.5
1436269380000 12.5
1436270100000 12.52
1436270160000 12.54
1436270280000 12.52
1436270520000 12.54
1436270760000 12.54
1436270940000 12.54
1436271480000 12.52
1436272380000 12.564
1436272500000 12.55
1436272560000 12.54
1436273820000 12.54
1436274000000 12.57
1436274180000 12.59
1436274240000 12.59
1436274300000 12.6
1436274420000 12.59
1436274480000 12.59
1436274660000 12.598
1436275020000 12.64
1436275080000 12.63
1436275200000 12.65
1436275380000 12.62
1436275440000 12.63
1436275500000 12.621
1436275560000 12.62
1436275620000 12.62
1436275680000 12.62
1436275740000 12.62
1436276040000 12.64
1436276220000 12.7
1436276280000 12.7
1436276340000 12.64
1436276400000 12.63
1436276520000 12.6599
1436276880000 12.68
1436277060000 12.66
1436277240000 12.64
1436277300000 12.63
1436277480000 12.59
1436277840000 12.58
1436278140000 12.64
1436278440000 12.5976
1436278740000 12.52
1436278860000 12.54
1436278980000 12.51
1436279220000 12.47
1436279340000 12.47
1436279640000 12.48
1436279760000 12.48
1436279820000 12.5
1436279880000 12.47
1436280060000 12.5
1436280180000 12.53
1436280600000 12.51
1436280660000 12.47
1436280780000 12.5
1436281020000 12.48
1436281080000 12.53
1436281140000 12.57
1436281200000 12.59
1436281380000 12.59
1436281500000 12.61
1436281560000 12.56
