1436261400000 61.12
1436261460000 61.13
1436261520000 61.15
1436261580000 61.15
1436261640000 61.14
1436261700000 61.12
1436261760000 61.13
1436261820000 61.13
1436261880000 61.135
1436261940000 61.135
1436262000000 61.14
1436262060000 61.15
1436262120000 61.15
1436262180000 61.15
1436262240000 61.16
1436262300000 61.15
1436262360000 61.14
1436262420000 61.15
1436262480000 61.15
1436262540000 61.145
1436262600000 61.14
1436262660000 61.14
1436262720000 61.14
1436262780000 61.15
1436262840000 61.145
1436262900000 61.14
1436262960000 61.14
1436263020000 61.14
1436263080000 61.15
1436263140000 61.14
1436263200000 61.14
1436263260000 61.14
1436263320000 61.14
1436263380000 61.15
1436263440000 61.14
1436263500000 61.14
1436263560000 61.14
1436263620000 61.14
1436263680000 61.135
1436263740000 61.14
1436263800000 61.135
1436263860000 61.14
1436263920000 61.14
1436263980000 61.14
1436264040000 61.14
1436264100000 61.13
1436264160000 61.13
1436264220000 61.13
1436264280000 61.14
1436264340000 61.14
1436264400000 61.135
1436264460000 61.135
1436264520000 61.14
1436264580000 61.14
1436264640000 61.135
1436264700000 61.13
1436264760000 61.135
1436264820000 61.13
1436264880000 61.14
1436264940000 61.13
1436265000000 61.13
1436265060000 61.135
1436265120000 61.135
1436265180000 61.13
1436265240000 61.13
1436265300000 61.13
1436265360000 61.13
1436265420000 61.13
1436265480000 61.13
1436265540000 61.12
1436265600000 61.125
1436265660000 61.125
1436265720000 61.12
1436265780000 61.13
1436265840000 61.12
1436265900000 61.125
1436265960000 61.125
1436266020000 61.14
1436266080000 61.14
1436266140000 61.14
1436266200000 61.13
1436266260000 61.13
1436266320000 61.135
1436266380000 61.14
1436266440000 61.14
1436266500000 61.135
1436266560000 61.13
1436266620000 61.135
1436266680000 61.14
1436266740000 61.15
1436266800000 61.14
1436266860000 61.14
1436266920000 61.14
1436266980000 61.14
1436267040000 61.14
1436267100000 61.145
1436267160000 61.14
1436267220000 61.14
1436267280000 61.145
1436267340000 61.14
1436267400000 61.14
1436267460000 61.14
1436267520000 61.14
1436267580000 61.145
1436267640000 61.14
1436267700000 61.145
1436267760000 61.14
1436267820000 61.14
1436267880000 61.14
1436267940000 61.145
1436268000000 61.145
1436268060000 61.14
1436268120000 61.14
1436268180000 61.14
1436268240000 61.14
1436268300000 61.14
1436268360000 61.14
1436268420000 61.14
1436268480000 61.14
1436268540000 61.14
1436268600000 61.15
1436268660000 61.14
1436268720000 61.14
1436268780000 61.14
1436268840000 61.145
1436268900000 61.14
1436268960000 61.14
1436269020000 61.145
1436269080000 61.15
1436269140000 61.15
1436269200000 61.145
1436269260000 61.15
1436269320000 61.14
1436269380000 61.16
1436269440000 61.15
1436269500000 61.15
1436269560000 61.155
1436269620000 61.155
1436269680000 61.16
1436269740000 61.15
1436269800000 61.15
1436269860000 61.155
1436269920000 61.16
1436269980000 61.15
1436270040000 61.15
1436270100000 61.155
1436270160000 61.16
1436270220000 61.17
1436270280000 61.175
1436270340000 61.16
1436270400000 61.165
1436270460000 61.165
1436270520000 61.16
1436270580000 61.165
1436270640000 61.17
1436270700000 61.175
1436270760000 61.17
1436270820000 61.17
1436270880000 61.175
1436270940000 61.17
1436271000000 61.18
1436271060000 61.17
1436271120000 61.17
1436271180000 61.175
1436271240000 61.17
1436271300000 61.17
1436271360000 61.175
1436271420000 61.17
1436271480000 61.17
1436271540000 61.175
1436271600000 61.17
1436271660000 61.17
1436271720000 61.175
1436271780000 61.175
1436271840000 61.17
1436271900000 61.17
1436271960000 61.175
1436272020000 61.17
1436272080000 61.175
1436272140000 61.175
1436272200000 61.175
1436272260000 61.17
1436272320000 61.175
1436272380000 61.17
1436272440000 61.18
1436272500000 61.19
1436272560000 61.19
1436272620000 61.195
1436272680000 61.19
1436272740000 61.19
1436272800000 61.2
1436272860000 61.19
1436272920000 61.21
1436272980000 61.21
1436273040000 61.21
1436273100000 61.215
1436273160000 61.245
1436273220000 61.23
1436273280000 61.2331
1436273340000 61.23
1436273400000 61.24
1436273460000 61.24
1436273520000 61.24
1436273580000 61.23
1436273640000 61.24
1436273700000 61.24
1436273760000 61.25
1436273820000 61.25
1436273880000 61.29
1436273940000 61.34
1436274000000 61.34
1436274060000 61.4
1436274120000 61.35
1436274180000 61.32
1436274240000 61.315
1436274300000 61.315
1436274360000 61.32
1436274420000 61.33
1436274480000 61.33
1436274540000 61.33
1436274600000 61.32
1436274660000 61.32
1436274720000 61.34
1436274780000 61.34
1436274840000 61.335
1436274900000 61.3101
1436274960000 61.32
1436275020000 61.3
1436275080000 61.29
1436275140000 61.3
1436275200000 61.29
1436275260000 61.2799
1436275320000 61.3
1436275380000 61.295
1436275440000 61.3
1436275500000 61.3
1436275560000 61.3
1436275620000 61.3
1436275680000 61.31
1436275740000 61.3
1436275800000 61.33
1436275860000 61.32
1436275920000 61.32
1436275980000 61.315
1436276040000 61.31
1436276100000 61.33
1436276160000 61.32
1436276220000 61.32
1436276280000 61.33
1436276340000 61.325
1436276400000 61.325
1436276460000 61.324
1436276520000 61.33
1436276580000 61.325
1436276640000 61.33
1436276700000 61.325
1436276760000 61.33
1436276820000 61.325
1436276880000 61.32
1436276940000 61.32
1436277000000 61.32
1436277060000 61.32
1436277120000 61.33
1436277180000 61.3234
1436277240000 61.325
1436277300000 61.32
1436277360000 61.33
1436277420000 61.33
1436277480000 61.32
1436277540000 61.32
1436277600000 61.32
1436277660000 61.32
1436277720000 61.32
1436277780000 61.32
1436277840000 61.32
1436277900000 61.32
1436277960000 61.31
1436278020000 61.315
1436278080000 61.31
1436278140000 61.31
1436278200000 61.32
1436278260000 61.31
1436278320000 61.3
1436278380000 61.29
1436278440000 61.29
1436278500000 61.31
1436278620000 61.315
1436278680000 61.31
1436278740000 61.31
1436278800000 61.3
1436278860000 61.305
1436278920000 61.3
1436278980000 61.3
1436279040000 61.3
1436279100000 61.3
1436279160000 61.32
1436279220000 61.315
1436279280000 61.315
1436279400000 61.32
1436279460000 61.315
1436279520000 61.31
1436279580000 61.315
1436279640000 61.31
1436279700000 61.31
1436279760000 61.31
1436279820000 61.31
1436279880000 61.31
1436279940000 61.315
1436280000000 61.31
1436280060000 61.32
1436280120000 61.34
1436280180000 61.34
1436280240000 61.34
1436280300000 61.34
1436280360000 61.34
1436280420000 61.35
1436280480000 61.35
1436280540000 61.34
1436280600000 61.345
1436280660000 61.33
1436280720000 61.33
1436280780000 61.33
1436280840000 61.335
1436280900000 61.33
1436280960000 61.33
1436281020000 61.34
1436281080000 61.33
1436281140000 61.33
1436281200000 61.34
1436281260000 61.345
1436281320000 61.34
1436281380000 61.33
1436281440000 61.33
1436281500000 61.335
1436281560000 61.33
1436281620000 61.33
1436281680000 61.34
