1436261400000 34.51
1436262240000 34.4
1436263680000 34.608
1436263740000 34.66
1436263860000 34.68
1436263980000 34.68
1436264460000 34.68
1436264640000 34.7
1436265060000 34.66
1436265660000 34.57
1436266020000 34.66
1436267160000 34.72
1436267760000 34.72
1436268240000 34.64
1436268540000 34.67
1436268600000 34.55
1436268660000 34.54
1436268780000 34.41
1436268840000 34.54
1436268900000 34.55
1436268960000 34.6
1436269080000 34.72
1436269140000 34.65
1436269200000 34.65
1436269320000 34.74
1436269380000 34.65
1436269440000 34.66
1436269500000 34.65
1436269620000 34.72
1436269680000 34.61
1436269800000 34.45
1436269860000 34.57
1436269920000 34.5
1436269980000 34.55
1436270100000 34.58
1436270700000 34.68
1436271480000 34.68
1436271780000 34.8
1436271840000 34.61
1436272260000 34.71
1436273280000 34.8
1436273640000 34.8
1436274540000 34.91
1436274600000 34.82
1436276460000 34.82
1436277300000 34.77
1436278980000 34.5301
1436279460000 34.7
1436279520000 34.73
1436279580000 34.81
1436279640000 34.81
1436279700000 34.8
1436279820000 34.72
1436279880000 34.64
1436280120000 34.75
1436280360000 34.765
1436280420000 34.7
1436280480000 34.8
1436281080000 34.9
1436281260000 34.83
