1436261400000 15.5
1436261820000 15.4999
1436263740000 15.044
1436263800000 15.25
1436263860000 15.0352
1436264400000 15.055
1436264700000 15.0201
1436265000000 15.0
1436265180000 15.0
1436265540000 15.03
1436265600000 15.0
1436265660000 14.99
1436265720000 15.0
1436265780000 15.1399
1436265900000 14.96
1436266020000 14.9201
1436266140000 14.95
1436266200000 15.082
1436266320000 14.93
1436266380000 14.89
1436266440000 14.87
1436266740000 14.9
1436266800000 14.9
1436266980000 14.92
1436268000000 14.92
1436268180000 15.02
1436268360000 15.02
1436270040000 14.98
1436270160000 15.0
1436270820000 15.042
1436270880000 15.1199
1436271720000 15.114
1436274720000 15.1563
1436274960000 15.17
1436275560000 15.1
1436275680000 15.1
1436276040000 15.095
1436276100000 15.1
1436276160000 15.14
1436276220000 15.15
1436276580000 15.14
1436277120000 15.13
1436277180000 15.135
1436277540000 15.13
1436277600000 15.13
1436281020000 15.2499
1436281500000 15.24
1436281560000 15.26
