1436261400000 9.93
1436261940000 9.954
1436262000000 9.95
1436262660000 9.95
1436262960000 9.95
1436263020000 10.0
1436263080000 10.0
1436263560000 9.9501
1436263620000 9.951
1436263800000 9.9773
1436263980000 10.02
1436264040000 10.09
1436264340000 10.0495
1436264880000 10.0681
1436265240000 10.05
1436265360000 10.0501
1436265780000 10.05
1436266080000 10.05
1436266380000 10.05
1436266860000 10.07
1436266920000 10.0695
1436267100000 10.07
1436267280000 10.055
1436267700000 10.05
1436267820000 10.05
1436267880000 10.0619
1436268480000 10.0524
1436268720000 10.05
1436269080000 10.0133
1436269200000 10.013
1436269320000 10.0
1436269380000 10.0234
1436269500000 10.0
1436269620000 10.0334
1436270400000 10.0036
1436270640000 10.0399
1436271000000 10.0084
1436271960000 10.0051
1436272320000 10.001
1436273040000 10.0
1436273100000 10.0099
1436273460000 9.96
1436274300000 9.986
1436275080000 9.99
1436275320000 9.9535
1436275860000 9.99
1436275920000 9.9998
1436276040000 10.0226
1436276640000 10.0034
1436278860000 10.0162
1436279580000 10.003
1436279940000 10.0299
1436280000000 10.03
1436280060000 10.03
1436280960000 10.0699
