1436261400000 26.92
1436261520000 26.83
1436262060000 26.89
1436262780000 26.69
1436263020000 26.665
1436263320000 26.61
1436263560000 26.61
1436263620000 26.533
1436263680000 26.53
1436263920000 26.48
1436263980000 26.48
1436264040000 26.48
1436264100000 26.41
1436264280000 26.44
1436264340000 26.46
1436264400000 26.41
1436264520000 26.38
1436264580000 26.37
1436264760000 26.38
1436264820000 26.4
1436264880000 26.41
1436265060000 26.38
1436265240000 26.33
1436265480000 26.29
1436265540000 26.29
1436265600000 26.22
1436265660000 26.22
1436265720000 26.22
1436265840000 26.225
1436265900000 26.24
1436266080000 26.2135
1436266200000 26.215
1436266260000 26.25
1436266320000 26.2
1436266440000 26.23
1436266500000 26.23
1436266560000 26.21
1436266680000 26.2098
1436266740000 26.16
1436266800000 26.11
1436266860000 26.07
1436266920000 26.08
1436267040000 26.06
1436267160000 26.02
1436267220000 26.07
1436267460000 26.11
1436267520000 26.11
1436267580000 26.17
1436267640000 26.145
1436267700000 26.14
1436267760000 26.11
1436267820000 26.12
1436267880000 26.12
1436267940000 26.11
1436268000000 26.11
1436268180000 26.04
1436268480000 26.09
1436268660000 26.1
1436268720000 26.061
1436268780000 26.1
1436268840000 26.07
1436268900000 26.06
1436268960000 26.07
1436269020000 26.07
1436269080000 26.07
1436269140000 26.05
1436269200000 26.08
1436269260000 26.11
1436269320000 26.12
1436269380000 26.12
1436269500000 26.14
1436269980000 26.22
1436270100000 26.14
1436270160000 26.18
1436270220000 26.2
1436270280000 26.25
1436270460000 26.2216
1436270580000 26.26
1436270640000 26.26
1436270820000 26.21
1436270880000 26.25
1436270940000 26.25
1436271120000 26.21
1436271180000 26.23
1436271240000 26.24
1436271300000 26.23
1436271360000 26.22
1436271420000 26.2
1436271480000 26.189
1436271540000 26.17
1436271600000 26.19
1436271660000 26.2
1436271720000 26.2
1436271780000 26.21
1436271840000 26.25
1436271900000 26.22
1436271960000 26.21
1436272020000 26.23
1436272080000 26.21
1436272140000 26.19
1436272260000 26.28
1436272500000 26.29
1436272560000 26.29
1436272620000 26.3
1436272740000 26.3
1436272800000 26.3
1436272920000 26.38
1436273040000 26.3998
1436273100000 26.3614
1436273160000 26.37
1436273220000 26.37
1436273340000 26.3996
1436273460000 26.39
1436273520000 26.39
1436273640000 26.4
1436273700000 26.4256
1436273760000 26.4499
1436273880000 26.43
1436274000000 26.5
1436274060000 26.475
1436274120000 26.495
1436274240000 26.53
1436274300000 26.49
1436274540000 26.46
1436274600000 26.47
1436274660000 26.47
1436274720000 26.47
1436274780000 26.45
1436274840000 26.47
1436274900000 26.49
1436275200000 26.51
1436275380000 26.515
1436275620000 26.49
1436275680000 26.55
1436275800000 26.55
1436275920000 26.49
1436276160000 26.54
1436276220000 26.5
1436276400000 26.54
1436276640000 26.54
1436276700000 26.51
1436276820000 26.51
1436277300000 26.49
1436277360000 26.54
1436277600000 26.515
1436277720000 26.49
1436277780000 26.48
1436277840000 26.49
1436277900000 26.49
1436277960000 26.49
1436278020000 26.49
1436278440000 26.52
1436278500000 26.51
1436278740000 26.48
1436278860000 26.47
1436278980000 26.45
1436279100000 26.45
1436279220000 26.45
1436279520000 26.5
1436279640000 26.5
1436279880000 26.49
1436280060000 26.52
1436280180000 26.54
1436280240000 26.57
1436280300000 26.61
1436280360000 26.57
1436280420000 26.6
1436280660000 26.61
1436280720000 26.57
1436280840000 26.57
1436280900000 26.6
1436281020000 26.56
1436281080000 26.58
1436281140000 26.6
1436281200000 26.59
1436281380000 26.59
1436281440000 26.6
1436281500000 26.6
