1436261580000 4.79
1436261700000 4.75
1436261880000 4.7
1436261940000 4.67
1436262060000 4.62
1436262120000 4.62
1436262300000 4.62
1436262360000 4.62
1436262420000 4.63
1436262660000 4.66
1436262840000 4.67
1436263260000 4.63
1436263440000 4.63
1436263980000 4.62
1436264160000 4.6399
1436264280000 4.6388
1436264340000 4.6388
1436264700000 4.64
1436264760000 4.64
1436264820000 4.64
1436264880000 4.64
1436264940000 4.64
1436265000000 4.64
1436265060000 4.64
1436265120000 4.64
1436265180000 4.65
1436265480000 4.65
1436265540000 4.645
1436265660000 4.64
1436265720000 4.64
1436265780000 4.64
1436265900000 4.64
1436266020000 4.64
1436266080000 4.6499
1436266140000 4.645
1436266260000 4.645
1436266380000 4.64
1436266560000 4.64
1436266620000 4.64
1436266740000 4.64
1436266800000 4.64
1436266860000 4.6499
1436266920000 4.64
1436266980000 4.64
1436267400000 4.65
1436267460000 4.65
1436267520000 4.645
1436267640000 4.6475
1436267760000 4.645
1436268180000 4.64
1436268600000 4.63
1436268720000 4.63
1436268840000 4.63
1436268900000 4.63
1436268960000 4.63
1436269020000 4.63
1436269080000 4.63
1436269140000 4.62
1436269200000 4.62
1436269260000 4.62
1436269560000 4.62
1436269620000 4.585
1436269740000 4.58
1436269800000 4.58
1436269920000 4.58
1436270160000 4.59
1436270220000 4.59
1436270340000 4.59
1436270400000 4.59
1436270460000 4.59
1436270520000 4.59
1436270580000 4.59
1436270640000 4.59
1436270700000 4.59
1436270760000 4.59
1436270820000 4.59
1436270880000 4.58
1436271240000 4.58
1436271300000 4.55
1436271420000 4.53
1436271480000 4.525
1436271540000 4.52
1436271600000 4.52
1436271660000 4.52
1436271900000 4.5299
1436271960000 4.52
1436272020000 4.525
1436272200000 4.52
1436272320000 4.525
1436272380000 4.528
1436272440000 4.525
1436272500000 4.525
1436272980000 4.55
1436273340000 4.54
1436273400000 4.55
1436273520000 4.55
1436274060000 4.58
1436274180000 4.58
1436274420000 4.58
1436274480000 4.58
1436274540000 4.5899
1436274720000 4.59
1436275200000 4.58
1436275320000 4.58
1436275560000 4.58
1436276100000 4.58
1436276160000 4.58
1436276220000 4.58
1436276280000 4.58
1436276340000 4.58
1436276460000 4.58
1436276700000 4.58
1436276760000 4.58
1436277000000 4.58
1436277120000 4.59
1436277360000 4.58
1436277660000 4.58
1436277840000 4.58
1436277900000 4.58
1436278080000 4.56
1436278140000 4.55
1436278200000 4.55
1436278320000 4.55
1436278560000 4.55
1436278740000 4.55
1436278800000 4.55
1436278860000 4.55
1436278980000 4.55
1436279160000 4.54
1436279400000 4.53
1436279700000 4.53
1436279760000 4.52
1436279820000 4.52
1436279880000 4.525
1436279940000 4.52
1436280000000 4.52
1436280300000 4.52
1436280600000 4.52
1436281020000 4.52
1436281320000 4.51
1436281440000 4.52
