1436261400000 15.13
1436262240000 15.09
1436262720000 15.09
1436262960000 15.13
1436263080000 15.09
1436263200000 15.1
1436263620000 15.1
1436264040000 15.08
1436264100000 15.08
1436264280000 15.09
1436264700000 15.0
1436264820000 14.99
1436264880000 14.92
1436264940000 14.96
1436265240000 15.0
1436265360000 14.98
1436265420000 14.97
1436265480000 14.99
1436265540000 14.98
1436265660000 14.98
1436265720000 14.98
1436265840000 14.95
1436265960000 14.94
1436266020000 14.99
1436266140000 14.99
1436266260000 14.99
1436266560000 14.99
1436266680000 14.98
1436266800000 14.99
1436266860000 14.99
1436267040000 14.99
1436267280000 15.04
1436267520000 15.03
1436267580000 14.99
1436267880000 14.98
1436268060000 15.005
1436268120000 14.96
1436268180000 14.95
1436268300000 14.95
1436268360000 14.95
1436268420000 14.98
1436268540000 14.98
1436268720000 15.0
1436268960000 15.0
1436269140000 15.04
1436269440000 15.04
1436269560000 15.0
1436270820000 15.01
1436271060000 15.07
1436271120000 15.07
1436271180000 15.04
1436271240000 15.03
1436271660000 15.025
1436271720000 15.04
1436271780000 15.05
1436272320000 15.07
1436272380000 15.07
1436272740000 15.06
1436273220000 15.1
1436273700000 15.135
1436273880000 15.14
1436274000000 15.19
1436274720000 15.18
1436274780000 15.2
1436274840000 15.2
1436274960000 15.24
1436275080000 15.2
1436275380000 15.23
1436275500000 15.21
1436275560000 15.24
1436275620000 15.18
1436275920000 15.16
1436276100000 15.08
1436276160000 15.08
1436276220000 15.09
1436276580000 15.09
1436276640000 15.14
1436276700000 15.14
1436276760000 15.14
1436277120000 15.12
1436277240000 15.09
1436277360000 15.08
1436277480000 15.06
1436277660000 15.09
1436278140000 15.0
1436278620000 15.0
1436278680000 15.04
1436278740000 15.04
1436278920000 15.09
1436279220000 15.05
1436279580000 15.04
1436280360000 15.14
1436281080000 15.13
1436281320000 15.23
1436281440000 15.2
1436281500000 15.16
