1436261400000 7.0
1436261460000 6.98
1436261640000 6.97
1436261700000 6.96
1436261760000 6.906
1436261820000 6.85
1436262060000 6.84
1436262120000 6.77
1436262180000 6.82
1436262240000 6.8348
1436262300000 6.81
1436262360000 6.7965
1436262480000 6.78
1436262540000 6.75
1436262660000 6.7747
1436263020000 6.75
1436263800000 6.74
1436263860000 6.77
1436264040000 6.76
1436264100000 6.76
1436264220000 6.76
1436264340000 6.754
1436264640000 6.75
1436264700000 6.75
1436264880000 6.74
1436265120000 6.7201
1436265240000 6.72
1436265300000 6.72
1436265480000 6.7
1436265540000 6.68
1436265600000 6.66
1436265660000 6.66
1436265720000 6.66
1436265780000 6.66
1436265840000 6.67
1436265900000 6.66
1436265960000 6.68
1436266080000 6.72
1436266260000 6.725
1436266380000 6.74
1436266440000 6.73
1436266560000 6.75
1436266620000 6.75
1436266860000 6.76
1436267040000 6.76
1436267220000 6.76
1436267280000 6.7
1436267640000 6.72
1436267700000 6.71
1436267820000 6.6979
1436267880000 6.707
1436267940000 6.7
1436268000000 6.71
1436268540000 6.7
1436268840000 6.68
1436269020000 6.67
1436269140000 6.68
1436269260000 6.705
1436269320000 6.73
1436269380000 6.74
1436269560000 6.77
1436269620000 6.76
1436269680000 6.73
1436269740000 6.72
1436269860000 6.73
1436269920000 6.73
1436270040000 6.71
1436270100000 6.71
1436270160000 6.72
1436270400000 6.74
1436270460000 6.72
1436270580000 6.715
1436270640000 6.71
1436270940000 6.72
1436271060000 6.71
1436271120000 6.715
1436271180000 6.71
1436271240000 6.67
1436271300000 6.69
1436271420000 6.67
1436271480000 6.68
1436271720000 6.66
1436271900000 6.67
1436271960000 6.67
1436272080000 6.7
1436272140000 6.7
1436272200000 6.7
1436272440000 6.69
1436272740000 6.71
1436272800000 6.7
1436272860000 6.691
1436273160000 6.7
1436273220000 6.7
1436273280000 6.72
1436273460000 6.69
1436273520000 6.705
1436273580000 6.7
1436273640000 6.695
1436273700000 6.7
1436273760000 6.7
1436273880000 6.7
1436274060000 6.7
1436274120000 6.7
1436274240000 6.71
1436274300000 6.69
1436274360000 6.67
1436274420000 6.69
1436274540000 6.69
1436274720000 6.69
1436275080000 6.72
1436275140000 6.73
1436275380000 6.69
1436275740000 6.695
1436276100000 6.73
1436276580000 6.73
1436276640000 6.73
1436277360000 6.73
1436277720000 6.75
1436277780000 6.73
1436277840000 6.75
1436278260000 6.74
1436278440000 6.73
1436278500000 6.74
1436278680000 6.73
1436278800000 6.72
1436278860000 6.68
1436278920000 6.68
1436279160000 6.68
1436279700000 6.71
1436279760000 6.69
1436279880000 6.7
1436279940000 6.69
1436280000000 6.71
1436280060000 6.7
1436280360000 6.74
1436280540000 6.71
1436280720000 6.74
1436280840000 6.72
1436281080000 6.74
1436281140000 6.77
1436281200000 6.79
1436281260000 6.793
1436281380000 6.75
