1436261400000 40.22
1436261520000 40.34
1436261580000 40.33
1436261640000 40.24
1436261820000 39.916
1436261940000 39.86
1436262060000 39.82
1436262120000 39.82
1436262180000 39.87
1436262240000 39.86
1436262300000 39.85
1436262420000 39.89
1436262540000 39.84
1436262600000 39.85
1436262660000 39.84
1436262720000 39.87
1436262900000 39.84
1436262960000 39.87
1436263020000 39.83
1436263080000 39.84
1436263140000 39.82
1436263200000 39.84
1436263260000 39.84
1436263320000 39.88
1436263380000 39.9
1436263440000 39.88
1436263500000 39.86
1436263560000 39.85
1436263620000 39.86
1436263680000 39.86
1436263740000 39.83
1436263800000 39.87
1436263980000 39.905
1436264040000 39.89
1436264100000 39.87
1436264220000 39.9
1436264340000 39.93
1436264400000 39.88
1436264460000 39.87
1436264520000 39.93
1436264640000 39.88
1436264700000 39.85
1436264760000 39.81
1436264820000 39.79
1436264940000 39.82
1436265000000 39.78
1436265060000 39.79
1436265240000 39.76
1436265300000 39.78
1436265360000 39.75
1436265420000 39.73
1436265480000 39.71
1436265540000 39.7
1436265600000 39.69
1436265660000 39.65
1436265720000 39.62
1436265780000 39.62
1436265840000 39.62
1436265960000 39.62
1436266020000 39.64
1436266080000 39.75
1436266140000 39.79
1436266200000 39.79
1436266260000 39.743
1436266320000 39.78
1436266380000 39.83
1436266440000 39.9
1436266500000 39.905
1436266560000 39.84
1436266620000 39.86
1436266680000 39.84
1436266740000 39.79
1436266800000 39.8
1436266860000 39.72
1436266920000 39.72
1436266980000 39.73
1436267040000 39.71
1436267100000 39.73
1436267160000 39.69
1436267220000 39.62
1436267280000 39.63
1436267400000 39.63
1436267460000 39.64
1436267520000 39.63
1436267580000 39.69
1436267700000 39.7
1436267760000 39.73
1436267820000 39.76
1436267880000 39.77
1436267940000 39.82
1436268000000 39.86
1436268060000 39.79
1436268120000 39.77
1436268180000 39.75
1436268240000 39.75
1436268300000 39.77
1436268360000 39.78
1436268420000 39.78
1436268480000 39.79
1436268540000 39.75
1436268600000 39.7
1436268660000 39.67
1436268840000 39.6
1436268900000 39.61
1436268960000 39.6
1436269020000 39.5
1436269080000 39.59
1436269140000 39.66
1436269200000 39.66
1436269320000 39.74
1436269380000 39.81
1436269440000 39.83
1436269500000 39.84
1436269560000 39.82
1436269740000 39.78
1436269800000 39.82
1436269860000 39.82
1436269920000 39.78
1436269980000 39.76
1436270040000 39.744
1436270100000 39.79
1436270160000 39.82
1436270220000 39.95
1436270280000 39.94
1436270400000 39.93
1436270460000 39.93
1436270580000 39.92
1436270640000 39.98
1436270700000 40.01
1436270760000 40.02
1436270880000 40.0
1436270940000 39.98
1436271000000 39.92
1436271060000 39.93
1436271120000 39.95
1436271180000 39.94
1436271240000 39.97
1436271300000 39.98
1436271360000 39.98
1436271420000 39.96
1436271540000 39.97
1436271600000 40.0
1436271720000 40.02
1436271780000 39.99
1436271840000 39.98
1436271900000 39.95
1436271960000 39.95
1436272020000 39.98
1436272080000 40.0
1436272140000 40.02
1436272260000 40.03
1436272320000 40.08
1436272380000 40.09
1436272440000 40.115
1436272500000 40.13
1436272620000 40.1295
1436272680000 40.14
1436272740000 40.16
1436272800000 40.18
1436272860000 40.2
1436272920000 40.2
1436272980000 40.2
1436273040000 40.25
1436273100000 40.24
1436273160000 40.2
1436273220000 40.2
1436273280000 40.19
1436273340000 40.185
1436273460000 40.19
1436273520000 40.18
1436273580000 40.16
1436273640000 40.18
1436273700000 40.24
1436273760000 40.25
1436273820000 40.27
1436273880000 40.31
1436273940000 40.31
1436274000000 40.33
1436274060000 40.34
1436274120000 40.31
1436274180000 40.29
1436274240000 40.3
1436274300000 40.35
1436274360000 40.3
1436274420000 40.2799
1436274540000 40.33
1436274600000 40.34
1436274660000 40.37
1436274720000 40.39
1436274780000 40.43
1436274840000 40.46
1436274900000 40.46
1436274960000 40.39
1436275020000 40.36
1436275080000 40.31
1436275140000 40.33
1436275200000 40.33
1436275260000 40.31
1436275380000 40.34
1436275440000 40.36
1436275500000 40.36
1436275560000 40.36
1436275620000 40.37
1436275680000 40.35
1436275740000 40.36
1436275800000 40.39
1436275860000 40.385
1436275920000 40.35
1436275980000 40.4
1436276040000 40.405
1436276100000 40.41
1436276160000 40.44
1436276280000 40.41
1436276340000 40.4
1436276400000 40.41
1436276520000 40.37
1436276580000 40.4
1436276640000 40.38
1436276700000 40.41
1436276760000 40.43
1436276820000 40.43
1436276880000 40.42
1436276940000 40.425
1436277000000 40.43
1436277060000 40.38
1436277120000 40.375
1436277180000 40.36
1436277300000 40.33
1436277360000 40.33
1436277480000 40.32
1436277540000 40.31
1436277660000 40.31
1436277720000 40.29
1436277780000 40.29
1436277840000 40.3
1436277960000 40.2801
1436278020000 40.305
1436278080000 40.28
1436278140000 40.29
1436278200000 40.295
1436278260000 40.285
1436278320000 40.275
1436278380000 40.27
1436278440000 40.25
1436278500000 40.24
1436278620000 40.22
1436278680000 40.22
1436278740000 40.19
1436278800000 40.2
1436278860000 40.22
1436278980000 40.16
1436279040000 40.19
1436279100000 40.2
1436279160000 40.205
1436279220000 40.205
1436279280000 40.2
1436279340000 40.19
1436279520000 40.19
1436279580000 40.2
1436279640000 40.2
1436279700000 40.2
1436279880000 40.22
1436279940000 40.3
1436280000000 40.29
1436280060000 40.34
1436280120000 40.41
1436280180000 40.44
1436280240000 40.55
1436280300000 40.52
1436280360000 40.51
1436280420000 40.5
1436280480000 40.5
1436280540000 40.49
1436280600000 40.5
1436280660000 40.52
1436280840000 40.515
1436280900000 40.525
1436280960000 40.52
1436281020000 40.54
1436281080000 40.545
1436281140000 40.57
1436281200000 40.56
1436281320000 40.62
1436281380000 40.605
1436281440000 40.6
1436281500000 40.61
1436281560000 40.54
