1436261400000 10.66
1436261460000 10.7
1436261520000 10.75
1436261700000 10.7
1436261940000 10.785
1436262060000 10.785
1436262480000 10.8
1436262600000 10.77
1436262780000 10.78
1436263080000 10.745
1436263140000 10.7
1436264220000 10.7
1436264700000 10.7001
1436265780000 10.7
1436269320000 10.583
1436270820000 10.5701
1436271540000 10.7199
1436271780000 10.7199
1436271900000 10.71
1436272500000 10.7899
1436272560000 10.7699
1436273760000 10.73
1436274720000 10.71
1436274960000 10.74
1436275320000 10.75
1436280840000 10.76
