1436261400000 12.65
1436261520000 12.65
1436261580000 12.64
1436261640000 12.5
1436261700000 12.52
1436261760000 12.48
1436261820000 12.4401
1436261880000 12.44
1436261940000 12.47
1436262000000 12.5727
1436262300000 12.52
1436262420000 12.55
1436262480000 12.53
1436262720000 12.47
1436262840000 12.48
1436262900000 12.601
1436263080000 12.5222
1436263260000 12.53
1436263440000 12.46
1436263620000 12.43
1436263800000 12.44
1436263860000 12.49
1436263920000 12.5
1436263980000 12.56
1436264040000 12.62
1436264520000 12.6
1436264820000 12.56
1436264880000 12.56
1436265240000 12.56
1436265300000 12.58
1436265360000 12.59
1436265420000 12.6
1436265480000 12.5601
1436265780000 12.6167
1436265840000 12.63
1436265900000 12.59
1436265960000 12.5814
1436266200000 12.5701
1436266320000 12.566
1436266380000 12.5651
1436266440000 12.6
1436266560000 12.61
1436267160000 12.59
1436267280000 12.58
1436267340000 12.59
1436267400000 12.59
1436267520000 12.59
1436267580000 12.64
1436267940000 12.64
1436268000000 12.6399
1436268180000 12.58
1436268300000 12.5961
1436268360000 12.6599
1436268420000 12.6
1436268540000 12.64
1436268600000 12.64
1436268660000 12.66
1436268780000 12.6513
1436268840000 12.6599
1436269200000 12.61
1436269260000 12.65
1436269380000 12.68
1436269500000 12.7
1436269560000 12.7
1436269620000 12.6834
1436269680000 12.6702
1436269800000 12.6
1436269860000 12.5901
1436270160000 12.7
1436270220000 12.7
1436270280000 12.7
1436270340000 12.7
1436270400000 12.7
1436270580000 12.7
1436270640000 12.7
1436270760000 12.7
1436270820000 12.682
1436270880000 12.7
1436270940000 12.668
1436271000000 12.6999
1436271120000 12.6946
1436271360000 12.63
1436271480000 12.62
1436271600000 12.67
1436271660000 12.65
1436271840000 12.63
1436271900000 12.7
1436272020000 12.69
1436272080000 12.69
1436272140000 12.685
1436272200000 12.69
1436272260000 12.69
1436272380000 12.7
1436272500000 12.65
1436272860000 12.69
1436272980000 12.69
1436273040000 12.67
1436273100000 12.65
1436273160000 12.69
1436273340000 12.69
1436273400000 12.68
1436273460000 12.69
1436273520000 12.68
1436273580000 12.68
1436273640000 12.68
1436273880000 12.7
1436274480000 12.66
1436274540000 12.64
1436274720000 12.69
1436275080000 12.64
1436275200000 12.6772
1436275440000 12.64
1436275500000 12.69
1436275980000 12.7
1436276040000 12.7
1436276100000 12.7
1436276160000 12.69
1436276220000 12.68
1436276340000 12.67
1436277120000 12.7
1436277540000 12.7
1436277900000 12.67
1436277960000 12.69
1436278020000 12.7
1436278140000 12.7
1436278200000 12.7
1436278380000 12.6999
1436278440000 12.6896
1436278500000 12.7
1436278560000 12.6891
1436278800000 12.7
1436278920000 12.7
1436278980000 12.7
1436279040000 12.7
1436279520000 12.7
1436279940000 12.697
1436280000000 12.7
1436280180000 12.76
1436280300000 12.76
1436280360000 12.83
1436280540000 12.79
1436280600000 12.79
1436280780000 12.75
1436280900000 12.7501
1436280960000 12.76
1436281020000 12.78
1436281080000 12.77
1436281140000 12.76
1436281200000 12.75
1436281320000 12.75
1436281440000 12.75
1436281500000 12.74
1436281560000 12.74
