1436261400000 59.07
1436261460000 59.03
1436261640000 59.03
1436261760000 59.03
1436261880000 59.18
1436261940000 59.38
1436262000000 59.3699
1436262120000 59.32
1436262180000 59.3
1436262240000 59.19
1436262360000 59.08
1436262540000 59.11
1436262720000 59.29
1436262840000 59.44
1436263020000 59.44
1436263140000 59.33
1436263260000 59.315
1436263320000 59.38
1436263440000 59.4849
1436263500000 59.47
1436263620000 59.48
1436263800000 59.48
1436263920000 59.59
1436263980000 59.54
1436264040000 59.57
1436264100000 59.53
1436264160000 59.495
1436264280000 59.45
1436264340000 59.42
1436264460000 59.4
1436264520000 59.38
1436264640000 59.34
1436264760000 59.32
1436264820000 59.225
1436264940000 59.21
1436265000000 59.2
1436265060000 59.1
1436265120000 59.08
1436265240000 59.05
1436265300000 59.03
1436265360000 58.895
1436265420000 58.89
1436265480000 58.82
1436265600000 58.74
1436265660000 58.69
1436265840000 58.651
1436265960000 58.64
1436266200000 58.83
1436266320000 58.81
1436266440000 58.88
1436266560000 58.91
1436266620000 58.97
1436266800000 58.83
1436267040000 58.7
1436267100000 58.69
1436267160000 58.6401
1436267400000 58.7
1436267520000 58.74
1436267760000 58.79
1436267820000 58.79
1436267880000 58.72
1436268060000 58.7
1436268240000 58.65
1436268300000 58.63
1436268360000 58.62
1436268420000 58.59
1436268480000 58.63
1436268540000 58.56
1436268660000 58.58
1436268720000 58.595
1436268780000 58.55
1436268840000 58.34
1436269020000 58.28
1436269080000 58.22
1436269140000 58.29
1436269200000 58.32
1436269320000 58.51
1436269500000 58.6001
1436269560000 58.61
1436269680000 58.48
1436269740000 58.576
1436269860000 58.53
1436270100000 58.61
1436270160000 58.68
1436270220000 58.75
1436270340000 58.81
1436270400000 58.71
1436270460000 58.66
1436271060000 58.6
1436271120000 58.58
1436271300000 58.6
1436271480000 58.72
1436271540000 58.6884
1436271660000 58.75
1436271720000 58.65
1436271780000 58.65
1436271840000 58.67
1436271900000 58.6
1436271960000 58.72
1436272500000 58.74
1436272740000 58.79
1436272800000 58.79
1436273160000 58.74
1436273220000 58.81
1436273280000 58.81
1436273400000 58.84
1436273640000 58.87
1436273700000 58.89
1436273820000 58.95
1436273880000 58.91
1436274060000 58.91
1436274120000 58.87
1436274180000 58.84
1436274240000 58.94
1436274720000 58.97
1436274780000 58.98
1436274900000 58.94
1436274960000 58.93
1436275080000 58.88
1436275440000 58.94
1436275680000 58.9
1436275800000 58.98
1436275860000 58.92
1436276280000 58.9
1436276340000 58.88
1436276400000 58.93
1436276460000 58.93
1436276820000 59.08
1436276880000 59.021
1436276940000 59.0107
1436277120000 59.0
1436277420000 59.02
1436277480000 59.05
1436277660000 59.04
1436277720000 59.01
1436277780000 59.0
1436277900000 59.04
1436278080000 59.04
1436278320000 59.07
1436278380000 59.02
1436278500000 58.98
1436278620000 58.86
1436278680000 58.86
1436278740000 58.8
1436278860000 58.67
1436278920000 58.67
1436279100000 58.705
1436279160000 58.7
1436279220000 58.69
1436279340000 58.72
1436279460000 58.75
1436279520000 58.75
1436279880000 58.8
1436279940000 58.78
1436280000000 58.94
1436280060000 59.02
1436280120000 59.07
1436280180000 59.09
1436280240000 59.15
1436280300000 59.19
1436280420000 59.21
1436280480000 59.17
1436280600000 59.21
1436280720000 59.29
1436280780000 59.21
1436280900000 59.26
1436280960000 59.27
1436281020000 59.27
1436281080000 59.33
1436281140000 59.33
1436281200000 59.39
1436281320000 59.4
1436281440000 59.46
1436281500000 59.44
