1436261400000 38.0
1436261460000 38.24
1436261520000 38.38
1436261580000 38.21
1436261640000 38.3
1436261700000 38.25
1436261820000 38.37
1436261880000 38.38
1436261940000 38.52
1436262000000 38.43
1436262060000 38.53
1436262120000 38.65
1436262180000 38.83
1436262300000 39.04
1436262360000 39.18
1436262420000 39.16
1436262480000 39.2
1436262600000 39.035
1436262660000 38.94
1436262780000 38.81
1436262840000 38.8
1436263020000 38.74
1436263080000 38.71
1436263140000 38.64
1436263260000 38.55
1436263320000 38.51
1436263380000 38.44
1436263500000 38.5
1436263620000 38.51
1436263680000 38.5
1436263800000 38.5
1436263860000 38.5
1436263920000 38.44
1436263980000 38.5
1436264040000 38.49
1436264100000 38.5299
1436264280000 38.4425
1436264340000 38.435
1436264400000 38.41
1436264460000 38.44
1436264700000 38.44
1436264820000 38.54
1436264880000 38.64
1436264940000 38.595
1436265000000 38.52
1436265180000 38.51
1436265360000 38.5
1436265540000 38.44
1436265600000 38.41
1436265720000 38.48
1436265780000 38.52
1436265840000 38.54
1436266020000 38.51
1436266080000 38.58
1436266200000 38.53
1436266320000 38.53
1436266380000 38.55
1436266440000 38.51
1436266560000 38.53
1436266620000 38.55
1436266680000 38.53
1436266740000 38.49
1436266800000 38.525
1436266860000 38.48
1436266920000 38.43
1436267040000 38.475
1436267160000 38.53
1436267220000 38.53
1436267340000 38.51
1436267400000 38.46
1436267700000 38.48
1436267760000 38.49
1436267880000 38.51
1436267940000 38.545
1436268060000 38.51
1436268120000 38.51
1436268180000 38.43
1436268240000 38.47
1436268300000 38.51
1436268360000 38.5
1436268420000 38.49
1436268540000 38.51
1436268600000 38.43
1436268660000 38.46
1436268720000 38.4
1436268840000 38.4
1436268900000 38.4
1436268960000 38.4
1436269020000 38.4
1436269080000 38.4
1436269140000 38.41
1436269440000 38.43
1436269500000 38.51
1436269560000 38.44
1436269620000 38.41
1436269680000 38.425
1436269740000 38.5
1436269860000 38.4
1436269920000 38.49
1436270040000 38.4
1436270100000 38.51
1436270160000 38.47
1436270220000 38.62
1436270280000 38.73
1436270340000 38.75
1436270580000 38.79
1436270700000 38.78
1436270760000 38.87
1436270820000 38.87
1436271000000 38.845
1436271120000 38.88
1436271360000 38.895
1436271480000 38.86
1436271600000 38.895
1436271660000 38.93
1436271720000 38.96
1436271840000 38.98
1436271900000 39.0
1436271960000 38.975
1436272020000 38.97
1436272080000 39.01
1436272260000 39.04
1436272440000 39.06
1436272500000 39.1
1436272800000 39.11
1436272860000 39.08
1436273040000 39.08
1436273100000 39.07
1436273220000 39.11
1436273280000 39.21
1436273340000 39.2
1436273580000 39.22
1436273640000 39.25
1436273700000 39.29
1436273820000 39.38
1436273880000 39.39
1436274060000 39.526
1436274120000 39.471
1436274300000 39.45
1436274360000 39.43
1436274420000 39.5799
1436274540000 39.49
1436274660000 39.5
1436274720000 39.63
1436274840000 39.62
1436274900000 39.69
1436274960000 39.69
1436275020000 39.63
1436275140000 39.6
1436275200000 39.604
1436275260000 39.6
1436275320000 39.53
1436275380000 39.54
1436275440000 39.45
1436275500000 39.452
1436275680000 39.52
1436275740000 39.605
1436275800000 39.61
1436275860000 39.625
1436275980000 39.5661
1436276040000 39.52
1436276220000 39.56
1436276520000 39.583
1436276580000 39.6
1436276640000 39.64
1436276700000 39.62
1436276760000 39.615
1436276820000 39.512
1436276880000 39.5407
1436277120000 39.51
1436277420000 39.5
1436277540000 39.51
1436277660000 39.44
1436277960000 39.43
1436278020000 39.479
1436278380000 39.47
1436278440000 39.46
1436278740000 39.41
1436278800000 39.28
1436278860000 39.19
1436279160000 39.23
1436279220000 39.2999
1436279280000 39.25
1436279340000 39.28
1436279460000 39.285
1436279520000 39.31
1436279640000 39.36
1436279700000 39.375
1436279760000 39.3001
1436279880000 39.19
1436279940000 39.3
1436280000000 39.3
1436280060000 39.34
1436280120000 39.418
1436280180000 39.42
1436280300000 39.56
1436280420000 39.59
1436280480000 39.61
1436280540000 39.48
1436280660000 39.51
1436280900000 39.534
1436280960000 39.29
1436281080000 39.35
1436281140000 39.43
1436281200000 39.48
1436281380000 39.51
1436281440000 39.47
1436281500000 39.46
1436281560000 39.51
