1436261400000 1.81
1436262840000 1.82
1436262900000 1.82
1436263440000 1.81
1436263800000 1.82
1436263860000 1.82
1436263920000 1.82
1436263980000 1.82
1436264040000 1.82
1436264100000 1.82
1436264160000 1.82
1436264220000 1.82
1436264280000 1.81
1436264340000 1.81
1436264400000 1.81
1436264460000 1.81
1436264520000 1.82
1436264640000 1.82
1436264700000 1.82
1436264760000 1.81
1436264820000 1.805
1436264880000 1.77
1436264940000 1.76
1436265000000 1.745
1436265180000 1.74
1436265240000 1.76
1436265480000 1.74
1436265780000 1.74
1436265900000 1.76
1436266020000 1.74
1436266320000 1.74
1436266560000 1.74
1436266620000 1.74
1436266680000 1.72
1436266740000 1.715
1436266980000 1.7
1436267280000 1.7
1436267340000 1.734
1436267520000 1.7
1436267640000 1.7
1436267880000 1.71
1436267940000 1.7
1436268540000 1.7
1436268840000 1.7
1436269260000 1.7
1436269320000 1.7008
1436269380000 1.71
1436269440000 1.71
1436269620000 1.7
1436269800000 1.71
1436269920000 1.7099
1436270040000 1.7
1436270160000 1.705
1436270220000 1.71
1436270340000 1.7099
1436270400000 1.7099
1436270580000 1.71
1436270640000 1.71
1436270820000 1.71
1436271600000 1.7
1436272020000 1.7199
1436272140000 1.715
1436272200000 1.71
1436272620000 1.7199
1436272680000 1.715
1436272740000 1.715
1436272800000 1.72
1436272860000 1.71
1436273400000 1.7136
1436273700000 1.71
1436274180000 1.72
1436274240000 1.72
1436274720000 1.72
1436274900000 1.7299
1436274960000 1.73
1436275800000 1.73
1436276760000 1.74
1436276940000 1.73
1436277120000 1.75
1436277180000 1.75
1436277840000 1.74
1436278560000 1.74
1436279700000 1.7453
1436280300000 1.73
1436280360000 1.74
1436280480000 1.7499
1436280540000 1.7499
1436280720000 1.7599
