1436261400000 6.39
1436261640000 6.366
1436261760000 6.3416
1436262000000 6.37
1436262300000 6.35
1436262360000 6.35
1436262540000 6.3787
1436262900000 6.38
1436262960000 6.38
1436263020000 6.35
1436263200000 6.33
1436263260000 6.3001
1436263320000 6.32
1436263380000 6.31
1436263500000 6.335
1436263620000 6.32
1436263680000 6.329
1436264040000 6.31
1436264220000 6.35
1436264340000 6.36
1436264400000 6.36
1436264460000 6.33
1436264640000 6.37
1436264700000 6.36
1436264880000 6.31
1436265000000 6.3
1436265180000 6.32
1436265540000 6.27
1436265660000 6.203
1436265720000 6.18
1436265780000 6.17
1436265840000 6.18
1436265900000 6.21
1436265960000 6.21
1436266020000 6.24
1436266080000 6.24
1436266140000 6.23
1436266200000 6.22
1436266260000 6.19
1436266320000 6.24
1436266380000 6.25
1436266500000 6.27
1436266620000 6.26
1436266920000 6.22
1436267160000 6.237
1436267460000 6.24
1436267520000 6.27
1436267580000 6.27
1436267640000 6.29
1436267760000 6.3
1436267880000 6.29
1436267940000 6.29
1436268000000 6.2699
1436268180000 6.2501
1436268300000 6.27
1436268420000 6.26
1436268540000 6.25
1436268780000 6.24
1436268840000 6.22
1436268900000 6.21
1436269140000 6.24
1436269200000 6.26
1436269320000 6.25
1436269380000 6.256
1436269440000 6.2525
1436269860000 6.27
1436269980000 6.2699
1436270100000 6.26
1436270160000 6.27
1436270400000 6.26
1436270520000 6.25
1436270580000 6.24
1436271120000 6.23
1436271300000 6.21
1436271420000 6.21
1436271480000 6.21
1436271540000 6.2
1436271600000 6.2
1436271660000 6.24
1436271720000 6.25
1436271780000 6.25
1436271840000 6.25
1436271900000 6.24
1436271960000 6.24
1436272020000 6.26
1436272260000 6.26
1436272380000 6.26
1436272440000 6.25
1436272500000 6.28
1436272620000 6.29
1436272740000 6.28
1436272800000 6.28
1436273040000 6.3
1436273100000 6.28
1436273160000 6.28
1436273340000 6.2701
1436273400000 6.29
1436273580000 6.29
1436273760000 6.28
1436273880000 6.29
1436274120000 6.3
1436274180000 6.28
1436274240000 6.3
1436274300000 6.28
1436274360000 6.29
1436274420000 6.29
1436274480000 6.3
1436274540000 6.29
1436274600000 6.29
1436274660000 6.31
1436274720000 6.3
1436274780000 6.28
1436274900000 6.29
1436274960000 6.29
1436275200000 6.29
1436275260000 6.29
1436275380000 6.3
1436275440000 6.3
1436275800000 6.29
1436275980000 6.3
1436276040000 6.3
1436276100000 6.29
1436276160000 6.29
1436276220000 6.3
1436276280000 6.3
1436276340000 6.29
1436276400000 6.28
1436276640000 6.3
1436276700000 6.305
1436276820000 6.3
1436277000000 6.29
1436277060000 6.29
1436277120000 6.29
1436277180000 6.29
1436277240000 6.29
1436277360000 6.3
1436277540000 6.29
1436277720000 6.29
1436277840000 6.28
1436277900000 6.29
1436278380000 6.3
1436278440000 6.31
1436278500000 6.32
1436278560000 6.29
1436278620000 6.28
1436278680000 6.28
1436278860000 6.25
1436278920000 6.23
1436278980000 6.22
1436279340000 6.25
1436279760000 6.27
1436279880000 6.27
1436280060000 6.31
1436280180000 6.32
1436280300000 6.3
1436280420000 6.32
1436280480000 6.3
1436280660000 6.3
1436280720000 6.31
1436280960000 6.31
1436281020000 6.3
1436281080000 6.31
1436281140000 6.32
1436281260000 6.33
1436281380000 6.33
1436281440000 6.32
1436281500000 6.36
1436281560000 6.35
