1436261400000 0.533
1436261520000 0.535
1436261580000 0.53
1436261640000 0.52
1436261700000 0.5201
1436261760000 0.5201
1436261880000 0.5201
1436261940000 0.5201
1436262000000 0.5197
1436262060000 0.5197
1436262120000 0.5166
1436262180000 0.5151
1436262240000 0.5187
1436262300000 0.5192
1436262360000 0.5166
1436262540000 0.5167
1436262600000 0.5167
1436262660000 0.5159
1436262720000 0.515
1436262780000 0.515
1436262960000 0.515
1436263140000 0.515
1436263260000 0.5145
1436263320000 0.512
1436263380000 0.5125
1436263440000 0.5124
1436263500000 0.5123
1436263560000 0.5122
1436263680000 0.51
1436263740000 0.5099
1436263800000 0.5051
1436263860000 0.5047
1436263920000 0.5048
1436263980000 0.5022
1436264040000 0.5022
1436264100000 0.5022
1436264160000 0.5022
1436264220000 0.5013
1436264280000 0.5009
1436264340000 0.5009
1436264400000 0.5009
1436264460000 0.5009
1436264520000 0.5009
1436264580000 0.5012
1436264640000 0.505
1436264700000 0.5035
1436264760000 0.505
1436264820000 0.505
1436264880000 0.503
1436264940000 0.503
1436265000000 0.5035
1436265060000 0.5032
1436265120000 0.5032
1436265180000 0.5032
1436265300000 0.5033
1436265360000 0.5033
1436265420000 0.5033
1436265480000 0.503
1436265540000 0.503
1436265600000 0.5021
1436265660000 0.5
1436265720000 0.5
1436265780000 0.5
1436265840000 0.5
1436265900000 0.4951
1436265960000 0.4951
1436266020000 0.5
1436266080000 0.4976
1436266140000 0.5007
1436266200000 0.5008
1436266260000 0.5008
1436266320000 0.5015
1436266380000 0.5008
1436266500000 0.5015
1436266560000 0.5025
1436266620000 0.5018
1436266680000 0.5047
1436266800000 0.4999
1436266860000 0.4998
1436266980000 0.4998
1436267040000 0.4951
1436267100000 0.4951
1436267280000 0.4952
1436267340000 0.4955
1436267400000 0.4955
1436267460000 0.4955
1436267520000 0.4964
1436267580000 0.4964
1436267640000 0.4964
1436267700000 0.4961
1436267760000 0.4961
1436267820000 0.4961
1436267880000 0.4972
1436267940000 0.4972
1436268000000 0.4972
1436268060000 0.4972
1436268120000 0.4973
1436268180000 0.4974
1436268240000 0.4979
1436268300000 0.4974
1436268360000 0.4974
1436268420000 0.4971
1436268480000 0.4961
1436268600000 0.497
1436268660000 0.4961
1436268720000 0.4961
1436268780000 0.4961
1436268900000 0.4961
1436268960000 0.4961
1436269020000 0.4995
1436269080000 0.4992
1436269140000 0.5
1436269200000 0.5
1436269320000 0.5
1436269440000 0.4999
1436269500000 0.501
1436269560000 0.501
1436269620000 0.501
1436269680000 0.501
1436269740000 0.5011
1436269800000 0.5047
1436269860000 0.509
1436269920000 0.509
1436269980000 0.5073
1436270040000 0.5099
1436270100000 0.5099
1436270160000 0.5099
1436270220000 0.51
1436270280000 0.51
1436270340000 0.51
1436270400000 0.51
1436270460000 0.51
1436270520000 0.5099
1436270580000 0.51
1436270640000 0.5099
1436270700000 0.51
1436270760000 0.51
1436270820000 0.51
1436270880000 0.51
1436270940000 0.51
1436271000000 0.51
1436271060000 0.51
1436271120000 0.5099
1436271180000 0.5099
1436271240000 0.5091
1436271300000 0.5079
1436271420000 0.5079
1436271480000 0.508
1436271540000 0.5079
1436271660000 0.5079
1436271780000 0.508
1436271960000 0.5073
1436272020000 0.501
1436272080000 0.501
1436272140000 0.5009
1436272200000 0.501
1436272260000 0.501
1436272320000 0.501
1436272440000 0.501
1436272500000 0.501
1436272560000 0.501
1436272620000 0.501
1436272680000 0.501
1436272740000 0.501
1436272800000 0.501
1436272860000 0.501
1436272920000 0.501
1436272980000 0.501
1436273040000 0.501
1436273100000 0.501
1436273160000 0.501
1436273220000 0.501
1436273280000 0.501
1436273340000 0.501
1436273400000 0.501
1436273460000 0.5009
1436273520000 0.501
1436273580000 0.5009
1436273640000 0.501
1436273700000 0.501
1436273760000 0.5009
1436273820000 0.501
1436273880000 0.501
1436273940000 0.5011
1436274060000 0.5011
1436274120000 0.5011
1436274180000 0.5011
1436274240000 0.5011
1436274300000 0.5011
1436274360000 0.5011
1436274420000 0.501
1436274480000 0.5011
1436274540000 0.5011
1436274600000 0.5011
1436274660000 0.5011
1436274720000 0.5011
1436274780000 0.5011
1436274840000 0.5012
1436274900000 0.5018
1436274960000 0.5028
1436275020000 0.5042
1436275080000 0.5044
1436275140000 0.504
1436275200000 0.5099
1436275320000 0.5052
1436275380000 0.5089
1436275440000 0.5089
1436275500000 0.502
1436275560000 0.5075
1436275620000 0.5067
1436275680000 0.5067
1436275740000 0.5029
1436275800000 0.5021
1436275860000 0.5021
1436275920000 0.5029
1436275980000 0.5027
1436276040000 0.5027
1436276100000 0.5027
1436276160000 0.5026
1436276220000 0.5029
1436276280000 0.5029
1436276340000 0.5026
1436276400000 0.5032
1436276460000 0.5033
1436276520000 0.5068
1436276580000 0.504
1436276640000 0.504
1436276700000 0.5101
1436276760000 0.51
1436277000000 0.51
1436277120000 0.5101
1436277180000 0.5101
1436277240000 0.5101
1436277300000 0.5101
1436277360000 0.5101
1436277420000 0.5101
1436277480000 0.5101
1436277540000 0.5101
1436277600000 0.51
1436277660000 0.5101
1436277720000 0.5101
1436277780000 0.51
1436277840000 0.5101
1436277900000 0.51
1436277960000 0.5101
1436278020000 0.51
1436278080000 0.5101
1436278140000 0.5101
1436278200000 0.5101
1436278260000 0.5101
1436278320000 0.5101
1436278380000 0.5101
1436278440000 0.5101
1436278500000 0.5101
1436278560000 0.5101
1436278620000 0.5101
1436278680000 0.5101
1436278740000 0.5101
1436278800000 0.5101
1436278860000 0.5101
1436278920000 0.5101
1436278980000 0.5101
1436279040000 0.5102
1436279100000 0.5102
1436279160000 0.5102
1436279220000 0.5102
1436279280000 0.5102
1436279340000 0.5102
1436279400000 0.5102
1436279460000 0.5102
1436279520000 0.5102
1436279580000 0.5102
1436279700000 0.5102
1436279760000 0.5102
1436279820000 0.5101
1436279880000 0.5102
1436279940000 0.5102
1436280000000 0.5102
1436280060000 0.5101
1436280120000 0.5102
1436280180000 0.5102
1436280240000 0.5102
1436280300000 0.5102
1436280360000 0.5102
1436280420000 0.5102
1436280480000 0.5102
1436280540000 0.5102
1436280600000 0.5102
1436280660000 0.5102
1436280720000 0.5102
1436280780000 0.5102
1436280840000 0.5102
1436280900000 0.5101
1436280960000 0.5098
1436281020000 0.5099
1436281140000 0.5098
1436281200000 0.5097
1436281260000 0.505
1436281320000 0.5023
1436281380000 0.5022
1436281440000 0.5022
1436281500000 0.5021
1436281560000 0.5021
