1436261400000 0.871
1436262600000 0.88
1436263320000 0.8703
1436263380000 0.8701
1436263800000 0.8701
1436264160000 0.8702
1436264280000 0.87
1436264400000 0.87
1436264460000 0.87
1436264520000 0.8699
1436264580000 0.8694
1436264640000 0.8626
1436264700000 0.863
1436264760000 0.863
1436264820000 0.863
1436264880000 0.863
1436264940000 0.8659
1436265000000 0.8659
1436265180000 0.8601
1436265720000 0.8602
1436266260000 0.8713
1436267520000 0.8601
1436269020000 0.8602
1436269920000 0.8602
1436270220000 0.8655
1436270580000 0.8655
1436271540000 0.862
1436272980000 0.8673
1436274720000 0.862
1436275140000 0.862
1436275260000 0.8623
1436275680000 0.862
1436275740000 0.8665
1436275920000 0.8666
1436276760000 0.862
1436277000000 0.8664
1436277060000 0.8642
1436277240000 0.862
1436277300000 0.862
1436277660000 0.866
1436277960000 0.8661
1436281320000 0.8705
