1436261400000 6.02
1436261460000 6.18
1436261580000 6.12
1436261640000 6.19
1436261700000 6.12
1436261760000 6.12
1436261820000 6.11
1436261880000 6.04
1436261940000 6.01
1436262000000 6.0125
1436262060000 5.82
1436262180000 5.8
1436262300000 5.8
1436262360000 5.78
1436262420000 5.77
1436262480000 5.7601
1436262600000 5.77
1436262660000 5.76
1436262720000 5.75
1436262780000 5.69
1436262840000 5.69
1436262900000 5.62
1436262960000 5.58
1436263020000 5.65
1436263140000 5.57
1436263260000 5.57
1436263320000 5.56
1436263380000 5.44
1436263440000 5.43
1436263500000 5.4501
1436263560000 5.48
1436263620000 5.51
1436263680000 5.5552
1436263740000 5.5201
1436263800000 5.55
1436263860000 5.55
1436263920000 5.56
1436263980000 5.59
1436264160000 5.59
1436264280000 5.6
1436264340000 5.63
1436264400000 5.5418
1436264580000 5.58
1436264640000 5.5725
1436264700000 5.52
1436264760000 5.52
1436264820000 5.5225
1436265120000 5.56
1436265180000 5.65
1436265240000 5.62
1436265300000 5.63
1436265360000 5.66
1436265420000 5.67
1436265480000 5.67
1436265540000 5.67
1436265600000 5.65
1436265720000 5.65
1436266080000 5.67
1436266380000 5.77
1436266440000 5.79
1436266500000 5.72
1436266560000 5.72
1436266620000 5.72
1436266680000 5.68
1436266740000 5.65
1436266920000 5.66
1436266980000 5.67
1436267040000 5.63
1436267160000 5.67
1436267220000 5.68
1436267340000 5.68
1436267400000 5.68
1436267460000 5.63
1436267760000 5.6502
1436267940000 5.65
1436268000000 5.67
1436268060000 5.65
1436268120000 5.668
1436268180000 5.6201
1436268300000 5.65
1436268360000 5.64
1436268480000 5.65
1436268780000 5.64
1436268900000 5.61
1436269020000 5.65
1436269080000 5.65
1436269140000 5.6455
1436269200000 5.66
1436269260000 5.65
1436269320000 5.64
1436269500000 5.65
1436269560000 5.65
1436269800000 5.66
1436269980000 5.64
1436270040000 5.65
1436270100000 5.64
1436270220000 5.65
1436270280000 5.6699
1436270340000 5.67
1436270460000 5.68
1436270520000 5.72
1436270700000 5.6993
1436270760000 5.72
1436270820000 5.73
1436270880000 5.73
1436271000000 5.74
1436271060000 5.74
1436271240000 5.74
1436271600000 5.74
1436271840000 5.778
1436271900000 5.79
1436271960000 5.79
1436272260000 5.75
1436272320000 5.68
1436272380000 5.71
1436272440000 5.69
1436272500000 5.69
1436272620000 5.72
1436272680000 5.74
1436272740000 5.8
1436272800000 5.87
1436272860000 5.89
1436272920000 5.89
1436272980000 5.87
1436273040000 5.88
1436273220000 5.84
1436273280000 5.84
1436273340000 5.83
1436273400000 5.84
1436273520000 5.83
1436273580000 5.95
1436273760000 5.97
1436273820000 5.95
1436273940000 5.955
1436274000000 5.97
1436274060000 5.9615
1436274180000 5.96
1436274240000 5.97
1436274300000 5.92
1436274360000 5.94
1436274420000 5.91
1436274480000 5.94
1436274600000 5.94
1436274720000 5.94
1436274840000 5.94
1436275020000 5.93
1436275080000 5.94
1436275140000 5.94
1436275260000 5.93
1436275320000 5.93
1436275380000 5.91
1436275440000 5.94
1436275500000 5.93
1436275680000 5.95
1436275800000 5.95
1436275860000 5.95
1436275980000 5.95
1436276040000 5.91
1436276100000 5.933
1436276220000 5.93
1436276340000 5.93
1436276520000 5.94
1436276580000 5.93
1436276640000 5.93
1436276700000 5.94
1436276760000 5.9421
1436276940000 5.94
1436277000000 5.91
1436277060000 5.95
1436277120000 6.0
1436277180000 6.01
1436277240000 5.98
1436277420000 5.97
1436277480000 5.98
1436277540000 5.97
1436277600000 5.95
1436277720000 5.9
1436277780000 5.93
1436277840000 5.93
1436277900000 5.93
1436277960000 5.92
1436278020000 5.91
1436278080000 5.9
1436278140000 5.9
1436278200000 5.89
1436278260000 5.9
1436278320000 5.89
1436278380000 5.88
1436278440000 5.92
1436278620000 5.92
1436278740000 5.91
1436278800000 5.91
1436278860000 5.92
1436278920000 5.89
1436278980000 5.89
1436279040000 5.88
1436279100000 5.88
1436279160000 5.88
1436279220000 5.88
1436279280000 5.88
1436279340000 5.88
1436279400000 5.88
1436279460000 5.88
1436279520000 5.88
1436279580000 5.88
1436279640000 5.88
1436279700000 5.88
1436279820000 5.89
1436279880000 5.88
1436280180000 5.89
1436280240000 5.89
1436280300000 5.89
1436280360000 5.89
1436280420000 5.88
1436280480000 5.88
1436280540000 5.88
1436280600000 5.88
1436280660000 5.88
1436280720000 5.88
1436280780000 5.88
1436280840000 5.88
1436280900000 5.88
1436280960000 5.88
1436281020000 5.88
1436281080000 5.88
1436281140000 5.88
1436281200000 5.88
1436281260000 5.88
1436281320000 5.88
1436281380000 5.88
1436281440000 5.88
1436281500000 5.88
1436281560000 5.88
