1436261400000 19.74
1436261700000 19.6
1436262120000 19.4
1436262540000 19.5
1436262600000 19.4149
1436262660000 19.4
1436263020000 19.4696
1436263080000 19.46
1436263140000 19.4771
1436263560000 19.5
1436263860000 19.48
1436263920000 19.47
1436264400000 19.42
1436264460000 19.42
1436265180000 19.44
1436265240000 19.46
1436265300000 19.48
1436265540000 19.49
1436265780000 19.54
1436265840000 19.6
1436265900000 19.57
1436265960000 19.52
1436266260000 19.54
1436266740000 19.54
1436266980000 19.53
1436267160000 19.49
1436267400000 19.4
1436267460000 19.4
1436268000000 19.5
1436268060000 19.45
1436268120000 19.4
1436268180000 19.37
1436268240000 19.36
1436268900000 19.33
1436268960000 19.28
1436269080000 19.25
1436269200000 19.25
1436269440000 19.26
1436270280000 19.25
1436271300000 19.27
1436271720000 19.34
1436271780000 19.329
1436271900000 19.31
1436272260000 19.3
1436272500000 19.35
1436272560000 19.36
1436272620000 19.35
1436273100000 19.45
1436273220000 19.41
1436273280000 19.37
1436273940000 19.38
1436274120000 19.38
1436274600000 19.37
1436274780000 19.37
1436275200000 19.435
1436275260000 19.39
1436275620000 19.39
1436275680000 19.44
1436275980000 19.52
1436276280000 19.48
1436276460000 19.57
1436276520000 19.47
1436276760000 19.47
1436277180000 19.52
1436277300000 19.52
1436277360000 19.56
1436277420000 19.6
1436277780000 19.56
1436277960000 19.52
1436278080000 19.52
1436278140000 19.52
1436278200000 19.52
1436278320000 19.52
1436278860000 19.52
1436279340000 19.56
1436279700000 19.58
1436280000000 19.59
1436280120000 19.7
1436280180000 19.67
1436280300000 19.68
1436280600000 19.67
1436280660000 19.67
1436280720000 19.65
1436280840000 19.62
1436280900000 19.62
1436280960000 19.58
1436281080000 19.58
