1436261400000 2.02
1436261460000 2.0
1436261760000 1.96
1436261940000 1.9563
1436262060000 1.9661
1436262300000 1.9618
1436262540000 1.98
1436263380000 1.96
1436263500000 1.96
1436264160000 1.92
1436264520000 1.9446
1436265180000 1.9455
1436265360000 1.94
1436265600000 1.94
1436266620000 1.93
1436266920000 1.9392
1436267040000 1.91
1436267280000 1.9209
1436267580000 1.92
1436267940000 1.92
1436268240000 1.9201
1436268540000 1.92
1436268960000 1.91
1436269080000 1.9199
1436269560000 1.919
1436270760000 1.92
1436270940000 1.92
1436271480000 1.91
1436271780000 1.9101
1436271900000 1.905
1436272140000 1.905
1436272620000 1.9099
1436273040000 1.92
1436273700000 1.92
1436273940000 1.93
1436274300000 1.9301
1436274360000 1.935
1436274420000 1.9338
1436274840000 1.94
1436274900000 1.94
1436275140000 1.95
1436275860000 1.95
1436276700000 1.96
1436276820000 1.97
1436277420000 1.95
1436277840000 1.9501
1436278740000 1.96
1436278800000 1.96
1436278920000 1.96
1436279940000 1.9547
1436280360000 1.97
1436281260000 1.96
