1436261400000 11.58
1436261580000 11.56
1436261640000 11.56
1436261820000 11.53
1436261880000 11.56
1436261940000 11.61
1436262000000 11.63
1436262060000 11.64
1436262120000 11.62
1436262180000 11.615
1436262240000 11.62
1436262300000 11.62
1436262360000 11.61
1436262600000 11.62
1436262660000 11.63
1436262720000 11.63
1436262780000 11.62
1436262840000 11.61
1436263080000 11.605
1436263140000 11.59
1436263200000 11.5901
1436263380000 11.6
1436263500000 11.5672
1436263560000 11.55
1436263620000 11.57
1436263680000 11.53
1436263800000 11.56
1436263860000 11.57
1436263920000 11.58
1436263980000 11.58
1436264040000 11.57
1436264100000 11.555
1436264160000 11.55
1436264400000 11.54
1436264460000 11.55
1436264700000 11.54
1436264820000 11.52
1436264880000 11.52
1436264940000 11.51
1436265000000 11.515
1436265120000 11.51
1436265180000 11.52
1436265240000 11.52
1436265300000 11.51
1436265360000 11.5
1436265420000 11.495
1436265480000 11.49
1436265540000 11.49
1436265660000 11.475
1436265720000 11.46
1436265780000 11.45
1436265840000 11.45
1436265900000 11.46
1436265960000 11.47
1436266020000 11.5
1436266080000 11.51
1436266140000 11.51
1436266200000 11.5
1436266260000 11.48
1436266320000 11.51
1436266380000 11.5
1436266440000 11.52
1436266500000 11.54
1436266560000 11.52
1436266620000 11.54
1436266740000 11.53
1436266800000 11.53
1436266860000 11.52
1436266920000 11.54
1436266980000 11.54
1436267040000 11.56
1436267100000 11.55
1436267220000 11.5427
1436267280000 11.545
1436267340000 11.55
1436267400000 11.56
1436267460000 11.56
1436267520000 11.565
1436267580000 11.56
1436267640000 11.55
1436267700000 11.55
1436267820000 11.55
1436267880000 11.54
1436267940000 11.54
1436268000000 11.5525
1436268060000 11.54
1436268120000 11.52
1436268240000 11.53
1436268360000 11.52
1436268420000 11.53
1436268480000 11.53
1436268540000 11.52
1436268600000 11.53
1436268660000 11.52
1436268720000 11.53
1436268780000 11.5
1436268840000 11.5
1436268960000 11.49
1436269020000 11.5
1436269080000 11.515
1436269140000 11.53
1436269200000 11.52
1436269320000 11.52
1436269380000 11.53
1436269440000 11.54
1436269500000 11.55
1436269620000 11.54
1436269680000 11.55
1436269740000 11.54
1436269860000 11.53
1436269980000 11.52
1436270160000 11.54
1436270220000 11.58
1436270280000 11.58
1436270340000 11.575
1436270460000 11.57
1436270520000 11.56
1436270580000 11.545
1436270700000 11.555
1436270760000 11.56
1436270820000 11.56
1436271000000 11.56
1436271060000 11.545
1436271120000 11.55
1436271180000 11.56
1436271300000 11.56
1436271360000 11.56
1436271420000 11.565
1436271600000 11.58
1436271840000 11.59
1436271960000 11.59
1436272020000 11.6
1436272080000 11.62
1436272140000 11.63
1436272200000 11.63
1436272260000 11.64
1436272320000 11.63
1436272380000 11.63
1436272500000 11.63
1436272620000 11.615
1436272680000 11.62
1436272740000 11.62
1436272800000 11.625
1436272860000 11.6299
1436272920000 11.63
1436272980000 11.64
1436273040000 11.6201
1436273100000 11.63
1436273220000 11.64
1436273280000 11.65
1436273340000 11.66
1436273400000 11.66
1436273460000 11.65
1436273520000 11.64
1436273580000 11.65
1436273640000 11.65
1436273700000 11.66
1436273760000 11.65
1436273820000 11.67
1436273880000 11.67
1436273940000 11.65
1436274000000 11.67
1436274180000 11.66
1436274240000 11.66
1436274300000 11.66
1436274360000 11.633
1436274420000 11.6397
1436274480000 11.62
1436274660000 11.64
1436274720000 11.645
1436274780000 11.655
1436274840000 11.65
1436274900000 11.65
1436274960000 11.63
1436275020000 11.635
1436275080000 11.64
1436275200000 11.64
1436275260000 11.64
1436275380000 11.6445
1436275440000 11.65
1436275500000 11.64
1436275800000 11.64
1436275860000 11.65
1436275920000 11.61
1436275980000 11.62
1436276040000 11.62
1436276100000 11.61
1436276160000 11.605
1436276520000 11.61
1436276580000 11.61
1436276640000 11.62
1436276700000 11.62
1436276880000 11.59
1436276940000 11.61
1436277120000 11.6
1436277240000 11.6
1436277360000 11.61
1436277420000 11.6
1436277480000 11.6
1436277660000 11.6
1436277720000 11.59
1436277840000 11.59
1436277900000 11.6
1436277960000 11.59
1436278020000 11.6
1436278080000 11.6
1436278140000 11.61
1436278320000 11.62
1436278440000 11.61
1436278500000 11.61
1436278560000 11.61
1436278620000 11.61
1436278680000 11.6
1436278740000 11.58
1436278800000 11.58
1436278860000 11.57
1436278920000 11.56
1436278980000 11.57
1436279100000 11.58
1436279280000 11.57
1436279400000 11.565
1436279520000 11.57
1436279640000 11.6
1436279700000 11.59
1436279760000 11.59
1436279880000 11.58
1436279940000 11.59
1436280000000 11.59
1436280060000 11.61
1436280120000 11.6001
1436280180000 11.615
1436280240000 11.62
1436280300000 11.63
1436280360000 11.64
1436280420000 11.65
1436280480000 11.64
1436280600000 11.64
1436280720000 11.645
1436280780000 11.635
1436280840000 11.63
1436280900000 11.62
1436280960000 11.63
1436281080000 11.65
1436281140000 11.67
1436281200000 11.69
1436281260000 11.67
1436281320000 11.65
1436281380000 11.6538
1436281440000 11.66
1436281500000 11.665
1436281560000 11.65
