1436261400000 28.15
1436261460000 27.79
1436261520000 27.67
1436261580000 27.64
1436261640000 28.0
1436261700000 27.865
1436261760000 27.91
1436261820000 27.8
1436261880000 27.77
1436261940000 27.76
1436262000000 27.73
1436262060000 28.0
1436262120000 27.95
1436262180000 27.93
1436262240000 28.01
1436262300000 28.0797
1436262360000 28.16
1436262420000 28.195
1436262480000 28.16
1436262540000 28.31
1436262600000 28.475
1436262660000 28.36
1436262720000 28.43
1436262780000 28.38
1436262840000 28.385
1436262900000 28.56
1436262960000 28.66
1436263020000 28.68
1436263080000 28.57
1436263140000 28.55
1436263200000 28.54
1436263260000 28.4847
1436263320000 28.49
1436263380000 28.5
1436263440000 28.615
1436263500000 28.49
1436263560000 28.35
1436263620000 28.39
1436263680000 28.3575
1436263740000 28.36
1436263800000 28.34
1436263860000 28.15
1436263920000 28.14
1436263980000 28.16
1436264040000 28.2902
1436264100000 28.2551
1436264160000 28.24
1436264220000 28.16
1436264280000 28.23
1436264340000 28.21
1436264400000 28.26
1436264460000 28.19
1436264520000 28.255
1436264580000 28.54
1436264640000 28.44
1436264700000 28.41
1436264760000 28.38
1436264820000 28.31
1436264880000 28.25
1436264940000 28.36
1436265000000 28.32
1436265060000 28.232
1436265120000 28.27
1436265180000 28.49
1436265240000 28.5
1436265300000 28.58
1436265360000 28.44
1436265420000 28.42
1436265480000 28.32
1436265540000 28.24
1436265600000 28.2168
1436265660000 28.06
1436265720000 28.08
1436265780000 28.01
1436265840000 28.0
1436265900000 28.03
1436265960000 28.2
1436266020000 28.23
1436266080000 28.25
1436266140000 28.22
1436266200000 28.17
1436266260000 28.12
1436266320000 28.082
1436266380000 28.165
1436266440000 28.25
1436266500000 28.31
1436266560000 28.29
1436266620000 28.31
1436266680000 28.26
1436266740000 28.19
1436266800000 28.07
1436266860000 28.12
1436266920000 28.17
1436266980000 28.15
1436267040000 28.07
1436267100000 28.12
1436267160000 28.0901
1436267220000 28.06
1436267280000 28.14
1436267340000 28.12
1436267400000 28.15
1436267460000 28.18
1436267520000 28.28
1436267580000 28.24
1436267640000 28.21
1436267700000 28.25
1436267760000 28.1
1436267820000 28.15
1436267880000 28.075
1436267940000 28.07
1436268000000 28.12
1436268060000 28.1202
1436268120000 28.1
1436268180000 28.16
1436268240000 28.18
1436268300000 28.168
1436268360000 28.16
1436268420000 28.18
1436268480000 28.2
1436268540000 28.13
1436268600000 28.1
1436268660000 28.065
1436268720000 28.12
1436268780000 28.07
1436268840000 28.0779
1436268900000 28.02
1436268960000 28.08
1436269020000 28.04
1436269080000 27.86
1436269140000 27.8499
1436269200000 27.82
1436269260000 27.7748
1436269320000 27.815
1436269380000 27.855
1436269440000 27.91
1436269500000 27.928
1436269560000 27.77
1436269620000 27.7
1436269680000 27.53
1436269740000 27.57
1436269800000 27.44
1436269860000 27.38
1436269920000 27.075
1436269980000 27.315
1436270040000 27.55
1436270100000 27.5
1436270160000 27.54
1436270220000 27.66
1436270280000 27.64
1436270340000 27.5
1436270400000 27.52
1436270460000 27.58
1436270520000 27.58
1436270580000 27.5775
1436270640000 27.71
1436270700000 27.66
1436270760000 27.65
1436270820000 27.6599
1436270880000 27.7101
1436270940000 27.6452
1436271000000 27.56
1436271060000 27.48
1436271120000 27.37
1436271180000 27.41
1436271240000 27.39
1436271300000 27.39
1436271360000 27.48
1436271420000 27.43
1436271480000 27.445
1436271540000 27.53
1436271600000 27.68
1436271660000 27.9
1436271720000 27.84
1436271780000 27.95
1436271840000 27.9
1436271900000 27.865
1436271960000 27.88
1436272020000 28.0
1436272080000 27.99
1436272140000 27.9
1436272200000 27.73
1436272260000 27.83
1436272320000 27.8548
1436272380000 27.86
1436272440000 27.91
1436272500000 27.9
1436272560000 27.77
1436272620000 27.89
1436272680000 27.93
1436272740000 27.94
1436272800000 28.0
1436272860000 28.13
1436272920000 28.13
1436272980000 28.13
1436273040000 28.23
1436273100000 28.215
1436273160000 28.2
1436273220000 28.23
1436273280000 28.23
1436273340000 28.21
1436273400000 28.33
1436273460000 28.26
1436273520000 28.26
1436273580000 28.26
1436273640000 28.22
1436273700000 28.23
1436273760000 28.13
1436273820000 28.03
1436273880000 28.14
1436273940000 28.14
1436274000000 28.12
1436274060000 28.13
1436274120000 28.12
1436274180000 28.03
1436274240000 28.03
1436274300000 28.11
1436274360000 28.1
1436274420000 28.0156
1436274480000 28.05
1436274540000 28.01
1436274600000 28.08
1436274660000 28.06
1436274720000 28.07
1436274780000 28.16
1436274840000 28.22
1436274900000 28.21
1436274960000 28.17
1436275020000 28.17
1436275080000 28.17
1436275140000 28.25
1436275200000 28.23
1436275260000 28.2038
1436275320000 28.15
1436275380000 28.14
1436275440000 28.2
1436275500000 28.17
1436275560000 28.2
1436275620000 28.21
1436275680000 28.2547
1436275740000 28.2112
1436275800000 28.21
1436275860000 28.24
1436275920000 28.181
1436275980000 28.221
1436276040000 28.201
1436276100000 28.22
1436276160000 28.2499
1436276220000 28.23
1436276280000 28.23
1436276340000 28.23
1436276400000 28.22
1436276460000 28.22
1436276520000 28.18
1436276580000 28.2
1436276640000 28.185
1436276700000 28.14
1436276760000 28.05
1436276820000 28.08
1436276880000 28.11
1436276940000 28.19
1436277000000 28.13
1436277060000 28.03
1436277120000 27.99
1436277180000 28.0
1436277240000 27.99
1436277300000 27.98
1436277360000 27.98
1436277420000 27.99
1436277480000 27.99
1436277540000 27.97
1436277600000 27.96
1436277660000 27.9902
1436277720000 27.9596
1436277780000 27.95
1436277840000 27.96
1436277900000 27.975
1436277960000 27.865
1436278020000 27.83
1436278080000 27.82
1436278140000 27.86
1436278200000 27.86
1436278260000 27.86
1436278320000 27.795
1436278380000 27.6985
1436278440000 27.525
1436278500000 27.62
1436278560000 27.65
1436278620000 27.63
1436278680000 27.67
1436278740000 27.7
1436278800000 27.665
1436278860000 27.625
1436278920000 27.52
1436278980000 27.48
1436279040000 27.48
1436279100000 27.4846
1436279160000 27.495
1436279220000 27.51
1436279280000 27.4975
1436279340000 27.505
1436279400000 27.5
1436279460000 27.5311
1436279520000 27.61
1436279580000 27.6199
1436279640000 27.61
1436279700000 27.57
1436279760000 27.62
1436279820000 27.62
1436279880000 27.62
1436279940000 27.71
1436280000000 27.73
1436280060000 27.81
1436280120000 27.86
1436280180000 27.88
1436280240000 27.94
1436280300000 27.94
1436280360000 27.97
1436280420000 27.95
1436280480000 27.995
1436280540000 27.93
1436280600000 27.935
1436280660000 27.875
1436280720000 27.94
1436280780000 27.96
1436280840000 28.09
1436280900000 28.02
1436280960000 28.025
1436281020000 28.03
1436281080000 28.0649
1436281140000 28.1553
1436281200000 28.09
1436281260000 28.1
1436281320000 28.1099
1436281380000 28.11
1436281440000 28.105
1436281500000 28.1601
1436281560000 28.135
