1436261400000 11.25
1436261460000 11.237
1436261520000 11.3
1436261580000 11.237
1436261640000 11.309
1436261700000 11.23
1436261760000 11.315
1436261820000 11.24
1436262000000 11.2
1436262060000 11.2
1436262120000 11.16
1436262240000 11.1
1436262300000 11.11
1436262360000 11.11
1436262420000 11.1
1436262540000 11.06
1436262720000 11.02
1436262960000 11.04
1436263020000 11.06
1436263080000 11.09
1436263140000 11.01
1436263260000 10.94
1436263320000 10.94
1436263440000 10.96
1436263620000 10.96
1436263980000 10.91
1436264160000 10.9
1436264220000 10.85
1436264340000 10.855
1436264760000 10.83
1436264820000 10.73
1436265060000 10.7201
1436265120000 10.73
1436265240000 10.6888
1436265600000 10.6508
1436265780000 10.66
1436265900000 10.655
1436265960000 10.655
1436266080000 10.635
1436266140000 10.65
1436266380000 10.64
1436266680000 10.66
1436266740000 10.61
1436266920000 10.597
1436266980000 10.6
1436267160000 10.61
1436267340000 10.61
1436267460000 10.64
1436267520000 10.64
1436267580000 10.63
1436267640000 10.64
1436267880000 10.63
1436268240000 10.61
1436268300000 10.6
1436268360000 10.59
1436268900000 10.56
1436268960000 10.55
1436269020000 10.57
1436269080000 10.57
1436269320000 10.6
1436269440000 10.63
1436269500000 10.62
1436269620000 10.61
1436269680000 10.59
1436269800000 10.62
1436270160000 10.62
1436270280000 10.64
1436270520000 10.64
1436270580000 10.62
1436270640000 10.627
1436270700000 10.64
1436270760000 10.6586
1436271120000 10.65
1436271180000 10.66
1436271240000 10.66
1436271300000 10.66
1436271540000 10.66
1436271660000 10.66
1436271900000 10.66
1436272020000 10.7
1436272200000 10.695
1436272380000 10.71
1436272500000 10.7
1436272620000 10.71
1436272800000 10.72
1436272920000 10.72
1436272980000 10.76
1436273040000 10.78
1436273100000 10.83
1436273340000 10.83
1436273520000 10.84
1436273580000 10.84
1436273700000 10.83
1436273880000 10.84
1436274180000 10.8699
1436274300000 10.945
1436274360000 10.93
1436274420000 10.93
1436274480000 10.88
1436274720000 10.89
1436275080000 10.94
1436275140000 10.94
1436275260000 10.99
1436275740000 10.9702
1436275920000 10.96
1436276100000 10.955
1436276160000 10.95
1436276460000 10.89
1436276640000 10.9
1436276760000 10.93
1436276820000 10.93
1436276940000 10.915
1436277120000 10.95
1436277180000 10.95
1436277240000 10.99
1436277420000 10.99
1436277960000 10.99
1436278140000 10.98
1436278320000 10.97
1436278380000 10.98
1436278440000 10.99
1436278500000 10.985
1436278620000 10.97
1436278860000 10.9
1436278980000 10.91
1436279100000 10.96
1436279220000 10.95
1436279280000 10.98
1436279400000 10.98
1436279700000 10.98
1436279760000 10.97
1436280000000 10.98
1436280060000 10.98
1436280120000 10.98
1436280300000 11.0
1436280360000 10.99
1436280420000 10.97
1436280660000 10.97
1436280780000 10.94
1436280900000 10.94
1436280960000 10.95
1436281080000 10.95
1436281140000 10.98
1436281200000 11.0297
1436281380000 11.015
1436281500000 10.94
1436281560000 10.94
