1436261400000 14.9
1436261640000 14.94
1436261760000 14.94
1436261880000 14.97
1436262000000 15.0
1436262120000 14.98
1436262300000 14.975
1436262480000 14.99
1436262660000 14.99
1436262780000 15.02
1436262840000 14.98
1436263080000 15.0
1436263200000 15.0
1436263260000 15.01
1436263500000 14.96
1436263680000 14.99
1436263920000 14.98
1436264100000 15.02
1436264340000 14.99
1436264520000 14.99
1436264760000 14.99
1436265000000 14.98
1436265240000 14.99
1436265480000 14.99
1436265720000 14.99
1436265960000 15.0
1436266080000 15.05
1436266140000 15.05
1436266200000 15.05
1436266440000 15.01
1436266680000 15.01
1436266980000 15.01
1436267220000 14.99
1436267460000 15.01
1436267760000 15.01
1436268000000 15.01
1436268300000 15.01
1436268480000 15.04
1436268540000 15.01
1436268840000 15.03
1436268960000 15.03
1436269140000 15.02
1436269260000 15.05
1436270460000 15.1
1436271180000 15.11
1436271360000 15.1
1436271540000 15.11
1436271720000 15.1075
1436272260000 15.16
1436272560000 15.24
1436272620000 15.25
1436273700000 15.25
1436274120000 15.31
1436274180000 15.34
1436274240000 15.32
1436274300000 15.4
1436274420000 15.38
1436274540000 15.32
1436274600000 15.32
1436274720000 15.32
1436275260000 15.41
1436275860000 15.41
1436276040000 15.38
1436276100000 15.38
1436276280000 15.31
1436276700000 15.37
1436276820000 15.2401
1436276880000 15.25
1436277180000 15.25
1436277300000 15.24
1436277480000 15.09
1436277780000 15.1
1436278080000 15.1
1436278200000 15.07
1436278380000 15.07
1436278680000 15.04
1436278740000 15.13
1436278980000 15.01
1436279280000 15.02
1436279580000 15.02
1436279880000 15.02
1436280180000 15.03
1436280480000 15.04
1436280720000 15.06
1436280780000 15.03
1436281020000 15.02
1436281080000 15.01
1436281260000 15.07
1436281320000 15.05
