1436262120000 2.15
1436262180000 2.146
1436262240000 2.1201
1436262420000 2.12
1436262540000 2.06
1436262720000 2.01
1436262840000 2.0
1436262960000 2.0101
1436263020000 2.0299
1436263500000 2.02
1436263560000 1.97
1436263620000 1.97
1436263800000 1.97
1436263860000 1.9212
1436263920000 1.92
1436263980000 1.9001
1436264220000 1.9
1436264280000 1.85
1436264340000 1.81
1436264760000 1.81
1436264820000 1.76
1436264880000 1.761
1436265060000 1.76
1436265120000 1.73
1436265240000 1.75
1436265300000 1.77
1436265360000 1.765
1436265780000 1.79
1436265960000 1.7703
1436266020000 1.7606
1436266440000 1.7603
1436266560000 1.78
1436266620000 1.8
1436266680000 1.8295
1436267340000 1.88
1436268900000 1.85
1436269020000 1.8401
1436269140000 1.85
1436269380000 1.95
1436271420000 1.925
1436271600000 1.9
1436272560000 1.8865
1436275080000 1.88
1436275260000 1.88
1436275620000 1.8999
1436276280000 1.8999
1436276760000 1.89
1436277240000 1.88
1436277300000 1.89
1436277720000 1.88
1436277840000 1.88
1436278200000 1.925
1436278440000 1.9599
1436278560000 1.92
1436280300000 1.935
