1406001600000 43.2196
1406779200000 43.7783
1406865600000 42.6251
1407297600000 42.704
1407988800000 45.51
1408075200000 46.9999
1408334400000 46.9209
1408507200000 45.3
1408593600000 46.01
1408680000000 46.12
1408939200000 44.815
1409025600000 46.41
1409112000000 44.838
1409284800000 44.85
1409716800000 44.6
1409803200000 44.084
1409889600000 44.129
1410148800000 42.53
1410235200000 42.09
1410321600000 40.69
1410494400000 40.4
1410753600000 39.44
1410840000000 39.91
1411012800000 40.16
1411099200000 40.25
1411358400000 39.51
1411444800000 39.4399
1411531200000 38.55
1412049600000 38.0
1412913600000 35.291
1413345600000 35.0299
1413864000000 36.799
1414641600000 37.7499
1414728000000 37.81
1414990800000 38.82
1415250000000 38.95
1415941200000 38.87
1416373200000 36.1901
1416459600000 36.19
1417150800000 36.24
1417755600000 35.4859
1418792400000 38.442
1419224400000 39.0
1419570000000 37.02
1420174800000 36.1001
1421125200000 32.3
1421211600000 32.2999
1422421200000 30.9
1422594000000 28.08
1422853200000 30.02
1422939600000 31.0
1423026000000 30.98
1423112400000 30.5
1423458000000 31.0
1423544400000 31.0
1423803600000 31.64
1424235600000 30.79
1424408400000 35.0
1424667600000 34.9
1425618000000 33.59
1425873600000 33.3772
1426132800000 32.59
1426478400000 32.1498
1427169600000 34.56
1427342400000 31.96
1427428800000 31.37
1427688000000 31.38
1427774400000 31.11
1427860800000 31.668
1427947200000 31.49
1428292800000 32.72
1428552000000 33.13
1429156800000 32.92
1429243200000 32.418
1429502400000 33.88
1429675200000 33.69
1429848000000 33.42
1430107200000 33.42
1430280000000 33.59
1430366400000 32.22
1430798400000 32.8
1430884800000 31.86
1430971200000 31.39
1431057600000 31.48
1431662400000 31.62
1432008000000 33.7034
1432094400000 34.0399
1432180800000 33.7
1432267200000 33.03
1432699200000 32.89
1433131200000 34.0
1433304000000 33.85
1434600000000 33.85
1434945600000 33.96
1435723200000 33.2
