1436261580000 15.16
1436261640000 15.17
1436261700000 15.16
1436261760000 15.15
1436261820000 15.06
1436262480000 15.05
1436262780000 15.02
1436262960000 15.02
1436263080000 14.972
1436263140000 14.91
1436263260000 14.9936
1436263320000 15.13
1436263380000 15.11
1436263500000 15.09
1436264220000 14.93
1436264280000 14.94
1436264460000 14.9328
1436264820000 14.93
1436264940000 15.15
1436265360000 15.1999
1436265720000 14.9
1436265840000 14.85
1436265960000 14.8
1436266380000 14.84
1436266440000 14.826
1436266560000 14.8204
1436266920000 14.8
1436267280000 14.8
1436267340000 14.8355
1436267520000 14.8407
1436268120000 14.77
1436268780000 14.8
1436269440000 14.77
1436269500000 14.7
1436270520000 14.7
1436270580000 14.745
1436270640000 14.7899
1436270700000 14.7
1436270820000 14.7999
1436270880000 14.75
1436271180000 14.799
1436271240000 14.75
1436271300000 14.75
1436272380000 14.74
1436272440000 14.705
1436272500000 14.73
1436272560000 14.725
1436272620000 14.72
1436272740000 14.69
1436272800000 14.8
1436272860000 14.7
1436272920000 14.69
1436272980000 14.68
1436273400000 14.7314
1436273520000 14.68
1436273760000 14.69
1436273820000 14.7899
1436273940000 14.6001
1436274600000 14.711
1436274660000 14.7
1436274720000 14.71
1436274780000 14.7
1436274900000 14.775
1436275080000 14.85
1436275560000 14.8
1436275980000 15.04
1436276040000 14.87
1436276160000 14.975
1436276220000 15.34
1436276580000 14.9
1436276940000 14.91
1436277240000 15.19
1436277360000 14.94
1436277840000 15.09
1436277960000 14.92
1436278020000 14.93
1436278080000 14.93
1436278140000 15.09
1436278200000 14.92
1436278260000 15.31
1436278560000 15.6199
1436278680000 15.495
1436278860000 15.5
1436278920000 15.54
1436278980000 15.43
1436279160000 15.25
1436279400000 15.26
1436279640000 15.28
1436279820000 15.28
1436279880000 15.31
1436280000000 15.395
1436280060000 15.395
1436280180000 15.5199
1436280360000 15.4
1436280420000 15.3497
1436280540000 15.31
1436280720000 15.35
1436280780000 15.15
1436280960000 15.28
1436281080000 15.4
1436281200000 15.3
1436281260000 15.42
1436281320000 15.5699
1436281380000 15.3
1436281560000 15.5199
