1436261400000 39.95
1436261520000 39.915
1436261760000 39.52
1436261940000 39.34
1436262000000 39.2725
1436262060000 38.75
1436262120000 38.68
1436262180000 38.57
1436262240000 38.6
1436262420000 38.74
1436262480000 38.87
1436262540000 38.91
1436263740000 38.7499
1436263860000 38.625
1436264100000 38.74
1436264880000 38.58
1436265000000 38.53
1436265120000 38.21
1436265480000 38.1215
1436265540000 38.11
1436265780000 37.76
1436265840000 37.46
1436266080000 37.81
1436266140000 38.217
1436266200000 38.035
1436266500000 38.46
1436266560000 38.3674
1436266680000 38.3201
1436266740000 38.4863
1436266980000 38.64
1436267040000 38.72
1436267340000 38.843
1436267520000 38.7001
1436267580000 38.97
1436267640000 38.98
1436267700000 38.99
1436267760000 38.91
1436267880000 38.99
1436268060000 39.0
1436268180000 39.05
1436268840000 38.86
1436269140000 38.6601
1436269320000 38.72
1436269740000 38.82
1436269800000 38.98
1436270040000 38.79
1436270160000 38.97
1436270220000 38.98
1436270760000 38.85
1436271600000 38.87
1436271660000 38.88
1436272260000 38.96
1436272500000 38.98
1436272740000 38.91
1436272860000 38.9999
1436273100000 39.0
1436273160000 39.0
1436273220000 39.0
1436273280000 39.0
1436273580000 39.01
1436273640000 38.9
1436273700000 39.0
1436273760000 39.0
1436273820000 39.0
1436273880000 39.0
1436274480000 38.99
1436274720000 39.0
1436274840000 39.0
1436276460000 38.61
1436276640000 38.56
1436276880000 38.38
1436277240000 38.44
1436278020000 38.29
1436278140000 38.06
1436278200000 38.36
1436278260000 38.26
1436278380000 38.2
1436278440000 38.2
1436278620000 38.05
1436278920000 38.01
1436279040000 38.0
1436279700000 37.93
1436279820000 37.945
1436279880000 37.95
1436279940000 37.95
1436280000000 37.9
1436280060000 37.94
1436280120000 37.95
1436280180000 37.95
1436280360000 37.945
1436280480000 38.0
1436280540000 37.96
1436280660000 37.94
1436280720000 37.95
1436280780000 37.955
1436281020000 38.0
1436281080000 38.14
1436281140000 38.14
1436281200000 38.4
1436281380000 38.41
