1404705600000 5.5
1404878400000 5.33
1404964800000 5.5
1405051200000 5.16
1405310400000 5.12
1405396800000 5.4862
1405569600000 5.2795
1405915200000 5.14
1406001600000 5.1
1406088000000 5.16
1406174400000 5.0501
1406260800000 5.1
1406520000000 5.1
1406606400000 5.1
1406692800000 5.19
1406779200000 5.18
1406865600000 5.2
1407124800000 5.1
1407211200000 5.05
1407297600000 5.14
1407384000000 5.05
1407729600000 5.15
1407816000000 4.95
1407902400000 4.75
1407988800000 4.65
1408075200000 4.8299
1408334400000 4.8
1408420800000 4.62
1408507200000 4.9
1408593600000 5.25
1408680000000 5.0
1408939200000 4.741
1409025600000 5.09
1409112000000 5.09
1409198400000 4.8201
1409284800000 5.1
1409630400000 4.98
1409716800000 4.97
1409803200000 4.97
1409889600000 4.9012
1410148800000 4.98
1410235200000 5.0
1410321600000 4.9
1410408000000 5.037
1410494400000 5.0495
1410753600000 4.9
1410840000000 4.96
1410926400000 5.14
1411012800000 5.14
1411099200000 5.12
1411358400000 5.14
1411444800000 4.93
1411531200000 4.8301
1411704000000 4.89
1411963200000 5.0
1412049600000 5.14
1412136000000 4.82
1412222400000 4.71
1412308800000 5.0
1412568000000 4.8
1412654400000 5.065
1412740800000 4.9
1412913600000 4.75
1413172800000 4.95
1413259200000 5.0499
1413345600000 4.95
1413518400000 5.06
1413777600000 5.001
1413864000000 5.0
1413950400000 4.82
1414036800000 4.9
1414123200000 5.14
1414468800000 4.98
1414555200000 5.0
1414728000000 5.09
1414990800000 4.9
1415163600000 4.9999
1415250000000 5.0
1415336400000 5.01
1415595600000 5.0099
1415682000000 4.82
1415768400000 4.63
1415854800000 4.63
1415941200000 4.8299
1416200400000 4.399
1416286800000 4.73
1416459600000 4.7599
1416546000000 4.89
1416891600000 4.89
1417150800000 4.97
1417410000000 4.78
1417496400000 4.7601
1417755600000 4.645
1418187600000 4.701
1418274000000 4.888
1418619600000 4.88
1418706000000 4.85
1418792400000 4.8
1418878800000 4.835
1418965200000 4.77
1419224400000 4.65
1419310800000 4.65
1419397200000 4.69
1419570000000 4.98
1420002000000 4.85
1420174800000 4.83
1420606800000 4.65
1420693200000 5.01
1420779600000 4.8237
1421038800000 4.79
1421125200000 4.56
1421211600000 4.75
1421298000000 4.76
1421384400000 4.67
1421730000000 4.54
1421816400000 4.5101
1421902800000 4.51
1421989200000 4.51
1422248400000 4.51
1422594000000 4.47
1422853200000 4.4545
1422939600000 4.7
1423026000000 4.5
1423112400000 4.7799
1423198800000 4.51
1423544400000 4.8881
1423803600000 4.75
1424235600000 4.89
1424322000000 4.71
1424667600000 4.54
1424754000000 4.7828
1424840400000 4.52
1425272400000 4.76
1425358800000 4.75
1425445200000 4.5
1425618000000 4.5642
1425960000000 4.501
1426046400000 4.51
1426132800000 4.6
1426478400000 4.27
1426564800000 3.84
1426651200000 4.09
1426737600000 4.02
1426824000000 5.01
1427083200000 4.37
1427169600000 4.37
1427256000000 4.77
1427342400000 4.891
1427428800000 4.91
1427688000000 4.6
1427774400000 4.65
1427947200000 5.0
1428292800000 5.0
1428552000000 4.9
1428638400000 5.1
1428897600000 5.0
1428984000000 8.35
1429070400000 8.36
1429156800000 8.38
1429243200000 8.4
1429502400000 8.4
1429588800000 8.44
1429675200000 8.4168
1429761600000 8.48
1429848000000 8.43
1430107200000 8.43
1430193600000 8.4699
1430280000000 8.44
1430366400000 8.44
1430452800000 8.46
1430712000000 8.4532
1430798400000 8.48
1430884800000 8.46
1430971200000 8.41
1431057600000 8.4
1431316800000 8.45
1431403200000 8.44
1431489600000 8.45
1431576000000 8.47
1431921600000 8.49
1432008000000 8.48
1432094400000 8.48
1432180800000 8.48
1432612800000 8.48
1432699200000 8.48
1432785600000 8.48
1432872000000 8.485
1433131200000 8.48
1433217600000 8.48
1433304000000 8.48
1433390400000 8.4712
1433476800000 8.48
1433736000000 8.5
1433822400000 8.49
1433908800000 8.4648
1433995200000 8.48
1434340800000 8.36
1434427200000 8.48
1434513600000 8.473
1434686400000 8.48
1434945600000 8.475
1435032000000 8.4684
1435118400000 8.45
1435204800000 8.4999
1435291200000 8.49
1435550400000 8.445
1435636800000 8.4
1435723200000 8.428
