1436261580000 12.9827
1436262060000 12.97
1436262120000 13.42
1436262480000 12.9789
1436262960000 13.2
1436263200000 13.17
1436263500000 13.2
1436264880000 13.29
1436265900000 13.33
1436265960000 13.29
1436266500000 13.58
1436266980000 13.01
1436267280000 13.55
1436267460000 13.55
1436268540000 13.5699
1436268720000 13.24
1436268900000 13.48
1436269020000 13.26
1436269140000 13.35
1436269620000 13.41
1436269740000 13.43
1436270040000 13.56
1436270520000 13.45
1436270760000 13.59
1436271420000 13.48
1436271480000 13.6
1436271540000 13.6
1436271600000 13.6
1436271660000 14.18
1436271840000 13.99
1436272440000 14.31
1436272620000 14.08
1436273040000 14.18
1436273160000 14.05
1436273280000 14.0
1436274180000 14.12
1436274660000 14.0
1436274780000 14.0
1436275500000 14.16
1436275860000 14.18
1436275980000 14.1
1436276280000 14.0
1436276340000 14.0
1436276580000 13.95
1436276640000 13.95
1436276700000 13.95
1436277600000 13.675
1436277780000 13.74
1436278080000 13.93
1436278140000 13.9
1436278320000 13.93
1436278380000 13.93
1436278680000 13.94
1436278740000 13.75
1436278980000 14.0
1436279040000 14.08
1436279520000 14.0
1436280000000 14.03
1436280060000 14.0
1436280240000 13.5359
1436281200000 14.1
