1436261400000 4.3
1436262060000 4.34
1436263980000 4.3
1436264640000 4.26
1436265540000 4.25
1436265840000 4.25
1436266440000 4.25
1436268180000 4.2501
1436268540000 4.25
1436268900000 4.25
1436268960000 4.25
1436269200000 4.25
1436269260000 4.2499
1436269320000 4.247
1436271000000 4.25
1436272560000 4.25
1436272860000 4.25
1436272980000 4.25
1436273520000 4.25
1436273580000 4.25
1436276040000 4.25
1436276340000 4.21
1436276520000 4.2
1436276580000 4.23
1436276700000 4.24
1436276760000 4.29
1436276820000 4.25
1436277240000 4.24
1436277420000 4.25
1436277480000 4.2596
1436278680000 4.25
1436278920000 4.252
1436279220000 4.252
1436280180000 4.279
1436280360000 4.25
