1404705600000 15.26
1404792000000 14.92
1404878400000 14.69
1404964800000 14.36
1405051200000 14.44
1405310400000 14.87
1405396800000 14.56
1405483200000 14.46
1405569600000 14.31
1405656000000 14.5
1405915200000 14.49
1406001600000 14.34
1406088000000 14.31
1406174400000 14.25
1406260800000 14.18
1406520000000 14.17
1406606400000 14.19
1406692800000 14.6
1406779200000 14.29
1406865600000 14.41
1407124800000 14.78
1407211200000 14.97
1407297600000 15.13
1407384000000 15.1
1407470400000 15.2
1407729600000 15.34
1407816000000 15.16
1407902400000 15.02
1407988800000 15.04
1408075200000 15.0
1408334400000 15.37
1408420800000 15.28
1408507200000 15.18
1408593600000 15.19
1408680000000 15.09
1408939200000 15.1
1409025600000 15.35
1409112000000 15.3
1409198400000 15.29
1409284800000 15.27
1409630400000 15.45
1409716800000 15.64
1409803200000 15.7
1409889600000 15.8
1410148800000 15.98
1410235200000 15.67
1410321600000 15.89
1410408000000 15.93
1410494400000 15.86
1410753600000 15.58
1410840000000 15.41
1410926400000 15.34
1411012800000 15.3
1411099200000 15.12
1411358400000 14.96
1411444800000 14.56
1411531200000 14.71
1411617600000 14.56
1411704000000 14.75
1411963200000 14.73
1412049600000 14.52
1412136000000 14.56
1412222400000 14.79
1412308800000 14.85
1412568000000 15.06
1412654400000 14.87
1412740800000 16.53
1412827200000 16.5
1412913600000 18.11
1413172800000 16.75
1413259200000 16.84
1413345600000 16.6
1413432000000 16.76
1413518400000 16.74
1413777600000 16.68
1413864000000 17.09
1413950400000 17.03
1414036800000 17.38
1414123200000 25.65
1414382400000 25.49
1414468800000 25.69
1414555200000 25.54
1414641600000 25.39
1414728000000 25.57
1414990800000 25.06
1415077200000 24.65
1415163600000 24.58
1415250000000 24.59
1415336400000 24.68
1415595600000 24.77
1415682000000 24.55
1415768400000 24.53
1415854800000 24.75
1415941200000 24.73
1416200400000 24.88
1416286800000 24.93
1416373200000 25.31
1416459600000 25.3
1416546000000 25.18
1416805200000 25.16
1416891600000 25.3
1416978000000 25.39
1417150800000 25.39
1417410000000 25.48
1417496400000 25.42
1417582800000 25.44
1417669200000 25.42
1417755600000 25.51
1418014800000 19.71
1418101200000 18.46
1418187600000 17.45
1418274000000 16.58
1418360400000 16.89
1418619600000 16.75
1418706000000 16.86
1418792400000 24.075
1418878800000 24.115
1418965200000 24.04
1419224400000 24.37
1419310800000 24.4
1419397200000 24.49
1419570000000 24.4
1419829200000 24.64
1419915600000 24.72
1420002000000 24.73
1420174800000 24.86
1420434000000 24.71
1420520400000 24.35
1420606800000 24.64
1420693200000 24.87
1420779600000 25.31
1421038800000 25.44
1421125200000 25.53
1421211600000 25.5
1421298000000 25.45
1421384400000 25.56
1421730000000 25.43
1421816400000 25.55
1421902800000 25.62
1421989200000 25.54
1422248400000 25.6
1422334800000 25.66
1422421200000 25.65
1422507600000 25.66
1422594000000 25.53
1422853200000 25.66
1422939600000 25.8
1423026000000 25.83
1423112400000 25.84
1423198800000 25.86
1423458000000 25.86
1423544400000 25.91
1423630800000 25.93
1423717200000 25.99
