1436261400000 0.522
1436261520000 0.5202
1436261580000 0.52
1436261640000 0.52
1436261700000 0.52
1436261760000 0.52
1436261880000 0.5298
1436262420000 0.52
1436262600000 0.52
1436262660000 0.52
1436262720000 0.52
1436262900000 0.52
1436263020000 0.52
1436263140000 0.52
1436263200000 0.5201
1436263260000 0.52
1436263320000 0.52
1436263380000 0.52
1436263440000 0.52
1436263500000 0.52
1436263560000 0.52
1436263620000 0.52
1436263680000 0.52
1436263740000 0.5191
1436263920000 0.5195
1436264460000 0.512
1436264520000 0.5112
1436265060000 0.51
1436265120000 0.5191
1436265900000 0.51
1436266260000 0.519
1436266680000 0.5159
1436266980000 0.5189
1436267340000 0.5167
1436267700000 0.5197
1436267880000 0.5189
1436268360000 0.5198
1436268480000 0.5197
1436268540000 0.5118
1436268900000 0.51
1436268960000 0.51
1436269080000 0.51
1436269200000 0.51
1436269380000 0.51
1436269440000 0.51
1436269500000 0.51
1436269620000 0.51
1436269740000 0.51
1436269800000 0.51
1436269860000 0.51
1436269980000 0.5121
1436270040000 0.5128
1436270220000 0.5132
1436270280000 0.5131
1436270340000 0.5151
1436271060000 0.5101
1436271540000 0.51
1436271600000 0.51
1436271900000 0.51
1436272140000 0.5125
1436273760000 0.5121
1436273880000 0.5125
1436273940000 0.5151
1436274180000 0.5195
1436274480000 0.5194
1436275140000 0.5194
1436275380000 0.5151
1436275620000 0.5195
1436276340000 0.5195
1436276520000 0.519
1436276760000 0.5194
1436276820000 0.5194
1436277000000 0.5194
1436277360000 0.5194
1436277420000 0.5194
1436277600000 0.5194
1436277780000 0.5194
1436277840000 0.5194
1436277960000 0.5194
1436278020000 0.519
1436278080000 0.51
1436278500000 0.5175
1436278800000 0.5194
1436278980000 0.5195
1436279460000 0.5174
1436280060000 0.5194
1436280240000 0.5209
1436280480000 0.5211
1436280780000 0.5209
1436280960000 0.5182
1436281200000 0.5214
