1436261400000 0.661
1436261700000 0.663
1436261940000 0.653
1436262360000 0.6502
1436262720000 0.6581
1436263320000 0.6626
1436263500000 0.66
1436263560000 0.665
1436263620000 0.6599
1436264160000 0.6511
1436264220000 0.6599
1436264280000 0.65
1436264340000 0.6599
1436264400000 0.645
1436264940000 0.6451
1436265360000 0.6475
1436265540000 0.645
1436265600000 0.6475
1436265960000 0.645
1436266620000 0.645
1436266860000 0.645
1436266920000 0.6472
1436267100000 0.6401
1436267340000 0.64
1436267520000 0.6401
1436268180000 0.64
1436268660000 0.6373
1436268840000 0.6396
1436269140000 0.6396
1436269200000 0.6396
1436269260000 0.6384
1436269320000 0.6397
1436269380000 0.6371
1436269500000 0.64
1436269560000 0.64
1436269620000 0.65
1436269680000 0.655
1436269860000 0.655
1436270460000 0.653
1436271000000 0.6499
1436271180000 0.6499
1436271300000 0.6475
1436271480000 0.64
1436271660000 0.6511
1436272740000 0.6461
1436272800000 0.653
1436272920000 0.653
1436274060000 0.6529
1436274180000 0.653
1436274900000 0.65
1436275800000 0.65
1436276640000 0.65
1436276700000 0.6487
1436276940000 0.641
1436277120000 0.64
1436277300000 0.64
1436277360000 0.64
1436277420000 0.64
1436278260000 0.646
1436278320000 0.646
1436278800000 0.647
1436278920000 0.65
1436279040000 0.647
1436279340000 0.647
1436279700000 0.6401
1436280120000 0.6472
1436280720000 0.65
1436280780000 0.65
1436280960000 0.649
1436281560000 0.65
