1436262480000 15.74
1436262960000 15.74
1436263020000 15.75
1436263080000 15.75
1436263140000 15.8
1436263260000 15.82
1436263440000 15.83
1436263500000 15.83
1436263560000 15.83
1436263620000 15.83
1436263680000 15.83
1436264580000 15.83
1436264760000 15.83
1436264820000 15.83
1436264940000 15.83
1436265000000 15.83
1436265120000 15.84
1436265180000 15.83
1436265300000 15.83
1436265360000 15.83
1436265420000 15.83
1436265540000 15.83
1436265660000 15.83
1436266200000 15.81
1436266260000 15.81
1436266440000 15.83
1436266800000 15.83
1436266860000 15.83
1436266920000 15.83
1436267040000 15.82
1436267100000 15.8
1436267220000 15.8
1436267520000 15.84
1436267640000 15.85
1436267700000 15.85
1436268060000 15.85
1436268420000 15.85
1436268480000 15.84
1436268720000 15.85
1436268780000 15.85
1436269500000 15.85
1436270160000 15.9
1436270460000 15.87
1436270760000 15.83
1436271420000 15.85
1436271600000 15.84
1436271840000 15.84
1436271900000 15.84
1436271960000 15.82
1436272080000 15.825
1436272200000 15.82
1436272260000 15.83
1436272380000 15.84
1436272440000 15.83
1436273100000 15.9
1436273640000 15.89
1436274000000 15.91
1436274180000 15.9
1436275620000 15.85
1436275980000 15.83
1436276280000 15.82
1436276400000 15.82
1436276460000 15.84
1436276880000 15.82
1436277000000 15.82
1436277120000 15.82
1436277240000 15.82
1436277540000 15.85
1436277720000 15.85
1436277840000 15.85
1436277900000 15.84
1436278080000 15.85
1436278200000 15.85
1436278620000 15.84
1436278920000 15.82
1436279280000 15.88
1436279700000 15.89
1436279760000 15.89
1436280060000 15.89
1436280420000 15.92
1436280600000 15.93
1436280720000 15.93
1436280780000 15.91
1436280840000 15.91
1436281200000 15.92
