1436261400000 2.51
1436261520000 2.55
1436261580000 2.53
1436261640000 2.52
1436261700000 2.52
1436261760000 2.52
1436261820000 2.51
1436261940000 2.54
1436262000000 2.5355
1436262060000 2.51
1436262120000 2.5299
1436262180000 2.503
1436262240000 2.487
1436262540000 2.46
1436262600000 2.49
1436262660000 2.519
1436262720000 2.52
1436262780000 2.52
1436262840000 2.52
1436262900000 2.53
1436262960000 2.53
1436263140000 2.54
1436263200000 2.54
1436263260000 2.55
1436263320000 2.56
1436263380000 2.53
1436263560000 2.54
1436263620000 2.55
1436263740000 2.563
1436263800000 2.57
1436263920000 2.59
1436263980000 2.59
1436264100000 2.56
1436264160000 2.56
1436264280000 2.5876
1436264340000 2.5642
1436264580000 2.605
1436264640000 2.6075
1436264820000 2.61
1436264880000 2.6101
1436264940000 2.59
1436265060000 2.599
1436265180000 2.586
1436265240000 2.58
1436265300000 2.57
1436265360000 2.57
1436265480000 2.57
1436265540000 2.57
1436265780000 2.56
1436265840000 2.5601
1436266200000 2.59
1436266440000 2.55
1436266740000 2.56
1436266800000 2.554
1436267160000 2.55
1436267520000 2.54
1436267880000 2.54
1436268000000 2.5519
1436268120000 2.54
1436268180000 2.57
1436268300000 2.54
1436268540000 2.54
1436268660000 2.52
1436268840000 2.52
1436268900000 2.52
1436268960000 2.52
1436269080000 2.52
1436269140000 2.53
1436269620000 2.54
1436269740000 2.54
1436269920000 2.53
1436270040000 2.5301
1436270100000 2.53
1436270340000 2.53
1436270460000 2.5699
1436270520000 2.54
1436270640000 2.54
1436270760000 2.54
1436270880000 2.54
1436270940000 2.54
1436271000000 2.54
1436271060000 2.54
1436271120000 2.54
1436271180000 2.54
1436271240000 2.54
1436271420000 2.55
1436271480000 2.55
1436271600000 2.56
1436271780000 2.58
1436271840000 2.56
1436272080000 2.57
1436272200000 2.56
1436272500000 2.56
1436272560000 2.56
1436272680000 2.55
1436273040000 2.55
1436273280000 2.57
1436273340000 2.57
1436273760000 2.5675
1436274060000 2.5601
1436274360000 2.56
1436274420000 2.57
1436274480000 2.57
1436274540000 2.57
1436274600000 2.57
1436274660000 2.5799
1436274900000 2.58
1436274960000 2.59
1436275020000 2.58
1436275080000 2.58
1436275380000 2.5899
1436275560000 2.6
1436275620000 2.62
1436275680000 2.634
1436275740000 2.64
1436275860000 2.64
1436275980000 2.66
1436276160000 2.67
1436276220000 2.67
1436276280000 2.67
1436276400000 2.6999
1436276460000 2.69
1436276520000 2.71
1436276580000 2.74
1436276640000 2.7488
1436276700000 2.73
1436276760000 2.735
1436276820000 2.735
1436276880000 2.7288
1436276940000 2.739
1436277000000 2.74
1436277060000 2.8
1436277120000 2.78
1436277180000 2.79
1436277240000 2.8
1436277300000 2.8
1436277360000 2.7949
1436277540000 2.791
1436277600000 2.7873
1436277660000 2.8
1436277720000 2.76
1436277840000 2.75
1436277900000 2.75
1436278020000 2.7847
1436278080000 2.79
1436278320000 2.798
1436278380000 2.8
1436278440000 2.85
1436278500000 2.86
1436278560000 2.92
1436278620000 2.925
1436278680000 2.93
1436278740000 2.918
1436278800000 2.9
1436278860000 2.9199
1436278920000 2.9
1436278980000 2.92
1436279040000 2.94
1436279100000 2.94
1436279160000 2.93
1436279220000 2.97
1436279280000 2.98
1436279340000 2.9999
1436279400000 3.0
1436279460000 3.0401
1436279520000 3.04
1436279580000 3.04
1436279640000 2.98
1436279700000 2.9601
1436279880000 2.98
1436279940000 2.95
1436280000000 2.968
1436280060000 2.9602
1436280120000 2.97
1436280180000 2.97
1436280240000 2.95
1436280300000 2.94
1436280360000 2.911
1436280540000 2.9
1436280600000 2.87
1436280660000 2.9
1436280720000 2.9
1436280780000 2.91
1436280840000 2.91
1436280900000 2.92
1436280960000 2.919
1436281020000 2.918
1436281140000 2.89
1436281260000 2.89
1436281320000 2.88
1436281440000 2.9
1436281560000 2.9027
