1436261400000 65.13
1436261460000 65.0899
1436261520000 64.8264
1436261580000 64.7555
1436261640000 64.845
1436261700000 64.65
1436261760000 64.9225
1436261820000 64.78
1436261880000 64.87
1436261940000 64.87
1436262060000 65.0
1436262120000 65.26
1436262420000 65.2883
1436262600000 65.5
1436262660000 65.74
1436262720000 66.09
1436262840000 66.43
1436262900000 66.55
1436263020000 66.6
1436263080000 66.35
1436263140000 66.32
1436263200000 66.58
1436263320000 66.64
1436263380000 67.0
1436263500000 67.0
1436263560000 67.81
1436263740000 68.7365
1436263860000 68.61
1436263920000 68.52
1436263980000 67.97
1436264040000 68.34
1436264100000 68.66
1436264280000 68.6399
1436264640000 68.73
1436264760000 69.0
1436264820000 68.8801
1436264880000 69.08
1436265060000 69.73
1436265120000 70.29
1436265180000 69.89
1436265240000 69.49
1436265360000 69.7
1436265600000 68.7741
1436265660000 68.45
1436265780000 67.94
1436265900000 68.3
1436265960000 68.4901
1436266260000 68.41
1436266320000 68.201
1436266380000 68.6
1436266440000 68.346
1436266680000 68.42
1436267040000 68.75
1436268540000 69.01
1436268720000 68.3001
1436268840000 68.4301
1436269920000 67.69
1436270160000 67.0401
1436270460000 67.48
1436270760000 66.67
1436270880000 66.66
1436270940000 66.48
1436271000000 66.053
1436271060000 66.1
1436271360000 66.16
1436271600000 66.523
1436271900000 66.75
1436271960000 66.707
1436272200000 66.6628
1436272500000 66.7575
1436272620000 66.87
1436272740000 66.3622
1436272800000 66.73
1436272920000 66.4101
1436273040000 66.0
1436273220000 66.101
1436273400000 65.98
1436273460000 66.1
1436274780000 66.74
1436275500000 65.327
1436275800000 67.49
1436276040000 67.4278
1436276100000 67.24
1436276400000 67.091
1436277540000 67.18
1436279760000 66.89
1436280240000 66.7296
1436280360000 66.749
1436280600000 66.65
1436280720000 66.27
1436281380000 66.02
