1436261400000 8.4
1436261580000 8.33
1436261940000 8.27
1436262180000 8.25
1436262240000 8.25
1436262300000 8.26
1436262360000 8.16
1436262480000 8.119
1436262540000 8.14
1436262600000 8.16
1436262660000 8.15
1436262840000 8.15
1436262960000 8.165
1436263020000 8.15
1436263140000 8.15
1436263440000 8.15
1436263740000 8.089
1436263800000 8.09
1436263860000 8.12
1436264100000 8.08
1436264220000 8.09
1436264700000 8.14
1436264820000 8.07
1436264880000 8.07
1436265060000 8.051
1436265120000 8.065
1436265240000 8.05
1436265360000 8.05
1436265780000 8.07
1436266200000 8.03
1436266260000 8.0315
1436266380000 8.06
1436266680000 8.06
1436267040000 8.0
1436267220000 8.0
1436267520000 8.04
1436267640000 8.08
1436267760000 8.09
1436268300000 8.11
1436268540000 8.11
1436268600000 8.11
1436269440000 8.179
1436269860000 8.19
1436270100000 8.16
1436270160000 8.18
1436270220000 8.18
1436270520000 8.18
1436270640000 8.18
1436271300000 8.17
1436271660000 8.17
1436272260000 8.17
1436272680000 8.17
1436272740000 8.17
1436272800000 8.18
1436272860000 8.19
1436273280000 8.2
1436273400000 8.18
1436273640000 8.16
1436273880000 8.16
1436274060000 8.16
1436274420000 8.15
1436274660000 8.16
1436274720000 8.16
1436274780000 8.16
1436274840000 8.15
1436276100000 8.14
1436276160000 8.12
1436276220000 8.11
1436276340000 8.11
1436276400000 8.11
1436276520000 8.11
1436276580000 8.12
1436276700000 8.12
1436276760000 8.12
1436276820000 8.11
1436276940000 8.1204
1436277000000 8.11
1436277060000 8.1
1436277420000 8.1
1436277600000 8.11
1436278200000 8.11
1436278320000 8.13
1436278800000 8.14
1436278980000 8.14
1436279040000 8.13
1436279940000 8.13
1436280420000 8.14
1436280600000 8.16
1436280780000 8.16
1436281080000 8.16
1436281140000 8.16
1436281320000 8.155
1436281380000 8.16
1436281440000 8.15
