1436261400000 29.96
1436261640000 29.82
1436261700000 29.83
1436261760000 29.83
1436261820000 29.77
1436261880000 29.82
1436261940000 29.77
1436262000000 29.78
1436262120000 29.89
1436262840000 29.9347
1436262900000 29.86
1436263020000 29.85
1436263140000 29.69
1436263200000 29.67
1436263320000 29.7
1436263380000 29.7
1436263560000 29.7
1436263620000 29.76
1436263680000 29.67
1436263740000 29.7
1436263800000 29.72
1436264340000 29.77
1436264460000 29.73
1436264520000 29.775
1436264700000 29.7
1436264760000 29.7
1436264820000 29.72
1436264880000 29.7
1436265000000 29.725
1436265060000 29.7
1436265120000 29.7
1436265240000 29.705
1436265300000 29.705
1436265360000 29.69
1436265480000 29.7
1436265540000 29.69
1436265600000 29.68
1436265720000 29.71
1436266200000 29.5
1436266800000 29.38
1436267460000 29.336
1436267520000 29.39
1436268540000 29.32
1436268600000 29.26
1436268720000 29.21
1436268780000 29.13
1436268840000 29.12
1436269020000 29.08
1436269260000 29.2
1436269380000 29.25
1436269560000 29.323
1436269620000 29.31
1436269680000 29.31
1436269800000 29.27
1436270280000 29.305
1436270700000 29.35
1436271060000 29.3
1436271300000 29.28
1436271900000 29.31
1436272080000 29.34
1436272260000 29.35
1436272500000 29.4
1436272620000 29.4
1436272680000 29.4
1436272740000 29.405
1436273220000 29.51
1436273640000 29.55
1436274000000 29.59
1436274180000 29.51
1436274480000 29.427
1436274720000 29.54
1436274780000 29.51
1436274840000 29.57
1436275440000 29.5
1436275500000 29.49
1436276640000 29.52
1436277060000 29.4701
1436277720000 29.415
1436277900000 29.41
1436278140000 29.41
1436278440000 29.4
1436278500000 29.4
1436278560000 29.4
1436278620000 29.4
1436278680000 29.4
1436278740000 29.4
1436278800000 29.4
1436278860000 29.4
1436279880000 29.38
1436280180000 29.49
1436280240000 29.49
1436280360000 29.485
1436280420000 29.53
1436280900000 29.48
1436281020000 29.51
1436281080000 29.535
1436281140000 29.57
1436281260000 29.58
1436281680000 29.5
