1436261400000 25.25
1436261460000 25.05
1436261520000 25.16
1436261580000 25.275
1436261640000 25.18
1436261700000 25.19
1436261760000 25.089
1436261820000 25.14
1436261880000 25.13
1436261940000 25.2
1436262000000 25.23
1436262060000 25.24
1436262120000 25.21
1436262180000 25.214
1436262240000 25.2
1436262300000 25.23
1436262360000 25.26
1436262420000 25.27
1436262480000 25.3
1436262540000 25.36
1436262600000 25.35
1436262660000 25.315
1436262720000 25.2978
1436262780000 25.39
1436262840000 25.38
1436262900000 25.32
1436262960000 25.3
1436263020000 25.3
1436263080000 25.25
1436263140000 25.22
1436263260000 25.255
1436263320000 25.24
1436263380000 25.25
1436263440000 25.215
1436263500000 25.21
1436263560000 25.21
1436263620000 25.19
1436263680000 25.12
1436263740000 25.05
1436263800000 25.19
1436263860000 25.13
1436263920000 25.085
1436263980000 25.06
1436264040000 25.05
1436264100000 25.0001
1436264160000 24.98
1436264220000 24.99
1436264280000 25.04
1436264340000 25.04
1436264400000 25.05
1436264460000 25.04
1436264520000 25.02
1436264580000 25.02
1436264640000 25.01
1436264700000 24.97
1436264760000 24.921
1436264820000 24.935
1436264880000 24.975
1436264940000 24.98
1436265000000 24.99
1436265060000 24.9652
1436265120000 24.94
1436265180000 24.98
1436265240000 24.91
1436265300000 24.96
1436265360000 24.93
1436265420000 24.89
1436265480000 24.92
1436265540000 24.87
1436265600000 24.86
1436265660000 24.85
1436265720000 24.84
1436265780000 24.74
1436265840000 24.68
1436265900000 24.6
1436265960000 24.53
1436266020000 24.72
1436266080000 24.73
1436266140000 24.75
1436266200000 24.77
1436266260000 24.75
1436266320000 24.76
1436266380000 24.82
1436266440000 24.9512
1436266500000 24.92
1436266560000 24.88
1436266800000 24.8
1436266920000 24.71
1436266980000 24.73
1436267040000 24.74
1436267100000 24.76
1436267160000 24.73
1436267220000 24.7396
1436267280000 24.76
1436267340000 24.8
1436267400000 24.8
1436267520000 24.83
1436267580000 24.9099
1436267640000 24.88
1436267820000 24.82
1436267880000 24.75
1436267940000 24.7797
1436268000000 24.75
1436268060000 24.76
1436268120000 24.76
1436268180000 24.76
1436268240000 24.77
1436268300000 24.78
1436268360000 24.77
1436268420000 24.78
1436268480000 24.85
1436268540000 24.8
1436268600000 24.8
1436268660000 24.81
1436268720000 24.82
1436268780000 24.81
1436268840000 24.82
1436268900000 24.84
1436268960000 24.83
1436269080000 24.88
1436269140000 24.98
1436269200000 25.0
1436269260000 25.0
1436269320000 25.0
1436269380000 25.0
1436269440000 25.0
1436269500000 24.93
1436269560000 24.93
1436269620000 24.93
1436269680000 24.93
1436269740000 24.928
1436269860000 24.92
1436269920000 24.9
1436269980000 24.89
1436270040000 24.88
1436270100000 24.91
1436270160000 24.98
1436270220000 25.03
1436270280000 25.05
1436270340000 25.0001
1436270400000 24.945
1436270460000 24.9568
1436270520000 24.91
1436270580000 24.94
1436270700000 25.02
1436270760000 25.01
1436270820000 24.98
1436270880000 24.99
1436271000000 24.98
1436271060000 24.965
1436271120000 24.9475
1436271300000 25.0
1436271360000 25.01
1436271420000 24.99
1436271480000 25.0
1436271540000 25.0001
1436271600000 25.02
1436271660000 25.01
1436271720000 25.0
1436271840000 25.01
1436271900000 25.05
1436272080000 25.04
1436272140000 25.04
1436272260000 25.05
1436272320000 25.09
1436272380000 25.08
1436272440000 25.15
1436272620000 25.1
1436272680000 25.19
1436272740000 25.21
1436272800000 25.21
1436272860000 25.2097
1436272920000 25.23
1436273040000 25.18
1436273100000 25.19
1436273160000 25.19
1436273220000 25.17
1436273280000 25.2
1436273340000 25.2
1436273400000 25.25
1436273460000 25.2
1436273520000 25.3
1436273640000 25.25
1436273700000 25.34
1436273760000 25.4
1436273820000 25.34
1436273880000 25.24
1436273940000 25.37
1436274000000 25.38
1436274060000 25.3492
1436274120000 25.38
1436274240000 25.28
1436274300000 25.28
1436274360000 25.17
1436274420000 25.1
1436274480000 25.16
1436274600000 25.16
1436274660000 25.16
1436274720000 25.1609
1436274780000 25.12
1436274840000 25.06
1436274900000 25.1
1436274960000 25.055
1436275020000 25.0185
1436275080000 25.03
1436275140000 25.0785
1436275200000 25.07
1436275260000 25.01
1436275320000 25.04
1436275380000 25.04
1436275440000 25.04
1436275500000 25.0
1436275560000 25.0
1436275620000 24.96
1436275680000 25.01
1436275740000 25.0599
1436275800000 25.06
1436275860000 25.05
1436275920000 25.04
1436275980000 25.0
1436276040000 24.995
1436276100000 25.02
1436276160000 25.02
1436276220000 25.0
1436276340000 25.04
1436276400000 25.04
1436276520000 25.04
1436276580000 25.03
1436276640000 25.0
1436276760000 25.07
1436276820000 25.07
1436276880000 25.0312
1436277060000 25.02
1436277120000 24.99
1436277360000 25.02
1436277420000 25.0
1436277480000 25.0
1436277540000 25.0
1436277660000 25.01
1436277720000 25.065
1436277780000 25.04
1436277840000 25.05
1436277960000 25.045
1436278140000 25.08
1436278200000 25.09
1436278260000 25.08
1436278380000 25.0401
1436278440000 25.04
1436278500000 25.0
1436278560000 24.97
1436278680000 24.96
1436278740000 24.92
1436278800000 24.9
1436278860000 24.9
1436278920000 24.8
1436278980000 24.81
1436279040000 24.76
1436279100000 24.77
1436279160000 24.84
1436279220000 24.81
1436279280000 24.84
1436279400000 24.79
1436279460000 24.79
1436279520000 24.79
1436279580000 24.84
1436279640000 24.82
1436279700000 24.8
1436279760000 24.8297
1436279820000 24.83
1436279880000 24.83
1436280000000 24.87
1436280060000 24.87
1436280120000 24.87
1436280180000 24.87
1436280240000 24.87
1436280300000 24.87
1436280420000 24.9
1436280600000 24.87
1436280660000 24.93
1436280780000 24.9
1436280900000 24.93
1436280960000 24.89
1436281020000 24.9
1436281080000 24.98
1436281140000 24.98
1436281200000 24.97
1436281260000 24.97
1436281320000 24.93
1436281380000 24.94
1436281440000 24.94
1436281500000 24.99
