1436261400000 26.07
1436261460000 26.03
1436261640000 25.89
1436261700000 25.85
1436261880000 25.75
1436261940000 25.76
1436262000000 25.79
1436262060000 25.83
1436262180000 25.82
1436262240000 25.74
1436262300000 25.78
1436262360000 25.76
1436262420000 25.773
1436262540000 25.78
1436262600000 25.754
1436262660000 25.76
1436262840000 25.78
1436262900000 25.77
1436263020000 25.77
1436263080000 25.69
1436263140000 25.685
1436263200000 25.67
1436263260000 25.69
1436263320000 25.69
1436263380000 25.69
1436263500000 25.68
1436263680000 25.6
1436263740000 25.55
1436263800000 25.6
1436263860000 25.63
1436263920000 25.63
1436263980000 25.66
1436264040000 25.64
1436264100000 25.63
1436264160000 25.62
1436264280000 25.62
1436264340000 25.63
1436264400000 25.6462
1436264460000 25.59
1436264520000 25.63
1436264580000 25.6
1436264640000 25.61
1436264700000 25.6
1436264820000 25.56
1436264880000 25.55
1436264940000 25.54
1436265060000 25.54
1436265120000 25.5
1436265180000 25.49
1436265240000 25.44
1436265300000 25.44
1436265360000 25.41
1436265480000 25.38
1436265540000 25.36
1436265600000 25.3
1436265660000 25.3
1436265720000 25.27
1436265840000 25.26
1436265900000 25.3
1436265960000 25.305
1436266020000 25.35
1436266080000 25.37
1436266200000 25.36
1436266260000 25.31
1436266320000 25.3361
1436266380000 25.35
1436266440000 25.39
1436266500000 25.44
1436266560000 25.3942
1436266620000 25.39
1436266680000 25.36
1436266740000 25.34
1436266800000 25.31
1436266860000 25.3
1436266920000 25.28
1436266980000 25.28
1436267040000 25.29
1436267100000 25.27
1436267160000 25.27
1436267220000 25.31
1436267280000 25.31
1436267400000 25.305
1436267460000 25.28
1436267520000 25.29
1436267580000 25.32
1436267640000 25.29
1436267700000 25.3
1436267760000 25.33
1436267820000 25.36
1436267880000 25.3
1436267940000 25.29
1436268000000 25.29
1436268060000 25.27
1436268120000 25.23
1436268180000 25.25
1436268300000 25.24
1436268360000 25.25
1436268420000 25.25
1436268480000 25.25
1436268540000 25.23
1436268600000 25.21
1436268660000 25.22
1436268720000 25.2
1436268840000 25.16
1436268900000 25.16
1436268960000 25.11
1436269020000 25.18
1436269080000 25.1895
1436269140000 25.21
1436269200000 25.23
1436269320000 25.23
1436269380000 25.26
1436269440000 25.27
1436269500000 25.243
1436269560000 25.24
1436269620000 25.24
1436269800000 25.29
1436269920000 25.27
1436269980000 25.24
1436270100000 25.245
1436270160000 25.3
1436270220000 25.35
1436270280000 25.31
1436270340000 25.3
1436270400000 25.29
1436270520000 25.27
1436270580000 25.26
1436270640000 25.27
1436270700000 25.3
1436270760000 25.29
1436270820000 25.27
1436270940000 25.28
1436271000000 25.27
1436271060000 25.25
1436271180000 25.27
1436271240000 25.27
1436271300000 25.28
1436271360000 25.32
1436271420000 25.3
1436271480000 25.3
1436271540000 25.31
1436271600000 25.31
1436271720000 25.32
1436271780000 25.31
1436271900000 25.29
1436271960000 25.3
1436272020000 25.32
1436272080000 25.33
1436272140000 25.34
1436272200000 25.35
1436272260000 25.36
1436272320000 25.4
1436272380000 25.37
1436272440000 25.39
1436272500000 25.38
1436272620000 25.4
1436272680000 25.43
1436272740000 25.5
1436272800000 25.4964
1436272860000 25.5
1436272920000 25.5
1436272980000 25.5
1436273040000 25.45
1436273100000 25.45
1436273280000 25.45
1436273340000 25.46
1436273400000 25.5
1436273460000 25.46
1436273520000 25.45
1436273640000 25.45
1436273760000 25.44
1436273820000 25.46
1436273880000 25.5
1436273940000 25.47
1436274120000 25.47
1436274180000 25.49
1436274240000 25.5
1436274360000 25.485
1436274540000 25.42
1436274600000 25.44
1436274660000 25.47
1436274720000 25.46
1436274780000 25.5
1436274840000 25.47
1436274900000 25.47
1436274960000 25.4
1436275020000 25.4
1436275080000 25.45
1436275200000 25.47
1436275380000 25.45
1436275440000 25.45
1436275500000 25.46
1436275620000 25.42
1436275800000 25.45
1436275860000 25.465
1436275980000 25.44
1436276040000 25.44
1436276220000 25.44
1436276280000 25.44
1436276400000 25.43
1436276460000 25.43
1436276520000 25.45
1436276580000 25.44
1436276640000 25.45
1436276700000 25.465
1436276760000 25.44
1436276820000 25.42
1436276880000 25.44
1436276940000 25.45
1436277060000 25.44
1436277120000 25.43
1436277300000 25.41
1436277360000 25.41
1436277480000 25.41
1436277540000 25.38
1436277600000 25.38
1436277660000 25.4
1436277720000 25.39
1436277840000 25.37
1436277900000 25.37
1436277960000 25.36
1436278020000 25.38
1436278080000 25.368
1436278140000 25.37
1436278200000 25.39
1436278260000 25.39
1436278380000 25.38
1436278440000 25.4
1436278500000 25.39
1436278560000 25.37
1436278680000 25.37
1436278740000 25.32
1436278860000 25.33
1436278980000 25.28
1436279040000 25.31
1436279100000 25.32
1436279220000 25.33
1436279280000 25.31
1436279340000 25.31
1436279400000 25.31
1436279460000 25.31
1436279520000 25.32
1436279580000 25.33
1436279640000 25.33
1436279820000 25.34
1436279880000 25.34
1436279940000 25.38
1436280000000 25.36
1436280060000 25.4
1436280120000 25.41
1436280180000 25.42
1436280240000 25.43
1436280300000 25.43
1436280360000 25.44
1436280420000 25.45
1436280480000 25.4
1436280540000 25.42
1436280600000 25.42
1436280660000 25.41
1436280720000 25.43
1436280780000 25.42
1436280840000 25.43
1436280900000 25.43
1436280960000 25.4307
1436281020000 25.43
1436281080000 25.48
1436281140000 25.5
1436281200000 25.5
1436281260000 25.49
1436281320000 25.5
1436281440000 25.47
1436281500000 25.49
1436281560000 25.46
