1436261700000 6.61
1436261760000 6.63
1436262240000 6.61
1436262780000 6.51
1436263560000 6.5101
1436265720000 6.53
1436265780000 6.53
1436266380000 6.589
1436266500000 6.55
1436266560000 6.55
1436266620000 6.55
1436266800000 6.6
1436267040000 6.6
1436267160000 6.55
1436267220000 6.54
1436267280000 6.54
1436267580000 6.53
1436267640000 6.53
1436267760000 6.58
1436267940000 6.533
1436268060000 6.53
1436268360000 6.5035
1436268480000 6.57
1436268540000 6.59
1436268720000 6.5201
1436269020000 6.538
1436269800000 6.59
1436269860000 6.54
1436270580000 6.52
1436270700000 6.536
1436270880000 6.5
1436271180000 6.5
1436271420000 6.527
1436271480000 6.52
1436271540000 6.5
1436273220000 6.52
1436273280000 6.57
1436273640000 6.55
1436274360000 6.53
1436274420000 6.51
1436274720000 6.53
1436274840000 6.53
1436275440000 6.57
1436275500000 6.6
1436275560000 6.717
1436276220000 6.7
1436277480000 6.7
1436277840000 6.65
1436277960000 6.66
1436278800000 6.65
1436279220000 6.6499
1436279280000 6.64
1436279520000 6.63
1436280420000 6.63
1436280480000 6.63
