1436261400000 4.75
1436261640000 4.5401
1436261700000 4.75
1436261820000 4.69
1436262060000 4.63
1436262240000 4.635
1436262660000 4.6399
1436263080000 4.6299
1436263260000 4.6
1436263380000 4.6
1436263440000 4.615
1436263500000 4.62
1436263560000 4.67
1436263740000 4.6
1436263800000 4.61
1436263920000 4.62
1436263980000 4.63
1436264040000 4.62
1436264340000 4.6101
1436264460000 4.64
1436264520000 4.63
1436264580000 4.63
1436264640000 4.635
1436264700000 4.665
1436264760000 4.66
1436265300000 4.68
1436265420000 4.66
1436265540000 4.63
1436265660000 4.6399
1436265720000 4.6299
1436265780000 4.61
1436265960000 4.6199
1436266020000 4.6
1436266320000 4.6
1436267220000 4.58
1436267280000 4.57
1436268060000 4.58
1436268120000 4.57
1436268300000 4.57
1436268360000 4.57
1436268420000 4.57
1436268480000 4.53
1436268720000 4.53
1436268900000 4.558
1436269080000 4.5581
1436269320000 4.56
1436269440000 4.57
1436269500000 4.6
1436269560000 4.5999
1436269680000 4.59
1436269920000 4.6
1436270040000 4.6
1436270100000 4.61
1436270820000 4.65
1436272320000 4.655
1436272800000 4.66
1436273700000 4.65
1436274720000 4.67
1436276340000 4.67
1436277000000 4.66
1436277660000 4.68
1436279220000 4.63
1436279640000 4.63
1436279700000 4.63
1436279760000 4.64
1436279880000 4.6399
1436280000000 4.64
1436280780000 4.67
1436281080000 4.67
1436281260000 4.667
