1436261400000 79.95
1436261460000 79.83
1436261520000 79.78
1436261580000 79.94
1436261640000 79.9201
1436261700000 79.97
1436261760000 79.91
1436261820000 79.72
1436261880000 79.45
1436261940000 79.485
1436262000000 79.648
1436262060000 79.4401
1436262120000 79.44
1436262180000 79.45
1436262240000 79.45
1436262300000 79.77
1436262360000 79.45
1436262420000 79.46
1436262480000 79.575
1436262540000 79.6
1436262600000 79.7
1436262660000 79.6211
1436262720000 79.65
1436262780000 79.61
1436262840000 79.54
1436262900000 79.47
1436262960000 79.46
1436263020000 79.46
1436263080000 79.5
1436263140000 79.56
1436263200000 79.6499
1436263260000 79.69
1436263320000 79.58
1436263380000 79.785
1436263440000 79.7
1436263500000 79.77
1436263560000 79.6099
1436263620000 79.54
1436263680000 79.2145
1436263740000 79.31
1436263800000 79.53
1436263860000 79.62
1436263920000 79.5515
1436263980000 79.6
1436264040000 79.67
1436264100000 79.35
1436264160000 79.41
1436264220000 79.34
1436264280000 79.45
1436264340000 79.475
1436264400000 79.43
1436264460000 79.41
1436264520000 79.565
1436264580000 79.56
1436264640000 79.52
1436264700000 79.42
1436264760000 79.46
1436264820000 79.47
1436264880000 79.42
1436264940000 79.445
1436265000000 79.41
1436265060000 79.28
1436265120000 78.99
1436265180000 78.86
1436265240000 78.75
1436265300000 78.8141
1436265360000 78.89
1436265420000 78.8975
1436265480000 78.97
1436265540000 78.9418
1436265600000 78.9
1436265660000 78.89
1436265720000 78.91
1436265780000 78.89
1436265840000 78.89
1436265900000 79.0
1436265960000 78.97
1436266020000 79.01
1436266080000 78.96
1436266140000 78.95
1436266200000 79.0
1436266260000 78.87
1436266320000 78.8401
1436266380000 78.8
1436266440000 78.89
1436266500000 78.86
1436266560000 78.815
1436266620000 78.85
1436266680000 78.84
1436266740000 78.79
1436266800000 78.74
1436266860000 78.62
1436266980000 78.6299
1436267040000 78.6399
1436267100000 78.66
1436267160000 78.61
1436267220000 78.6
1436267280000 78.58
1436267340000 78.605
1436267400000 78.61
1436267460000 78.6198
1436267520000 78.61
1436267580000 78.68
1436267640000 78.6499
1436267700000 78.6
1436267760000 78.59
1436267820000 78.47
1436267880000 78.54
1436267940000 78.455
1436268000000 78.48
1436268060000 78.47
1436268120000 78.21
1436268180000 78.3
1436268240000 78.31
1436268300000 78.3999
1436268360000 78.35
1436268420000 78.3399
1436268480000 78.39
1436268540000 78.21
1436268600000 78.32
1436268660000 78.22
1436268720000 78.21
1436268780000 78.24
1436268840000 78.1696
1436268900000 78.12
1436268960000 78.0
1436269020000 78.07
1436269080000 78.12
1436269140000 78.14
1436269200000 78.2
1436269260000 78.265
1436269320000 78.21
1436269380000 78.365
1436269440000 78.36
1436269500000 78.4
1436269560000 78.4035
1436269620000 78.44
1436269680000 78.53
1436269740000 78.55
1436269800000 78.61
1436269860000 78.665
1436269920000 78.67
1436269980000 78.725
1436270040000 78.74
1436270100000 78.78
1436270160000 78.78
1436270220000 78.83
1436270280000 78.86
1436270340000 78.87
1436270400000 78.89
1436270460000 78.885
1436270520000 78.88
1436270580000 78.98
1436270640000 78.96
1436270700000 78.99
1436270760000 78.97
1436270820000 78.9399
1436270880000 78.915
1436270940000 78.87
1436271000000 78.84
1436271060000 78.75
1436271120000 78.74
1436271300000 78.72
1436271360000 78.76
1436271420000 78.75
1436271480000 78.75
1436271540000 78.7625
1436271600000 78.83
1436271660000 78.9075
1436271720000 78.92
1436271780000 78.94
1436271840000 78.93
1436271900000 78.98
1436271960000 78.96
1436272020000 78.9315
1436272080000 79.0
1436272140000 79.01
1436272200000 79.0
1436272260000 79.02
1436272320000 79.04
1436272380000 78.99
1436272440000 79.1
1436272500000 79.16
1436272560000 79.15
1436272620000 79.19
1436272740000 79.01
1436272800000 79.04
1436272860000 79.01
1436272920000 79.04
1436272980000 79.09
1436273040000 79.13
1436273100000 79.15
1436273160000 79.15
1436273220000 79.19
1436273280000 79.29
1436273340000 79.4
1436273400000 79.4
1436273460000 79.44
1436273520000 79.5
1436273580000 79.46
1436273640000 79.5
1436273700000 79.49
1436273760000 79.35
1436273820000 79.4
1436273880000 79.5
1436273940000 79.5
1436274000000 79.5
1436274060000 79.56
1436274120000 79.58
1436274180000 79.51
1436274240000 79.51
1436274360000 79.505
1436274420000 79.39
1436274480000 79.42
1436274540000 79.58
1436274600000 79.58
1436274660000 79.555
1436274720000 79.56
1436274780000 79.64
1436274840000 79.52
1436274900000 79.55
1436274960000 79.55
1436275020000 79.36
1436275080000 79.36
1436275140000 79.41
1436275200000 79.47
1436275260000 79.42
1436275320000 79.42
1436275380000 79.44
1436275440000 79.46
1436275500000 79.444
1436275560000 79.46
1436275620000 79.35
1436275680000 79.34
1436275740000 79.31
1436275800000 79.33
1436275860000 79.36
1436275920000 79.26
1436275980000 79.45
1436276040000 79.46
1436276100000 79.5799
1436276220000 79.58
1436276280000 79.62
1436276340000 79.63
1436276400000 79.68
1436276460000 79.7
1436276520000 79.73
1436276580000 79.79
1436276640000 79.83
1436276700000 79.76
1436276760000 79.75
1436276820000 79.7
1436276880000 79.71
1436276940000 79.78
1436277000000 79.78
1436277060000 79.74
1436277120000 79.78
1436277180000 79.79
1436277240000 79.86
1436277300000 79.9035
1436277360000 79.9
1436277420000 79.925
1436277480000 79.93
1436277540000 79.83
1436277600000 79.79
1436277660000 79.89
1436277720000 79.89
1436277780000 79.82
1436277840000 79.6912
1436277900000 79.72
1436277960000 79.78
1436278020000 79.77
1436278080000 79.71
1436278140000 79.72
1436278200000 79.766
1436278260000 79.83
1436278320000 79.83
1436278380000 79.87
1436278440000 79.8
1436278500000 79.57
1436278560000 79.62
1436278620000 79.63
1436278680000 79.7
1436278740000 79.59
1436278800000 79.55
1436278860000 79.5263
1436278920000 79.46
1436278980000 79.3807
1436279040000 79.48
1436279100000 79.53
1436279160000 79.54
1436279220000 79.52
1436279280000 79.47
1436279340000 79.5
1436279400000 79.44
1436279460000 79.58
1436279520000 79.64
1436279580000 79.72
1436279640000 79.78
1436279700000 79.81
1436279760000 79.86
1436279820000 79.89
1436279880000 79.91
1436279940000 79.91
1436280000000 79.89
1436280060000 79.99
1436280120000 80.08
1436280180000 80.09
1436280240000 80.06
1436280360000 80.16
1436280420000 80.16
1436280480000 80.14
1436280540000 80.3
1436280600000 80.31
1436280660000 80.13
1436280720000 80.27
1436280780000 80.24
1436280840000 80.22
1436280900000 80.18
1436280960000 80.2
1436281020000 80.27
1436281080000 80.36
1436281140000 80.42
1436281200000 80.435
1436281260000 80.39
1436281320000 80.37
1436281380000 80.31
1436281440000 80.4
1436281500000 80.38
1436281560000 80.28
