1436261400000 28.0
1436261460000 28.0
1436261640000 27.99
1436261940000 27.944
1436262060000 27.95
1436262120000 27.95
1436262240000 27.9801
1436262360000 27.9724
1436262660000 28.01
1436262780000 28.047
1436263020000 27.95
1436263140000 27.9301
1436263320000 27.961
1436263500000 27.92
1436263560000 27.934
1436263620000 27.8918
1436263680000 27.86
1436263800000 27.8828
1436263860000 27.91
1436264040000 27.92
1436264280000 27.84
1436264400000 27.82
1436264460000 27.8
1436264640000 27.8101
1436264700000 27.8275
1436264760000 27.813
1436264880000 27.79
1436265000000 27.78
1436265060000 27.753
1436265120000 27.73
1436265240000 27.75
1436265300000 27.701
1436265360000 27.7001
1436265480000 27.7274
1436265540000 27.6799
1436265600000 27.66
1436265720000 27.6748
1436265840000 27.7
1436265900000 27.7
1436265960000 27.7101
1436266020000 27.75
1436266080000 27.81
1436266140000 27.81
1436266200000 27.79
1436266260000 27.78
1436266320000 27.78
1436266440000 27.83
1436266560000 27.79
1436266620000 27.81
1436266680000 27.82
1436266740000 27.81
1436266800000 27.78
1436266980000 27.76
1436267100000 27.74
1436267400000 27.72
1436267580000 27.7666
1436267640000 27.7444
1436267700000 27.758
1436267820000 27.75
1436267880000 27.73
1436267940000 27.73
1436268000000 27.73
1436268060000 27.7232
1436268180000 27.72
1436268240000 27.71
1436268540000 27.679
1436268660000 27.6696
1436268780000 27.67
1436269140000 27.75
1436269200000 27.75
1436269320000 27.7601
1436269380000 27.79
1436269500000 27.7842
1436269620000 27.798
1436270100000 27.78
1436270160000 27.8
1436270220000 27.89
1436270280000 27.85
1436270340000 27.83
1436270520000 27.83
1436270580000 27.83
1436270640000 27.86
1436270700000 27.85
1436270760000 27.83
1436270820000 27.82
1436270880000 27.81
1436270940000 27.81
1436271000000 27.8
1436271300000 27.78
1436271360000 27.7545
1436271480000 27.7501
1436271540000 27.7699
1436271780000 27.77
1436271840000 27.79
1436271900000 27.7901
1436271960000 27.81
1436272080000 27.8353
1436272140000 27.82
1436272500000 27.83
1436272740000 27.89
1436272860000 27.8699
1436273160000 27.87
1436273220000 27.87
1436273280000 27.8892
1436273460000 27.86
1436273520000 27.87
1436273580000 27.86
1436273640000 27.87
1436273880000 27.89
1436274000000 27.9
1436274060000 27.91
1436274120000 27.91
1436274420000 27.85
1436274780000 27.9488
1436274840000 27.99
1436274900000 27.99
1436274960000 27.96
1436275020000 27.931
1436275140000 27.94
1436275200000 27.96
1436275380000 27.94
1436275680000 27.99
1436275800000 28.0
1436275980000 27.97
1436276040000 27.97
1436276160000 27.99
1436276280000 27.99
1436276400000 27.9747
1436276520000 27.99
1436276700000 28.005
1436276880000 28.02
1436276940000 28.0
1436277000000 28.0
1436277060000 27.99
1436277120000 28.0
1436277300000 27.9732
1436277360000 27.98
1436277480000 27.98
1436277660000 27.99
1436277780000 27.98
1436278140000 27.985
1436278440000 27.98
1436278500000 27.9799
1436278560000 27.98
1436278620000 27.9773
1436278740000 27.97
1436278800000 27.9536
1436278860000 27.95
1436279100000 27.9417
1436279400000 27.95
1436279580000 27.98
1436279940000 27.99
1436280060000 28.025
1436280120000 28.04
1436280180000 28.055
1436280240000 28.0553
1436280300000 28.06
1436280360000 28.06
1436280420000 28.06
1436280480000 28.05
1436280540000 28.04
1436280600000 28.041
1436280720000 28.05
1436280780000 28.05
1436280840000 28.07
1436281020000 28.07
1436281080000 28.0501
1436281200000 28.087
1436281320000 28.08
1436281380000 28.05
1436281440000 28.05
1436281560000 28.08
