1436261400000 35.92
1436262180000 35.91
1436262240000 35.86
1436262420000 35.89
1436262660000 35.984
1436262780000 35.87
1436263320000 35.835
1436263740000 35.79
1436265360000 35.75
1436265540000 35.65
1436265600000 35.671
1436265720000 35.6
1436266320000 35.655
1436266440000 35.72
1436266500000 35.72
1436266560000 35.74
1436266620000 35.71
1436266800000 35.701
1436267520000 35.64
1436267820000 35.67
1436267880000 35.72
1436267940000 35.7
1436268060000 35.7
1436268120000 35.659
1436268180000 35.63
1436268240000 35.67
1436268660000 35.55
1436268720000 35.618
1436269080000 35.59
1436269140000 35.61
1436269200000 35.64
1436269260000 35.65
1436269560000 35.64
1436269680000 35.675
1436269800000 35.64
1436270100000 35.66
1436270160000 35.6889
1436270400000 35.8099
1436270520000 35.69
1436270640000 35.69
1436270700000 35.711
1436270880000 35.685
1436271060000 35.73
1436271300000 35.6184
1436271780000 35.6242
1436271840000 35.6799
1436272020000 35.68
1436272080000 35.741
1436272140000 35.72
1436272200000 35.711
1436272380000 35.691
1436272440000 35.69
1436272680000 35.6698
1436272860000 35.6601
1436273100000 35.72
1436273460000 35.77
1436273520000 35.75
1436273580000 35.7331
1436273820000 35.78
1436273940000 35.805
1436274000000 35.82
1436274720000 35.8
1436276220000 35.85
1436276400000 35.86
1436276460000 35.91
1436276520000 35.89
1436276580000 35.87
1436276640000 35.87
1436279040000 35.725
1436279160000 35.8338
1436279760000 35.74
1436280120000 35.81
1436280180000 35.84
1436280240000 35.9
1436280300000 35.87
