1436261760000 10.21
1436262300000 10.22
1436262420000 10.25
1436263200000 10.25
1436263740000 10.28
1436264400000 10.23
1436264460000 10.25
1436264700000 10.22
1436264760000 10.22
1436264820000 10.18
1436264880000 10.2
1436265060000 10.2
1436265300000 10.13
1436265360000 10.15
1436265480000 10.1
1436265600000 10.08
1436265660000 10.07
1436265720000 10.13
1436265840000 10.1
1436265900000 10.09
1436265960000 10.1
1436266080000 10.15
1436266140000 10.15
1436266500000 10.18
1436266620000 10.172
1436266860000 10.14
1436266920000 10.13
1436267100000 10.13
1436267160000 10.11
1436267220000 10.08
1436267400000 10.03
1436267460000 10.08
1436267760000 10.08
1436267940000 10.1
1436268540000 10.12
1436268660000 10.1
1436268780000 10.07
1436268840000 10.09
1436268960000 10.06
1436269200000 10.03
1436269260000 10.04
1436269320000 10.08
1436269860000 10.08
1436269980000 10.08
1436270040000 10.11
1436270880000 10.04
1436270940000 10.05
1436271120000 10.05
1436271300000 10.05
1436271420000 10.03
1436271480000 10.04
1436271540000 10.05
1436271720000 10.03
1436271840000 10.04
1436271900000 10.05
1436272380000 10.07
1436272740000 10.06
1436273220000 9.99
1436273280000 10.02
1436273460000 10.04
1436273700000 10.08
1436274120000 10.0949
1436274360000 10.06
1436274420000 10.06
1436274480000 10.06
1436274720000 10.08
1436274960000 10.14
1436275020000 10.11
1436275860000 10.07
1436275980000 10.09
1436276100000 10.035
1436276220000 10.09
1436276760000 10.04
1436276820000 10.05
1436276880000 10.04
1436277000000 10.05
1436277240000 10.03
1436277300000 10.03
1436277600000 10.0
1436277660000 10.025
1436278080000 10.03
1436278380000 10.04
1436279040000 10.09
1436280000000 10.07
1436280060000 10.04
1436280120000 10.04
1436280180000 10.06
1436280360000 10.07
1436281140000 10.05
1436281200000 10.09
1436281260000 10.12
1436281440000 10.115
1436281500000 10.1
