1436261400000 27.34
1436261460000 27.42
1436261520000 27.422
1436261580000 27.48
1436261640000 27.7384
1436261700000 27.63
1436261760000 27.63
1436261820000 27.58
1436261880000 27.5999
1436261940000 27.63
1436262000000 27.73
1436262060000 27.87
1436262120000 27.8427
1436262180000 27.75
1436262240000 27.7
1436262300000 27.7
1436262360000 27.61
1436262420000 27.51
1436262480000 27.56
1436262540000 27.57
1436262600000 27.51
1436262660000 27.45
1436262720000 27.49
1436262780000 27.49
1436262840000 27.49
1436262900000 27.44
1436262960000 27.46
1436263020000 27.41
1436263080000 27.395
1436263140000 27.32
1436263200000 27.34
1436263260000 27.31
1436263320000 27.275
1436263380000 27.27
1436263440000 27.28
1436263500000 27.28
1436263560000 27.24
1436263620000 27.21
1436263680000 27.0601
1436263740000 27.06
1436263800000 27.045
1436263860000 27.08
1436263920000 27.095
1436263980000 27.17
1436264040000 27.2
1436264100000 27.195
1436264160000 27.22
1436264220000 27.22
1436264280000 27.2
1436264340000 27.24
1436264400000 27.14
1436264460000 27.175
1436264520000 27.2058
1436264580000 27.22
1436264640000 27.19
1436264700000 27.17
1436264760000 27.19
1436264820000 27.22
1436264880000 27.235
1436264940000 27.25
1436265000000 27.31
1436265060000 27.22
1436265120000 27.23
1436265180000 27.31
1436265240000 27.27
1436265300000 27.31
1436265360000 27.29
1436265420000 27.29
1436265480000 27.2999
1436265540000 27.152
1436265600000 27.1
1436265660000 27.07
1436265720000 27.0201
1436265780000 27.02
1436265840000 27.02
1436265900000 27.025
1436265960000 27.02
1436266020000 27.13
1436266080000 27.2
1436266140000 27.265
1436266200000 27.26
1436266260000 27.18
1436266320000 27.24
1436266380000 27.295
1436266440000 27.3896
1436266500000 27.39
1436266560000 27.33
1436266620000 27.29
1436266680000 27.31
1436266740000 27.33
1436266800000 27.316
1436266860000 27.29
1436266920000 27.25
1436266980000 27.25
1436267040000 27.25
1436267100000 27.26
1436267160000 27.19
1436267220000 27.18
1436267280000 27.2
1436267340000 27.2
1436267400000 27.19
1436267460000 27.2
1436267520000 27.21
1436267580000 27.24
1436267640000 27.19
1436267700000 27.215
1436267760000 27.24
1436267820000 27.28
1436267880000 27.27
1436267940000 27.25
1436268000000 27.3
1436268060000 27.29
1436268120000 27.21
1436268180000 27.21
1436268240000 27.12
1436268300000 27.09
1436268360000 27.06
1436268420000 27.07
1436268480000 27.1
1436268540000 27.03
1436268600000 27.015
1436268660000 27.0
1436268720000 26.99
1436268780000 26.91
1436268840000 26.888
1436268900000 26.88
1436268960000 26.86
1436269020000 26.89
1436269080000 26.88
1436269140000 26.92
1436269200000 27.02
1436269260000 26.98
1436269320000 26.99
1436269380000 27.0
1436269440000 27.01
1436269500000 27.02
1436269560000 27.0
1436269620000 26.98
1436269680000 26.99
1436269740000 26.98
1436269800000 26.96
1436269860000 26.97
1436269920000 26.95
1436269980000 26.96
1436270040000 26.99
1436270100000 26.98
1436270160000 26.99
1436270220000 27.0
1436270280000 27.03
1436270340000 27.02
1436270400000 27.01
1436270460000 26.99
1436270520000 26.99
1436270580000 27.04
1436270640000 27.08
1436270700000 27.18
1436270760000 27.12
1436270820000 27.06
1436270880000 27.047
1436270940000 27.055
1436271000000 26.99
1436271060000 26.89
1436271120000 26.87
1436271180000 26.86
1436271240000 26.86
1436271300000 26.851
1436271360000 26.85
1436271420000 26.83
1436271480000 26.83
1436271540000 26.84
1436271600000 26.93
1436271660000 26.95
1436271720000 27.006
1436271780000 26.93
1436271840000 26.96
1436271900000 26.949
1436271960000 26.95
1436272020000 26.969
1436272080000 26.97
1436272140000 26.95
1436272200000 26.96
1436272260000 26.99
1436272320000 27.04
1436272380000 27.02
1436272440000 27.07
1436272500000 27.07
1436272560000 27.04
1436272620000 27.12
1436272680000 27.13
1436272740000 27.15
1436272800000 27.2083
1436272860000 27.13
1436272920000 27.1
1436272980000 27.12
1436273040000 27.16
1436273100000 27.205
1436273160000 27.16
1436273220000 27.17
1436273280000 27.33
1436273340000 27.31
1436273400000 27.32
1436273460000 27.34
1436273520000 27.33
1436273640000 27.33
1436273700000 27.37
1436273760000 27.37
1436273820000 27.36
1436273880000 27.38
1436273940000 27.41
1436274000000 27.38
1436274060000 27.38
1436274120000 27.355
1436274180000 27.26
1436274240000 27.29
1436274300000 27.23
1436274360000 27.22
1436274420000 27.16
1436274480000 27.212
1436274540000 27.27
1436274600000 27.25
1436274660000 27.22
1436274720000 27.295
1436274780000 27.36
1436274840000 27.35
1436274900000 27.3
1436274960000 27.29
1436275080000 27.25
1436275140000 27.26
1436275200000 27.265
1436275260000 27.249
1436275320000 27.24
1436275380000 27.23
1436275440000 27.26
1436275500000 27.3
1436275560000 27.2612
1436275620000 27.212
1436275680000 27.22
1436275740000 27.2
1436275800000 27.23
1436275860000 27.24
1436275920000 27.2299
1436275980000 27.25
1436276040000 27.26
1436276100000 27.25
1436276160000 27.247
1436276220000 27.24
1436276280000 27.247
1436276340000 27.21
1436276400000 27.22
1436276460000 27.22
1436276520000 27.21
1436276580000 27.24
1436276640000 27.25
1436276700000 27.22
1436276760000 27.23
1436276820000 27.21
1436276880000 27.2
1436276940000 27.235
1436277000000 27.235
1436277060000 27.18
1436277120000 27.16
1436277240000 27.185
1436277300000 27.165
1436277360000 27.18
1436277420000 27.22
1436277480000 27.2
1436277540000 27.14
1436277600000 27.17
1436277660000 27.155
1436277720000 27.14
1436277840000 27.16
1436277900000 27.16
1436277960000 27.16
1436278020000 27.15
1436278080000 27.15
1436278140000 27.14
1436278200000 27.13
1436278260000 27.14
1436278320000 27.15
1436278380000 27.145
1436278440000 27.14
1436278500000 27.05
1436278560000 26.98
1436278620000 26.95
1436278680000 26.94
1436278740000 26.89
1436278800000 26.88
1436278860000 26.87
1436278920000 26.805
1436278980000 26.74
1436279100000 26.73
1436279160000 26.76
1436279220000 26.76
1436279280000 26.8
1436279340000 26.83
1436279400000 26.81
1436279460000 26.806
1436279520000 26.79
1436279580000 26.8
1436279640000 26.81
1436279700000 26.785
1436279760000 26.805
1436279820000 26.79
1436279880000 26.77
1436279940000 26.82
1436280000000 26.81
1436280060000 26.84
1436280120000 26.93
1436280180000 26.93
1436280240000 26.98
1436280300000 26.97
1436280360000 27.01
1436280420000 27.02
1436280480000 27.01
1436280540000 27.02
1436280600000 27.095
1436280660000 27.015
1436280720000 27.02
1436280780000 27.05
1436280840000 27.07
1436280900000 27.0605
1436280960000 27.086
1436281020000 27.07
1436281080000 27.09
1436281140000 27.1
1436281200000 27.105
1436281260000 27.08
1436281320000 27.04
1436281440000 27.06
1436281500000 27.09
1436281560000 27.05
