1404705600000 9.75
1404792000000 9.78
1404964800000 9.78
1405310400000 9.79
1405396800000 9.78
1405483200000 9.81
1405569600000 9.8
1405656000000 9.8
1405915200000 9.81
1406001600000 9.8
1406088000000 9.75
1406174400000 9.78
1406260800000 9.8
1406606400000 9.75
1406779200000 9.77
1406865600000 9.84
1407297600000 9.78
1407470400000 9.8
1407729600000 9.8
1407816000000 9.78
1407902400000 9.8
1408075200000 9.78
1408420800000 9.82
1408593600000 9.81
1408680000000 9.84
1408939200000 9.83
1409025600000 9.89
1409112000000 9.86
1409198400000 9.8176
1409284800000 9.81
1409630400000 9.87
1409716800000 9.82
1409803200000 9.845
1409889600000 9.89
1410494400000 9.82
1410840000000 9.82
1411012800000 9.81
1411099200000 9.83
1411617600000 9.8
1412049600000 9.94
1412136000000 9.86
1412222400000 9.8
1412654400000 9.83
1414036800000 9.79
1414123200000 9.79
1417496400000 9.81
1418101200000 9.81
1418187600000 9.81
1418274000000 9.81
1418360400000 9.81
1418706000000 9.84
1418792400000 9.84
1419310800000 9.8
1419570000000 9.8
1420520400000 9.89
1420606800000 9.9
1420779600000 9.87
1421211600000 9.87
1421730000000 9.9
1421816400000 9.9
1421989200000 9.89
1422248400000 9.87
1422334800000 9.9
1422421200000 9.88
1422507600000 9.89
1423112400000 9.88
1423198800000 9.88
1423630800000 10.0
1423803600000 10.0
1424149200000 10.0
1424235600000 9.9985
1424322000000 10.01
1424408400000 10.01
1424667600000 10.05
1424754000000 10.12
1424840400000 10.8
1424926800000 10.7
1425013200000 10.65
1425272400000 10.65
1425358800000 10.6
1425445200000 10.5
1425531600000 10.57
1425618000000 10.55
1425873600000 10.55
1425960000000 10.65
1426046400000 10.9
1426132800000 11.2
1426219200000 11.35
1426478400000 11.65
1426564800000 11.65
1426651200000 11.5
1426737600000 11.6
1426824000000 11.5
1427083200000 11.5
1427169600000 11.6
1427256000000 11.35
1427342400000 11.0
1427428800000 11.4
1427688000000 11.65
1427774400000 12.0
