1405051200000 0.7397
1405310400000 0.57
1405396800000 0.62
1405483200000 0.62
1405569600000 0.82
1405656000000 0.68
1407470400000 0.5801
1407988800000 0.62
1409112000000 0.62
1409198400000 0.64
1409630400000 0.65
1409803200000 0.65
1410148800000 0.69
1410321600000 0.69
1410408000000 0.5
1410494400000 0.61
1410840000000 0.64
1411012800000 0.64
1411099200000 0.68
1411358400000 0.4501
1412222400000 0.45
1412654400000 0.49
1412740800000 0.5
1412913600000 0.54
1413172800000 0.68
1413259200000 0.73
1413432000000 0.73
1414382400000 0.7303
1414468800000 0.69
1415768400000 0.7
1416459600000 0.57
1416546000000 0.63
1416978000000 0.62
1418101200000 0.75
1418274000000 0.57
1418360400000 0.59
1418792400000 0.59
1419570000000 0.2
1419829200000 0.4
1419915600000 0.45
1420002000000 0.5
1420434000000 0.53
1420520400000 0.95
1420606800000 0.96
1420693200000 0.9
1421038800000 0.85
1421125200000 0.85
1421298000000 0.9
1421816400000 0.9
1421989200000 0.9
1422507600000 0.85
1422853200000 0.9
1422939600000 0.9
1423112400000 0.9
1423630800000 0.85
1424149200000 0.89
1424322000000 0.89
1424408400000 0.89
1424667600000 0.9
1424754000000 0.89
1424840400000 0.92
1424926800000 0.92
1425013200000 0.95
1425272400000 0.97
1425358800000 0.97
1425445200000 0.99
1425531600000 0.99
1425960000000 1.0
1426132800000 0.99
1426219200000 0.97
1426478400000 0.95
1426824000000 0.95
1427169600000 0.96
1427256000000 0.975
1427342400000 0.985
1427428800000 0.985
1427774400000 1.03
