1405051200000 10.3
1405310400000 10.3
1405396800000 10.25
1405483200000 10.25
1405569600000 10.42
1405915200000 10.61
1406174400000 10.34
1406260800000 10.68
1406520000000 10.4401
1406606400000 10.35
1406692800000 10.3
1406779200000 10.3
1406865600000 10.3
1407124800000 10.34
1407211200000 10.42
1407297600000 10.35
1407384000000 10.3
1407902400000 10.3
1407988800000 10.38
1408075200000 10.3
1408334400000 10.3
1408593600000 10.31
1409112000000 10.3
1409284800000 10.79
1409630400000 10.3
1410148800000 10.29
1410494400000 10.35
1410840000000 10.32
1412136000000 10.34
1414036800000 10.45
1414468800000 10.35
1417150800000 10.41
1418101200000 10.2
1418187600000 10.35
1418274000000 10.3
1418360400000 10.3
1418792400000 10.22
1418965200000 10.25
1419224400000 10.31
1419570000000 10.15
1420002000000 10.2
1420520400000 10.9
1420606800000 10.96
1420779600000 10.89
1421298000000 10.65
1421816400000 10.85
1423198800000 10.7
1423630800000 10.7
1423717200000 10.88
1423803600000 10.85
1424149200000 10.67
1424235600000 10.76
1424322000000 10.88
1424667600000 10.81
1424754000000 10.88
1424840400000 11.6
1425358800000 11.4
1425445200000 11.35
1425531600000 11.53
1425960000000 11.55
1426046400000 11.7
1426132800000 12.45
1426219200000 12.3
1426478400000 12.34
1426564800000 12.5
1426651200000 12.4
1426737600000 12.4
1426824000000 12.5
1427256000000 11.97
1427688000000 12.25
