1436261400000 13.32
1436261520000 13.31
1436261580000 13.28
1436261700000 13.3
1436261760000 13.31
1436262060000 13.27
1436262120000 13.29
1436262180000 13.26
1436262240000 13.33
1436262360000 13.3
1436262420000 13.3
1436262480000 13.27
1436262600000 13.27
1436262840000 13.22
1436263020000 13.2
1436263080000 13.23
1436263260000 13.2
1436263320000 13.22
1436263380000 13.22
1436263440000 13.21
1436263560000 13.2
1436263620000 13.2
1436263680000 13.2
1436263800000 13.2
1436263860000 13.235
1436263980000 13.22
1436264100000 13.2
1436264160000 13.16
1436264280000 13.21
1436264580000 13.2
1436264700000 13.18
1436264760000 13.17
1436264820000 13.18
1436264880000 13.18
1436265000000 13.17
1436265180000 13.15
1436265240000 13.14
1436265300000 13.17
1436265360000 13.16
1436265420000 13.14
1436265480000 13.11
1436265540000 13.11
1436265600000 13.11
1436265660000 13.12
1436265720000 13.09
1436265780000 13.11
1436265900000 13.09
1436265960000 13.1
1436266020000 13.125
1436266200000 13.12
1436266260000 13.1199
1436266380000 13.12
1436266440000 13.12
1436266500000 13.13
1436266560000 13.14
1436266620000 13.13
1436266740000 13.12
1436266860000 13.09
1436266920000 13.1
1436267040000 13.08
1436267100000 13.07
1436267280000 13.06
1436267340000 13.05
1436267400000 13.0501
1436267460000 13.05
1436267520000 13.06
1436267580000 13.08
1436267760000 13.08
1436267880000 13.08
1436267940000 13.08
1436268060000 13.07
1436268120000 13.07
1436268360000 13.05
1436268480000 13.04
1436268540000 13.04
1436268600000 13.04
1436268660000 13.0491
1436268720000 13.04
1436268840000 13.04
1436269020000 13.02
1436269140000 13.02
1436269200000 13.02
1436269260000 13.05
1436269380000 13.05
1436269440000 13.07
1436269500000 13.06
1436269560000 13.07
1436269740000 13.06
1436269860000 13.06
1436269920000 13.07
1436270040000 13.06
1436270100000 13.07
1436270160000 13.08
1436270220000 13.11
1436270280000 13.09
1436270460000 13.08
1436270580000 13.07
1436270820000 13.07
1436270880000 13.07
1436271420000 13.03
1436271480000 13.03
1436271660000 13.04
1436271780000 13.03
1436271840000 13.03
1436271960000 13.025
1436272020000 13.03
1436272080000 13.02
1436272140000 13.02
1436272260000 13.025
1436272380000 13.02
1436272440000 13.025
1436272500000 13.03
1436272680000 13.025
1436272740000 13.06
1436272860000 13.06
1436272920000 13.06
1436272980000 13.06
1436273040000 13.065
1436273100000 13.046
1436273160000 13.07
1436273220000 13.07
1436273280000 13.08
1436273340000 13.09
1436273400000 13.1
1436273460000 13.1
1436273520000 13.11
1436273700000 13.09
1436273760000 13.1
1436273820000 13.1
1436273880000 13.1
1436274000000 13.1
1436274120000 13.105
1436274240000 13.12
1436274360000 13.11
1436274420000 13.1
1436274480000 13.1
1436274540000 13.1
1436274780000 13.1
1436274900000 13.11
1436274960000 13.11
1436275020000 13.11
1436275080000 13.11
1436275320000 13.1
1436275380000 13.1
1436275440000 13.11
1436275500000 13.1
1436275680000 13.11
1436275920000 13.1
1436276160000 13.12
1436276280000 13.13
1436276400000 13.12
1436276520000 13.12
1436276580000 13.12
1436276640000 13.12
1436276700000 13.14
1436276760000 13.13
1436276820000 13.13
1436276880000 13.1
1436277000000 13.12
1436277060000 13.11
1436277120000 13.11
1436277240000 13.1
1436277360000 13.11
1436277420000 13.1
1436277540000 13.1
1436277600000 13.1
1436277720000 13.11
1436277780000 13.1
1436277840000 13.09
1436277960000 13.1
1436278080000 13.105
1436278140000 13.09
1436278380000 13.1
1436278500000 13.1
1436278560000 13.11
1436278680000 13.1
1436278740000 13.1
1436278800000 13.11
1436278920000 13.08
1436278980000 13.08
1436279220000 13.07
1436279280000 13.1
1436279460000 13.11
1436279580000 13.1
1436279640000 13.0901
1436279700000 13.09
1436279760000 13.09
1436279880000 13.09
1436280060000 13.1
1436280120000 13.11
1436280180000 13.12
1436280240000 13.14
1436280360000 13.13
1436280420000 13.14
1436280600000 13.15
1436280660000 13.15
1436280720000 13.15
1436280780000 13.15
1436280900000 13.18
1436281080000 13.18
1436281140000 13.19
1436281200000 13.2
1436281260000 13.19
1436281320000 13.19
1436281380000 13.2
1436281500000 13.2
1436281560000 13.19
