1436261400000 47.53
1436261820000 47.27
1436261940000 47.46
1436262480000 47.29
1436262540000 47.0901
1436262600000 47.16
1436262660000 47.2
1436262720000 47.2
1436262780000 47.2
1436262840000 47.22
1436262900000 47.24
1436262960000 47.15
1436263020000 47.09
1436263140000 47.04
1436263200000 47.02
1436263320000 46.83
1436263500000 46.7501
1436263620000 46.73
1436263680000 46.83
1436263740000 46.87
1436263800000 46.8
1436263980000 46.83
1436264040000 46.85
1436264100000 46.85
1436264160000 46.77
1436264400000 46.74
1436264460000 46.6701
1436264520000 46.8
1436264700000 46.77
1436264760000 46.73
1436264820000 46.68
1436264880000 46.69
1436264940000 46.86
1436265000000 46.81
1436265060000 46.77
1436265120000 46.705
1436265180000 46.75
1436265300000 46.75
1436265540000 46.71
1436265600000 46.56
1436265780000 46.63
1436265840000 46.55
1436265960000 46.34
1436266020000 46.42
1436266080000 46.39
1436266140000 46.405
1436266200000 46.46
1436266260000 46.51
1436266320000 46.5
1436266380000 46.59
1436266440000 46.54
1436266500000 46.5
1436266680000 46.4201
1436266740000 46.43
1436267100000 46.365
1436267280000 46.36
1436267460000 46.3747
1436267700000 46.4
1436267760000 46.35
1436267820000 46.41
1436267880000 46.41
1436267940000 46.41
1436268000000 46.36
1436268060000 46.28
1436268120000 46.28
1436268180000 46.27
1436268240000 46.275
1436268300000 46.255
1436268360000 46.355
1436268420000 46.32
1436268480000 46.34
1436268540000 46.27
1436268720000 46.22
1436268960000 46.23
1436269020000 46.31
1436269080000 46.28
1436269200000 46.25
1436269260000 46.11
1436269440000 46.33
1436269620000 46.32
1436269680000 46.17
1436269740000 46.11
1436269800000 46.21
1436269860000 46.1
1436270040000 46.24
1436270160000 46.25
1436270640000 46.365
1436270700000 46.42
1436270880000 46.45
1436271000000 46.36
1436271060000 46.44
1436271120000 46.42
1436271180000 46.3
1436271300000 46.42
1436271420000 46.41
1436271540000 46.41
1436271720000 46.41
1436271900000 46.42
1436271960000 46.35
1436272020000 46.36
1436272080000 46.3501
1436272140000 46.35
1436272200000 46.45
1436272260000 46.23
1436272320000 46.3
1436272380000 46.32
1436272500000 46.3
1436272620000 46.275
1436272800000 46.36
1436272860000 46.315
1436272920000 46.15
1436273160000 46.4352
1436273220000 46.35
1436273280000 46.315
1436273340000 46.44
1436273460000 46.15
1436273640000 46.38
1436273700000 46.32
1436273760000 46.38
1436273880000 46.39
1436273940000 46.29
1436274000000 46.37
1436274120000 46.45
1436274180000 46.35
1436274360000 46.36
1436274420000 46.34
1436274480000 46.23
1436274600000 46.45
1436274660000 46.39
1436274720000 46.56
1436274780000 46.55
1436274840000 46.53
1436275200000 46.54
1436275260000 46.51
1436275380000 46.5
1436275440000 46.51
1436275560000 46.65
1436275620000 46.49
1436275680000 46.49
1436276160000 46.68
1436276220000 46.6
1436276280000 46.51
1436276400000 46.67
1436276460000 46.51
1436276520000 46.58
1436276640000 46.57
1436276880000 46.64
1436277060000 46.64
1436277120000 46.67
1436277180000 46.545
1436277240000 46.51
1436277300000 46.55
1436277540000 46.53
1436277600000 46.55
1436277660000 46.58
1436277720000 46.52
1436277780000 46.55
1436277900000 46.62
1436278020000 46.635
1436278080000 46.53
1436278140000 46.55
1436278500000 46.6
1436278560000 46.53
1436278680000 46.61
1436278740000 46.5
1436278800000 46.45
1436278860000 46.44
1436278920000 46.5
1436278980000 46.515
1436279340000 46.53
1436279400000 46.56
1436279460000 46.505
1436279520000 46.555
1436279580000 46.56
1436279700000 46.6
1436279760000 46.5
1436279880000 46.55
1436279940000 46.47
1436280000000 46.47
1436280120000 46.5
1436280180000 46.56
1436280300000 46.5
1436280360000 46.6
1436280420000 46.5
1436280540000 46.5412
1436280600000 46.52
1436280720000 46.51
1436280840000 46.5
1436280900000 46.53
1436280960000 46.545
1436281020000 46.5
1436281080000 46.6
1436281140000 46.61
1436281200000 46.575
1436281260000 46.63
1436281380000 46.645
1436281440000 46.59
1436281500000 46.68
1436281560000 46.68
