1436261400000 42.26
1436261580000 42.28
1436261820000 42.05
1436261940000 42.01
1436262420000 42.1
1436262600000 41.97
1436262780000 42.17
1436262900000 42.2
1436263080000 41.93
1436263380000 41.93
1436263440000 41.83
1436263500000 41.92
1436263740000 41.755
1436263860000 41.91
1436263920000 41.92
1436264040000 41.83
1436264220000 41.92
1436264340000 41.8
1436264700000 41.92
1436264760000 41.76
1436264820000 41.87
1436265000000 41.82
1436265060000 41.89
1436265120000 41.88
1436265180000 41.81
1436265240000 41.815
1436265300000 41.83
1436265360000 41.815
1436265420000 41.78
1436265600000 41.73
1436265720000 41.66
1436265780000 41.7
1436265900000 41.695
1436265960000 41.69
1436266020000 41.69
1436266200000 41.69
1436266260000 41.63
1436266320000 41.62
1436266380000 41.63
1436266440000 41.69
1436266500000 41.71
1436266560000 41.82
1436266800000 41.77
1436266860000 41.84
1436267160000 41.76
1436267220000 41.87
1436267460000 41.77
1436267580000 41.77
1436267640000 41.83
1436267760000 41.89
1436268000000 41.9
1436268180000 41.94
1436268240000 41.82
1436268360000 41.87
1436268480000 41.78
1436268540000 41.77
1436268600000 41.87
1436268840000 41.855
1436268900000 41.77
1436268960000 41.661
1436269080000 41.74
1436269140000 41.74
1436269320000 41.83
1436269440000 41.835
1436269500000 41.81
1436269560000 41.8
1436269800000 41.75
1436269860000 41.8
1436270040000 41.75
1436270160000 41.8
1436270220000 41.94
1436270400000 41.97
1436270700000 41.95
1436270760000 41.87
1436271060000 41.87
1436271240000 41.83
1436271300000 41.76
1436271360000 41.8
1436271540000 41.76
1436271600000 41.76
1436271840000 41.76
1436271900000 41.79
1436272260000 41.8
1436272320000 41.93
1436272380000 41.94
1436272500000 41.89
1436272560000 41.94
1436272740000 41.95
1436272800000 41.84
1436272860000 41.91
1436272920000 41.99
1436273040000 41.9763
1436273220000 41.91
1436273520000 41.91
1436273580000 41.94
1436273640000 41.94
1436273820000 42.05
1436274120000 42.07
1436274240000 42.14
1436274360000 42.06
1436274420000 42.03
1436274660000 41.99
1436274720000 42.06
1436274780000 42.16
1436274840000 42.14
1436275020000 41.98
1436275260000 41.98
1436275440000 41.99
1436275500000 41.98
1436275740000 41.98
1436275860000 41.98
1436275920000 41.98
1436276040000 41.94
1436276100000 41.92
1436276220000 41.92
1436276340000 41.94
1436276640000 41.97
1436277120000 41.94
1436277360000 41.81
1436277480000 41.79
1436277720000 41.8
1436277780000 41.79
1436277840000 41.77
1436277900000 41.77
1436278020000 41.73
1436278140000 41.69
1436278320000 41.69
1436278380000 41.73
1436278440000 41.74
1436278620000 41.73
1436278740000 41.66
1436278800000 41.64
1436278920000 41.63
1436279160000 41.53
1436279340000 41.54
1436279520000 41.58
1436279580000 41.57
1436279640000 41.57
1436279700000 41.56
1436279880000 41.56
1436279940000 41.57
1436280000000 41.56
1436280180000 41.56
1436280300000 41.71
1436280360000 41.69
1436280420000 41.71
1436280480000 41.77
1436280900000 41.775
1436280960000 41.85
1436281080000 41.91
1436281200000 41.98
1436281260000 41.96
1436281440000 41.98
1436281620000 41.97
