1436261400000 5.3
1436261580000 5.3466
1436261640000 5.35
1436261760000 5.32
1436261940000 5.29
1436262120000 5.3
1436262300000 5.34
1436262420000 5.34
1436262480000 5.35
1436262600000 5.33
1436262660000 5.321
1436262720000 5.31
1436262900000 5.3075
1436262960000 5.3075
1436263020000 5.3
1436263080000 5.29
1436263140000 5.28
1436263260000 5.28
1436263560000 5.2885
1436263620000 5.28
1436263680000 5.28
1436263740000 5.2975
1436263800000 5.3
1436264040000 5.31
1436264160000 5.31
1436264220000 5.3
1436264340000 5.3
1436264580000 5.31
1436264640000 5.305
1436264700000 5.3
1436264880000 5.29
1436265000000 5.29
1436265060000 5.2854
1436265300000 5.28
1436265360000 5.27
1436265420000 5.27
1436265540000 5.26
1436265600000 5.26
1436265660000 5.25
1436265720000 5.25
1436265780000 5.2401
1436265960000 5.25
1436266020000 5.25
1436266080000 5.26
1436266200000 5.26
1436266260000 5.26
1436266320000 5.28
1436266380000 5.27
1436266500000 5.3
1436266740000 5.29
1436266800000 5.29
1436266860000 5.28
1436267040000 5.2701
1436267160000 5.27
1436267220000 5.27
1436267400000 5.27
1436267520000 5.28
1436267580000 5.3
1436267760000 5.29
1436267940000 5.31
1436268060000 5.29
1436268180000 5.29
1436268300000 5.29
1436268360000 5.29
1436268420000 5.29
1436268540000 5.28
1436268600000 5.28
1436268660000 5.29
1436268780000 5.28
1436268840000 5.26
1436268900000 5.26
1436268960000 5.26
1436269020000 5.26
1436269140000 5.29
1436269380000 5.3
1436269440000 5.3
1436269500000 5.31
1436269680000 5.32
1436269800000 5.3012
1436270040000 5.315
1436270160000 5.33
1436270220000 5.33
1436270340000 5.33
1436270400000 5.31
1436270640000 5.3001
1436270880000 5.31
1436270940000 5.31
1436271000000 5.31
1436271060000 5.3
1436271120000 5.3
1436271480000 5.295
1436271660000 5.3
1436271780000 5.3
1436271900000 5.3
1436271960000 5.3
1436272020000 5.31
1436272260000 5.31
1436272320000 5.32
1436272440000 5.32
1436272500000 5.33
1436272620000 5.33
1436272680000 5.3462
1436272740000 5.34
1436272860000 5.35
1436272920000 5.35
1436273160000 5.355
1436273220000 5.36
1436273280000 5.36
1436273400000 5.37
1436273520000 5.37
1436274180000 5.36
1436274240000 5.38
1436274360000 5.37
1436274420000 5.35
1436274480000 5.34
1436274540000 5.34
1436274600000 5.35
1436275020000 5.37
1436275380000 5.36
1436275440000 5.36
1436275500000 5.36
1436275560000 5.355
1436275620000 5.36
1436275920000 5.35
1436276040000 5.35
1436276220000 5.36
1436276280000 5.37
1436276400000 5.36
1436276460000 5.36
1436276580000 5.36
1436276640000 5.37
1436276880000 5.37
1436277000000 5.37
1436277060000 5.37
1436277180000 5.3688
1436277240000 5.36
1436277300000 5.36
1436277360000 5.36
1436277420000 5.37
1436277480000 5.36
1436277540000 5.36
1436277600000 5.36
1436277780000 5.37
1436277840000 5.37
1436277900000 5.37
1436277960000 5.37
1436278080000 5.36
1436278140000 5.36
1436278260000 5.36
1436278380000 5.3641
1436278440000 5.37
1436278560000 5.36
1436278680000 5.37
1436278740000 5.36
1436278800000 5.35
1436278860000 5.34
1436278920000 5.34
1436278980000 5.34
1436279100000 5.32
1436279220000 5.32
1436279280000 5.33
1436279340000 5.34
1436279520000 5.34
1436279640000 5.34
1436279760000 5.35
1436279880000 5.35
1436279940000 5.36
1436280000000 5.37
1436280060000 5.37
1436280120000 5.38
1436280180000 5.38
1436280240000 5.38
1436280420000 5.38
1436280900000 5.38
1436281020000 5.39
1436281080000 5.4
1436281200000 5.4
1436281260000 5.4
1436281440000 5.39
1436281500000 5.39
1436281560000 5.39
