1436261400000 12.55
1436262060000 12.51
1436262120000 12.49
1436262180000 12.5
1436262240000 12.495
1436262300000 12.49
1436262480000 12.207
1436262660000 12.13
1436262720000 12.17
1436262780000 12.21
1436263500000 12.25
1436263620000 12.2045
1436263680000 12.205
1436263740000 12.12
1436263800000 12.16
1436264460000 12.13
1436264520000 12.13
1436264760000 12.131
1436265060000 12.252
1436265180000 12.29
1436265240000 12.29
1436265420000 12.31
1436265960000 12.13
1436266140000 12.14
1436266200000 12.15
1436266260000 12.15
1436266320000 12.15
1436266440000 12.14
1436266500000 12.15
1436266860000 12.1299
1436266980000 12.07
1436267040000 12.075
1436267100000 12.1
1436267160000 12.04
1436267520000 12.07
1436267700000 12.08
1436267760000 12.105
1436268000000 12.13
1436268300000 12.11
1436268360000 12.115
1436268420000 12.14
1436268480000 12.235
1436268540000 12.26
1436268840000 12.2597
1436269680000 12.32
1436269980000 12.31
1436270040000 12.32
1436270100000 12.35
1436270160000 12.35
1436270280000 12.46
1436270340000 12.5001
1436270400000 12.46
1436270640000 12.45
1436270820000 12.55
1436271540000 12.51
1436271600000 12.5
1436271720000 12.5475
1436272440000 12.44
1436272500000 12.45
1436272620000 12.59
1436272680000 12.51
1436272740000 12.59
1436272920000 12.57
1436273040000 12.53
1436273100000 12.57
1436273760000 12.72
1436274120000 12.73
1436274540000 12.75
1436274600000 12.71
1436275140000 12.794
1436275200000 12.79
1436275440000 12.71
1436275500000 12.65
1436275560000 12.6
1436275620000 12.615
1436275740000 12.64
1436275800000 12.64
1436275860000 12.81
1436275920000 12.78
1436276040000 12.64
1436276160000 12.77
1436276640000 12.75
1436276820000 12.7
1436277000000 12.67
1436277060000 12.64
1436277120000 12.65
1436277300000 12.61
1436277420000 12.65
1436277480000 12.74
1436277540000 12.64
1436277600000 12.545
1436277660000 12.57
1436277720000 12.72
1436277840000 12.5201
1436277900000 12.6
1436277960000 12.67
1436278020000 12.72
1436278080000 12.61
1436278260000 12.58
1436278320000 12.61
1436278380000 12.7
1436278440000 12.52
1436278500000 12.62
1436278560000 12.6
1436278620000 12.53
1436278680000 12.49
1436278740000 12.56
1436278800000 12.55
1436279040000 12.54
1436279160000 12.49
1436279220000 12.54
1436279280000 12.55
1436279400000 12.71
1436279460000 12.64
1436279580000 12.69
1436279640000 12.8
1436279700000 12.65
1436279760000 12.65
1436279820000 12.59
1436280180000 12.58
1436280480000 12.4901
1436280600000 12.49
1436280840000 12.42
1436280900000 12.45
1436280960000 12.7
1436281380000 12.4501
1436281440000 12.7199
1436281500000 12.4501
