1436261400000 17.85
1436261760000 17.8
1436262240000 17.74
1436262540000 17.6825
1436263020000 17.63
1436263260000 17.55
1436263560000 17.52
1436263620000 17.52
1436263680000 17.48
1436263740000 17.51
1436263800000 17.56
1436264040000 17.54
1436264160000 17.522
1436264280000 17.54
1436264460000 17.52
1436264640000 17.51
1436264760000 17.44
1436264820000 17.43
1436264880000 17.43
1436265000000 17.44
1436265120000 17.42
1436265240000 17.42
1436265300000 17.46
1436265360000 17.46
1436265420000 17.47
1436265540000 17.46
1436265960000 17.41
1436266020000 17.43
1436266080000 17.43
1436266140000 17.45
1436266200000 17.45
1436266380000 17.475
1436266440000 17.475
1436266500000 17.47
1436266560000 17.46
1436266620000 17.435
1436266740000 17.45
1436266980000 17.44
1436267100000 17.44
1436267220000 17.4
1436267280000 17.43
1436267400000 17.43
1436267460000 17.44
1436267520000 17.45
1436267700000 17.45
1436267940000 17.45
1436268060000 17.4
1436268120000 17.4
1436268360000 17.4
1436268420000 17.42
1436268480000 17.4
1436268660000 17.39
1436268780000 17.41
1436268840000 17.39
1436269020000 17.38
1436269080000 17.38
1436269140000 17.42
1436269320000 17.41
1436269380000 17.43
1436269500000 17.44
1436269620000 17.46
1436269680000 17.44
1436269800000 17.52
1436269860000 17.5
1436270160000 17.54
1436270400000 17.58
1436270640000 17.59
1436270760000 17.59
1436271000000 17.57
1436271060000 17.58
1436271180000 17.52
1436271300000 17.52
1436271360000 17.5
1436271540000 17.49
1436271660000 17.54
1436271780000 17.54
1436271840000 17.54
1436271900000 17.58
1436271960000 17.59
1436272020000 17.59
1436272080000 17.61
1436272260000 17.65
1436272320000 17.71
1436272380000 17.66
1436272440000 17.665
1436272500000 17.66
1436272560000 17.67
1436272680000 17.675
1436272740000 17.68
1436272920000 17.7
1436273160000 17.73
1436273220000 17.75
1436273280000 17.75
1436273520000 17.7
1436273760000 17.71
1436273820000 17.74
1436273880000 17.78
1436274000000 17.81
1436274120000 17.78
1436274180000 17.78
1436274240000 17.78
1436274300000 17.78
1436274420000 17.76
1436274660000 17.77
1436274720000 17.82
1436274840000 17.85
1436274960000 17.82
1436275020000 17.77
1436275080000 17.77
1436275140000 17.775
1436275200000 17.775
1436275260000 17.775
1436275380000 17.75
1436275440000 17.77
1436275620000 17.78
1436275740000 17.8
1436275800000 17.765
1436276160000 17.75
1436276220000 17.74
1436276340000 17.73
1436276580000 17.73
1436276640000 17.76
1436276700000 17.77
1436276760000 17.76
1436276820000 17.76
1436276880000 17.76
1436277060000 17.76
1436277240000 17.74
1436277360000 17.73
1436277660000 17.73
1436277720000 17.745
1436277780000 17.75
1436277900000 17.74
1436277960000 17.76
1436278020000 17.755
1436278080000 17.755
1436278140000 17.745
1436278500000 17.72
1436278620000 17.74
1436278920000 17.63
1436279100000 17.635
1436279400000 17.63
1436279520000 17.67
1436279760000 17.69
1436279880000 17.69
1436280060000 17.72
1436280180000 17.75
1436280840000 17.79
1436280900000 17.78
1436280960000 17.8
1436281080000 17.83
1436281140000 17.85
1436281200000 17.85
1436281260000 17.85
1436281320000 17.85
1436281380000 17.85
1436281440000 17.81
