1436261400000 14.98
1436261760000 14.9
1436261820000 14.88
1436261880000 14.89
1436262420000 14.93
1436262480000 14.94
1436262540000 14.98
1436262600000 14.977
1436262660000 14.9201
1436262780000 14.94
1436262900000 14.9
1436262960000 14.9299
1436263080000 14.925
1436263140000 14.9349
1436263200000 14.95
1436263260000 14.94
1436263320000 14.95
1436263380000 14.945
1436263440000 14.95
1436263500000 14.945
1436263560000 14.9301
1436263620000 14.93
1436263680000 14.92
1436263740000 14.92
1436263800000 14.94
1436263920000 14.9401
1436263980000 14.94
1436264040000 14.9
1436264100000 14.9
1436264160000 14.91
1436264220000 14.94
1436264280000 14.91
1436264340000 14.9
1436264400000 14.92
1436264460000 14.91
1436264520000 14.895
1436264580000 14.9
1436264640000 14.9
1436264700000 14.89
1436264760000 14.895
1436264820000 14.92
1436264880000 14.91
1436264940000 14.91
1436265000000 14.9
1436265060000 14.92
1436265120000 14.905
1436265240000 14.9
1436265480000 14.87
1436265540000 14.86
1436265660000 14.84
1436265720000 14.81
1436265780000 14.81
1436265840000 14.82
1436265900000 14.84
1436265960000 14.855
1436266020000 14.88
1436266080000 14.89
1436266140000 14.89
1436266200000 14.89
1436266260000 14.885
1436266320000 14.895
1436266380000 14.9
1436266440000 14.9
1436266500000 14.89
1436266560000 14.86
1436266620000 14.88
1436266680000 14.87
1436266800000 14.85
1436266860000 14.865
1436266920000 14.865
1436266980000 14.865
1436267040000 14.87
1436267100000 14.865
1436267160000 14.86
1436267220000 14.87
1436267280000 14.87
1436267340000 14.87
1436267400000 14.865
1436267460000 14.865
1436267520000 14.865
1436267580000 14.865
1436267640000 14.865
1436267760000 14.865
1436267820000 14.87
1436267880000 14.865
1436267940000 14.855
1436268000000 14.855
1436268060000 14.855
1436268120000 14.85
1436268180000 14.86
1436268240000 14.855
1436268300000 14.85
1436268360000 14.85
1436268420000 14.86
1436268480000 14.85
1436268540000 14.85
1436268600000 14.83
1436268720000 14.82
1436268780000 14.8
1436268840000 14.78
1436268900000 14.77
1436268960000 14.76
1436269020000 14.77
1436269080000 14.78
1436269140000 14.79
1436269200000 14.81
1436269260000 14.82
1436269320000 14.82
1436269380000 14.85
1436269440000 14.86
1436269500000 14.86
1436269560000 14.85
1436269620000 14.83
1436269680000 14.82
1436269740000 14.82
1436269800000 14.82
1436269860000 14.81
1436269920000 14.81
1436270040000 14.81
1436270100000 14.81
1436270160000 14.82
1436270220000 14.84
1436270280000 14.86
1436270340000 14.85
1436270400000 14.85
1436270460000 14.84
1436270520000 14.83
1436270880000 14.85
1436270940000 14.84
1436271000000 14.85
1436271060000 14.845
1436271120000 14.85
1436271240000 14.87
1436271360000 14.87
1436271420000 14.87
1436271480000 14.87
1436271540000 14.87
1436271600000 14.87
1436271660000 14.87
1436271720000 14.87
1436271780000 14.87
1436271840000 14.87
1436271900000 14.87
1436271960000 14.87
1436272020000 14.87
1436272080000 14.87
1436272200000 14.89
1436272260000 14.89
1436272320000 14.88
1436272440000 14.875
1436272500000 14.8701
1436272560000 14.88
1436272680000 14.89
1436272800000 14.9
1436272920000 14.91
1436272980000 14.91
1436273040000 14.92
1436273100000 14.91
1436273160000 14.92
1436273220000 14.92
1436273280000 14.92
1436273340000 14.92
1436273400000 14.92
1436273520000 14.93
1436273580000 14.95
1436273640000 14.95
1436273700000 14.97
1436273760000 14.96
1436273880000 14.96
1436273940000 14.96
1436274060000 14.98
1436274120000 14.97
1436274180000 14.96
1436274240000 14.96
1436274300000 14.95
1436274360000 14.95
1436274420000 14.94
1436274540000 14.935
1436274660000 14.94
1436274720000 14.96
1436274780000 14.96
1436274840000 14.97
1436274900000 14.97
1436274960000 14.95
1436275080000 14.95
1436275140000 14.94
1436275200000 14.95
1436275380000 14.94
1436275440000 14.95
1436275500000 14.95
1436275560000 14.95
1436275620000 14.95
1436275680000 14.95
1436275740000 14.95
1436275800000 14.96
1436275860000 14.96
1436275980000 14.96
1436276040000 14.95
1436276160000 14.95
1436276220000 14.95
1436276280000 14.96
1436276340000 14.97
1436276400000 14.96
1436276520000 14.96
1436276640000 14.96
1436276880000 14.97
1436276940000 14.96
1436277180000 14.96
1436277240000 14.94
1436277420000 14.94
1436277540000 14.95
1436277600000 14.945
1436277660000 14.95
1436277720000 14.94
1436277900000 14.945
1436277960000 14.94
1436278080000 14.945
1436278140000 14.94
1436278200000 14.95
1436278260000 14.96
1436278440000 14.95
1436278620000 14.95
1436278680000 14.94
1436278740000 14.93
1436278800000 14.93
1436278860000 14.92
1436278920000 14.94
1436278980000 14.93
1436279220000 14.935
1436279280000 14.935
1436279520000 14.94
1436279580000 14.95
1436279640000 14.95
1436279760000 14.95
1436279880000 14.96
1436280000000 14.97
1436280060000 14.98
1436280120000 14.98
1436280180000 14.985
1436280240000 14.97
1436280420000 14.98
1436280540000 14.985
1436280600000 14.98
1436280780000 14.975
1436280840000 14.97
1436281020000 14.98
1436281080000 14.97
1436281140000 14.98
1436281200000 14.99
1436281260000 14.99
1436281320000 14.98
1436281440000 14.965
1436281500000 14.9701
