1436261400000 10.55
1436261640000 10.51
1436261760000 10.43
1436261820000 10.44
1436262300000 10.37
1436262360000 10.38
1436262420000 10.34
1436262480000 10.34
1436262600000 10.4
1436262720000 10.43
1436262780000 10.41
1436262840000 10.42
1436263140000 10.365
1436263260000 10.365
1436263440000 10.35
1436263500000 10.36
1436263680000 10.35
1436263740000 10.35
1436263980000 10.3704
1436264280000 10.32
1436264340000 10.39
1436264580000 10.36
1436264940000 10.35
1436265000000 10.33
1436265120000 10.34
1436265180000 10.35
1436265240000 10.37
1436265300000 10.34
1436265360000 10.36
1436265420000 10.38
1436265480000 10.36
1436265540000 10.32
1436265600000 10.31
1436265840000 10.2
1436265900000 10.215
1436265960000 10.21
1436266020000 10.115
1436266200000 10.17
1436266320000 10.16
1436266380000 10.21
1436266440000 10.21
1436266500000 10.215
1436266620000 10.2032
1436266740000 10.22
1436266860000 10.225
1436266920000 10.22
1436266980000 10.22
1436267040000 10.195
1436267100000 10.195
1436267280000 10.18
1436267340000 10.1701
1436267460000 10.18
1436267520000 10.172
1436267580000 10.17
1436267700000 10.15
1436267820000 10.175
1436268000000 10.1688
1436268060000 10.16
1436268240000 10.17
1436268420000 10.15
1436268480000 10.22
1436268540000 10.22
1436268600000 10.17
1436268780000 10.19
1436268960000 10.19
1436269140000 10.19
1436269200000 10.172
1436269320000 10.1756
1436269380000 10.18
1436269440000 10.18
1436269680000 10.18
1436269740000 10.18
1436269800000 10.17
1436269860000 10.177
1436269980000 10.17
1436270040000 10.18
1436270160000 10.18
1436270220000 10.19
1436270280000 10.21
1436270340000 10.26
1436270400000 10.26
1436270520000 10.25
1436270580000 10.3
1436270640000 10.3
1436270700000 10.28
1436270760000 10.25
1436270940000 10.25
1436271000000 10.23
1436271240000 10.23
1436271360000 10.23
1436271540000 10.2001
1436271660000 10.21
1436271840000 10.22
1436271900000 10.21
1436271960000 10.2
1436272020000 10.2
1436272140000 10.215
1436272200000 10.2
1436272320000 10.18
1436272440000 10.18
1436272500000 10.18
1436272560000 10.19
1436272620000 10.19
1436272680000 10.19
1436272740000 10.2
1436272800000 10.25
1436273100000 10.265
1436273280000 10.25
1436273400000 10.25
1436273520000 10.25
1436273580000 10.26
1436273640000 10.27
1436273820000 10.26
1436273940000 10.31
1436274000000 10.32
1436274360000 10.28
1436274540000 10.32
1436274720000 10.34
1436274780000 10.45
1436274840000 10.46
1436274960000 10.43
1436275020000 10.44
1436275140000 10.44
1436275200000 10.4
1436275260000 10.415
1436275440000 10.44
1436275500000 10.42
1436275740000 10.42
1436275800000 10.38
1436275920000 10.36
1436275980000 10.36
1436276040000 10.4
1436276100000 10.44
1436276160000 10.43
1436276220000 10.42
1436276280000 10.48
1436276340000 10.46
1436276400000 10.49
1436276460000 10.49
1436276520000 10.49
1436276580000 10.5
1436276640000 10.5
1436276700000 10.4
1436276760000 10.37
1436276880000 10.36
1436276940000 10.39
1436277180000 10.34
1436277360000 10.32
1436277720000 10.31
1436277960000 10.31
1436278140000 10.32
1436278260000 10.32
1436278320000 10.41
1436278440000 10.395
1436278560000 10.41
1436278680000 10.4
1436278740000 10.4
1436278800000 10.38
1436278980000 10.35
1436279040000 10.38
1436279100000 10.36
1436279280000 10.35
1436279640000 10.35
1436279760000 10.355
1436279820000 10.35
1436279940000 10.32
1436280120000 10.3006
1436280180000 10.31
1436280240000 10.32
1436280360000 10.3348
1436280420000 10.3051
1436280480000 10.3242
1436280540000 10.31
1436280600000 10.32
1436280720000 10.301
1436280840000 10.3
1436280900000 10.298
1436280960000 10.2812
1436281080000 10.28
1436281140000 10.29
1436281260000 10.28
1436281320000 10.261
1436281380000 10.25
1436281440000 10.25
1436281500000 10.245
1436281560000 10.2406
