1404705600000 59.5699
1404964800000 58.5938
1405051200000 58.89
1405310400000 59.1
1405569600000 58.99
1405915200000 59.0
1406088000000 59.38
1406260800000 59.44
1406606400000 60.34
1406692800000 60.939
1407124800000 60.15
1407384000000 59.9
1407816000000 60.4001
1407902400000 61.33
1408075200000 60.8299
1408334400000 60.42
1408420800000 60.7801
1408507200000 60.3401
1408593600000 60.8
1408680000000 60.57
1408939200000 60.79
1409025600000 60.9118
1409112000000 61.8
1409198400000 61.39
1409284800000 61.68
1409630400000 61.15
1409716800000 60.97
1409803200000 60.79
1409889600000 61.52
1410148800000 59.3101
1410235200000 59.74
1410321600000 58.8
1410408000000 58.65
1410753600000 57.9729
1410840000000 58.5701
1410926400000 58.55
1411012800000 57.2
1411099200000 57.05
1411358400000 56.3
1411531200000 56.39
1411617600000 55.12
1411704000000 55.6599
1411963200000 54.85
1412049600000 54.952
1412136000000 54.05
1412222400000 54.1
1412654400000 54.5
1412827200000 55.28
1412913600000 52.731
1413259200000 53.71
1413345600000 52.2
1413432000000 52.35
1413518400000 53.06
1414123200000 53.98
1414382400000 53.52
1415163600000 53.901
1415336400000 53.86
1415595600000 54.74
1415768400000 54.88
1415854800000 54.75
1415941200000 55.34
1416373200000 54.61
1417150800000 56.15
1417582800000 55.57
1417755600000 55.12
1418187600000 53.91
1418274000000 52.8277
1418360400000 52.5
1418619600000 51.79
1418706000000 51.332
1418792400000 51.23
1418965200000 52.09
1419224400000 52.446
1419570000000 53.45
1419829200000 53.19
1419915600000 53.46
1420002000000 52.73
1420174800000 51.9029
1420434000000 51.3
1420520400000 51.24
1420779600000 53.4201
1421038800000 53.1
1421125200000 54.86
1421211600000 53.8498
1421816400000 54.55
1422334800000 55.15
1422939600000 54.47
1423198800000 54.26
1423458000000 53.0
1424235600000 53.89
1424667600000 54.66
1424754000000 55.2
1424840400000 55.2
1424926800000 54.92
1425013200000 54.34
1425445200000 53.52
1425531600000 54.12
1425960000000 52.1676
1426046400000 52.5
1426132800000 52.97
1426219200000 51.6501
1426478400000 52.08
1426564800000 53.11
1426824000000 54.38
1427083200000 54.58
1427169600000 54.96
1427256000000 54.5699
1427428800000 53.95
1427774400000 54.86
1427947200000 55.9293
1428379200000 56.26
1428638400000 57.714
1429156800000 57.5899
1429502400000 56.2004
1429588800000 56.3201
1429675200000 57.06
1429761600000 57.18
1430193600000 58.42
1430280000000 57.82
1430452800000 56.74
1430712000000 56.56
1430884800000 55.9364
1430971200000 55.6149
1431057600000 56.5999
1431316800000 56.26
1431403200000 55.94
1431921600000 56.82
1432180800000 56.44
1432612800000 55.75
1432872000000 54.5701
1433131200000 54.11
1433304000000 52.86
1433736000000 51.778
1434081600000 52.23
1434513600000 51.711
1435204800000 52.91
1435291200000 53.34
1435550400000 51.88
