1436261400000 6.1
1436261460000 6.02
1436261520000 6.0
1436261580000 5.98
1436261640000 5.99
1436261700000 5.985
1436261760000 5.98
1436261880000 5.99
1436261940000 5.99
1436262000000 6.0
1436262120000 6.01
1436262180000 6.0
1436262300000 6.0
1436262420000 6.0
1436262480000 6.0
1436262600000 6.0
1436262660000 6.0
1436262720000 6.0
1436262780000 6.005
1436262960000 6.0
1436263020000 6.0
1436263080000 6.0
1436263140000 6.0
1436263200000 6.0
1436263260000 6.0
1436263380000 6.0
1436263440000 6.0
1436263500000 6.0
1436263620000 6.0
1436263680000 6.0
1436263740000 6.0
1436263800000 6.005
1436263860000 6.005
1436264100000 6.0
1436264160000 6.01
1436264220000 6.0
1436264340000 6.03
1436264400000 6.035
1436264460000 6.03
1436264520000 6.01
1436264580000 6.01
1436264640000 6.01
1436264700000 6.0
1436264760000 6.0
1436264820000 5.9999
1436264880000 5.995
1436264940000 5.995
1436265000000 5.99
1436265060000 5.995
1436265180000 6.0
1436265240000 6.0
1436265300000 5.995
1436265360000 5.99
1436265420000 5.98
1436265480000 5.98
1436265540000 5.98
1436265600000 5.9899
1436265660000 5.98
1436265720000 5.98
1436265780000 5.97
1436265840000 5.96
1436265900000 5.95
1436265960000 5.95
1436266020000 5.96
1436266200000 5.99
1436266260000 5.99
1436266320000 6.0
1436266380000 6.0
1436266500000 6.0
1436266560000 6.0
1436266620000 6.0
1436266680000 5.99
1436266740000 5.985
1436266800000 5.98
1436267040000 5.95
1436267100000 5.95
1436267160000 5.95
1436267280000 5.95
1436267340000 5.94
1436267400000 5.945
1436267460000 5.95
1436267760000 5.97
1436267940000 5.97
1436268060000 5.96
1436268120000 5.95
1436268180000 5.95
1436268240000 5.945
1436268300000 5.945
1436268420000 5.94
1436268480000 5.945
1436268540000 5.945
1436268600000 5.94
1436268780000 5.945
1436268840000 5.94
1436268900000 5.945
1436268960000 5.94
1436269140000 5.94
1436269200000 5.94
1436269320000 5.94
1436269380000 5.96
1436269560000 5.97
1436269740000 5.98
1436269800000 5.96
1436269860000 5.97
1436269980000 5.97
1436270100000 5.98
1436270160000 5.97
1436270400000 5.97
1436270460000 5.97
1436270520000 5.96
1436270580000 5.96
1436270640000 5.95
1436270820000 5.95
1436270880000 5.95
1436270940000 5.95
1436271000000 5.96
1436271120000 5.95
1436271180000 5.95
1436271240000 5.945
1436271300000 5.945
1436271540000 5.94
1436271600000 5.945
1436272080000 5.945
1436272140000 5.945
1436272260000 5.95
1436272380000 5.97
1436272500000 5.97
1436272680000 5.97
1436272860000 5.97
1436272920000 5.96
1436272980000 5.97
1436273100000 5.96
1436273280000 5.96
1436273340000 5.97
1436273460000 6.0
1436273520000 6.0
1436273640000 6.0
1436273700000 5.99
1436273760000 6.0
1436273880000 6.0
1436273940000 6.0
1436274000000 6.0
1436274060000 6.0
1436274120000 5.99
1436274180000 5.99
1436274240000 5.99
1436274300000 5.97
1436274360000 5.97
1436274420000 5.95
1436274480000 5.96
1436274540000 5.95
1436274600000 5.95
1436274720000 5.96
1436274840000 5.98
1436275020000 5.98
1436275200000 5.96
1436275260000 5.96
1436275320000 5.965
1436275500000 5.95
1436275620000 5.95
1436275680000 5.955
1436275740000 5.95
1436275800000 5.95
1436275980000 5.95
1436276100000 5.94
1436276280000 5.95
1436276340000 5.96
1436276460000 5.96
1436276520000 5.97
1436276640000 5.96
1436276820000 5.98
1436276880000 5.97
1436277060000 5.97
1436277120000 5.97
1436277180000 5.965
1436277240000 5.965
1436277300000 5.97
1436277360000 5.96
1436277420000 5.96
1436277480000 5.965
1436277540000 5.96
1436277660000 5.965
1436277720000 5.965
1436277840000 5.965
1436277900000 5.965
1436277960000 5.965
1436278020000 5.965
1436278080000 5.965
1436278140000 5.96
1436278200000 5.965
1436278320000 5.97
1436278440000 5.965
1436278500000 5.97
1436278620000 5.97
1436278680000 5.978
1436278800000 5.98
1436278860000 5.97
1436278920000 5.975
1436279040000 5.97
1436279160000 5.97
1436279220000 5.965
1436279280000 5.965
1436279580000 5.97
1436279640000 5.965
1436279700000 5.965
1436279820000 5.97
1436279880000 5.97
1436279940000 5.98
1436280060000 5.975
1436280120000 5.98
1436280180000 5.98
1436280240000 6.0
1436280300000 6.0
1436280420000 6.0
1436280480000 5.995
1436280540000 6.0
1436280660000 6.0
1436280780000 6.0
1436280840000 5.995
1436280960000 6.0
1436281020000 6.0
1436281140000 6.0
1436281200000 6.0
1436281260000 6.0
1436281320000 5.995
1436281380000 6.0
1436281500000 6.0
1436281560000 5.99
