1436261400000 1.09
1436262120000 1.09
1436263680000 1.0701
1436264040000 1.06
1436264100000 1.06
1436264220000 1.04
1436264280000 1.04
1436264340000 1.04
1436264400000 1.04
1436264820000 1.04
1436265900000 1.04
1436265960000 1.04
1436266920000 1.04
1436267400000 1.04
1436267700000 1.0499
1436268000000 1.04
1436268060000 1.04
1436268120000 1.04
1436268240000 1.04
1436268300000 1.04
1436268720000 1.05
1436268900000 1.05
1436268960000 1.05
1436269560000 1.049
1436269920000 1.0499
1436269980000 1.0499
1436270880000 1.0499
1436271540000 1.05
1436272080000 1.04
1436274660000 1.05
1436279640000 1.05
1436279700000 1.0401
1436280060000 1.04
1436280720000 1.05
