1404705600000 16.9812
1404792000000 17.01
1404964800000 16.89
1405051200000 16.96
1405310400000 17.0092
1405396800000 16.9799
1405483200000 17.06
1405656000000 16.95
1405915200000 16.7896
1406001600000 17.21
1406088000000 17.15
1406174400000 17.1416
1406260800000 17.13
1406692800000 17.1
1406779200000 16.78
1406865600000 16.83
1407124800000 16.9154
1407211200000 16.63
1407384000000 16.66
1407470400000 16.54
1407729600000 16.87
1407816000000 16.8314
1407988800000 16.82
1408075200000 16.93
1408334400000 16.9684
1408420800000 17.0005
1408507200000 17.02
1408680000000 16.88
1408939200000 16.968
1409025600000 17.0041
1409112000000 16.94
1409198400000 16.86
1409284800000 16.66
1409630400000 16.56
1409716800000 16.745
1409803200000 16.68
1409889600000 16.713
1410235200000 16.45
1410408000000 16.2999
1410753600000 16.1704
1410840000000 16.3201
1411012800000 16.25
1411099200000 16.16
1411444800000 15.5201
1411531200000 15.7899
1411617600000 15.55
1411704000000 15.441
1411963200000 14.98
1412049600000 15.0201
1412136000000 14.8
1412222400000 14.72
1412740800000 14.85
1412827200000 14.75
1412913600000 14.5769
1413259200000 14.86
