1436261400000 9.73
1436261640000 9.66
1436261700000 9.6
1436261760000 9.6
1436261820000 9.57
1436261880000 9.56
1436261940000 9.5584
1436262000000 9.5932
1436262060000 9.5801
1436262180000 9.55
1436262240000 9.53
1436262300000 9.5101
1436262360000 9.53
1436262420000 9.56
1436262480000 9.598
1436262600000 9.64
1436262840000 9.65
1436263020000 9.62
1436263140000 9.61
1436263200000 9.6
1436263260000 9.59
1436263320000 9.5766
1436263380000 9.57
1436263500000 9.56
1436263560000 9.55
1436263620000 9.55
1436263740000 9.55
1436263800000 9.57
1436263860000 9.6
1436263920000 9.57
1436263980000 9.57
1436264040000 9.58
1436264100000 9.56
1436264220000 9.57
1436264280000 9.5554
1436264400000 9.55
1436264460000 9.53
1436264520000 9.53
1436264700000 9.53
1436264760000 9.52
1436264820000 9.52
1436264880000 9.51
1436264940000 9.51
1436265120000 9.51
1436265180000 9.505
1436265360000 9.51
1436265540000 9.51
1436265600000 9.52
1436265660000 9.49
1436265720000 9.4801
1436265780000 9.48
1436265840000 9.49
1436265960000 9.51
1436266020000 9.54
1436266080000 9.54
1436266140000 9.55
1436266200000 9.55
1436266260000 9.56
1436266320000 9.59
1436266380000 9.62
1436266440000 9.66
1436266500000 9.69
1436266620000 9.69
1436266800000 9.67
1436266860000 9.65
1436266980000 9.66
1436267040000 9.66
1436267100000 9.67
1436267160000 9.65
1436267220000 9.65
1436267280000 9.6505
1436267460000 9.65
1436267520000 9.66
1436267700000 9.67
1436268000000 9.67
1436268060000 9.66
1436268120000 9.63
1436268180000 9.6301
1436268300000 9.64
1436268420000 9.63
1436268480000 9.63
1436268540000 9.63
1436268600000 9.61
1436268660000 9.614
1436268720000 9.6
1436268840000 9.6
1436268900000 9.59
1436268960000 9.58
1436269020000 9.57
1436269080000 9.57
1436269140000 9.59
1436269320000 9.5801
1436269380000 9.61
1436269440000 9.66
1436269740000 9.66
1436269860000 9.67
1436269980000 9.67
1436270100000 9.68
1436270160000 9.7
1436270220000 9.74
1436270280000 9.75
1436270340000 9.73
1436270520000 9.71
1436270580000 9.71
1436270640000 9.71
1436270880000 9.72
1436271000000 9.7283
1436271060000 9.72
1436271120000 9.7
1436271180000 9.69
1436271420000 9.71
1436271480000 9.7199
1436271600000 9.7
1436271660000 9.69
1436271960000 9.7
1436272020000 9.71
1436272200000 9.7101
1436272260000 9.7299
1436272380000 9.73
1436272500000 9.73
1436272620000 9.71
1436272680000 9.7
1436272860000 9.71
1436272920000 9.72
1436272980000 9.73
1436273040000 9.74
1436273100000 9.74
1436273160000 9.745
1436273220000 9.8
1436273280000 9.79
1436273460000 9.8
1436273640000 9.8
1436273760000 9.84
1436273880000 9.85
1436274060000 9.87
1436274120000 9.85
1436274240000 9.83
1436274360000 9.835
1436274420000 9.82
1436274480000 9.8
1436274720000 9.78
1436274840000 9.88
1436274900000 9.8702
1436274960000 9.85
1436275020000 9.82
1436275080000 9.82
1436275140000 9.815
1436275200000 9.81
1436275440000 9.815
1436275500000 9.84
1436275560000 9.82
1436275620000 9.82
1436275680000 9.81
1436275740000 9.81
1436275800000 9.8
1436275860000 9.81
1436275920000 9.79
1436276040000 9.78
1436276160000 9.76
1436276220000 9.75
1436276280000 9.75
1436276460000 9.74
1436276520000 9.74
1436276580000 9.75
1436276640000 9.77
1436276700000 9.7736
1436277000000 9.79
1436277060000 9.78
1436277120000 9.76
1436277180000 9.73
1436277240000 9.73
1436277360000 9.73
1436277480000 9.71
1436277960000 9.7
1436278080000 9.7
1436278320000 9.68
1436278440000 9.67
1436278680000 9.66
1436278740000 9.65
1436278800000 9.63
1436278920000 9.62
1436279040000 9.62
1436279100000 9.61
1436279160000 9.61
1436279220000 9.61
1436279340000 9.61
1436279400000 9.62
1436279460000 9.62
1436279520000 9.62
1436279580000 9.62
1436279700000 9.6198
1436279760000 9.61
1436279820000 9.61
1436279880000 9.61
1436279940000 9.62
1436280000000 9.62
1436280060000 9.63
1436280120000 9.65
1436280180000 9.69
1436280240000 9.68
1436280360000 9.7
1436280420000 9.7
1436280720000 9.7
1436280780000 9.7
1436280900000 9.68
1436280960000 9.68
1436281020000 9.685
1436281140000 9.74
1436281200000 9.7301
1436281260000 9.73
1436281380000 9.72
1436281440000 9.7
1436281500000 9.7
