1436261400000 51.2
1436261520000 51.0201
1436261640000 51.14
1436262120000 51.44
1436262360000 51.23
1436262420000 51.205
1436262480000 51.27
1436262720000 51.2
1436262780000 51.25
1436262840000 51.17
1436263080000 51.14
1436263560000 51.135
1436263680000 51.03
1436263740000 51.05
1436263860000 51.18
1436263920000 51.12
1436263980000 51.21
1436264040000 51.1
1436264100000 51.23
1436264520000 51.03
1436264580000 51.03
1436264700000 51.0
1436264760000 50.98
1436264880000 50.82
1436265000000 50.77
1436265480000 50.65
1436265600000 50.5
1436265720000 50.38
1436265780000 50.3
1436265840000 50.38
1436265960000 50.54
1436266140000 50.55
1436266320000 50.57
1436266740000 50.79
1436266800000 50.74
1436266980000 50.74
1436267400000 50.59
1436267460000 50.565
1436267520000 50.64
1436267580000 50.6
1436267820000 50.605
1436267880000 50.636
1436268000000 50.53
1436268060000 50.45
1436268180000 50.43
1436268240000 50.47
1436268420000 50.39
1436268480000 50.425
1436268540000 50.25
1436268660000 50.32
1436268840000 50.3241
1436268900000 50.25
1436269140000 50.31
1436269200000 50.34
1436269320000 50.4
1436269500000 50.57
1436269560000 50.49
1436269680000 50.44
1436270160000 50.525
1436270220000 50.67
1436270280000 50.64
1436270400000 50.62
1436270460000 50.478
1436271000000 50.52
1436271060000 50.48
1436271300000 50.48
1436271360000 50.47
1436271540000 50.56
1436272140000 50.65
1436272200000 50.53
1436272680000 50.6
1436272800000 50.68
1436272860000 50.68
1436272920000 50.6
1436273100000 50.72
1436273220000 50.72
1436273280000 50.77
1436273580000 50.73
1436273820000 50.69
1436274180000 50.775
1436274240000 50.85
1436274360000 50.8
1436274480000 50.84
1436274660000 50.85
1436274720000 50.96
1436274780000 50.83
1436274900000 50.85
1436275140000 50.71
1436275440000 50.91
1436275680000 50.86
1436275740000 50.87
1436275800000 50.94
1436275860000 50.86
1436276040000 50.9205
1436276160000 50.87
1436276280000 50.81
1436276400000 50.87
1436276640000 50.91
1436276760000 50.92
1436276940000 50.9172
1436277060000 50.92
1436277420000 50.96
1436277720000 50.99
1436277960000 51.01
1436278140000 50.99
1436278200000 51.02
1436278320000 50.99
1436278440000 50.995
1436278560000 50.991
1436278620000 50.991
1436278680000 50.9859
1436278740000 50.9271
1436279100000 50.81
1436279160000 50.78
1436279220000 50.78
1436279580000 50.71
1436279700000 50.76
1436279760000 50.76
1436279880000 50.79
1436280000000 50.81
1436280180000 51.04
1436280420000 51.05
1436280600000 51.01
1436280720000 51.07
1436281020000 51.05
1436281080000 51.055
1436281140000 51.015
1436281200000 51.03
1436281260000 51.04
1436281320000 51.01
1436281380000 50.945
1436281440000 51.06
1436281560000 51.1
