1436261400000 13.28
1436261640000 13.2
1436261700000 13.15
1436261760000 13.1
1436261940000 13.1
1436262000000 13.14
1436262060000 13.13
1436262120000 13.13
1436262180000 13.13
1436262240000 13.1
1436262300000 13.1
1436262360000 13.1
1436262420000 13.09
1436262660000 13.1
1436262720000 13.08
1436262780000 13.08
1436262840000 13.08
1436262900000 13.05
1436262960000 13.05
1436263020000 13.05
1436263080000 13.03
1436263140000 13.03
1436263200000 13.03
1436263260000 13.03
1436263320000 13.03
1436263380000 13.03
1436263440000 13.04
1436263500000 13.049
1436263560000 13.03
1436263620000 13.03
1436263680000 13.01
1436263740000 13.01
1436263800000 13.01
1436263860000 13.02
1436263920000 13.01
1436263980000 13.01
1436264160000 13.01
1436264340000 13.01
1436264460000 13.01
1436264520000 13.0
1436264580000 13.0
1436264640000 13.04
1436264700000 13.04
1436264760000 13.04
1436264820000 13.07
1436265000000 13.07
1436265060000 13.05
1436265120000 13.05
1436265180000 13.06
1436265240000 13.05
1436265300000 13.05
1436265360000 13.05
1436265420000 13.03
1436265480000 13.03
1436265540000 13.03
1436265660000 12.98
1436265720000 12.95
1436265780000 12.95
1436265840000 12.955
1436265900000 12.96
1436265960000 12.96
1436266020000 12.97
1436266080000 13.0
1436266140000 12.99
1436266200000 12.99
1436266260000 12.96
1436266320000 12.97
1436266380000 12.96
1436266440000 12.99
1436266500000 12.98
1436266620000 12.99
1436266680000 12.98
1436266740000 12.985
1436266800000 12.98
1436266860000 12.95
1436266920000 12.95
1436267040000 12.95
1436267100000 12.955
1436267160000 12.95
1436267220000 12.95
1436267280000 12.95
1436267340000 12.95
1436267400000 12.95
1436267460000 12.93
1436267520000 12.94
1436267580000 12.95
1436267640000 12.95
1436267700000 12.94
1436267760000 12.95
1436267880000 12.95
1436267940000 12.95
1436268000000 12.95
1436268060000 12.94
1436268120000 12.94
1436268180000 12.94
1436268240000 12.94
1436268300000 12.94
1436268360000 12.94
1436268420000 12.94
1436268480000 12.94
1436268540000 12.94
1436268600000 12.94
1436268660000 12.94
1436268720000 12.93
1436268780000 12.93
1436268840000 12.93
1436268900000 12.91
1436268960000 12.91
1436269020000 12.91
1436269140000 12.92
1436269320000 12.93
1436269440000 12.955
1436269500000 12.96
1436269560000 12.96
1436269680000 12.95
1436269740000 12.95
1436269800000 12.95
1436269860000 12.95
1436269920000 12.95
1436269980000 12.95
1436270040000 12.95
1436270100000 12.95
1436270160000 12.96
1436270280000 12.99
1436270460000 12.96
1436270520000 12.96
1436270760000 12.97
1436270820000 12.975
1436270880000 12.97
1436270940000 12.96
1436271000000 12.95
1436271060000 12.95
1436271120000 12.95
1436271240000 12.95
1436271420000 12.95
1436271480000 12.955
1436271540000 12.95
1436271720000 12.95
1436271780000 12.96
1436271900000 12.955
1436272020000 12.95
1436272080000 12.9525
1436272200000 12.95
1436272260000 12.955
1436272320000 12.955
1436272380000 12.945
1436272440000 12.95
1436272500000 12.95
1436272560000 12.96
1436272620000 12.96
1436272800000 12.96
1436272980000 12.99
1436273040000 12.99
1436273100000 12.985
1436273160000 12.99
1436273220000 13.01
1436273340000 13.0
1436273520000 13.0
1436273580000 12.99
1436273640000 13.01
1436273880000 13.02
1436274180000 13.0
1436274240000 13.02
1436274360000 13.01
1436274420000 13.0
1436274480000 13.0
1436274540000 13.0
1436274600000 13.0
1436274660000 13.01
1436274720000 13.01
1436274780000 13.04
1436275020000 13.02
1436275200000 13.01
1436275260000 13.005
1436275440000 13.0
1436275740000 13.005
1436275800000 13.0
1436276160000 13.01
1436276280000 13.01
1436276580000 13.0
1436276640000 13.02
1436276760000 13.01
1436276880000 13.01
1436276940000 12.99
1436277060000 13.0
1436277120000 13.0
1436277240000 13.0
1436277300000 13.0
1436277720000 13.0
1436277780000 13.0
1436277840000 13.0
1436277900000 13.0
1436277960000 13.0
1436278080000 13.0
1436278200000 13.0
1436278260000 13.0
1436278320000 13.0
1436278380000 13.0
1436278440000 13.0
1436278500000 13.0
1436278620000 12.99
1436278680000 12.9925
1436278740000 12.99
1436278800000 12.98
1436278860000 12.95
1436278920000 12.95
1436279040000 12.93
1436279100000 12.94
1436279160000 12.97
1436279340000 12.97
1436279520000 12.96
1436279580000 12.96
1436279700000 12.96
1436279760000 12.98
1436279880000 12.99
1436280000000 13.01
1436280060000 13.005
1436280120000 13.02
1436280180000 13.02
1436280240000 13.03
1436280420000 13.05
1436280480000 13.07
1436280540000 13.1
1436280600000 13.09
1436280660000 13.18
1436280720000 13.16
1436280780000 13.17
1436280840000 13.19
1436280900000 13.18
1436280960000 13.19
1436281020000 13.18
1436281080000 13.21
1436281140000 13.25
1436281200000 13.25
1436281260000 13.25
1436281320000 13.24
1436281380000 13.22
1436281440000 13.21
1436281500000 13.21
1436281560000 13.2
