1404705600000 16.15
1404792000000 16.09
1404878400000 16.09
1404964800000 16.12
1405051200000 16.12
1405310400000 16.25
1405396800000 16.09
1405483200000 16.03
1405569600000 15.75
1405656000000 16.0
1405915200000 15.95
1406001600000 15.93
1406088000000 15.79
1406174400000 15.69
1406260800000 15.54
1406520000000 15.55
1406606400000 16.48
1406692800000 16.51
1406779200000 16.38
1406865600000 16.22
1407124800000 16.51
1407211200000 16.41
1407297600000 16.4
1407384000000 16.25
1407470400000 16.33
1407729600000 16.53
1407816000000 17.2
1407902400000 17.19
1407988800000 17.22
1408075200000 17.24
1408334400000 17.32
1408420800000 17.31
1408507200000 17.36
1408593600000 17.39
1408680000000 17.21
1408939200000 17.37
1409025600000 17.38
1409112000000 17.52
1409198400000 17.47
1409284800000 17.79
1409630400000 17.76
1409716800000 17.59
1409803200000 17.46
1409889600000 17.76
1410148800000 17.88
1410235200000 17.57
1410321600000 17.83
1410408000000 18.11
1410494400000 17.82
1410753600000 17.61
1410840000000 17.86
1410926400000 18.04
1411012800000 18.24
1411099200000 18.31
1411358400000 18.39
1411444800000 18.52
1411531200000 18.68
1411617600000 18.66
1411704000000 18.85
1411963200000 18.46
1412049600000 18.18
1412136000000 17.95
1412222400000 18.13
1412308800000 18.16
1412568000000 18.16
1412654400000 17.94
1412740800000 18.51
1412827200000 17.97
1412913600000 17.88
1413172800000 17.99
1413259200000 18.7
1413345600000 18.71
1413432000000 19.28
