1436261400000 1.8
1436262060000 1.8
1436262240000 1.8
1436262960000 1.8
1436263140000 1.8
1436263320000 1.83
1436263560000 1.84
1436263680000 1.81
1436263860000 1.81
1436264040000 1.78
1436264220000 1.8
1436264760000 1.775
1436264820000 1.78
1436264940000 1.79
1436265120000 1.79
1436265180000 1.79
1436265240000 1.79
1436265480000 1.77
1436265600000 1.8
1436265840000 1.76
1436266020000 1.77
1436266080000 1.7799
1436266140000 1.77
1436266560000 1.76
1436266740000 1.755
1436266800000 1.75
1436267460000 1.755
1436267580000 1.76
1436267640000 1.75
1436268180000 1.75
1436268360000 1.75
1436268540000 1.75
1436269260000 1.75
1436269440000 1.75
1436269980000 1.75
1436270160000 1.75
1436270340000 1.75
1436271060000 1.75
1436271180000 1.76
1436271960000 1.755
1436272140000 1.755
1436272680000 1.755
1436272860000 1.755
1436273040000 1.74
1436273760000 1.745
1436273940000 1.73
1436274480000 1.73
1436274660000 1.73
1436274840000 1.72
1436275560000 1.73
1436275740000 1.73
1436276460000 1.73
1436276640000 1.73
1436277180000 1.73
1436277360000 1.72
1436277540000 1.72
1436278260000 1.72
1436278380000 1.74
1436278440000 1.73
1436278980000 1.72
1436279160000 1.72
1436279340000 1.72
1436280060000 1.72
1436280240000 1.72
1436280960000 1.73
1436281140000 1.73
