1436261400000 1.4
1436261460000 1.379
1436261520000 1.36
1436261580000 1.3899
1436261640000 1.4
1436261700000 1.4
1436261760000 1.3949
1436261820000 1.39
1436261880000 1.3814
1436261940000 1.363
1436262000000 1.3699
1436262060000 1.3699
1436262120000 1.37
1436262240000 1.3679
1436262300000 1.3686
1436262360000 1.3701
1436262420000 1.3799
1436262480000 1.3701
1436262540000 1.3799
1436262600000 1.375
1436262660000 1.3701
1436262720000 1.3794
1436262780000 1.37
1436262840000 1.3701
1436262900000 1.3701
1436262960000 1.37
1436263020000 1.3701
1436263080000 1.38
1436263140000 1.38
1436263200000 1.379
1436263260000 1.3821
1436263320000 1.39
1436263380000 1.4
1436263440000 1.4
1436263500000 1.397
1436263560000 1.395
1436263620000 1.39
1436263680000 1.3854
1436263740000 1.381
1436263800000 1.3801
1436263920000 1.39
1436263980000 1.39
1436264040000 1.3867
1436264100000 1.39
1436264160000 1.39
1436264220000 1.395
1436264280000 1.39
1436264340000 1.3985
1436264400000 1.3999
1436264460000 1.39
1436264520000 1.39
1436264580000 1.3863
1436264700000 1.3899
1436264760000 1.39
1436264820000 1.39
1436264880000 1.38
1436264940000 1.36
1436265000000 1.36
1436265060000 1.3599
1436265120000 1.3549
1436265180000 1.355
1436265240000 1.35
1436265300000 1.36
1436265360000 1.3601
1436265420000 1.36
1436265480000 1.37
1436265540000 1.37
1436265600000 1.4
1436265660000 1.38
1436265720000 1.399
1436265780000 1.3901
1436265900000 1.3901
1436265960000 1.4
1436266020000 1.3901
1436266080000 1.39
1436266140000 1.3949
1436266200000 1.3979
1436266260000 1.395
1436266320000 1.39
1436266380000 1.3946
1436266440000 1.4
1436266500000 1.399
1436266560000 1.3904
1436266680000 1.395
1436266800000 1.4
1436266860000 1.4
1436266920000 1.3999
1436266980000 1.3901
1436267100000 1.4
1436267160000 1.3901
1436267220000 1.395
1436267280000 1.395
1436267340000 1.39
1436267400000 1.4
1436267520000 1.395
1436267640000 1.4
1436267700000 1.3996
1436267760000 1.4
1436267820000 1.39
1436267940000 1.3999
1436268000000 1.4
1436268120000 1.3901
1436268180000 1.4
1436268240000 1.4
1436268300000 1.4
1436268360000 1.3906
1436268420000 1.3999
1436268480000 1.3904
1436268540000 1.39
1436268660000 1.4
1436268720000 1.4
1436268780000 1.406
1436268960000 1.4099
1436269020000 1.42
1436269080000 1.43
1436269140000 1.4388
1436269200000 1.4301
1436269260000 1.4399
1436269320000 1.43
1436269380000 1.435
1436269440000 1.4378
1436269500000 1.43
1436269680000 1.43
1436269740000 1.4299
1436269800000 1.43
1436269860000 1.42
1436269920000 1.42
1436269980000 1.42
1436270100000 1.4201
1436270160000 1.4201
1436270220000 1.43
1436270280000 1.4299
1436270340000 1.425
1436270520000 1.4242
1436270640000 1.4201
1436270700000 1.424
1436270760000 1.4201
1436270880000 1.43
1436270940000 1.4222
1436271060000 1.43
1436271120000 1.43
1436271180000 1.4235
1436271240000 1.423
1436271300000 1.4201
1436271360000 1.4206
1436271420000 1.43
1436271480000 1.43
1436271600000 1.4201
1436271720000 1.42
1436271780000 1.4279
1436271840000 1.429
1436271900000 1.4201
1436271960000 1.4299
1436272140000 1.4296
1436272200000 1.4201
1436272260000 1.4201
1436272320000 1.43
1436272380000 1.43
1436272440000 1.43
1436272560000 1.4201
1436272740000 1.43
1436272800000 1.42
1436272980000 1.4202
1436273340000 1.421
1436273400000 1.4201
1436273460000 1.428
1436273580000 1.4299
1436273700000 1.43
1436273820000 1.4299
1436273880000 1.43
1436273940000 1.4221
1436274000000 1.4212
1436274180000 1.4211
1436274360000 1.4294
1436274420000 1.4201
1436274600000 1.4299
1436274660000 1.43
1436274720000 1.43
1436274780000 1.4248
1436274840000 1.43
1436274960000 1.4299
1436275020000 1.4201
1436275080000 1.4283
1436275140000 1.4212
1436275380000 1.4299
1436275440000 1.4201
1436275500000 1.43
1436275560000 1.426
1436275740000 1.4285
1436275920000 1.43
1436276280000 1.43
1436276520000 1.43
1436276580000 1.4279
1436276640000 1.425
1436276760000 1.4299
1436277120000 1.42
1436277300000 1.4251
1436277360000 1.42
1436277480000 1.417
1436277660000 1.415
1436277720000 1.4101
1436277900000 1.42
1436278020000 1.4299
1436278080000 1.4201
1436278140000 1.43
1436278260000 1.43
1436278380000 1.425
1436278440000 1.43
1436278560000 1.43
1436278680000 1.4299
1436278740000 1.42
1436278800000 1.43
1436278860000 1.42
1436278920000 1.4221
1436278980000 1.421
1436279100000 1.4201
1436279160000 1.425
1436279220000 1.4261
1436279280000 1.43
1436279460000 1.4295
1436279820000 1.429
1436279880000 1.43
1436280000000 1.43
1436280180000 1.43
1436280300000 1.4299
1436280420000 1.42
1436280480000 1.4298
1436280540000 1.42
1436280660000 1.429
1436280720000 1.4248
1436280780000 1.4201
1436281080000 1.43
1436281140000 1.43
1436281200000 1.43
1436281440000 1.42
1436281620000 1.42
1436281680000 1.42
