1436261400000 7.17
1436261520000 8.2699
1436262360000 7.74
1436262600000 7.84
1436262720000 7.96
1436262840000 7.98
1436263020000 8.0
1436264400000 8.12
1436264460000 8.12
1436264640000 8.14
1436264700000 8.14
1436264820000 8.13
1436265300000 8.14
1436265360000 8.13
1436265420000 8.14
1436265600000 8.14
1436265660000 8.14
1436265780000 8.12
1436266080000 8.09
1436266440000 8.09
1436266680000 8.051
1436266740000 8.05
1436266860000 8.04
1436270760000 8.07
1436270820000 8.09
1436271120000 8.13
1436272740000 8.13
1436273280000 8.14
1436273580000 8.13
1436273640000 8.13
1436276700000 8.14
1436276760000 8.14
1436278200000 8.16
1436278800000 8.22
1436279940000 8.16
1436280120000 8.21
1436280900000 8.33
