1436261880000 16.84
1436262180000 16.79
1436262360000 16.78
1436263020000 16.75
1436263080000 16.755
1436264160000 16.75
1436264280000 16.75
1436264400000 16.75
1436264520000 16.75
1436264640000 16.76
1436264760000 16.75
1436264820000 16.73
1436264880000 16.77
1436264940000 16.7
1436265060000 16.69
1436265120000 16.75
1436265240000 16.7
1436265360000 16.62
1436265540000 16.68
1436265600000 16.68
1436265780000 16.65
1436265840000 16.68
1436266020000 16.64
1436266260000 16.71
1436266380000 16.64
1436266440000 16.6645
1436266500000 16.65
1436266560000 16.64
1436266680000 16.63
1436266800000 16.62
1436266980000 16.55
1436267160000 16.5604
1436267220000 16.54
1436267400000 16.53
1436267520000 16.56
1436267940000 16.55
1436268060000 16.55
1436268120000 16.52
1436268360000 16.51
1436268420000 16.5301
1436268480000 16.51
1436268540000 16.51
1436268840000 16.47
1436268960000 16.49
1436269020000 16.49
1436269080000 16.4501
1436269140000 16.53
1436269200000 16.53
1436269320000 16.49
1436269440000 16.61
1436269500000 16.55
1436269800000 16.53
1436269860000 16.5498
1436269980000 16.53
1436270040000 16.58
1436270160000 16.58
1436270220000 16.61
1436270460000 16.6
1436270580000 16.6
1436270700000 16.62
1436270940000 16.58
1436271000000 16.6
1436271660000 16.53
1436271720000 16.55
1436271900000 16.53
1436272020000 16.57
1436272140000 16.53
1436272320000 16.52
1436272620000 16.53
1436272680000 16.57
1436273040000 16.57
1436273220000 16.61
1436273400000 16.61
1436273460000 16.64
1436273760000 16.63
1436273880000 16.68
1436273940000 16.74
1436274240000 16.72
1436274360000 16.7
1436274420000 16.71
1436274660000 16.69
1436274720000 16.69
1436274780000 16.78
1436274900000 16.8
1436274960000 16.75
1436275260000 16.7545
1436275320000 16.75
1436275380000 16.72
1436275560000 16.73
1436275620000 16.68
1436275860000 16.68
1436276040000 16.66
1436276220000 16.65
1436276580000 16.66
1436276760000 16.66
1436277000000 16.68
1436277300000 16.65
1436277360000 16.67
1436277480000 16.65
1436277720000 16.65
1436277840000 16.65
1436277900000 16.61
1436278140000 16.6
1436278200000 16.61
1436278260000 16.64
1436278320000 16.63
1436278500000 16.58
1436278620000 16.57
1436278680000 16.57
1436278800000 16.57
1436278860000 16.55
1436279100000 16.52
1436279280000 16.52
1436279460000 16.51
1436279640000 16.52
1436279820000 16.52
1436280000000 16.52
1436280060000 16.56
1436280180000 16.61
1436280240000 16.63
1436280420000 16.64
1436280480000 16.66
1436280900000 16.66
1436281020000 16.66
1436281080000 16.74
1436281500000 16.74
1436281560000 16.77
