1436261400000 255.51
1436261460000 256.57
1436261520000 254.72
1436261580000 255.44
1436261700000 255.24
1436261760000 255.12
1436261820000 255.04
1436261880000 254.99
1436261940000 255.24
1436262000000 255.06
1436262060000 254.655
1436262120000 254.69
1436262180000 254.93
1436262240000 254.695
1436262300000 254.78
1436262360000 254.6
1436262420000 254.85
1436262480000 254.77
1436262540000 254.56
1436262600000 254.445
1436262720000 254.55
1436262780000 254.41
1436262900000 254.33
1436262960000 254.47
1436263020000 254.33
1436263080000 254.49
1436263140000 254.65
1436263200000 255.0
1436263260000 254.73
1436263320000 254.268
1436263380000 254.435
1436263440000 254.82
1436263500000 255.06
1436263620000 254.835
1436263680000 254.64
1436263740000 254.79
1436263800000 254.84
1436263860000 255.02
1436263920000 254.84
1436263980000 254.705
1436264040000 254.82
1436264100000 254.33
1436264160000 254.56
1436264220000 254.41
1436264280000 254.48
1436264400000 254.208
1436264460000 254.2
1436264520000 254.34
1436264580000 254.62
1436264640000 254.48
1436264760000 254.35
1436264820000 254.18
1436264880000 254.125
1436264940000 254.085
1436265000000 254.25
1436265060000 253.97
1436265120000 254.065
1436265180000 253.94
1436265240000 253.63
1436265300000 253.42
1436265360000 253.29
1436265420000 253.175
1436265480000 253.42
1436265540000 253.44
1436265600000 253.23
1436265660000 253.36
1436265780000 253.09
1436265840000 253.17
1436265900000 253.38
1436265960000 253.255
1436266020000 253.41
1436266260000 253.96
1436266380000 253.91
1436266440000 253.91
1436266500000 253.71
1436266560000 253.89
1436266620000 254.02
1436266680000 253.99
1436266740000 254.09
1436266800000 254.12
1436266860000 254.11
1436266920000 254.07
1436266980000 254.175
1436267040000 253.9
1436267100000 254.34
1436267160000 254.17
1436267220000 253.99
1436267280000 253.93
1436267340000 253.85
1436267400000 253.91
1436267460000 253.92
1436267520000 253.99
1436267580000 253.99
1436267640000 253.9
1436267700000 253.74
1436267760000 253.76
1436267820000 253.601
1436267880000 253.52
1436267940000 253.64
1436268000000 253.55
1436268060000 253.875
1436268120000 253.68
1436268180000 253.8
1436268240000 254.04
1436268300000 253.98
1436268360000 253.98
1436268420000 254.19
1436268480000 254.37
1436268540000 254.13
1436268600000 254.058
1436268660000 253.99
1436268780000 253.9
1436268840000 253.765
1436268900000 253.64
1436268960000 253.61
1436269020000 253.54
1436269080000 253.49
1436269140000 253.5
1436269200000 253.27
1436269320000 253.235
1436269380000 253.68
1436269440000 253.71
1436269500000 253.59
1436269560000 253.5
1436269620000 253.5
1436269740000 253.5
1436269860000 253.57
1436269920000 253.43
1436269980000 253.47
1436270040000 253.57
1436270100000 253.7
1436270160000 253.73
1436270220000 254.01
1436270340000 254.07
1436270400000 253.78
1436270460000 253.825
1436270520000 253.93
1436270640000 254.4
1436270760000 254.225
1436270820000 254.27
1436270880000 254.24
1436270940000 254.06
1436271000000 254.05
1436271120000 254.11
1436271180000 254.1
1436271240000 254.36
1436271300000 254.36
1436271480000 254.325
1436271540000 254.5
1436271600000 254.47
1436271660000 254.46
1436271720000 254.44
1436271780000 254.44
1436271840000 254.48
1436271960000 254.55
1436272140000 254.34
1436272260000 254.39
1436272320000 254.41
1436272440000 254.56
1436272500000 254.716
1436272680000 254.76
1436272740000 254.76
1436272860000 254.64
1436272920000 254.69
1436273100000 254.74
1436273220000 255.11
1436273280000 255.1
1436273340000 255.18
1436273400000 255.22
1436273460000 255.23
1436273520000 255.45
1436273580000 255.13
1436273640000 255.4
1436273880000 255.77
1436273940000 255.74
1436274000000 255.74
1436274060000 255.86
1436274120000 255.61
1436274180000 255.57
1436274240000 255.495
1436274360000 255.38
1436274480000 255.21
1436274540000 255.36
1436274600000 255.4
1436274660000 255.53
1436274720000 255.69
1436274780000 255.935
1436274840000 255.94
1436274900000 256.24
1436274960000 256.14
1436275020000 256.025
1436275080000 255.98
1436275140000 255.815
1436275200000 255.91
1436275320000 255.65
1436275380000 255.78
1436275440000 255.76
1436275500000 255.88
1436275560000 255.845
1436275620000 255.665
1436275680000 255.695
1436275740000 255.82
1436275800000 255.85
1436275860000 255.75
1436275980000 255.75
1436276040000 255.435
1436276100000 255.59
1436276160000 255.62
1436276220000 255.49
1436276280000 255.72
1436276340000 255.915
1436276400000 255.92
1436276460000 255.94
1436276520000 255.94
1436276580000 256.03
1436276640000 256.09
1436276880000 256.13
1436276940000 256.1
1436277000000 256.04
1436277060000 255.89
1436277120000 256.02
1436277180000 255.98
1436277240000 255.97
1436277300000 255.95
1436277360000 255.94
1436277420000 255.91
1436277480000 256.002
1436277540000 255.965
1436277600000 256.16
1436277660000 256.16
1436277780000 255.865
1436277900000 255.795
1436277960000 255.745
1436278020000 255.76
1436278080000 255.745
1436278140000 255.58
1436278200000 255.64
1436278260000 255.78
1436278320000 255.725
1436278380000 255.64
1436278500000 255.51
1436278560000 255.41
1436278620000 255.6
1436278680000 255.64
1436278740000 255.4
1436278800000 255.465
1436278860000 255.42
1436278920000 255.41
1436278980000 255.29
1436279040000 255.345
1436279100000 255.55
1436279160000 255.72
1436279220000 255.71
1436279280000 255.7
1436279340000 255.775
1436279400000 255.665
1436279460000 255.7
1436279520000 255.69
1436279580000 255.835
1436279640000 256.06
1436279700000 256.08
1436279760000 256.08
1436279820000 256.07
1436279880000 256.06
1436279940000 256.11
1436280000000 256.22
1436280060000 256.31
1436280120000 256.69
1436280180000 256.85
1436280240000 257.13
1436280300000 257.08
1436280360000 257.05
1436280420000 257.15
1436280480000 257.0
1436280540000 257.0
1436280600000 257.1
1436280660000 257.08
1436280720000 257.1
1436280780000 257.15
1436280840000 257.015
1436280900000 257.15
1436280960000 257.18
1436281020000 257.245
1436281080000 257.38
1436281140000 257.99
1436281200000 258.04
1436281260000 258.04
1436281320000 258.115
1436281380000 258.31
1436281440000 258.66
1436281500000 258.46
1436281560000 258.28
