1436261400000 10.07
1436261460000 10.05
1436261520000 10.06
1436261580000 10.065
1436261640000 10.06
1436261700000 10.05
1436261760000 10.05
1436261820000 10.05
1436261880000 10.04
1436261940000 10.045
1436262000000 10.05
1436262060000 10.05
1436262120000 10.06
1436262180000 10.07
1436262240000 10.07
1436262300000 10.06
1436262360000 10.06
1436262420000 10.08
1436262480000 10.08
1436262540000 10.09
1436262600000 10.085
1436262660000 10.08
1436262720000 10.07
1436262780000 10.08
1436262840000 10.08
1436262900000 10.07
1436262960000 10.07
1436263020000 10.07
1436263080000 10.05
1436263140000 10.06
1436263200000 10.05
1436263260000 10.05
1436263320000 10.055
1436263380000 10.06
1436263440000 10.06
1436263500000 10.055
1436263560000 10.045
1436263620000 10.025
1436263680000 10.01
1436263740000 10.01
1436263800000 10.015
1436263860000 10.0201
1436263920000 10.03
1436263980000 10.025
1436264040000 10.02
1436264100000 10.015
1436264160000 10.0
1436264220000 10.01
1436264280000 10.01
1436264340000 9.99
1436264400000 9.98
1436264460000 9.98
1436264520000 9.9749
1436264580000 9.985
1436264640000 10.005
1436264700000 10.005
1436264760000 9.99
1436264820000 9.98
1436264880000 9.98
1436264940000 9.97
1436265000000 9.97
1436265060000 9.965
1436265120000 9.96
1436265180000 9.965
1436265240000 9.96
1436265300000 9.95
1436265360000 9.95
1436265420000 9.9501
1436265480000 9.95
1436265540000 9.95
1436265600000 9.95
1436265660000 9.945
1436265720000 9.93
1436265780000 9.9264
1436265840000 9.9201
1436265900000 9.93
1436265960000 9.93
1436266020000 9.94
1436266080000 9.95
1436266140000 9.945
1436266200000 9.95
1436266260000 9.95
1436266320000 9.955
1436266380000 9.968
1436266440000 9.97
1436266500000 9.97
1436266560000 9.96
1436266620000 9.975
1436266680000 9.97
1436266740000 9.975
1436266800000 9.97
1436266860000 9.96
1436266920000 9.96
1436266980000 9.965
1436267040000 9.96
1436267100000 9.955
1436267160000 9.955
1436267220000 9.98
1436267280000 9.98
1436267340000 9.99
1436267400000 9.99
1436267460000 9.985
1436267520000 9.995
1436267580000 10.01
1436267640000 9.995
1436267700000 10.0
1436267760000 10.0
1436267820000 9.985
1436267880000 9.98
1436267940000 9.98
1436268000000 9.985
1436268060000 9.97
1436268120000 9.97
1436268180000 9.97
1436268240000 9.97
1436268300000 9.965
1436268360000 9.98
1436268420000 9.975
1436268480000 9.98
1436268540000 9.975
1436268660000 9.965
1436268720000 9.98
1436268780000 9.975
1436268840000 9.98
1436268900000 9.98
1436268960000 9.975
1436269020000 9.99
1436269080000 9.985
1436269140000 10.0
1436269200000 9.995
1436269260000 10.0
1436269320000 10.0
1436269380000 10.01
1436269440000 10.015
1436269500000 10.025
1436269560000 10.0199
1436269620000 10.015
1436269680000 10.01
1436269740000 10.01
1436269800000 10.01
1436269860000 10.01
1436269920000 10.01
1436269980000 10.01
1436270040000 10.015
1436270100000 10.015
1436270160000 10.02
1436270220000 10.04
1436270280000 10.025
1436270340000 10.035
1436270400000 10.025
1436270580000 10.0299
1436270640000 10.035
1436270700000 10.035
1436270760000 10.035
1436270820000 10.035
1436270880000 10.035
1436270940000 10.04
1436271000000 10.04
1436271060000 10.035
1436271120000 10.035
1436271180000 10.035
1436271240000 10.035
1436271300000 10.03
1436271360000 10.0365
1436271480000 10.035
1436271540000 10.03
1436271600000 10.03
1436271660000 10.03
1436271720000 10.03
1436271780000 10.03
1436271840000 10.03
1436271900000 10.03
1436271960000 10.035
1436272020000 10.03
1436272140000 10.0399
1436272200000 10.035
1436272380000 10.035
1436272500000 10.03
1436272560000 10.03
1436272620000 10.0339
1436272680000 10.04
1436272800000 10.06
1436272860000 10.06
1436272980000 10.06
1436273040000 10.06
1436273100000 10.07
1436273160000 10.0656
1436273220000 10.065
1436273340000 10.061
1436273400000 10.0649
1436273460000 10.0668
1436273520000 10.075
1436273580000 10.08
1436273640000 10.08
1436273760000 10.075
1436273880000 10.08
1436273940000 10.0701
1436274120000 10.07
1436274180000 10.07
1436274240000 10.075
1436274360000 10.0733
1436274420000 10.0599
1436274480000 10.06
1436274540000 10.065
1436274600000 10.06
1436274660000 10.069
1436274720000 10.08
1436274780000 10.085
1436274840000 10.09
1436274900000 10.08
1436274960000 10.08
1436275020000 10.075
1436275080000 10.075
1436275140000 10.075
1436275200000 10.08
1436275320000 10.071
1436275380000 10.079
1436275440000 10.075
1436275500000 10.075
1436275560000 10.075
1436275620000 10.075
1436275680000 10.085
1436275740000 10.09
1436275800000 10.095
1436275860000 10.095
1436275920000 10.095
1436275980000 10.09
1436276040000 10.095
1436276100000 10.095
1436276160000 10.1
1436276220000 10.09
1436276280000 10.095
1436276340000 10.1
1436276400000 10.0972
1436276460000 10.085
1436276520000 10.085
1436276580000 10.0845
1436276640000 10.085
1436276700000 10.105
1436276820000 10.1
1436276880000 10.1
1436276940000 10.1
1436277000000 10.1
1436277060000 10.1
1436277120000 10.1
1436277180000 10.11
1436277240000 10.1
1436277300000 10.1
1436277360000 10.1
1436277420000 10.1
1436277480000 10.1
1436277540000 10.1
1436277600000 10.105
1436277660000 10.1
1436277720000 10.105
1436277780000 10.1
1436277840000 10.109
1436277900000 10.1
1436277960000 10.1
1436278020000 10.1
1436278080000 10.1
1436278140000 10.085
1436278200000 10.095
1436278260000 10.095
1436278320000 10.1
1436278380000 10.0952
1436278440000 10.1
1436278500000 10.09
1436278560000 10.095
1436278620000 10.09
1436278680000 10.09
1436278740000 10.0891
1436278800000 10.07
1436278860000 10.075
1436278920000 10.06
1436278980000 10.0695
1436279040000 10.069
1436279100000 10.06
1436279220000 10.075
1436279280000 10.075
1436279340000 10.075
1436279400000 10.075
1436279460000 10.07
1436279520000 10.075
1436279580000 10.09
1436279640000 10.09
1436279700000 10.085
1436279760000 10.08
1436279820000 10.08
1436279880000 10.085
1436279940000 10.1
1436280000000 10.1
1436280060000 10.1033
1436280120000 10.12
1436280180000 10.13
1436280240000 10.14
1436280360000 10.14
1436280420000 10.135
1436280480000 10.13
1436280540000 10.13
1436280600000 10.12
1436280660000 10.125
1436280720000 10.12
1436280780000 10.1247
1436280840000 10.12
1436280960000 10.134
1436281020000 10.135
1436281080000 10.14
1436281140000 10.14
1436281200000 10.1501
1436281260000 10.16
1436281320000 10.16
1436281380000 10.155
1436281440000 10.16
1436281500000 10.16
1436281560000 10.16
