1436261400000 83.26
1436262480000 83.44
1436262960000 83.7
1436263680000 83.44
1436264160000 83.49
1436264220000 83.45
1436264460000 83.48
1436264700000 83.4456
1436265000000 83.29
1436266620000 83.1011
1436267700000 83.39
1436268360000 83.35
1436268900000 83.42
1436268960000 83.3
1436269800000 83.48
1436270160000 83.5
1436270340000 83.68
1436271000000 83.79
1436271720000 83.79
1436273880000 83.63
1436277960000 83.42
1436278920000 83.22
1436280060000 83.53
1436281020000 83.95
1436281140000 84.43
1436281200000 83.92
1436281260000 84.04
1436281320000 84.11
1436281380000 84.06
1436281440000 84.0
