1436261400000 2.49
1436261460000 2.51
1436261640000 2.52
1436261700000 2.49
1436261760000 2.48
1436261820000 2.46
1436262180000 2.46
1436262540000 2.4501
1436262600000 2.45
1436262660000 2.45
1436262720000 2.44
1436262780000 2.43
1436262840000 2.421
1436262900000 2.43
1436263020000 2.43
1436263080000 2.44
1436263140000 2.44
1436263200000 2.45
1436263260000 2.445
1436263380000 2.45
1436263500000 2.46
1436263620000 2.45
1436263920000 2.47
1436263980000 2.45
1436264100000 2.45
1436264400000 2.45
1436264460000 2.45
1436264640000 2.45
1436264760000 2.4499
1436264820000 2.442
1436264880000 2.45
1436264940000 2.445
1436265120000 2.445
1436265180000 2.435
1436265240000 2.435
1436265300000 2.435
1436265360000 2.44
1436265420000 2.435
1436265480000 2.44
1436265600000 2.435
1436265660000 2.44
1436265720000 2.42
1436265780000 2.4
1436265900000 2.4
1436265960000 2.4001
1436266020000 2.42
1436266200000 2.41
1436266380000 2.45
1436266440000 2.44
1436266500000 2.435
1436266560000 2.4399
1436266620000 2.412
1436266740000 2.41
1436266800000 2.4
1436267100000 2.41
1436267280000 2.41
1436267340000 2.41
1436267460000 2.4066
1436267760000 2.4
1436267880000 2.4001
1436267940000 2.42
1436268000000 2.42
1436268120000 2.41
1436268180000 2.42
1436268720000 2.42
1436268780000 2.42
1436268900000 2.41
1436269140000 2.42
1436269200000 2.4
1436269380000 2.42
1436269440000 2.43
1436269500000 2.44
1436269560000 2.44
1436269740000 2.45
1436269860000 2.46
1436269980000 2.46
1436270280000 2.48
1436270400000 2.4601
1436270580000 2.46
1436270640000 2.47
1436270880000 2.47
1436271000000 2.48
1436271180000 2.49
1436271240000 2.48
1436271480000 2.47
1436271660000 2.46
1436271840000 2.47
1436272080000 2.47
1436272140000 2.48
1436272620000 2.5
1436273280000 2.49
1436273340000 2.485
1436273520000 2.49
1436273580000 2.5
1436273640000 2.499
1436274360000 2.49
1436274420000 2.49
1436274480000 2.49
1436274600000 2.49
1436274660000 2.49
1436274720000 2.49
1436275080000 2.51
1436275140000 2.52
1436275620000 2.49
1436275740000 2.49
1436275800000 2.485
1436275860000 2.485
1436275920000 2.485
1436276040000 2.49
1436276520000 2.49
1436276580000 2.49
1436277060000 2.49
1436277120000 2.49
1436277840000 2.48
1436277900000 2.49
1436277960000 2.49
1436278020000 2.49
1436278080000 2.48
1436278260000 2.47
1436278320000 2.46
1436278380000 2.465
1436278500000 2.465
1436278560000 2.465
1436278620000 2.465
1436278680000 2.465
1436278740000 2.465
1436278800000 2.465
1436278920000 2.465
1436278980000 2.465
1436279100000 2.47
1436279280000 2.48
1436279760000 2.47
1436280000000 2.47
1436280060000 2.48
1436280120000 2.46
1436280480000 2.46
1436280540000 2.46
1436280600000 2.47
1436280660000 2.48
1436280840000 2.49
1436281140000 2.49
1436281320000 2.4901
1436281500000 2.5
1436281560000 2.49
