1436261400000 2.4
1436261460000 2.41
1436261520000 2.41
1436261700000 2.41
1436261760000 2.4
1436261880000 2.39
1436262120000 2.38
1436262180000 2.39
1436262360000 2.39
1436262660000 2.39
1436262780000 2.39
1436262840000 2.4
1436262960000 2.4
1436263020000 2.4
1436263080000 2.41
1436263140000 2.41
1436263200000 2.41
1436263260000 2.41
1436263320000 2.41
1436263560000 2.4
1436263620000 2.4
1436263680000 2.39
1436263740000 2.4
1436263800000 2.4
1436263860000 2.4
1436263920000 2.4
1436263980000 2.4
1436264040000 2.4
1436264100000 2.4
1436264160000 2.4
1436264220000 2.39
1436264460000 2.38
1436264520000 2.38
1436264700000 2.38
1436264820000 2.3899
1436264880000 2.39
1436264940000 2.39
1436265000000 2.39
1436265120000 2.38
1436265180000 2.3899
1436265240000 2.39
1436265300000 2.38
1436265360000 2.38
1436265420000 2.37
1436265540000 2.35
1436265600000 2.35
1436265660000 2.36
1436265720000 2.3549
1436265780000 2.35
1436266020000 2.37
1436266080000 2.36
1436266140000 2.37
1436266320000 2.37
1436266620000 2.365
1436266740000 2.36
1436266800000 2.37
1436266860000 2.3695
1436266920000 2.36
1436266980000 2.36
1436267040000 2.365
1436267100000 2.36
1436267160000 2.36
1436267280000 2.35
1436267340000 2.3399
1436267460000 2.335
1436267580000 2.34
1436267640000 2.33
1436267700000 2.33
1436267760000 2.34
1436267820000 2.281
1436267880000 2.239
1436267940000 2.2458
1436268000000 2.2699
1436268120000 2.25
1436268180000 2.24
1436268300000 2.249
1436268360000 2.248
1436268420000 2.25
1436268480000 2.26
1436268540000 2.2586
1436268600000 2.26
1436268660000 2.26
1436268840000 2.26
1436268900000 2.26
1436268960000 2.2676
1436269080000 2.2601
1436269200000 2.27
1436269260000 2.28
1436269320000 2.285
1436269380000 2.29
1436269440000 2.295
1436269500000 2.29
1436269680000 2.29
1436269740000 2.2999
1436269800000 2.29
1436269860000 2.3
1436269980000 2.3
1436270040000 2.31
1436270100000 2.31
1436270160000 2.3142
1436270220000 2.32
1436270280000 2.31
1436270400000 2.3101
1436270520000 2.33
1436270700000 2.32
1436270760000 2.32
1436270820000 2.3199
1436270940000 2.32
1436271060000 2.319
1436271120000 2.32
1436271180000 2.3144
1436271240000 2.32
1436271300000 2.32
1436271360000 2.32
1436271420000 2.319
1436271540000 2.32
1436271600000 2.33
1436271660000 2.33
1436271720000 2.33
1436271780000 2.3262
1436271840000 2.34
1436271900000 2.35
1436271960000 2.34
1436272020000 2.35
1436272140000 2.345
1436272200000 2.345
1436272260000 2.355
1436272320000 2.355
1436272380000 2.36
1436272440000 2.36
1436272500000 2.36
1436272560000 2.365
1436272680000 2.365
1436272740000 2.365
1436272800000 2.37
1436272860000 2.36
1436272920000 2.3601
1436272980000 2.365
1436273040000 2.365
1436273100000 2.365
1436273220000 2.382
1436273400000 2.3899
1436273460000 2.4
1436273580000 2.4
1436273640000 2.4
1436273700000 2.4
1436273760000 2.3956
1436273820000 2.3999
1436273880000 2.4
1436273940000 2.4
1436274000000 2.4
1436274120000 2.4
1436274240000 2.3999
1436274480000 2.39
1436274660000 2.38
1436274780000 2.389
1436274960000 2.389
1436275020000 2.381
1436275320000 2.38
1436275680000 2.37
1436276100000 2.36
1436276280000 2.365
1436276820000 2.375
1436276880000 2.375
1436276940000 2.375
1436277060000 2.375
1436277120000 2.38
1436277180000 2.38
1436277300000 2.38
1436277360000 2.38
1436277420000 2.38
1436277480000 2.38
1436277600000 2.38
1436277660000 2.38
1436277720000 2.38
1436277780000 2.39
1436277840000 2.385
1436277900000 2.39
1436277960000 2.3899
1436278020000 2.4
1436278080000 2.4
1436278200000 2.4
1436278260000 2.41
1436278320000 2.41
1436278380000 2.409
1436278500000 2.41
1436278560000 2.41
1436278620000 2.41
1436278680000 2.4
1436278860000 2.409
1436279040000 2.38
1436279220000 2.3801
1436279340000 2.38
1436279400000 2.385
1436279460000 2.385
1436279520000 2.39
1436279640000 2.41
1436279700000 2.405
1436279760000 2.41
1436279820000 2.4
1436279880000 2.403
1436279940000 2.42
1436280000000 2.41
1436280060000 2.42
1436280120000 2.43
1436280180000 2.41
1436280240000 2.41
1436280300000 2.42
1436280480000 2.423
1436280600000 2.43
1436280780000 2.42
1436280840000 2.4201
1436280900000 2.42
1436280960000 2.4
1436281020000 2.4
1436281080000 2.41
1436281140000 2.41
1436281200000 2.42
1436281260000 2.42
1436281440000 2.4
1436281500000 2.42
1436281560000 2.41
