1404705600000 12.86
1404792000000 12.82
1404878400000 12.89
1404964800000 12.6
1405051200000 12.59
1405310400000 12.74
1405396800000 12.53
1405483200000 12.53
1405569600000 12.36
1405656000000 12.45
1405915200000 12.4
1406001600000 12.46
1406088000000 12.53
1406174400000 12.49
1406260800000 12.4
1406520000000 12.57
1406606400000 12.47
1406692800000 12.55
1406779200000 12.43
1406865600000 12.36
1407124800000 12.59
1407211200000 12.67
1407297600000 12.79
1407384000000 12.72
1407470400000 12.85
1407729600000 12.96
1407816000000 12.87
1407902400000 12.94
1407988800000 12.95
1408075200000 12.62
1408334400000 12.89
1408420800000 12.78
1408507200000 12.69
1408593600000 12.59
1408680000000 12.72
1408939200000 12.64
1409025600000 12.75
1409112000000 12.65
1409198400000 12.55
1409284800000 12.65
1409630400000 12.76
1409716800000 12.61
1409803200000 12.63
1409889600000 12.74
1410148800000 12.67
1410235200000 12.47
1410321600000 12.5
1410408000000 12.47
1410494400000 12.36
1410753600000 12.29
1410840000000 12.27
1410926400000 12.46
1411012800000 12.47
1411099200000 12.34
1411358400000 12.2
1411444800000 12.19
1411531200000 12.22
1411617600000 12.04
1411704000000 11.95
1411963200000 11.8
1412049600000 11.68
1412136000000 11.46
1412222400000 11.72
1412308800000 11.84
1412568000000 11.8
1412654400000 11.6
1412740800000 12.06
1412827200000 11.7
1412913600000 11.72
1413172800000 12.41
1413259200000 12.77
1413345600000 12.71
1413432000000 12.77
1413518400000 12.56
1413777600000 12.39
1413864000000 12.68
1413950400000 12.6
1414036800000 12.67
1414123200000 12.69
1414382400000 12.71
1414468800000 12.87
1414555200000 12.89
1414641600000 18.59
1414728000000 18.66
1414990800000 18.63
1415077200000 18.59
1415163600000 18.55
1415250000000 18.63
1415336400000 18.66
1415595600000 18.83
1415682000000 18.91
1415768400000 19.27
1415854800000 18.78
1415941200000 18.73
1416200400000 18.58
1416286800000 18.43
1416373200000 18.19
1416459600000 18.4
1416546000000 17.9
1416805200000 18.27
1416891600000 18.36
1416978000000 18.41
1417150800000 17.96
1417410000000 17.73
1417496400000 18.11
1417582800000 18.22
1417669200000 18.07
1417755600000 18.39
1418014800000 18.35
1418101200000 18.79
1418187600000 18.2
1418274000000 18.32
1418360400000 18.06
1418619600000 17.98
1418706000000 18.23
1418792400000 18.83
1418878800000 18.85
1418965200000 18.69
1419224400000 18.9
1419310800000 19.01
1419397200000 19.05
1419570000000 19.3
1419829200000 19.08
1419915600000 19.15
1420002000000 18.94
1420174800000 18.67
1420434000000 18.19
1420520400000 17.77
1420606800000 17.82
1420693200000 17.89
1420779600000 17.54
1421038800000 17.45
1421125200000 17.5
1421211600000 17.3
1421298000000 17.21
1421384400000 17.71
1421730000000 17.51
1421816400000 17.52
1421902800000 18.2
1421989200000 17.79
1422248400000 17.87
1422334800000 17.72
1422421200000 17.06
1422507600000 17.19
1422594000000 16.71
1422853200000 17.22
1422939600000 17.53
1423026000000 17.56
1423112400000 17.68
1423198800000 18.04
1423458000000 17.72
1423544400000 17.77
