1436262240000 156.8
1436262780000 156.77
1436263140000 156.9
1436263260000 156.79
1436263440000 156.89
1436263680000 156.51
1436263740000 155.4
1436264100000 156.81
1436264220000 156.985
1436265960000 156.86
1436266140000 156.78
1436266260000 156.59
1436266440000 156.91
1436266680000 156.71
1436266740000 156.56
1436267040000 156.75
1436267100000 156.46
1436267280000 155.156
1436267400000 156.32
1436267520000 156.5
1436269140000 155.634
1436269860000 155.72
1436270160000 156.15
1436271240000 155.66
1436272200000 155.94
1436272260000 156.0
1436273280000 156.88
1436273580000 155.7601
1436277900000 157.11
1436277960000 156.91
1436278020000 156.9
1436278080000 156.7
1436278920000 157.18
1436279220000 156.14
1436280420000 156.9
1436280660000 157.51
1436281140000 157.44
1436281200000 157.88
