1436261400000 5.17
1436261460000 5.18
1436261640000 5.23
1436261700000 5.17
1436261760000 5.17
1436261880000 5.14
1436262060000 5.17
1436262300000 5.17
1436262600000 5.15
1436262660000 5.15
1436262720000 5.15
1436262900000 5.14
1436262960000 5.13
1436263020000 5.13
1436263200000 5.13
1436263440000 5.12
1436263740000 5.11
1436263800000 5.11
1436263860000 5.11
1436264040000 5.11
1436264160000 5.11
1436264340000 5.11
1436264400000 5.11
1436264460000 5.1
1436264520000 5.06
1436264580000 5.08
1436264700000 5.08
1436264760000 5.08
1436264820000 5.09
1436264880000 5.08
1436265060000 5.07
1436265360000 5.08
1436265420000 5.09
1436265480000 5.09
1436265540000 5.08
1436265600000 5.085
1436265780000 5.09
1436265840000 5.1
1436265960000 5.1
1436266080000 5.1025
1436266140000 5.11
1436266260000 5.11
1436266320000 5.13
1436266380000 5.14
1436266620000 5.14
1436266680000 5.13
1436266920000 5.14
1436267160000 5.13
1436267220000 5.13
1436267400000 5.11
1436267460000 5.11
1436267580000 5.115
1436267640000 5.11
1436267820000 5.11
1436267940000 5.12
1436268000000 5.12
1436268060000 5.11
1436268300000 5.11
1436268360000 5.11
1436268420000 5.1
1436268480000 5.1
1436268540000 5.09
1436268600000 5.07
1436268840000 5.07
1436268900000 5.06
1436268960000 5.07
1436269080000 5.07
1436269140000 5.07
1436269200000 5.075
1436269260000 5.075
1436269320000 5.08
1436269440000 5.09
1436269620000 5.09
1436269740000 5.08
1436269800000 5.083
1436269860000 5.09
1436270160000 5.12
1436270220000 5.12
1436270340000 5.13
1436270400000 5.13
1436270580000 5.13
1436270760000 5.12
1436270940000 5.13
1436271120000 5.13
1436271300000 5.13
1436271360000 5.12
1436271660000 5.12
1436271900000 5.11
1436272020000 5.12
1436272260000 5.14
1436272380000 5.12
1436272680000 5.12
1436273100000 5.13
1436273280000 5.12
1436273400000 5.13
1436273460000 5.12
1436273880000 5.13
1436273940000 5.12
1436274240000 5.12
1436274420000 5.11
1436274600000 5.1
1436274900000 5.1
1436275020000 5.1
1436275140000 5.1
1436275200000 5.1
1436275260000 5.1
1436275740000 5.11
1436275860000 5.1
1436275920000 5.09
1436275980000 5.12
1436276040000 5.11
1436276280000 5.13
1436276340000 5.13
1436276520000 5.11
1436276700000 5.11
1436276760000 5.11
1436276820000 5.11
1436276940000 5.12
1436277000000 5.11
1436277060000 5.11
1436277120000 5.12
1436277420000 5.11
1436277480000 5.13
1436277540000 5.12
1436277900000 5.13
1436277960000 5.13
1436278140000 5.14
1436278200000 5.13
1436278260000 5.13
1436278320000 5.12
1436278440000 5.12
1436278620000 5.12
1436278680000 5.13
1436278920000 5.13
1436278980000 5.13
1436279040000 5.14
1436279100000 5.13
1436279160000 5.12
1436279220000 5.13
1436279280000 5.13
1436279460000 5.13
1436279640000 5.12
1436279700000 5.12
1436279940000 5.12
1436280000000 5.12
1436280060000 5.11
1436280300000 5.11
1436280360000 5.11
1436280480000 5.11
1436280540000 5.11
1436280600000 5.11
1436280720000 5.11
1436280780000 5.11
1436280840000 5.12
1436280960000 5.13
1436281080000 5.13
1436281140000 5.13
1436281200000 5.12
1436281320000 5.13
1436281380000 5.13
1436281440000 5.13
1436281500000 5.13
