1404705600000 11.98
1404792000000 12.05
1404878400000 11.82
1404964800000 11.8
1405051200000 11.82
1405310400000 12.11
1405396800000 13.78
1405483200000 14.43
1405569600000 14.24
1405656000000 14.1999
1405915200000 14.65
1406001600000 14.8
1406088000000 14.91
1406174400000 14.75
1406260800000 14.45
1406520000000 14.08
1406606400000 14.3
1406692800000 14.05
1406779200000 13.1199
1406865600000 12.76
1407124800000 13.02
1407211200000 13.16
1407297600000 13.05
1407384000000 12.94
1407470400000 12.84
1407729600000 12.56
1407816000000 12.24
1407902400000 12.21
1407988800000 12.3
1408075200000 12.31
1408334400000 12.26
1408420800000 12.15
1408507200000 12.34
1408593600000 13.15
1408680000000 13.68
1408939200000 14.0
1409025600000 13.9543
1409112000000 14.8
1409198400000 14.79
1409284800000 15.21
1409630400000 14.87
1409716800000 14.1
1409803200000 14.3
1409889600000 14.094
1410148800000 12.41
1410235200000 12.32
1410321600000 12.25
1410408000000 12.4144
1410494400000 12.165
1410753600000 11.7
1410840000000 11.21
1410926400000 11.53
1411012800000 11.41
1411099200000 11.73
1411358400000 11.484
1411444800000 11.38
1411531200000 11.24
1411617600000 10.83
1411704000000 10.86
1411963200000 11.19
1412049600000 10.94
1412136000000 10.86
1412222400000 10.81
1412308800000 10.716
1412568000000 10.56
1412654400000 10.76
1412740800000 10.79
1412827200000 10.56
1412913600000 10.73
1413172800000 10.38
1413259200000 10.22
1413345600000 10.19
1413432000000 10.81
1413518400000 10.36
1413777600000 10.33
1413864000000 10.7299
1413950400000 11.0
1414036800000 11.03
1414123200000 10.87
1414382400000 10.68
1414468800000 10.9456
1414555200000 10.76
1414641600000 10.65
1414728000000 9.99
1414990800000 10.33
1415077200000 9.57
1415163600000 17.29
1415250000000 17.27
1415336400000 17.29
1415595600000 17.34
1415682000000 17.32
1415768400000 17.32
1415854800000 17.32
1415941200000 17.32
1416200400000 17.34
1416286800000 17.3101
1416373200000 17.33
1416459600000 17.3595
1416546000000 17.32
1416805200000 17.32
1416891600000 17.4
1416978000000 17.39
1417150800000 17.38
1417410000000 17.38
1417496400000 17.35
1417582800000 17.37
1417669200000 17.32
1417755600000 17.35
1418014800000 17.33
1418101200000 17.35
1418187600000 17.33
1418274000000 17.321
1418360400000 17.35
1418619600000 17.34
1418706000000 17.21
1418792400000 17.28
1418878800000 17.24
1418965200000 17.35
1419224400000 17.3162
1419310800000 17.3
1419397200000 17.3
1419570000000 17.28
1419829200000 17.34
1419915600000 17.34
1420002000000 17.42
1420174800000 17.35
1420434000000 17.35
1420520400000 17.3504
1420606800000 17.38
1420693200000 17.39
1420779600000 17.39
1421038800000 17.4
1421125200000 17.35
1421211600000 17.38
1421298000000 17.41
1421384400000 17.41
1421730000000 17.44
1421816400000 17.45
1421902800000 17.46
