1436261400000 0.43
1436261460000 0.41
1436261520000 0.4175
1436261580000 0.42
1436261640000 0.4199
1436261700000 0.416
1436261760000 0.4199
1436261820000 0.4198
1436261880000 0.42
1436261940000 0.42
1436262000000 0.4199
1436262060000 0.417
1436262120000 0.4152
1436262180000 0.4167
1436262240000 0.4163
1436262300000 0.415
1436262360000 0.41
1436262420000 0.411
1436262480000 0.4058
1436262540000 0.404
1436262600000 0.4005
1436262660000 0.4092
1436262720000 0.4093
1436262780000 0.4094
1436262840000 0.4074
1436262900000 0.41
1436262960000 0.41
1436263020000 0.41
1436263080000 0.41
1436263140000 0.41
1436263200000 0.4059
1436263260000 0.4059
1436263320000 0.406
1436263380000 0.4061
1436263440000 0.4061
1436263500000 0.4061
1436263560000 0.4071
1436263620000 0.4038
1436263680000 0.4034
1436263740000 0.4022
1436263800000 0.4022
1436263860000 0.4018
1436263920000 0.4016
1436263980000 0.4016
1436264040000 0.4
1436264100000 0.4002
1436264160000 0.4022
1436264220000 0.4019
1436264280000 0.401
1436264340000 0.4
1436264400000 0.3963
1436264460000 0.3961
1436264520000 0.396
1436264580000 0.3961
1436264640000 0.396
1436264700000 0.3994
1436264760000 0.3999
1436264820000 0.4
1436264880000 0.3989
1436264940000 0.3994
1436265000000 0.3994
1436265060000 0.3965
1436265120000 0.397
1436265180000 0.3994
1436265240000 0.4
1436265300000 0.3984
1436265360000 0.3998
1436265420000 0.3997
1436265480000 0.396
1436265540000 0.3964
1436265600000 0.3969
1436265660000 0.397
1436265720000 0.397
1436265780000 0.3971
1436265840000 0.397
1436265900000 0.3986
1436265960000 0.3971
1436266020000 0.3989
1436266080000 0.395
1436266140000 0.3952
1436266200000 0.3982
1436266260000 0.3982
1436266320000 0.3976
1436266380000 0.3975
1436266440000 0.3967
1436266500000 0.3989
1436266560000 0.3975
1436266620000 0.3961
1436266680000 0.4
1436266740000 0.4
1436266800000 0.4001
1436266860000 0.4
1436266920000 0.4
1436266980000 0.4
1436267040000 0.4063
1436267100000 0.4063
1436267160000 0.4001
1436267220000 0.4
1436267280000 0.4
1436267340000 0.4001
1436267400000 0.4001
1436267460000 0.4012
1436267520000 0.4009
1436267580000 0.4013
1436267640000 0.4014
1436267700000 0.401
1436267760000 0.4034
1436267820000 0.4016
1436267880000 0.4019
1436267940000 0.4019
1436268000000 0.4018
1436268060000 0.4053
1436268120000 0.4052
1436268180000 0.4053
1436268240000 0.4053
1436268300000 0.4053
1436268360000 0.4052
1436268420000 0.4025
1436268480000 0.4025
1436268540000 0.4021
1436268600000 0.4017
1436268660000 0.4
1436268720000 0.3999
1436268780000 0.399
1436268840000 0.3991
1436268900000 0.3991
1436268960000 0.3992
1436269020000 0.3989
1436269080000 0.3989
1436269140000 0.3988
1436269200000 0.3989
1436269260000 0.3989
1436269380000 0.3989
1436269440000 0.3989
1436269500000 0.3989
1436269560000 0.3988
1436269620000 0.3988
1436269740000 0.3987
1436269800000 0.3988
1436269860000 0.3988
1436269920000 0.3988
1436269980000 0.3988
1436270040000 0.3987
1436270100000 0.3986
1436270160000 0.3985
1436270220000 0.3984
1436270280000 0.3971
1436270340000 0.3911
1436270400000 0.39
1436270460000 0.3906
1436270520000 0.39
1436270580000 0.3855
1436270640000 0.3858
1436270700000 0.3876
1436270760000 0.385
1436270820000 0.3868
1436270880000 0.383
1436270940000 0.383
1436271000000 0.3827
1436271060000 0.3801
1436271120000 0.38
1436271180000 0.383
1436271240000 0.382
1436271300000 0.3855
1436271360000 0.3842
1436271420000 0.3828
1436271480000 0.3842
1436271540000 0.3855
1436271600000 0.3855
1436271660000 0.3857
1436271720000 0.3882
1436271780000 0.3877
1436271840000 0.386
1436271900000 0.3897
1436271960000 0.3856
1436272020000 0.389
1436272080000 0.3889
1436272140000 0.3857
1436272200000 0.3871
1436272260000 0.3856
1436272320000 0.3857
1436272380000 0.3803
1436272440000 0.3801
1436272500000 0.38
1436272560000 0.3801
1436272620000 0.38
1436272680000 0.3801
1436272740000 0.38
1436272800000 0.38
1436272860000 0.375
1436272920000 0.3751
1436272980000 0.3751
1436273040000 0.3751
1436273100000 0.37
1436273160000 0.3703
1436273220000 0.3706
1436273280000 0.371
1436273340000 0.3713
1436273400000 0.3754
1436273460000 0.3781
1436273520000 0.3784
1436273580000 0.3785
1436273640000 0.3785
1436273700000 0.3799
1436273760000 0.3802
1436273820000 0.3822
1436273880000 0.3823
1436273940000 0.3823
1436274000000 0.3822
1436274060000 0.3823
1436274120000 0.3823
1436274180000 0.3823
1436274240000 0.3823
1436274300000 0.3823
1436274360000 0.3823
1436274420000 0.3823
1436274480000 0.3823
1436274540000 0.3823
1436274600000 0.3822
1436274660000 0.3822
1436274720000 0.3823
1436274780000 0.3822
1436274840000 0.3822
1436274900000 0.3822
1436274960000 0.38
1436275020000 0.38
1436275080000 0.38
1436275140000 0.38
1436275200000 0.38
1436275260000 0.38
1436275320000 0.38
1436275380000 0.3801
1436275440000 0.3801
1436275500000 0.38
1436275560000 0.38
1436275620000 0.38
1436275680000 0.3799
1436275740000 0.3798
1436275800000 0.38
1436275860000 0.3801
1436275920000 0.3802
1436275980000 0.3802
1436276040000 0.3802
1436276100000 0.3802
1436276160000 0.38
1436276220000 0.3799
1436276280000 0.3799
1436276340000 0.38
1436276400000 0.3799
1436276460000 0.3799
1436276520000 0.3799
1436276580000 0.38
1436276640000 0.3799
1436276700000 0.3798
1436276760000 0.3799
1436276820000 0.38
1436276880000 0.3799
1436276940000 0.3799
1436277000000 0.38
1436277060000 0.38
1436277120000 0.38
1436277180000 0.38
1436277240000 0.3799
1436277300000 0.3799
1436277360000 0.38
1436277420000 0.3799
1436277480000 0.3799
1436277540000 0.38
1436277600000 0.3802
1436277660000 0.3802
1436277720000 0.3801
1436277780000 0.3801
1436277840000 0.3801
1436277900000 0.3802
1436277960000 0.3802
1436278020000 0.3802
1436278080000 0.3802
1436278140000 0.3802
1436278200000 0.3802
1436278260000 0.3801
1436278320000 0.3802
1436278380000 0.38
1436278440000 0.38
1436278500000 0.38
1436278560000 0.38
1436278620000 0.3799
1436278680000 0.3799
1436278740000 0.3799
1436278800000 0.3797
1436278860000 0.3785
1436278920000 0.3785
1436278980000 0.3765
1436279040000 0.3765
1436279100000 0.3762
1436279160000 0.3751
1436279220000 0.375
1436279280000 0.3752
1436279340000 0.3741
1436279400000 0.3707
1436279460000 0.3731
1436279520000 0.3731
1436279580000 0.3731
1436279640000 0.3732
1436279700000 0.3732
1436279760000 0.3732
1436279820000 0.3732
1436279880000 0.3733
1436279940000 0.3731
1436280000000 0.3731
1436280060000 0.3731
1436280120000 0.3737
1436280180000 0.3721
1436280240000 0.3707
1436280300000 0.3708
1436280360000 0.3707
1436280420000 0.3705
1436280480000 0.3706
1436280540000 0.3706
1436280600000 0.371
1436280660000 0.371
1436280720000 0.372
1436280780000 0.3718
1436280840000 0.3715
1436280900000 0.3719
1436280960000 0.378
1436281020000 0.372
1436281080000 0.3721
1436281140000 0.3721
1436281200000 0.3728
1436281260000 0.3721
1436281320000 0.3721
1436281380000 0.3721
1436281440000 0.372
1436281500000 0.3721
1436281560000 0.3731
