1436261400000 22.03
1436261460000 22.01
1436261520000 21.935
1436261580000 21.95
1436261640000 21.9501
1436261700000 21.96
1436261760000 21.95
1436261820000 21.922
1436261880000 21.949
1436261940000 21.949
1436262000000 21.96
1436262060000 21.9747
1436262120000 21.96
1436262180000 21.98
1436262300000 21.985
1436262360000 21.985
1436262420000 21.999
1436262480000 22.0
1436262600000 21.99
1436262720000 21.979
1436262780000 22.0
1436262840000 22.0001
1436262960000 22.05
1436263020000 22.0
1436263080000 22.0
1436263140000 22.0
1436263200000 21.98
1436263260000 21.98
1436263320000 21.989
1436263380000 21.989
1436263440000 21.989
1436263500000 21.99
1436263560000 21.96
1436263620000 21.96
1436263680000 21.94
1436263740000 21.87
1436263800000 21.94
1436263860000 21.94
1436263920000 21.8901
1436264040000 21.91
1436264100000 21.9304
1436264220000 21.91
1436264340000 21.9188
1436264400000 21.89
1436264460000 21.84
1436264520000 21.83
1436264580000 21.8496
1436264700000 21.83
1436264760000 21.84
1436264940000 21.81
1436265060000 21.79
1436265120000 21.79
1436265180000 21.77
1436265300000 21.77
1436265360000 21.73
1436265420000 21.78
1436265480000 21.77
1436265540000 21.75
1436265600000 21.75
1436265720000 21.74
1436265780000 21.741
1436265960000 21.74
1436266020000 21.74
1436266200000 21.79
1436266260000 21.75
1436266380000 21.79
1436266440000 21.8
1436266560000 21.815
1436266740000 21.8
1436266800000 21.8
1436266980000 21.75
1436267160000 21.749
1436267220000 21.72
1436267280000 21.7194
1436267400000 21.7199
1436267460000 21.7
1436267580000 21.7457
1436267640000 21.76
1436267820000 21.75
1436267880000 21.77
1436268000000 21.69
1436268120000 21.68
1436268180000 21.681
1436268240000 21.691
1436268300000 21.67
1436268360000 21.6301
1436268420000 21.6406
1436268480000 21.65
1436268540000 21.69
1436268600000 21.6997
1436268720000 21.695
1436268840000 21.69
1436268900000 21.7199
1436268960000 21.695
1436269020000 21.69
1436269080000 21.709
1436269140000 21.73
1436269260000 21.745
1436269440000 21.78
1436269620000 21.78
1436269740000 21.77
1436269800000 21.759
1436269860000 21.7782
1436269980000 21.7799
1436270040000 21.73
1436270160000 21.78
1436270220000 21.83
1436270340000 21.8001
1436270400000 21.81
1436270460000 21.81
1436270700000 21.82
1436270880000 21.8399
1436271060000 21.82
1436271240000 21.82
1436271420000 21.84
1436271480000 21.8
1436271540000 21.8
1436271600000 21.7551
1436271780000 21.8
1436271900000 21.7925
1436271960000 21.8
1436272140000 21.8
1436272320000 21.8
1436272440000 21.7997
1436272500000 21.798
1436272680000 21.8
1436272860000 21.81
1436272980000 21.82
1436273040000 21.83
1436273100000 21.82
1436273160000 21.8375
1436273400000 21.835
1436273460000 21.8364
1436273580000 21.84
1436273760000 21.85
1436273940000 21.85
1436274300000 21.87
1436274360000 21.8599
1436274480000 21.86
1436274540000 21.8504
1436274660000 21.87
1436274720000 21.88
1436274780000 21.88
1436274840000 21.86
1436275200000 21.886
1436275380000 21.91
1436275440000 21.9208
1436275560000 21.94
1436275620000 21.9308
1436275740000 21.95
1436275860000 21.935
1436275920000 21.935
1436276100000 21.95
1436276280000 21.95
1436276400000 21.94
1436276460000 21.92
1436276520000 21.95
1436276640000 21.98
1436276700000 22.0099
1436277120000 21.97
1436277180000 21.96
1436277240000 21.9599
1436277540000 21.96
1436277720000 21.96
1436277900000 21.9588
1436278080000 21.96
1436278200000 21.96
1436278260000 21.99
1436278440000 21.97
1436278620000 21.99
1436278740000 21.97
1436278980000 21.96
1436279160000 21.96
1436279340000 21.96
1436279520000 21.96
1436279580000 21.93
1436279700000 21.96
1436279880000 21.96
1436280000000 21.93
1436280060000 21.99
1436280240000 22.03
1436280360000 22.04
1436280420000 22.06
1436280480000 22.06
1436280540000 22.01
1436280600000 22.04
1436281080000 22.08
1436281200000 22.05
1436281260000 22.079
1436281560000 22.07
1436281620000 22.09
1436281680000 22.1
