1436262120000 4.81
1436263680000 4.828
1436266020000 4.8
1436266080000 4.85
1436266140000 4.8
1436267100000 4.76
1436267340000 4.75
1436268060000 4.76
1436268120000 4.76
1436268180000 4.78
1436269980000 4.78
1436270040000 4.79
1436270160000 4.75
1436270520000 4.75
1436270640000 4.75
1436270700000 4.75
1436270820000 4.69
1436271900000 4.7441
1436273400000 4.69
1436273460000 4.67
1436273580000 4.67
1436273760000 4.65
1436274840000 4.66
1436274960000 4.6699
1436276880000 4.73
1436277180000 4.7169
1436278740000 4.724
1436278980000 4.7399
1436280960000 4.7
1436281560000 4.727
