1436261460000 11.41
1436261520000 11.38
1436261640000 11.38
1436261880000 11.36
1436261940000 11.3
1436262060000 11.3
1436262180000 11.37
1436262360000 11.26
1436262600000 11.04
1436262720000 11.0
1436262780000 11.01
1436263680000 11.02
1436263860000 10.97
1436264040000 10.98
1436264340000 11.0
1436264400000 11.0
1436264460000 11.0
1436264520000 11.0
1436264580000 11.0
1436264640000 11.0
1436264760000 11.0
1436264820000 10.99
1436267220000 11.0
1436268240000 10.96
1436268420000 10.955
1436268540000 10.95
1436268900000 10.95
1436269200000 10.97
1436269740000 10.97
1436269800000 10.97
1436270640000 10.97
1436271000000 10.97
1436272380000 11.0
1436272440000 11.045
1436272980000 11.045
1436274120000 11.05
1436275740000 11.03
1436276040000 11.13
1436276100000 11.01
1436276640000 11.0
1436276700000 11.0
1436276760000 11.0
1436277300000 11.0
1436277540000 11.13
1436277720000 11.01
1436277840000 11.02
1436278020000 11.01
1436278740000 11.0
1436279100000 10.99
1436279460000 11.0
1436280600000 11.21
1436281560000 11.18
