1436261400000 21.17
1436261460000 20.86
1436261640000 21.07
1436262060000 21.05
1436262180000 21.15
1436262360000 21.06
1436262480000 20.96
1436262540000 20.93
1436262600000 21.0
1436262720000 20.93
1436262780000 21.13
1436262840000 20.98
1436262900000 20.9
1436262960000 20.91
1436263200000 20.98
1436263260000 20.95
1436263500000 20.84
1436263620000 20.85
1436264100000 20.89
1436264220000 20.84
1436265300000 20.8
1436265480000 20.76
1436265540000 20.91
1436265960000 20.78
1436266200000 20.76
1436266260000 20.62
1436266860000 20.73
1436266920000 20.72
1436267160000 20.55
1436267460000 20.63
1436267580000 20.63
1436268120000 20.75
1436268180000 20.76
1436269080000 20.75
1436269140000 20.75
1436269320000 20.601
1436269380000 20.614
1436270220000 20.77
1436270460000 20.72
1436270700000 20.87
1436271240000 20.68
1436271300000 20.8
1436271480000 20.7
1436271720000 20.71
1436272380000 20.705
1436272500000 20.71
1436273040000 20.88
1436273100000 20.89
1436273400000 20.92
1436273760000 20.66
1436274180000 20.75
1436275080000 20.84
1436275440000 20.93
1436275500000 20.85
1436277000000 20.855
1436277120000 20.84
1436277900000 20.94
1436277960000 20.77
1436278080000 20.7
1436278740000 20.84
1436278800000 20.84
1436279100000 20.69
1436279280000 20.715
1436279640000 20.84
1436279760000 20.74
1436279940000 20.87
1436280000000 20.89
1436280120000 20.81
1436280180000 20.75
1436280540000 21.01
1436280600000 21.03
1436280660000 20.98
1436280720000 21.08
1436281020000 20.94
