1436261400000 28.2
1436261460000 28.3516
1436261580000 28.27
1436261640000 28.46
1436261700000 28.42
1436261760000 28.22
1436261880000 28.22
1436261940000 28.25
1436262000000 28.18
1436262060000 28.18
1436262180000 28.2
1436262300000 28.22
1436262360000 28.195
1436262420000 28.1166
1436262480000 28.1499
1436262540000 28.13
1436262600000 28.17
1436262660000 28.06
1436262720000 27.92
1436262780000 27.94
1436262840000 27.97
1436262900000 27.9697
1436263020000 27.92
1436263080000 27.89
1436263140000 27.84
1436263200000 27.7925
1436263260000 27.81
1436263320000 27.8
1436263380000 27.87
1436263440000 27.85
1436263500000 27.88
1436263560000 27.85
1436263620000 27.82
1436263680000 27.72
1436263740000 27.68
1436263800000 27.74
1436263860000 27.75
1436263920000 27.7585
1436263980000 27.68
1436264040000 27.68
1436264100000 27.64
1436264160000 27.69
1436264220000 27.7
1436264280000 27.75
1436264340000 27.75
1436264400000 27.73
1436264460000 27.71
1436264520000 27.79
1436264580000 27.795
1436264640000 27.783
1436264700000 27.75
1436264760000 27.71
1436264820000 27.73
1436265000000 27.6
1436265060000 27.565
1436265120000 27.58
1436265180000 27.55
1436265240000 27.52
1436265300000 27.439
1436265360000 27.4
1436265420000 27.43
1436265480000 27.42
1436265540000 27.37
1436265600000 27.2782
1436265660000 27.2999
1436265720000 27.2865
1436265780000 27.22
1436265840000 27.23
1436265900000 27.2563
1436265960000 27.28
1436266020000 27.425
1436266080000 27.4506
1436266140000 27.53
1436266200000 27.47
1436266260000 27.446
1436266320000 27.49
1436266380000 27.56
1436266440000 27.5601
1436266500000 27.58
1436266560000 27.51
1436266620000 27.58
1436266680000 27.51
1436266740000 27.49
1436266800000 27.53
1436266860000 27.52
1436266920000 27.54
1436266980000 27.51
1436267040000 27.54
1436267100000 27.51
1436267160000 27.48
1436267220000 27.51
1436267280000 27.57
1436267340000 27.6
1436267400000 27.59
1436267460000 27.6
1436267520000 27.64
1436267580000 27.6612
1436267640000 27.66
1436267700000 27.69
1436267760000 27.6737
1436267820000 27.71
1436267880000 27.71
1436267940000 27.655
1436268000000 27.65
1436268060000 27.605
1436268120000 27.55
1436268180000 27.55
1436268240000 27.56
1436268300000 27.54
1436268360000 27.51
1436268420000 27.5
1436268480000 27.55
1436268540000 27.5
1436268600000 27.47
1436268660000 27.46
1436268720000 27.4972
1436268780000 27.46
1436268840000 27.412
1436268960000 27.3699
1436269020000 27.34
1436269080000 27.3402
1436269140000 27.38
1436269200000 27.4
1436269260000 27.4
1436269320000 27.405
1436269380000 27.41
1436269440000 27.45
1436269500000 27.443
1436269560000 27.43
1436269620000 27.4105
1436269680000 27.44
1436269740000 27.43
1436269860000 27.37
1436269920000 27.3625
1436269980000 27.36
1436270100000 27.38
1436270160000 27.39
1436270220000 27.5
1436270280000 27.48
1436270340000 27.5
1436270400000 27.48
1436270460000 27.48
1436270520000 27.5
1436270580000 27.5
1436270640000 27.56
1436270700000 27.58
1436270760000 27.54
1436270880000 27.57
1436270940000 27.56
1436271000000 27.59
1436271060000 27.5258
1436271120000 27.49
1436271180000 27.58
1436271240000 27.57
1436271300000 27.61
1436271360000 27.6004
1436271420000 27.59
1436271540000 27.6736
1436271660000 27.66
1436271720000 27.67
1436271780000 27.65
1436271840000 27.67
1436271900000 27.7
1436271960000 27.72
1436272020000 27.71
1436272080000 27.7348
1436272260000 27.73
1436272320000 27.77
1436272380000 27.75
1436272440000 27.79
1436272500000 27.81
1436272560000 27.78
1436272620000 27.82
1436272680000 27.832
1436272740000 27.81
1436272800000 27.81
1436272860000 27.78
1436272920000 27.8
1436272980000 27.79
1436273040000 27.77
1436273100000 27.84
1436273160000 27.86
1436273220000 27.9
1436273280000 27.96
1436273340000 27.9585
1436273400000 27.91
1436273460000 27.93
1436273520000 27.94
1436273580000 27.938
1436273640000 27.95
1436273700000 28.04
1436273760000 28.01
1436273820000 27.98
1436273880000 28.07
1436273940000 28.096
1436274000000 28.1
1436274060000 28.04
1436274120000 28.06
1436274180000 28.0
1436274240000 28.04
1436274300000 27.99
1436274360000 27.96
1436274420000 27.87
1436274480000 27.88
1436274540000 27.91
1436274660000 27.97
1436274780000 28.04
1436274840000 27.99
1436274960000 27.98
1436275020000 27.94
1436275080000 27.97
1436275140000 27.99
1436275200000 27.99
1436275260000 27.98
1436275320000 27.95
1436275380000 27.94
1436275440000 27.98
1436275500000 27.98
1436275560000 27.95
1436275620000 27.9
1436275680000 27.91
1436275740000 27.9
1436275800000 27.91
1436275860000 27.92
1436275920000 27.89
1436275980000 27.88
1436276040000 27.9
1436276100000 27.9
1436276220000 27.88
1436276340000 27.8999
1436276400000 27.89
1436276460000 27.8549
1436276520000 27.86
1436276580000 27.89
1436276640000 27.92
1436276700000 27.94
1436276760000 27.95
1436276820000 27.94
1436276880000 27.93
1436276940000 27.955
1436277000000 27.95
1436277060000 27.93
1436277120000 27.91
1436277180000 27.95
1436277240000 27.94
1436277300000 27.94
1436277360000 27.93
1436277420000 27.96
1436277480000 27.94
1436277540000 27.91
1436277600000 27.9312
1436277660000 27.95
1436277720000 27.93
1436277780000 27.91
1436277840000 27.91
1436277900000 27.9
1436277960000 27.94
1436278080000 27.94
1436278140000 27.94
1436278260000 27.935
1436278320000 27.96
1436278380000 27.98
1436278440000 27.97
1436278500000 27.89
1436278560000 27.86
1436278680000 27.82
1436278740000 27.82
1436278800000 27.8
1436278860000 27.77
1436278920000 27.73
1436278980000 27.74
1436279040000 27.73
1436279100000 27.74
1436279160000 27.725
1436279220000 27.71
1436279280000 27.715
1436279340000 27.73
1436279400000 27.73
1436279460000 27.725
1436279520000 27.73
1436279580000 27.755
1436279640000 27.75
1436279700000 27.72
1436279760000 27.749
1436279820000 27.78
1436279880000 27.78
1436279940000 27.7735
1436280000000 27.76
1436280060000 27.75
1436280120000 27.78
1436280180000 27.78
1436280240000 27.78
1436280300000 27.83
1436280360000 27.84
1436280420000 27.88
1436280480000 27.8513
1436280540000 27.87
1436280600000 27.86
1436280660000 27.835
1436280720000 27.87
1436280780000 27.87
1436280840000 27.9
1436280900000 27.88
1436280960000 27.885
1436281020000 27.92
1436281080000 27.95
1436281140000 28.04
1436281200000 28.07
1436281260000 28.04
1436281320000 27.99
1436281380000 27.99
1436281440000 28.0
1436281500000 28.05
1436281560000 28.04
