1436261400000 3.55
1436261460000 3.46
1436261520000 3.48
1436261580000 3.49
1436261640000 3.47
1436261700000 3.49
1436261760000 3.49
1436261820000 3.475
1436261880000 3.4899
1436262060000 3.49
1436262120000 3.48
1436262180000 3.48
1436262240000 3.48
1436262300000 3.47
1436262360000 3.45
1436262420000 3.455
1436262480000 3.46
1436262540000 3.46
1436262600000 3.4572
1436262660000 3.455
1436262720000 3.45
1436262780000 3.455
1436262840000 3.455
1436262960000 3.455
1436263020000 3.45
1436263080000 3.45
1436263140000 3.42
1436263200000 3.425
1436263260000 3.425
1436263320000 3.425
1436263380000 3.44
1436263440000 3.43
1436263500000 3.43
1436263560000 3.43
1436263620000 3.43
1436263680000 3.405
1436263740000 3.39
1436263800000 3.42
1436263860000 3.425
1436263920000 3.42
1436263980000 3.43
1436264040000 3.43
1436264100000 3.401
1436264160000 3.405
1436264280000 3.41
1436264340000 3.42
1436264400000 3.41
1436264460000 3.41
1436264580000 3.42
1436264640000 3.42
1436264700000 3.41
1436264760000 3.42
1436264820000 3.415
1436264880000 3.42
1436264940000 3.41
1436265000000 3.4051
1436265060000 3.4
1436265120000 3.405
1436265180000 3.4
1436265240000 3.41
1436265300000 3.405
1436265360000 3.41
1436265420000 3.41
1436265480000 3.4072
1436265540000 3.4
1436265600000 3.395
1436265660000 3.39
1436265720000 3.3801
1436265780000 3.3801
1436265840000 3.38
1436265900000 3.3854
1436265960000 3.39
1436266020000 3.41
1436266080000 3.43
1436266140000 3.44
1436266200000 3.44
1436266260000 3.44
1436266320000 3.44
1436266380000 3.45
1436266440000 3.46
1436266500000 3.46
1436266560000 3.45
1436266620000 3.45
1436266680000 3.445
1436266740000 3.47
1436266800000 3.46
1436266860000 3.44
1436266920000 3.46
1436266980000 3.46
1436267040000 3.45
1436267100000 3.45
1436267160000 3.45
1436267220000 3.45
1436267280000 3.44
1436267340000 3.44
1436267400000 3.44
1436267460000 3.435
1436267520000 3.44
1436267700000 3.44
1436267760000 3.44
1436267820000 3.44
1436267880000 3.434
1436267940000 3.44
1436268000000 3.42
1436268060000 3.42
1436268120000 3.42
1436268180000 3.41
1436268240000 3.405
1436268300000 3.41
1436268360000 3.405
1436268420000 3.405
1436268480000 3.4025
1436268540000 3.4
1436268660000 3.4
1436268720000 3.4
1436268780000 3.4
1436268840000 3.391
1436268960000 3.39
1436269020000 3.3999
1436269140000 3.41
1436269200000 3.42
1436269260000 3.42
1436269320000 3.42
1436269380000 3.4242
1436269440000 3.421
1436269500000 3.425
1436269560000 3.42
1436269680000 3.415
1436269860000 3.42
1436269980000 3.4149
1436270040000 3.42
1436270100000 3.42
1436270160000 3.435
1436270220000 3.44
1436270280000 3.45
1436270340000 3.445
1436270400000 3.45
1436270460000 3.43
1436270700000 3.43
1436270940000 3.43
1436271060000 3.42
1436271120000 3.42
1436271300000 3.42
1436271420000 3.42
1436271480000 3.4105
1436271600000 3.42
1436271660000 3.42
1436271900000 3.42
1436271960000 3.42
1436272020000 3.42
1436272080000 3.42
1436272260000 3.42
1436272320000 3.435
1436272380000 3.44
1436272440000 3.44
1436272500000 3.45
1436272560000 3.45
1436272680000 3.45
1436272740000 3.445
1436272800000 3.45
1436272920000 3.445
1436272980000 3.45
1436273040000 3.45
1436273100000 3.4444
1436273160000 3.45
1436273220000 3.45
1436273280000 3.4699
1436273340000 3.47
1436273400000 3.47
1436273460000 3.475
1436273520000 3.48
1436273580000 3.48
1436273640000 3.48
1436273700000 3.48
1436273760000 3.4799
1436273820000 3.48
1436273880000 3.49
1436273940000 3.48
1436274000000 3.48
1436274060000 3.48
1436274120000 3.48
1436274180000 3.475
1436274240000 3.48
1436274300000 3.48
1436274360000 3.47
1436274420000 3.47
1436274480000 3.465
1436274540000 3.47
1436274600000 3.479
1436274660000 3.4744
1436274720000 3.485
1436274840000 3.4844
1436274900000 3.48
1436274960000 3.48
1436275020000 3.4742
1436275140000 3.477
1436275200000 3.48
1436275260000 3.471
1436275440000 3.47
1436275560000 3.47
1436275620000 3.475
1436275680000 3.4755
1436275800000 3.48
1436275860000 3.48
1436275920000 3.4755
1436276040000 3.48
1436276100000 3.4705
1436276220000 3.48
1436276340000 3.48
1436276460000 3.47
1436276520000 3.48
1436276580000 3.48
1436276640000 3.48
1436276700000 3.48
1436276760000 3.48
1436276820000 3.48
1436276880000 3.48
1436276940000 3.48
1436277000000 3.48
1436277060000 3.47
1436277120000 3.475
1436277180000 3.4715
1436277240000 3.4701
1436277360000 3.479
1436277540000 3.4751
1436277720000 3.479
1436278020000 3.47
1436278200000 3.475
1436278260000 3.47
1436278380000 3.463
1436278440000 3.46
1436278500000 3.45
1436278560000 3.44
1436278620000 3.45
1436278680000 3.45
1436278740000 3.45
1436278800000 3.435
1436278860000 3.43
1436278920000 3.41
1436278980000 3.42
1436279040000 3.42
1436279160000 3.43
1436279220000 3.43
1436279280000 3.4299
1436279340000 3.43
1436279400000 3.43
1436279460000 3.43
1436279520000 3.44
1436279580000 3.435
1436279640000 3.44
1436279700000 3.435
1436279760000 3.43
1436279820000 3.435
1436279880000 3.44
1436279940000 3.455
1436280000000 3.455
1436280060000 3.46
1436280120000 3.46
1436280180000 3.46
1436280240000 3.46
1436280360000 3.465
1436280420000 3.47
1436280480000 3.4711
1436280540000 3.4735
1436280600000 3.48
1436280660000 3.47
1436280720000 3.47
1436280780000 3.47
1436280840000 3.4796
1436280900000 3.47
1436280960000 3.47
1436281080000 3.48
1436281200000 3.485
1436281260000 3.485
1436281320000 3.48
1436281440000 3.475
1436281500000 3.47
1436281560000 3.47
1436281620000 3.47
