1436261400000 22.07
1436262120000 22.0065
1436262540000 22.09
1436262660000 22.045
1436262780000 22.08
1436262840000 22.0
1436263020000 22.01
1436263500000 21.99
1436263560000 21.94
1436263620000 21.94
1436263680000 21.97
1436263920000 21.994
1436263980000 21.985
1436264400000 21.92
1436264580000 21.96
1436264940000 21.9951
1436265360000 22.055
1436265900000 22.0
1436265960000 21.94
1436266140000 22.0
1436266200000 21.9501
1436266380000 22.06
1436266500000 22.07
1436266620000 22.07
1436266680000 22.07
1436266860000 21.99
1436266920000 21.98
1436267220000 21.95
1436267280000 21.92
1436267400000 21.9601
1436267460000 21.9837
1436267580000 21.995
1436267700000 21.96
1436267940000 21.9601
1436268120000 22.015
1436268180000 22.015
1436268300000 21.995
1436268360000 21.945
1436268480000 21.87
1436268720000 21.87
1436269080000 21.84
1436269740000 21.86
1436270040000 21.89
1436270100000 21.915
1436270220000 21.92
1436270280000 21.915
1436270340000 21.87
1436270400000 21.8911
1436270640000 21.98
1436270940000 22.22
1436271000000 22.429
1436271060000 22.45
1436271180000 22.301
1436271240000 22.2701
1436271300000 22.285
1436271660000 22.3
1436271780000 22.31
1436271840000 22.31
1436272380000 22.4
1436273100000 22.451
1436273160000 22.52
1436273220000 22.45
1436273580000 22.42
1436273940000 22.44
1436274180000 22.34
1436274480000 22.36
1436274540000 22.4799
1436275920000 22.28
1436276520000 22.28
1436276580000 22.19
1436276700000 22.3599
1436277120000 22.27
1436277180000 22.25
1436277480000 22.21
1436277540000 22.2947
1436277660000 22.25
1436277780000 22.25
1436277840000 22.12
1436277960000 22.12
1436278080000 22.11
1436278260000 22.13
1436278560000 22.13
1436278620000 22.14
1436278680000 22.13
1436278860000 22.08
1436279040000 22.06
1436279100000 22.06
1436279220000 22.07
1436279340000 22.1347
1436279460000 22.05
1436279580000 22.05
1436279640000 22.14
1436279880000 22.35
1436279940000 22.42
1436280060000 22.35
1436280180000 22.36
1436280300000 22.36
1436280600000 22.36
1436280660000 22.36
1436280840000 22.36
1436280900000 22.29
1436281020000 22.3
1436281080000 22.31
1436281200000 22.4
1436281320000 22.27
1436281440000 22.28
1436281500000 22.21
