1436261400000 107.1
1436261460000 106.93
1436261520000 106.98
1436261580000 106.57
1436261640000 106.61
1436261700000 106.77
1436261760000 106.63
1436261820000 106.56
1436261880000 106.82
1436261940000 106.89
1436262000000 107.039
1436262060000 106.99
1436262120000 107.01
1436262180000 106.8
1436262240000 106.61
1436262300000 106.695
1436262360000 106.67
1436262420000 106.6
1436262480000 106.64
1436262540000 106.28
1436262600000 106.3
1436262660000 106.22
1436262720000 106.17
1436262780000 106.23
1436262840000 106.31
1436262900000 106.48
1436262960000 106.25
1436263020000 106.25
1436263080000 106.24
1436263140000 106.09
1436263200000 106.03
1436263260000 105.79
1436263320000 105.72
1436263380000 105.68
1436263440000 105.58
1436263500000 105.58
1436263560000 105.39
1436263620000 105.375
1436263680000 105.29
1436263740000 105.21
1436263800000 105.37
1436263860000 105.495
1436263920000 105.47
1436263980000 105.49
1436264040000 105.54
1436264100000 105.45
1436264220000 105.24
1436264280000 105.27
1436264340000 105.34
1436264400000 105.32
1436264460000 105.25
1436264520000 105.36
1436264580000 105.4472
1436264640000 105.42
1436264700000 105.24
1436264760000 105.1501
1436264820000 105.1655
1436264880000 105.04
1436264940000 105.06
1436265000000 105.04
1436265060000 105.16
1436265120000 105.085
1436265180000 105.09
1436265240000 105.06
1436265300000 105.11
1436265360000 105.0
1436265420000 104.85
1436265480000 104.84
1436265540000 104.88
1436265600000 104.8
1436265660000 104.73
1436265720000 104.555
1436265780000 104.59
1436265840000 104.6
1436265900000 104.6
1436265960000 104.49
1436266020000 104.53
1436266080000 104.84
1436266140000 104.73
1436266200000 104.71
1436266260000 104.68
1436266320000 104.77
1436266380000 104.84
1436266440000 104.89
1436266500000 104.885
1436266560000 104.78
1436266620000 104.81
1436266680000 104.64
1436266740000 104.58
1436266800000 104.5401
1436266860000 104.47
1436266920000 104.3
1436266980000 104.3
1436267040000 104.28
1436267100000 104.2552
1436267160000 104.33
1436267220000 104.38
1436267280000 104.38
1436267340000 104.42
1436267400000 104.54
1436267460000 104.42
1436267520000 104.5
1436267580000 104.45
1436267640000 104.41
1436267700000 104.5
1436267760000 104.58
1436267820000 104.62
1436267880000 104.69
1436267940000 104.54
1436268000000 104.62
1436268060000 104.465
1436268120000 104.36
1436268180000 104.56
1436268240000 104.73
1436268300000 104.6
1436268360000 104.56
1436268420000 104.7
1436268480000 104.87
1436268540000 104.65
1436268600000 104.47
1436268660000 104.29
1436268720000 104.37
1436268780000 104.45
1436268840000 104.37
1436268900000 104.48
1436268960000 104.47
1436269020000 104.52
1436269080000 104.5999
1436269140000 104.76
1436269200000 104.82
1436269260000 104.91
1436269320000 104.87
1436269380000 104.91
1436269440000 104.99
1436269560000 104.87
1436269620000 104.84
1436269740000 104.83
1436269800000 104.91
1436269860000 104.9
1436269920000 104.78
1436269980000 104.72
1436270040000 104.83
1436270100000 104.87
1436270160000 105.08
1436270220000 105.16
1436270280000 105.21
1436270340000 105.3
1436270400000 105.17
1436270460000 105.18
1436270520000 105.23
1436270580000 105.16
1436270640000 105.224
1436270700000 105.09
1436270760000 105.15
1436270820000 105.07
1436270880000 104.98
1436270940000 105.0
1436271000000 105.05
1436271060000 104.955
1436271120000 104.88
1436271180000 104.82
1436271240000 104.782
1436271300000 104.86
1436271360000 105.0
1436271420000 104.98
1436271480000 105.0
1436271540000 105.0
1436271600000 105.02
1436271660000 104.99
1436271780000 105.03
1436271840000 104.94
1436271900000 104.99
1436271960000 104.93
1436272020000 104.96
1436272080000 105.1
1436272140000 105.0
1436272200000 105.11
1436272260000 105.03
1436272320000 105.16
1436272380000 105.21
1436272440000 105.18
1436272500000 105.085
1436272560000 105.15
1436272620000 105.34
1436272680000 105.35
1436272740000 105.36
1436272800000 105.41
1436272860000 105.465
1436272920000 105.49
1436273040000 105.39
1436273100000 105.43
1436273160000 105.63
1436273220000 105.65
1436273280000 105.69
1436273340000 105.7
1436273400000 105.685
1436273460000 105.71
1436273520000 105.695
1436273580000 105.81
1436273640000 105.82
1436273700000 105.965
1436273760000 105.96
1436273820000 106.0
1436273880000 106.04
1436273940000 106.0922
1436274000000 106.15
1436274060000 106.02
1436274120000 105.93
1436274240000 105.815
1436274300000 105.8
1436274360000 105.765
1436274420000 105.74
1436274480000 105.77
1436274540000 105.74
1436274600000 105.89
1436274660000 105.9
1436274720000 106.04
1436274780000 106.23
1436274840000 106.26
1436274900000 106.3799
1436274960000 106.245
1436275020000 106.05
1436275080000 106.05
1436275140000 105.98
1436275200000 105.92
1436275260000 105.85
1436275380000 105.87
1436275440000 105.89
1436275500000 105.925
1436275560000 106.03
1436275620000 105.99
1436275680000 105.95
1436275740000 105.865
1436275800000 105.98
1436275860000 106.08
1436275920000 105.99
1436275980000 105.9
1436276040000 105.86
1436276100000 105.87
1436276160000 105.83
1436276220000 105.8
1436276280000 105.81
1436276340000 105.83
1436276400000 105.84
1436276460000 105.71
1436276520000 105.7
1436276580000 105.786
1436276640000 105.87
1436276700000 106.03
1436276760000 106.02
1436276820000 105.99
1436276880000 105.95
1436276940000 106.09
1436277000000 106.05
1436277060000 106.01
1436277120000 106.015
1436277180000 105.98
1436277240000 105.95
1436277300000 105.93
1436277360000 105.91
1436277420000 105.94
1436277540000 105.91
1436277600000 105.92
1436277660000 105.91
1436277720000 105.91
1436277780000 105.88
1436277840000 105.92
1436277900000 105.91
1436277960000 105.86
1436278020000 105.88
1436278080000 105.8
1436278140000 105.85
1436278200000 105.87
1436278260000 105.865
1436278320000 105.865
1436278380000 105.84
1436278440000 105.87
1436278500000 105.75
1436278560000 105.78
1436278620000 105.8
1436278680000 105.775
1436278740000 105.76
1436278800000 105.715
1436278860000 105.85
1436278920000 105.745
1436278980000 105.82
1436279040000 105.89
1436279100000 105.92
1436279160000 105.96
1436279220000 105.99
1436279280000 106.0
1436279340000 105.98
1436279400000 105.98
1436279460000 105.97
1436279520000 106.01
1436279580000 106.03
1436279640000 106.0627
1436279700000 106.09
1436279760000 106.14
1436279820000 106.135
1436279880000 106.13
1436279940000 106.35
1436280000000 106.35
1436280060000 106.49
1436280120000 106.68
1436280180000 106.66
1436280240000 106.86
1436280300000 106.87
1436280360000 106.78
1436280420000 106.78
1436280480000 106.72
1436280540000 106.635
1436280600000 106.67
1436280660000 106.7
1436280720000 106.69
1436280780000 106.74
1436280840000 106.765
1436280900000 106.54
1436280960000 106.579
1436281020000 106.58
1436281080000 106.6
1436281140000 106.89
1436281200000 106.795
1436281260000 106.845
1436281320000 106.82
1436281380000 106.78
1436281440000 106.7
1436281500000 106.7
1436281560000 106.62
