1436261400000 45.3
1436261640000 45.32
1436261700000 45.29
1436262360000 45.17
1436262480000 45.16
1436262540000 45.12
1436262600000 45.09
1436262720000 45.14
1436262960000 45.1
1436263020000 45.1
1436263080000 45.07
1436263140000 45.07
1436263200000 45.07
1436263320000 45.15
1436263380000 45.15
1436263440000 45.16
1436263620000 45.1
1436263680000 45.1
1436263740000 45.1
1436263800000 45.15
1436263980000 45.17
1436264220000 45.15
1436264280000 45.16
1436264580000 45.17
1436264640000 45.14
1436264700000 45.12
1436264760000 45.1
1436264940000 45.1
1436265000000 45.1
1436265060000 45.1
1436265120000 45.1
1436265240000 45.1
1436265300000 45.05
1436265540000 45.02
1436265660000 44.97
1436265720000 44.96
1436265780000 45.0
1436265960000 44.99
1436266200000 44.99
1436266320000 44.995
1436266380000 44.995
1436266440000 44.995
1436266860000 44.95
1436266980000 44.95
1436267040000 44.95
1436267220000 44.93
1436267520000 44.99
1436267880000 44.98
1436268000000 44.86
1436268120000 44.85
1436268180000 44.91
1436268480000 44.89
1436268600000 44.85
1436268840000 44.85
1436268900000 44.85
1436269020000 44.81
1436269200000 44.87
1436269320000 44.83
1436269560000 44.77
1436270100000 44.86
1436270160000 44.88
1436270220000 44.94
1436270700000 44.98
1436271000000 44.89
1436271360000 44.9
1436271600000 44.94
1436271840000 44.975
1436271900000 44.97
1436271960000 44.96
1436272260000 44.96
1436272440000 44.9343
1436272500000 44.98
1436272560000 44.92
1436272680000 45.0
1436272800000 45.0
1436273100000 45.015
1436273340000 45.08
1436273460000 45.15
1436273640000 45.15
1436273700000 45.15
1436273760000 45.15
1436273820000 45.15
1436274000000 45.37
1436274060000 45.29
1436274120000 45.34
1436274240000 45.39
1436274360000 45.4
1436274480000 45.27
1436274720000 45.2701
1436274900000 45.29
1436274960000 45.28
1436275080000 45.16
1436275200000 45.24
1436275260000 45.1701
1436275320000 45.26
1436275440000 45.27
1436275560000 45.32
1436275680000 45.3138
1436275740000 45.32
1436275800000 45.29
1436276040000 45.28
1436276160000 45.22
1436276280000 45.28
1436276460000 45.22
1436276520000 45.28
1436276640000 45.29
1436276760000 45.3
1436276820000 45.23
1436276940000 45.24
1436277000000 45.32
1436277120000 45.2303
1436277180000 45.31
1436277360000 45.22
1436277420000 45.24
1436277660000 45.32
1436277900000 45.35
1436277960000 45.295
1436278140000 45.35
1436278200000 45.35
1436278320000 45.35
1436278440000 45.3
1436278560000 45.35
1436278740000 45.18
1436278800000 45.26
1436278860000 45.15
1436278980000 45.15
1436279220000 45.06
1436279400000 45.15
1436279520000 45.15
1436279580000 45.17
1436279820000 45.2
1436280000000 45.15
1436280060000 45.2
1436280120000 45.24
1436280240000 45.42
1436280300000 45.38
1436280420000 45.2801
1436280660000 45.27
1436280840000 45.25
1436280900000 45.27
1436281080000 45.3
1436281140000 45.29
1436281260000 45.5
1436281320000 45.36
1436281500000 45.34
