1436261400000 15.85
1436261460000 15.855
1436261520000 15.85
1436261640000 15.835
1436261700000 15.82
1436261760000 15.8
1436261820000 15.8
1436261880000 15.78
1436261940000 15.79
1436262000000 15.78
1436262060000 15.785
1436262240000 15.77
1436262300000 15.77
1436262360000 15.79
1436262600000 15.79
1436262900000 15.77
1436263200000 15.785
1436263500000 15.77
1436263560000 15.77
1436263620000 15.77
1436263740000 15.76
1436263800000 15.77
1436263920000 15.77
1436264400000 15.76
1436264520000 15.7196
1436264580000 15.71
1436264640000 15.71
1436264880000 15.685
1436265000000 15.68
1436265060000 15.68
1436265120000 15.69
1436265240000 15.68
1436265300000 15.68
1436265360000 15.68
1436265420000 15.68
1436265480000 15.68
1436265540000 15.68
1436265600000 15.68
1436265660000 15.66
1436265720000 15.66
1436265780000 15.65
1436265900000 15.639
1436265960000 15.56
1436266080000 15.58
1436266200000 15.595
1436266320000 15.595
1436266440000 15.61
1436266500000 15.6
1436266680000 15.59
1436266860000 15.5845
1436266980000 15.58
1436267100000 15.58
1436267160000 15.58
1436267220000 15.58
1436267280000 15.585
1436267460000 15.57
1436267760000 15.6
1436268120000 15.58
1436268240000 15.578
1436268540000 15.43
1436268600000 15.4068
1436268660000 15.3801
1436268720000 15.4
1436268780000 15.4
1436268840000 15.39
1436268900000 15.39
1436269140000 15.41
1436269320000 15.45
1436269380000 15.45
1436269500000 15.42
1436269680000 15.4482
1436269740000 15.47
1436269800000 15.489
1436269860000 15.479
1436270160000 15.4457
1436270340000 15.509
1436270580000 15.46
1436270760000 15.46
1436270820000 15.46
1436270880000 15.48
1436271000000 15.45
1436271360000 15.45
1436271660000 15.42
1436271900000 15.43
1436272320000 15.5
1436272380000 15.48
1436272620000 15.48
1436272680000 15.5
1436273100000 15.539
1436273160000 15.55
1436273220000 15.59
1436273520000 15.59
1436273700000 15.6299
1436273760000 15.65
1436273820000 15.65
1436273940000 15.679
1436274060000 15.755
1436274420000 15.7
1436274480000 15.72
1436274660000 15.7
1436274720000 15.7
1436274900000 15.7
1436275500000 15.719
1436275740000 15.72
1436275980000 15.74
1436276340000 15.749
1436276460000 15.73
1436276760000 15.75
1436276820000 15.75
1436276880000 15.74
1436276940000 15.745
1436277000000 15.745
1436277060000 15.745
1436277120000 15.745
1436277180000 15.7465
1436277300000 15.7497
1436277900000 15.769
1436278680000 15.74
1436278740000 15.735
1436278800000 15.745
1436278860000 15.745
1436279640000 15.66
1436279820000 15.625
1436279880000 15.639
1436279940000 15.675
1436280000000 15.7579
1436280060000 15.79
1436280120000 15.785
1436280180000 15.785
1436280360000 15.9272
1436280540000 15.949
1436280600000 15.915
1436280660000 15.93
1436280840000 15.9
1436281440000 16.0
1436281500000 16.0
1436281560000 15.995
