1436261400000 7.2
1436261460000 7.2
1436261580000 7.17
1436261640000 7.17
1436261700000 7.077
1436261760000 7.05
1436261820000 7.05
1436261940000 7.0301
1436262000000 7.04
1436262060000 7.04
1436262120000 7.04
1436262180000 7.03
1436262240000 7.03
1436262300000 7.03
1436262360000 7.02
1436262420000 7.03
1436262480000 7.03
1436262540000 7.03
1436262600000 7.03
1436262660000 7.03
1436262840000 7.04
1436262900000 7.05
1436262960000 7.05
1436263020000 7.05
1436263080000 7.042
1436263140000 7.04
1436263200000 7.03
1436263260000 7.02
1436263320000 7.01
1436263380000 7.01
1436263440000 7.03
1436263500000 7.03
1436263560000 7.025
1436263620000 7.025
1436263680000 7.045
1436263740000 7.04
1436263800000 7.04
1436263860000 7.05
1436263920000 7.055
1436263980000 7.05
1436264040000 7.05
1436264100000 7.05
1436264160000 7.05
1436264340000 7.05
1436264460000 7.05
1436264520000 7.05
1436264580000 7.05
1436264640000 7.05
1436264700000 7.05
1436264820000 7.05
1436264880000 7.04
1436264940000 7.05
1436265000000 7.05
1436265060000 7.06
1436265120000 7.05
1436265180000 7.05
1436265240000 7.06
1436265300000 7.06
1436265360000 7.06
1436265420000 7.06
1436265480000 7.06
1436265600000 7.075
1436265660000 7.07
1436265720000 7.065
1436265780000 7.06
1436265840000 7.06
1436265900000 7.06
1436265960000 7.07
1436266020000 7.07
1436266080000 7.07
1436266200000 7.07
1436266380000 7.08
1436266440000 7.085
1436266500000 7.08
1436266560000 7.08
1436266620000 7.07
1436266740000 7.07
1436266800000 7.06
1436266920000 7.07
1436266980000 7.07
1436267100000 7.07
1436267160000 7.07
1436267400000 7.07
1436267520000 7.08
1436267640000 7.08
1436267700000 7.08
1436267940000 7.08
1436268060000 7.08
1436268120000 7.07
1436268180000 7.08
1436268300000 7.07
1436268360000 7.07
1436268420000 7.06
1436268480000 7.06
1436268540000 7.06
1436268600000 7.07
1436268660000 7.07
1436268840000 7.06
1436268900000 7.06
1436268960000 7.06
1436269080000 7.065
1436269140000 7.07
1436269320000 7.08
1436269380000 7.07
1436269440000 7.09
1436269500000 7.08
1436269560000 7.08
1436269620000 7.08
1436269800000 7.08
1436269920000 7.07
1436270040000 7.07
1436270100000 7.06
1436270160000 7.07
1436270220000 7.08
1436270280000 7.085
1436270340000 7.09
1436270400000 7.09
1436270460000 7.07
1436270520000 7.07
1436270640000 7.08
1436270700000 7.07
1436270760000 7.08
1436270880000 7.07
1436270940000 7.07
1436271060000 7.07
1436271120000 7.06
1436271240000 7.06
1436271300000 7.06
1436271420000 7.07
1436271600000 7.06
1436271900000 7.07
1436271960000 7.06
1436272020000 7.07
1436272080000 7.065
1436272140000 7.07
1436272260000 7.07
1436272320000 7.085
1436272380000 7.08
1436272500000 7.07
1436272620000 7.08
1436272680000 7.07
1436272740000 7.08
1436272800000 7.08
1436272860000 7.08
1436272920000 7.08
1436272980000 7.08
1436273100000 7.07
1436273160000 7.08
1436273220000 7.095
1436273280000 7.1
1436273340000 7.12
1436273580000 7.11
1436273700000 7.12
1436273820000 7.12
1436273880000 7.12
1436274060000 7.13
1436274180000 7.14
1436274240000 7.14
1436274300000 7.15
1436274360000 7.13
1436274480000 7.12
1436274540000 7.12
1436274660000 7.12
1436274720000 7.13
1436274840000 7.14
1436274900000 7.14
1436274960000 7.14
1436275020000 7.14
1436275080000 7.13
1436275140000 7.13
1436275260000 7.13
1436275380000 7.13
1436275440000 7.14
1436275560000 7.145
1436275620000 7.147
1436275680000 7.145
1436275800000 7.14
1436275860000 7.15
1436275920000 7.13
1436275980000 7.13
1436276040000 7.13
1436276160000 7.13
1436276280000 7.13
1436276340000 7.13
1436276460000 7.14
1436276520000 7.14
1436276580000 7.14
1436276640000 7.14
1436276700000 7.15
1436276760000 7.14
1436276820000 7.14
1436276880000 7.15
1436277000000 7.15
1436277060000 7.15
1436277120000 7.14
1436277240000 7.13
1436277360000 7.13
1436277480000 7.13
1436277540000 7.13
1436277600000 7.13
1436277660000 7.13
1436277720000 7.13
1436277900000 7.13
1436277960000 7.13
1436278080000 7.13
1436278140000 7.13
1436278320000 7.13
1436278380000 7.13
1436278440000 7.13
1436278500000 7.14
1436278560000 7.14
1436278740000 7.135
1436278860000 7.13
1436278920000 7.13
1436279040000 7.125
1436279100000 7.12
1436279220000 7.13
1436279520000 7.12
1436279580000 7.13
1436279640000 7.13
1436279760000 7.14
1436279820000 7.13
1436279880000 7.139
1436280000000 7.14
1436280060000 7.14
1436280180000 7.15
1436280240000 7.17
1436280360000 7.17
1436280420000 7.17
1436280540000 7.18
1436280720000 7.175
1436280780000 7.18
1436280900000 7.17
1436280960000 7.166
1436281020000 7.16
1436281080000 7.17
1436281140000 7.18
1436281320000 7.18
1436281380000 7.18
1436281440000 7.18
1436281500000 7.18
1436281560000 7.18
