1436261400000 1.57
1436263560000 1.52
1436264100000 1.49
1436264220000 1.49
1436264460000 1.49
1436264700000 1.47
1436264880000 1.47
1436265000000 1.47
1436265180000 1.47
1436265360000 1.47
1436265540000 1.47
1436265660000 1.47
1436265840000 1.47
1436266020000 1.47
1436266200000 1.47
1436266380000 1.47
1436266560000 1.47
1436266800000 1.47
1436267400000 1.47
1436267460000 1.47
1436267520000 1.47
1436267580000 1.47
1436267700000 1.47
1436267760000 1.47
1436267820000 1.47
1436267880000 1.47
1436267940000 1.47
1436268000000 1.47
1436268120000 1.47
1436268180000 1.47
1436268240000 1.47
1436268300000 1.48
1436268360000 1.47
1436268480000 1.47
1436268540000 1.47
1436268600000 1.47
1436268660000 1.47
1436268720000 1.47
1436268780000 1.47
1436268900000 1.47
1436275680000 1.5
1436275740000 1.5
1436275800000 1.5
