1436261400000 46.0
1436261640000 45.59
1436261760000 45.59
1436261880000 45.19
1436262480000 45.3418
1436262960000 45.29
1436263020000 45.39
1436263080000 45.28
1436263560000 45.24
1436263620000 45.24
1436263680000 45.19
1436263800000 45.28
1436263920000 45.2301
1436263980000 45.37
1436264040000 45.24
1436264100000 45.325
1436264160000 45.28
1436264220000 45.34
1436264280000 45.37
1436264340000 45.33
1436264400000 45.27
1436264460000 45.27
1436264520000 45.2144
1436264580000 45.2
1436264640000 45.15
1436264700000 45.2
1436264820000 45.2
1436265000000 45.2
1436265060000 45.2
1436265120000 45.15
1436265180000 45.18
1436265360000 45.2
1436265420000 45.15
1436265480000 45.16
1436265540000 45.2
1436265660000 45.2
1436265720000 45.2
1436265780000 45.2
1436265900000 45.2
1436265960000 45.22
1436266200000 45.33
1436266260000 45.36
1436266320000 45.36
1436266380000 45.345
1436266500000 45.44
1436266560000 45.43
1436266740000 45.35
1436266920000 45.4
1436267220000 45.21
1436267640000 45.21
1436267820000 45.17
1436268060000 45.16
1436268540000 45.05
1436268600000 45.05
1436268660000 45.05
1436268720000 45.05
1436268840000 45.0
1436268900000 45.0
1436268960000 44.96
1436269020000 44.88
1436269080000 44.88
1436269140000 44.97
1436269200000 44.88
1436269260000 44.88
1436269380000 44.88
1436269440000 44.81
1436269560000 45.09
1436269920000 44.98
1436270040000 45.01
1436270160000 45.025
1436270220000 45.1
1436270400000 45.08
1436270580000 45.1399
1436270640000 45.105
1436270700000 45.15
1436270940000 45.09
1436271000000 45.1401
1436271240000 45.15
1436271300000 45.1
1436271540000 45.15
1436271600000 45.1
1436271720000 45.11
1436271840000 45.1
1436271900000 45.06
1436271960000 45.06
1436272080000 45.06
1436272200000 45.06
1436272260000 45.0
1436272440000 45.01
1436272500000 45.06
1436272680000 45.12
1436272920000 45.0852
1436273040000 45.15
1436273160000 45.16
1436273220000 45.04
1436273640000 45.15
1436273880000 45.185
1436273940000 45.34
1436274300000 45.39
1436274360000 45.5
1436274420000 45.41
1436274660000 45.41
1436274720000 45.53
1436274840000 45.54
1436275260000 45.455
1436275320000 45.46
1436275380000 45.5199
1436275440000 45.509
1436275560000 45.4639
1436275680000 45.465
1436275800000 45.48
1436275860000 45.5
1436275920000 45.48
1436275980000 45.47
1436276040000 45.5
1436276280000 45.5
1436276400000 45.475
1436276460000 45.5
1436276520000 45.5
1436276940000 45.6
1436277060000 45.55
1436277120000 45.5
1436277180000 45.52
1436277240000 45.5
1436277300000 45.5
1436277360000 45.5
1436277420000 45.53
1436277540000 45.56
1436277600000 45.5
1436277780000 45.5
1436277840000 45.5
1436278140000 45.5
1436278440000 45.5
1436278500000 45.5
1436278560000 45.48
1436278620000 45.45
1436278680000 45.445
1436278740000 45.45
1436278860000 45.445
1436278920000 45.45
1436278980000 45.45
1436279040000 45.41
1436279100000 45.45
1436279220000 45.48
1436279340000 45.45
1436279580000 45.475
1436279940000 45.51
1436280060000 45.6
1436280180000 45.6629
1436280360000 45.63
1436280420000 45.66
1436280540000 45.79
1436280660000 45.8399
1436280840000 45.75
1436280960000 45.65
1436281140000 45.72
1436281200000 45.8
1436281320000 45.81
1436281380000 45.85
1436281440000 45.8103
1436281500000 45.85
1436281560000 45.81
