1436261400000 42.23
1436261460000 42.19
1436261520000 42.19
1436261580000 42.18
1436261640000 42.3
1436261700000 42.16
1436261760000 42.13
1436261820000 42.13
1436261880000 42.06
1436261940000 42.08
1436262000000 42.08
1436262060000 42.08
1436262120000 42.09
1436262180000 42.15
1436262240000 42.16
1436262300000 42.16
1436262360000 42.11
1436262420000 42.17
1436262480000 42.22
1436262540000 42.28
1436262600000 42.285
1436262660000 42.28
1436262720000 42.3
1436262780000 42.34
1436262840000 42.395
1436262900000 42.41
1436262960000 42.39
1436263020000 42.42
1436263080000 42.41
1436263140000 42.4
1436263200000 42.39
1436263260000 42.35
1436263320000 42.35
1436263380000 42.35
1436263440000 42.355
1436263500000 42.305
1436263560000 42.3
1436263620000 42.27
1436263680000 42.26
1436263740000 42.25
1436263800000 42.28
1436263860000 42.34
1436263920000 42.36
1436263980000 42.3649
1436264040000 42.43
1436264100000 42.4
1436264160000 42.4
1436264220000 42.42
1436264280000 42.4635
1436264340000 42.45
1436264400000 42.46
1436264460000 42.39
1436264520000 42.46
1436264580000 42.44
1436264640000 42.4
1436264700000 42.4025
1436264760000 42.395
1436264820000 42.43
1436264880000 42.39
1436264940000 42.41
1436265000000 42.4
1436265060000 42.31
1436265120000 42.27
1436265180000 42.24
1436265240000 42.24
1436265300000 42.2101
1436265360000 42.2
1436265420000 42.18
1436265480000 42.17
1436265540000 42.17
1436265600000 42.175
1436265660000 42.16
1436265720000 42.17
1436265780000 42.19
1436265840000 42.19
1436265900000 42.16
1436265960000 42.13
1436266020000 42.171
1436266080000 42.19
1436266140000 42.22
1436266200000 42.219
1436266260000 42.22
1436266320000 42.27
1436266380000 42.2799
1436266440000 42.27
1436266500000 42.28
1436266560000 42.25
1436266620000 42.28
1436266680000 42.23
1436266740000 42.23
1436266800000 42.2
1436266860000 42.15
1436266920000 42.14
1436266980000 42.18
1436267040000 42.17
1436267100000 42.15
1436267160000 42.1
1436267220000 42.08
1436267280000 42.05
1436267340000 42.035
1436267400000 42.045
1436267460000 42.05
1436267520000 42.06
1436267580000 42.05
1436267640000 42.04
1436267700000 42.03
1436267760000 42.04
1436267820000 42.055
1436267880000 42.05
1436267940000 42.02
1436268000000 42.065
1436268060000 42.02
1436268120000 41.98
1436268180000 42.0
1436268240000 42.03
1436268300000 42.0
1436268360000 42.01
1436268420000 42.02
1436268480000 42.02
1436268540000 42.0
1436268600000 41.96
1436268660000 41.92
1436268720000 41.92
1436268780000 41.92
1436268840000 41.9
1436268900000 41.86
1436268960000 41.85
1436269020000 41.87
1436269080000 41.88
1436269140000 41.93
1436269200000 41.9599
1436269260000 41.99
1436269320000 42.0
1436269380000 42.03
1436269440000 42.04
1436269500000 42.07
1436269560000 42.04
1436269620000 42.05
1436269680000 42.05
1436269740000 42.05
1436269800000 42.06
1436269860000 42.05
1436269920000 42.02
1436269980000 42.0
1436270040000 42.02
1436270100000 42.03
1436270160000 42.08
1436270220000 42.16
1436270280000 42.13
1436270340000 42.11
1436270400000 42.11
1436270460000 42.08
1436270520000 42.07
1436270580000 42.07
1436270640000 42.08
1436270700000 42.1
1436270760000 42.09
1436270820000 42.09
1436270880000 42.1
1436270940000 42.09
1436271000000 42.09
1436271060000 42.05
1436271120000 42.07
1436271180000 42.101
1436271240000 42.07
1436271300000 42.08
1436271360000 42.095
1436271420000 42.07
1436271480000 42.06
1436271540000 42.07
1436271600000 42.07
1436271660000 42.105
1436271720000 42.11
1436271780000 42.11
1436271840000 42.11
1436271900000 42.08
1436271960000 42.1
1436272020000 42.12
1436272080000 42.13
1436272140000 42.12
1436272200000 42.11
1436272260000 42.115
1436272320000 42.135
1436272380000 42.135
1436272440000 42.1556
1436272500000 42.16
1436272560000 42.145
1436272620000 42.18
1436272680000 42.1701
1436272740000 42.21
1436272800000 42.215
1436272920000 42.2
1436272980000 42.22
1436273040000 42.22
1436273100000 42.22
1436273160000 42.27
1436273220000 42.3
1436273280000 42.275
1436273340000 42.28
1436273400000 42.29
1436273460000 42.28
1436273520000 42.27
1436273580000 42.25
1436273640000 42.26
1436273700000 42.3
1436273760000 42.28
1436273820000 42.29
1436273880000 42.3
1436273940000 42.31
1436274000000 42.32
1436274060000 42.3
1436274120000 42.27
1436274180000 42.29
1436274240000 42.3252
1436274300000 42.3532
1436274360000 42.355
1436274420000 42.33
1436274480000 42.33
1436274540000 42.35
1436274600000 42.371
1436274660000 42.39
1436274720000 42.44
1436274780000 42.48
1436274840000 42.5
1436274900000 42.52
1436274960000 42.495
1436275020000 42.46
1436275080000 42.47
1436275140000 42.48
1436275200000 42.5
1436275260000 42.51
1436275320000 42.5
1436275380000 42.5
1436275440000 42.51
1436275500000 42.52
1436275620000 42.52
1436275680000 42.53
1436275740000 42.54
1436275800000 42.565
1436275860000 42.56
1436275920000 42.51
1436275980000 42.52
1436276040000 42.515
1436276100000 42.54
1436276160000 42.545
1436276220000 42.55
1436276280000 42.5355
1436276340000 42.52
1436276400000 42.52
1436276460000 42.49
1436276520000 42.5
1436276580000 42.52
1436276640000 42.52
1436276700000 42.579
1436276760000 42.56
1436276820000 42.555
1436276880000 42.52
1436276940000 42.53
1436277000000 42.53
1436277060000 42.52
1436277120000 42.5
1436277180000 42.5
1436277240000 42.495
1436277300000 42.49
1436277360000 42.49
1436277420000 42.4949
1436277480000 42.47
1436277540000 42.47
1436277600000 42.46
1436277660000 42.47
1436277720000 42.47
1436277780000 42.44
1436277840000 42.45
1436277900000 42.45
1436277960000 42.44
1436278020000 42.445
1436278080000 42.44
1436278140000 42.45
1436278200000 42.46
1436278260000 42.47
1436278320000 42.45
1436278380000 42.45
1436278440000 42.46
1436278500000 42.45
1436278560000 42.44
1436278620000 42.4289
1436278680000 42.425
1436278740000 42.42
1436278800000 42.345
1436278860000 42.37
1436278920000 42.32
1436278980000 42.329
1436279040000 42.335
1436279100000 42.3446
1436279160000 42.37
1436279220000 42.35
1436279280000 42.364
1436279340000 42.35
1436279400000 42.36
1436279460000 42.365
1436279520000 42.36
1436279580000 42.38
1436279640000 42.39
1436279700000 42.365
1436279760000 42.375
1436279820000 42.365
1436279880000 42.37
1436279940000 42.4095
1436280000000 42.405
1436280060000 42.44
1436280120000 42.51
1436280180000 42.49
1436280240000 42.53
1436280300000 42.53
1436280360000 42.53
1436280420000 42.54
1436280480000 42.54
1436280540000 42.54
1436280600000 42.55
1436280660000 42.53
1436280720000 42.525
1436280780000 42.53
1436280840000 42.555
1436280900000 42.56
1436280960000 42.6
1436281020000 42.61
1436281080000 42.65
1436281140000 42.7
1436281200000 42.7099
1436281260000 42.739
1436281320000 42.73
1436281380000 42.715
1436281440000 42.72
1436281500000 42.73
1436281560000 42.72
1436281620000 42.69
1436281680000 42.68
