1436261400000 6.92
1436261520000 6.8848
1436261700000 6.89
1436261760000 6.9
1436262060000 6.891
1436262180000 6.89
1436262240000 6.89
1436262300000 6.9099
1436262360000 6.89
1436262420000 6.89
1436262540000 6.92
1436262780000 6.9844
1436262960000 6.9996
1436263260000 6.96
1436263380000 6.98
1436263560000 7.05
1436263680000 7.02
1436263800000 7.06
1436263860000 7.09
1436263920000 7.15
1436263980000 7.2
1436264040000 7.2
1436264160000 7.2
1436264220000 7.1
1436264280000 7.081
1436264400000 7.08
1436264700000 7.0708
1436265060000 7.03
1436265240000 7.02
1436265300000 7.0
1436265360000 6.99
1436265420000 6.984
1436265480000 6.98
1436265540000 6.8901
1436265600000 6.935
1436265660000 6.94
1436265720000 6.9
1436265780000 6.904
1436265840000 6.91
1436266140000 6.9
1436266560000 6.98
1436266680000 6.96
1436266740000 6.98
1436266800000 6.99
1436266980000 7.01
1436267460000 7.05
1436267520000 7.075
1436267640000 7.0899
1436267760000 7.08
1436267820000 7.08
1436268060000 7.08
1436268120000 7.07
1436268180000 7.08
1436268300000 6.96
1436268480000 7.0
1436268600000 7.05
1436268660000 7.09
1436268720000 7.0605
1436268960000 7.095
1436269020000 7.09
1436269320000 7.08
1436269380000 7.1099
1436269440000 7.1
1436269860000 7.122
1436269980000 7.13
1436270040000 7.132
1436270100000 7.13
1436270160000 7.13
1436270460000 7.13
1436270520000 7.24
1436270580000 7.34
1436270700000 7.262
1436271180000 7.2501
1436271480000 7.2801
1436271540000 7.34
1436271600000 7.28
1436271660000 7.34
1436271720000 7.3
1436271840000 7.316
1436271900000 7.4199
1436271960000 7.42
1436272020000 7.39
1436272080000 7.59
1436272140000 7.46
1436272320000 7.45
1436272440000 7.41
1436272500000 7.39
1436272560000 7.41
1436272680000 7.374
1436272740000 7.35
1436272860000 7.3501
1436273040000 7.36
1436273340000 7.3999
1436273400000 7.4001
1436273640000 7.43
1436274000000 7.4301
1436274060000 7.47
1436274120000 7.467
1436274180000 7.445
1436274240000 7.445
1436274360000 7.45
1436274480000 7.444
1436274600000 7.445
1436274720000 7.46
1436274900000 7.46
1436274960000 7.49
1436275140000 7.43
1436275380000 7.44
1436275440000 7.5
1436275500000 7.5
1436275620000 7.58
1436275680000 7.552
1436275740000 7.5866
1436275800000 7.59
1436275860000 7.73
1436275920000 7.66
1436275980000 7.6
1436276040000 7.62
1436276160000 7.687
1436276220000 7.6306
1436276340000 7.6999
1436276400000 7.6958
1436276520000 7.635
1436276640000 7.615
1436276700000 7.62
1436276880000 7.62
1436276940000 7.63
1436277000000 7.64
1436277180000 7.68
1436277240000 7.7497
1436277300000 7.75
1436277360000 7.83
1436277420000 7.7301
1436277600000 7.7401
1436277660000 7.78
1436277720000 7.81
1436277900000 7.78
1436277960000 7.7201
1436278020000 7.7088
1436278080000 7.68
1436278260000 7.68
1436278380000 7.66
1436278440000 7.69
1436278500000 7.72
1436278560000 7.6801
1436278620000 7.66
1436278680000 7.65
1436278740000 7.6505
1436278800000 7.67
1436278860000 7.62
1436278980000 7.58
1436279040000 7.58
1436279100000 7.59
1436279160000 7.59
1436279220000 7.51
1436279280000 7.5277
1436279340000 7.535
1436279400000 7.505
1436279520000 7.5
1436279580000 7.51
1436279640000 7.52
1436279700000 7.505
1436279760000 7.5201
1436279820000 7.5425
1436279940000 7.538
1436280000000 7.52
1436280060000 7.5699
1436280120000 7.5502
1436280180000 7.5645
1436280420000 7.54
1436280960000 7.5472
1436281080000 7.54
1436281200000 7.535
1436281260000 7.5699
1436281380000 7.53
1436281440000 7.5
1436281500000 7.515
1436281560000 7.52
