1436261400000 16.59
1436261700000 16.57
1436261760000 16.55
1436263200000 16.5
1436264340000 16.55
1436265960000 16.51
1436266440000 16.505
1436266800000 16.44
1436266920000 16.38
1436268960000 16.36
1436270280000 16.4
1436272800000 16.4
1436272860000 16.4
1436273220000 16.4
1436273460000 16.4
1436273520000 16.4
1436273580000 16.4
1436273640000 16.4
1436274000000 16.385
1436274240000 16.385
1436274300000 16.37
1436274660000 16.4
1436274720000 16.4
1436275200000 16.4
1436276220000 16.39
1436276640000 16.4
1436276700000 16.4
1436278500000 16.36
1436278560000 16.4
1436279220000 16.51
1436279340000 16.46
1436279400000 16.41
1436279460000 16.45
1436279520000 16.47
1436279940000 16.51
1436281140000 16.65
1436281200000 16.6
1436281260000 16.625
