1436261400000 22.98
1436261700000 22.95
1436261760000 22.96
1436261820000 22.95
1436261880000 22.95
1436261940000 22.95
1436262060000 22.95
1436263140000 22.92
1436263380000 22.96
1436263680000 22.92
1436263800000 22.96
1436263980000 22.96
1436264040000 22.985
1436264700000 22.96
1436265000000 22.92
1436265060000 22.955
1436265120000 22.92
1436265180000 23.005
1436265240000 22.965
1436265420000 22.99
1436265480000 22.91
1436265780000 22.73
1436265840000 22.76
1436266020000 22.79
1436266080000 22.71
1436266140000 22.71
1436266740000 22.7
1436266800000 22.7
1436267100000 22.76
1436267160000 22.7
1436267460000 22.8
1436267700000 22.78
1436267760000 22.705
1436268060000 22.69
1436268360000 22.64
1436268780000 22.6
1436268840000 22.61
1436268900000 22.6
1436269020000 22.615
1436269740000 22.63
1436270160000 22.68
1436270220000 22.7
1436270280000 22.7
1436270940000 22.77
1436271000000 22.7
1436271060000 22.7
1436271120000 22.7
1436271180000 22.7
1436271720000 22.73
1436271900000 22.74
1436271960000 22.72
1436272680000 22.81
1436272920000 22.74
1436273100000 22.8
1436273160000 22.735
1436273280000 22.75
1436273820000 22.76
1436274240000 22.7398
1436274360000 22.7
1436274660000 22.71
1436274720000 22.7
1436274960000 22.77
1436275500000 22.85
1436276340000 22.82
1436276460000 22.86
1436277060000 22.9
1436277840000 22.88
1436278020000 22.91
1436278320000 22.85
1436278620000 22.85
1436278680000 22.76
1436278800000 22.76
1436278980000 22.77
1436279340000 22.75
1436279580000 22.75
1436279700000 22.75
1436279880000 22.75
1436280120000 22.76
1436280180000 22.76
1436280360000 22.77
1436280420000 22.75
1436280480000 22.77
1436280600000 22.75
1436280720000 22.76
1436280780000 22.76
1436281020000 22.66
1436281080000 22.66
1436281320000 22.67
1436281380000 22.67
1436281620000 22.68
