1404705600000 16.0
1404792000000 16.21
1404878400000 16.5
1404964800000 16.25
1405051200000 15.86
1405310400000 15.64
1405396800000 15.78
1405483200000 16.05
1405569600000 16.301
1405656000000 15.95
1405915200000 15.989
1406001600000 15.89
1406088000000 15.7
1406260800000 15.7
1406520000000 15.8501
1406606400000 16.0
1406692800000 15.91
1406779200000 15.32
1407124800000 16.0
1407470400000 15.8999
1407729600000 15.71
1407816000000 15.8201
1407902400000 15.75
1407988800000 15.65
1408075200000 15.76
1408334400000 16.0
1408420800000 16.0
1408507200000 15.9999
1408593600000 15.94
1408939200000 16.5
1409025600000 16.28
1409112000000 16.25
1409198400000 16.49
1409284800000 16.37
1409630400000 16.5
1409716800000 15.87
1409803200000 15.98
1409889600000 15.79
1410148800000 15.78
1410408000000 16.5
1410494400000 16.5
1410753600000 16.5
1410840000000 16.5
1410926400000 16.5
1411012800000 16.45
1411099200000 16.5
1411358400000 17.0
1411444800000 16.48
1411531200000 16.47
1411617600000 16.25
1411704000000 16.3
1411963200000 16.26
1412136000000 16.15
1412222400000 16.47
1412308800000 16.26
1412654400000 16.4985
1412740800000 16.2101
1412827200000 17.0
1412913600000 17.61
1413172800000 17.5
1413259200000 17.95
1413345600000 18.4
1413432000000 18.9999
1413518400000 21.5
1413777600000 19.645
1413864000000 18.05
1413950400000 19.95
1414036800000 19.8999
1414123200000 19.5905
1414641600000 19.65
1414728000000 20.0
1414990800000 19.991
1415077200000 19.6
1415163600000 18.41
1415768400000 19.7298
1415854800000 19.749
1415941200000 18.75
1416200400000 19.8
1416286800000 19.5
1416373200000 19.585
1416459600000 19.7
1416546000000 19.7
1416805200000 18.68
1416891600000 19.7
1416978000000 18.61
1417150800000 19.68
1417410000000 19.0
1417496400000 19.18
1417582800000 18.6001
1417669200000 18.62
1417755600000 18.66
1418014800000 19.6
1418101200000 19.55
1418187600000 19.59
1418274000000 19.2
1418360400000 19.4899
1418619600000 18.71
1418792400000 19.02
1418878800000 19.5999
1419310800000 19.6
1419829200000 19.7
1419915600000 19.7
1420002000000 18.45
1420174800000 20.64
1420434000000 19.47
1420520400000 19.79
1420606800000 19.0
1420779600000 19.9
1421038800000 19.0
1421125200000 20.9999
1421298000000 20.0
1421384400000 20.6
1421902800000 20.0
1421989200000 19.55
1422334800000 18.868
1422421200000 19.0
1422507600000 18.97
1422853200000 18.4589
1422939600000 18.4
1423026000000 18.2
1423198800000 18.05
1423717200000 17.7
1423803600000 17.59
1424149200000 17.5001
1424235600000 17.2
1424322000000 16.93
1424408400000 16.25
1424667600000 16.604
1424754000000 16.72
1424840400000 16.8
1424926800000 17.0
1425013200000 17.15
1425358800000 17.035
1425531600000 17.55
1425618000000 16.7
1425873600000 16.946
1425960000000 16.9501
1426046400000 17.77
1426132800000 17.21
1426564800000 16.5
1426651200000 16.721
1426737600000 16.718
1426824000000 16.5001
1427083200000 16.55
1427169600000 16.5501
1427256000000 16.6001
1427342400000 16.7
1427428800000 16.7
1427860800000 17.36
1428292800000 16.77
1428552000000 16.72
1428984000000 16.72
1429243200000 16.95
1429675200000 17.4
1429848000000 17.2
1430107200000 17.0001
1430193600000 16.62
1430280000000 16.76
1430366400000 16.875
1430712000000 16.95
1430884800000 16.91
1430971200000 16.96
1431057600000 16.95
1431489600000 16.8
1431576000000 16.9999
1431662400000 16.6238
1431921600000 16.9001
1432094400000 17.0499
1432180800000 16.97
1432612800000 16.95
1432699200000 16.7
1432785600000 16.66
1432872000000 16.7001
1433822400000 16.5
1433908800000 16.9299
1433995200000 16.19
1434340800000 16.5
1434427200000 16.48
1434513600000 16.51
1434600000000 16.5
1434686400000 15.68
1434945600000 15.72
1435032000000 16.15
1435204800000 16.44
1435291200000 16.47
1435636800000 15.89
1435723200000 16.33
1435809600000 16.11
