1436261400000 46.12
1436261460000 46.44
1436261760000 46.14
1436261940000 45.99
1436262000000 46.1
1436262180000 46.01
1436262240000 46.07
1436262300000 46.0
1436262360000 45.89
1436262420000 46.07
1436262480000 46.12
1436262540000 46.15
1436262660000 46.06
1436262720000 46.11
1436262780000 46.17
1436262840000 46.245
1436263440000 46.135
1436263620000 46.185
1436263680000 46.08
1436263740000 46.05
1436263800000 46.04
1436263860000 46.01
1436263980000 46.02
1436264040000 46.06
1436264220000 46.019
1436264280000 46.02
1436264340000 46.07
1436264400000 46.06
1436264460000 46.06
1436264640000 46.02
1436264760000 46.0
1436264820000 45.97
1436265000000 45.95
1436265060000 46.1
1436265240000 46.01
1436265360000 46.045
1436265780000 46.01
1436265840000 45.97
1436265900000 45.95
1436266020000 45.99
1436266080000 46.05
1436266140000 45.96
1436266440000 46.0
1436266500000 45.99
1436266560000 45.96
1436266740000 45.94
1436266800000 45.9
1436266980000 45.84
1436267580000 45.855
1436267760000 45.88
1436267820000 45.92
1436267940000 45.99
1436268000000 46.02
1436268060000 45.97
1436268180000 45.94
1436268240000 45.9575
1436268300000 45.84
1436268360000 45.92
1436268420000 45.94
1436268600000 45.83
1436268840000 45.79
1436268900000 45.64
1436269020000 45.75
1436269140000 45.77
1436269440000 45.87
1436269560000 45.94
1436269980000 45.93
1436270040000 45.94
1436270100000 45.935
1436270160000 46.01
1436270220000 46.03
1436270280000 46.01
1436270340000 45.97
1436270400000 45.93
1436270580000 45.91
1436271360000 45.93
1436272260000 45.9399
1436272380000 45.95
1436272440000 45.97
1436272500000 45.94
1436272560000 45.95
1436272920000 45.97
1436272980000 45.95
1436273100000 45.92
1436273220000 45.95
1436273280000 46.0
1436273400000 45.99
1436273760000 45.99
1436273880000 46.04
1436274120000 46.05
1436274240000 46.13
1436274300000 46.05
1436274360000 46.05
1436274420000 45.995
1436274600000 45.99
1436274840000 46.1
1436275020000 46.03
1436275080000 46.04
1436275320000 46.04
1436275440000 46.03
1436275860000 46.02
1436275920000 46.04
1436276340000 46.09
1436276640000 45.97
1436276760000 45.96
1436276880000 45.938
1436276940000 45.97
1436277300000 45.97
1436277480000 45.93
1436277600000 45.94
1436277720000 45.92
1436277840000 45.94
1436277900000 45.94
1436278080000 45.9
1436278140000 45.9
1436278200000 45.9
1436278320000 45.95
1436278380000 45.92
1436278440000 45.92
1436278500000 45.91
1436278560000 45.9
1436278620000 45.9
1436278680000 45.9
1436278740000 45.82
1436278980000 45.73
1436279460000 45.8
1436279520000 45.79
1436279760000 45.8
1436280060000 45.86
1436280180000 45.94
1436280420000 46.01
1436280480000 46.01
1436281020000 46.01
1436281140000 46.13
1436281200000 46.16
1436281260000 46.16
1436281380000 46.14
1436281440000 46.11
1436281500000 46.05
