1436262180000 51.52
1436262300000 51.82
1436262900000 51.31
1436263140000 51.32
1436263380000 51.33
1436263680000 51.4
1436263740000 50.93
1436263860000 51.51
1436263920000 51.48
1436264400000 50.92
1436264460000 51.1
1436264520000 51.43
1436265540000 50.62
1436265600000 51.2
1436265660000 51.04
1436265720000 51.02
1436265900000 50.8518
1436266980000 50.54
1436268420000 50.46
1436271180000 50.78
1436272080000 50.81
1436272500000 51.3
1436272560000 51.31
1436272740000 51.09
1436275740000 51.16
1436276280000 51.26
1436276700000 51.7
1436276760000 51.72
1436277960000 51.49
1436279280000 51.28
1436280300000 52.001
