1436261400000 37.27
1436262300000 36.92
1436263740000 36.78
1436264340000 36.76
1436265600000 36.63
1436267880000 36.49
1436268000000 36.44
1436268060000 36.51
1436268120000 36.56
1436268240000 36.52
1436268300000 36.45
1436268360000 36.52
1436268420000 36.68
1436268480000 36.57
1436268540000 36.53
1436268600000 36.53
1436268720000 36.69
1436268780000 36.49
1436268840000 36.45
1436268900000 36.54
1436269020000 36.53
1436269080000 36.48
1436269200000 36.54
1436269320000 36.53
1436269380000 36.53
1436269440000 36.44
1436269500000 36.45
1436269560000 36.69
1436269620000 36.51
1436269740000 36.47
1436269800000 36.51
1436269920000 36.7
1436270460000 36.76
1436270580000 36.58
1436271480000 36.83
1436271600000 36.76
1436272140000 36.78
1436272800000 36.71
1436273220000 36.63
1436273700000 36.64
1436274300000 36.95
1436275140000 36.805
1436276640000 36.95
1436276820000 37.16
1436277000000 37.12
1436277180000 37.35
1436277360000 37.21
1436277720000 37.15
1436278620000 37.28
1436278740000 37.14
1436279640000 37.12
1436280180000 37.005
1436280660000 37.28
1436280780000 37.17
1436281020000 37.15
1436281140000 37.15
1436281500000 37.15
