1436261400000 14.61
1436261580000 14.479
1436261760000 14.54
1436261820000 14.56
1436261880000 14.56
1436261940000 14.63
1436262000000 14.62
1436262060000 14.62
1436262180000 14.65
1436262240000 14.56
1436262780000 14.5175
1436263320000 14.467
1436264700000 14.5099
1436264760000 14.5099
1436264880000 14.45
1436265000000 14.4
1436265180000 14.42
1436266020000 14.465
1436266080000 14.48
1436266140000 14.53
1436266200000 14.59
1436266320000 14.57
1436266380000 14.57
1436266440000 14.55
1436266500000 14.55
1436266680000 14.55
1436266920000 14.54
1436266980000 14.54
1436267100000 14.53
1436267760000 14.59
1436268060000 14.57
1436268300000 14.55
1436268600000 14.53
1436268900000 14.51
1436269020000 14.52
1436269080000 14.51
1436269140000 14.5
1436269380000 14.5
1436269500000 14.54
1436269560000 14.515
1436270040000 14.505
1436270160000 14.549
1436270400000 14.51
1436270640000 14.559
1436271000000 14.56
1436271180000 14.49
1436271780000 14.54
1436272620000 14.54
1436272920000 14.6
1436274000000 14.6
1436274540000 14.636
1436275740000 14.676
1436275980000 14.777
1436277180000 14.769
1436277720000 14.77
1436280060000 14.84
1436280300000 14.818
