1404705600000 29.85
1404878400000 29.48
1404964800000 28.84
1405051200000 28.96
1405310400000 29.05
1405396800000 29.4709
1405569600000 28.89
1405656000000 28.89
1405915200000 29.27
1406001600000 29.2701
1406174400000 29.4
1406260800000 29.49
1406520000000 29.84
1406606400000 29.61
1406779200000 29.31
1406865600000 29.38
1407124800000 29.38
1407211200000 29.0163
1407384000000 28.7501
1407729600000 28.976
1407988800000 29.34
1408334400000 29.69
1408420800000 29.58
1408680000000 29.49
1408939200000 29.3
1409025600000 29.52
1409198400000 29.3
1409716800000 29.68
1409803200000 29.66
1409889600000 29.5
1410148800000 29.5295
1410408000000 29.22
1410494400000 29.21
1410753600000 29.1
1410840000000 29.05
1410926400000 28.72
1411358400000 28.75
1412222400000 27.18
1412568000000 27.85
1412827200000 27.83
1413172800000 27.63
