1436261400000 31.65
1436261640000 31.8
1436261760000 31.53
1436262000000 31.41
1436262060000 31.47
1436262240000 31.53
1436262300000 31.41
1436262360000 31.4
1436262660000 31.38
1436262780000 31.44
1436262840000 31.44
1436262900000 31.4399
1436263020000 31.44
1436263080000 31.42
1436263140000 31.4
1436263200000 31.39
1436263320000 31.37
1436263380000 31.38
1436263440000 31.38
1436263500000 31.36
1436263560000 31.36
1436263620000 31.34
1436263680000 31.34
1436263800000 31.34
1436263860000 31.34
1436263980000 31.34
1436264040000 31.31
1436264100000 31.29
1436264160000 31.28
1436264220000 31.265
1436264340000 31.26
1436264400000 31.25
1436264460000 31.25
1436264580000 31.22
1436264640000 31.2
1436264700000 31.18
1436264760000 31.14
1436264820000 31.15
1436264940000 31.17
1436265000000 31.12
1436265060000 31.09
1436265120000 31.09
1436265180000 31.1
1436265240000 31.1
1436265300000 31.08
1436265360000 31.02
1436265600000 31.01
1436265660000 31.0045
1436265720000 30.99
1436265780000 30.95
1436265840000 30.985
1436265900000 30.98
1436265960000 30.99
1436266020000 30.99
1436266080000 30.99
1436266140000 31.005
1436266200000 30.99
1436266320000 30.973
1436266380000 31.02
1436266440000 31.01
1436266500000 31.0
1436266560000 31.0
1436266620000 31.01
1436266680000 31.01
1436266740000 31.01
1436266800000 31.0
1436266860000 30.99
1436266920000 31.0
1436266980000 31.0
1436267040000 30.9975
1436267100000 30.99
1436267220000 31.0
1436267280000 31.01
1436267340000 31.0
1436267400000 31.0
1436267460000 31.005
1436267520000 31.01
1436267580000 31.0
1436267640000 31.0
1436267700000 31.01
1436267760000 31.0
1436267820000 31.0
1436267880000 30.99
1436267940000 30.98
1436268000000 30.99
1436268060000 30.97
1436268120000 30.96
1436268180000 30.98
1436268360000 30.96
1436268420000 30.98
1436268480000 30.9825
1436268540000 30.97
1436268660000 30.94
1436268720000 30.94
1436268780000 30.94
1436268840000 30.86
1436268960000 30.89
1436269020000 30.87
1436269080000 30.9
1436269140000 30.9
1436269200000 30.89
1436269260000 30.9
1436269320000 30.91
1436269380000 30.89
1436269440000 30.91
1436269500000 30.95
1436269680000 30.97
1436269740000 30.95
1436269800000 30.96
1436269860000 30.99
1436270040000 30.98
1436270100000 30.99
1436270160000 31.0075
1436270220000 31.14
1436270340000 31.16
1436270400000 31.15
1436270460000 31.14
1436270520000 31.12
1436270580000 31.11
1436270640000 31.105
1436270700000 31.12
1436270760000 31.1
1436270820000 31.035
1436270880000 31.08
1436270940000 31.095
1436271000000 31.1
1436271060000 31.07
1436271120000 31.02
1436271240000 31.065
1436271420000 31.05
1436271480000 31.04
1436271540000 31.02
1436271600000 31.02
1436271720000 31.03
1436271960000 31.07
1436272020000 31.08
1436272080000 31.08
1436272140000 31.09
1436272200000 31.09
1436272260000 31.1
1436272320000 31.09
1436272380000 31.095
1436272440000 31.07
1436272500000 31.04
1436272560000 31.055
1436272620000 31.07
1436272680000 31.07
1436272740000 31.06
1436272920000 31.07
1436272980000 31.065
1436273040000 31.0681
1436273100000 31.065
1436273160000 31.06
1436273220000 31.05
1436273280000 31.07
1436273400000 31.0501
1436273460000 31.02
1436273580000 31.025
1436273640000 31.03
1436273700000 31.08
1436273820000 31.08
1436273880000 31.07
1436273940000 31.085
1436274000000 31.07
1436274060000 31.065
1436274120000 31.065
1436274180000 31.05
1436274240000 31.05
1436274300000 31.07
1436274360000 31.06
1436274420000 31.03
1436274600000 31.03
1436274660000 31.04
1436274720000 31.07
1436274780000 31.05
1436274840000 31.05
1436274900000 31.05
1436274960000 31.03
1436275020000 31.03
1436275080000 31.03
1436275140000 31.015
1436275320000 31.01
1436275380000 31.05
1436275440000 31.06
1436275500000 31.04
1436275560000 31.05
1436275620000 31.03
1436275740000 31.04
1436275800000 31.04
1436275860000 31.03
1436276040000 31.04
1436276100000 31.04
1436276160000 31.03
1436276280000 31.02
1436276400000 31.04
1436276580000 31.03
1436276640000 31.04
1436276700000 31.055
1436276820000 31.06
1436277000000 31.07
1436277120000 31.04
1436277240000 31.04
1436277300000 31.035
1436277360000 31.03
1436277420000 31.03
1436277480000 31.04
1436277540000 31.02
1436277600000 31.028
1436277720000 31.01
1436277780000 31.0
1436277840000 31.03
1436278200000 31.01
1436278320000 31.04
1436278380000 31.04
1436278440000 31.06
1436278500000 31.02
1436278560000 31.03
1436278740000 31.02
1436278860000 31.0
1436278920000 31.0
1436278980000 31.01
1436279280000 31.01
1436279340000 31.01
1436279400000 31.01
1436279460000 31.02
1436279520000 31.02
1436279640000 31.06
1436279700000 31.05
1436279760000 31.01
1436279880000 31.045
1436279940000 31.02
1436280000000 31.01
1436280060000 31.01
1436280120000 31.03
1436280180000 31.045
1436280240000 31.04
1436280300000 31.07
1436280360000 31.04
1436280420000 31.05
1436280480000 31.07
1436280540000 31.09
1436280600000 31.09
1436280720000 31.08
1436280780000 31.06
1436280840000 31.055
1436280900000 31.08
1436280960000 31.03
1436281020000 31.06
1436281080000 31.06
1436281140000 31.06
1436281200000 31.06
1436281260000 31.07
1436281320000 31.11
1436281380000 31.08
1436281500000 31.07
1436281560000 31.05
