1436261400000 48.47
1436261460000 48.21
1436261520000 48.23
1436261580000 48.03
1436261640000 48.14
1436261700000 47.86
1436261760000 47.7064
1436261820000 47.69
1436261880000 47.7
1436261940000 47.684
1436262000000 47.7
1436262060000 47.69
1436262120000 47.5496
1436262180000 47.495
1436262240000 47.41
1436262300000 47.4899
1436262360000 47.45
1436262420000 47.39
1436262480000 47.39
1436262540000 47.38
1436262600000 47.3699
1436262660000 47.33
1436262720000 47.37
1436262780000 47.46
1436262840000 47.41
1436262900000 47.34
1436262960000 47.3
1436263020000 47.2101
1436263080000 47.05
1436263140000 46.8701
1436263200000 47.0
1436263260000 46.935
1436263320000 46.93
1436263380000 46.915
1436263440000 46.93
1436263500000 46.95
1436263560000 46.761
1436263620000 46.72
1436263680000 46.4051
1436263740000 46.3167
1436263800000 46.3
1436263860000 46.385
1436263920000 46.4288
1436263980000 46.46
1436264040000 46.49
1436264100000 46.33
1436264160000 46.34
1436264220000 46.33
1436264280000 46.43
1436264340000 46.49
1436264400000 46.4899
1436264460000 46.4042
1436264520000 46.355
1436264580000 46.35
1436264640000 46.39
1436264700000 46.3
1436264760000 46.229
1436264820000 46.14
1436264880000 46.12
1436264940000 46.2
1436265000000 46.1265
1436265060000 45.96
1436265120000 45.96
1436265180000 45.99
1436265240000 45.941
1436265300000 45.985
1436265360000 45.96
1436265420000 45.975
1436265480000 45.7884
1436265540000 45.71
1436265600000 45.5544
1436265660000 45.63
1436265720000 45.6346
1436265780000 45.64
1436265840000 45.71
1436265900000 45.72
1436265960000 45.7344
1436266020000 45.7
1436266080000 45.84
1436266140000 45.89
1436266200000 45.7936
1436266260000 45.847
1436266320000 45.99
1436266380000 46.0958
1436266440000 46.15
1436266500000 46.26
1436266560000 46.12
1436266620000 46.21
1436266680000 46.15
1436266740000 46.186
1436266800000 46.1141
1436266860000 46.017
1436266920000 45.95
1436266980000 45.9472
1436267040000 45.9
1436267100000 45.87
1436267160000 45.87
1436267220000 45.8182
1436267280000 45.9
1436267340000 45.94
1436267400000 46.07
1436267460000 46.08
1436267520000 46.1
1436267580000 46.1
1436267640000 46.09
1436267700000 46.13
1436267760000 46.2042
1436267820000 46.2528
1436267880000 46.29
1436267940000 46.23
1436268000000 46.12
1436268060000 46.13
1436268120000 46.07
1436268180000 46.09
1436268240000 46.18
1436268300000 46.175
1436268360000 46.135
1436268420000 46.185
1436268480000 46.2201
1436268540000 46.2
1436268600000 46.181
1436268660000 46.18
1436268720000 46.2
1436268780000 46.1144
1436268840000 46.06
1436268900000 45.97
1436268960000 45.95
1436269020000 46.0
1436269080000 46.0336
1436269140000 46.048
1436269200000 46.08
1436269260000 46.095
1436269320000 46.07
1436269380000 46.1
1436269440000 46.18
1436269500000 46.17
1436269560000 46.2
1436269620000 46.21
1436269680000 46.24
1436269740000 46.195
1436269800000 46.1
1436269860000 46.14
1436269920000 46.07
1436269980000 46.0856
1436270040000 46.13
1436270100000 46.085
1436270160000 46.14
1436270220000 46.3
1436270280000 46.333
1436270340000 46.35
1436270400000 46.4603
1436270460000 46.45
1436270520000 46.42
1436270580000 46.52
1436270640000 46.56
1436270700000 46.56
1436270760000 46.58
1436270820000 46.5499
1436270880000 46.5101
1436270940000 46.4801
1436271000000 46.53
1436271060000 46.474
1436271120000 46.4105
1436271180000 46.4113
1436271240000 46.44
1436271300000 46.45
1436271360000 46.5
1436271420000 46.43
1436271480000 46.4501
1436271540000 46.47
1436271600000 46.52
1436271660000 46.6
1436271720000 46.61
1436271780000 46.6251
1436271840000 46.68
1436271900000 46.68
1436271960000 46.69
1436272020000 46.71
1436272080000 46.72
1436272140000 46.74
1436272200000 46.77
1436272260000 46.73
1436272320000 46.83
1436272380000 46.8
1436272440000 46.8611
1436272500000 46.91
1436272560000 46.81
1436272620000 46.86
1436272680000 46.89
1436272740000 46.77
1436272800000 46.78
1436272860000 46.74
1436272920000 46.7
1436272980000 46.73
1436273040000 46.8
1436273100000 46.8
1436273160000 46.91
1436273220000 46.93
1436273280000 47.019
1436273340000 46.98
1436273400000 46.9744
1436273460000 46.95
1436273520000 46.9
1436273580000 46.8892
1436273640000 46.89
1436273700000 46.98
1436273760000 46.9232
1436273820000 46.92
1436273880000 46.99
1436273940000 47.1303
1436274000000 47.16
1436274060000 47.1964
1436274120000 47.15
1436274180000 47.09
1436274240000 47.08
1436274300000 47.11
1436274360000 47.09
1436274420000 46.99
1436274480000 46.98
1436274540000 47.05
1436274600000 47.06
1436274660000 47.08
1436274720000 47.1304
1436274780000 47.2158
1436274840000 47.21
1436274900000 47.28
1436274960000 47.25
1436275020000 47.13
1436275080000 47.1296
1436275140000 47.15
1436275200000 47.25
1436275260000 47.2299
1436275320000 47.21
1436275380000 47.2299
1436275440000 47.2501
1436275500000 47.31
1436275560000 47.2866
1436275620000 47.27
1436275680000 47.31
1436275740000 47.302
1436275800000 47.37
1436275860000 47.402
1436275920000 47.33
1436275980000 47.34
1436276040000 47.37
1436276100000 47.36
1436276160000 47.36
1436276220000 47.4
1436276280000 47.37
1436276340000 47.33
1436276400000 47.35
1436276460000 47.26
1436276520000 47.32
1436276580000 47.35
1436276640000 47.321
1436276700000 47.38
1436276760000 47.3434
1436276820000 47.32
1436276880000 47.2691
1436276940000 47.2601
1436277000000 47.3
1436277060000 47.14
1436277120000 47.14
1436277180000 47.14
1436277240000 47.112
1436277300000 47.0872
1436277360000 47.11
1436277420000 47.16
1436277480000 47.16
1436277540000 47.18
1436277600000 47.2
1436277660000 47.2
1436277720000 47.1599
1436277780000 47.15
1436277840000 47.18
1436277900000 47.185
1436277960000 47.16
1436278020000 47.145
1436278080000 47.13
1436278140000 47.14
1436278200000 47.135
1436278260000 47.108
1436278320000 47.1
1436278380000 47.09
1436278440000 47.07
1436278500000 47.01
1436278560000 47.0
1436278620000 46.99
1436278680000 46.9692
1436278740000 46.93
1436278800000 46.868
1436278860000 46.88
1436278920000 46.83
1436278980000 46.77
1436279040000 46.84
1436279100000 46.85
1436279160000 46.91
1436279220000 47.0
1436279280000 46.991
1436279340000 46.94
1436279400000 46.9703
1436279460000 46.94
1436279520000 46.96
1436279580000 46.97
1436279640000 46.949
1436279700000 46.94
1436279760000 46.95
1436279820000 46.95
1436279880000 46.93
1436279940000 46.97
1436280000000 46.965
1436280060000 47.0
1436280120000 47.04
1436280180000 47.05
1436280240000 47.217
1436280300000 47.27
1436280360000 47.29
1436280420000 47.2928
1436280480000 47.3008
1436280540000 47.27
1436280600000 47.27
1436280660000 47.24
1436280720000 47.29
1436280780000 47.28
1436280840000 47.337
1436280900000 47.3
1436280960000 47.29
1436281020000 47.294
1436281080000 47.2999
1436281140000 47.47
1436281200000 47.46
1436281260000 47.47
1436281320000 47.48
1436281380000 47.41
1436281440000 47.4151
1436281500000 47.45
1436281560000 47.43
