1436261400000 17.85
1436261460000 17.73
1436261520000 17.73
1436261640000 17.67
1436261820000 17.69
1436262240000 17.75
1436262300000 17.74
1436262420000 17.75
1436262660000 17.7
1436262900000 17.68
1436262960000 17.67
1436263080000 17.68
1436263200000 17.64
1436263320000 17.68
1436263560000 17.65
1436263680000 17.65
1436263740000 17.64
1436263800000 17.63
1436263860000 17.68
1436263980000 17.6799
1436264220000 17.57
1436264280000 17.61
1436264340000 17.64
1436264580000 17.59
1436264640000 17.56
1436264760000 17.56
1436264820000 17.6
1436265000000 17.53
1436265060000 17.53
1436265240000 17.49
1436265360000 17.52
1436265420000 17.53
1436265480000 17.54
1436265540000 17.52
1436265600000 17.53
1436265720000 17.45
1436265840000 17.5
1436265900000 17.49
1436266020000 17.45
1436266080000 17.45
1436266140000 17.45
1436266260000 17.43
1436266320000 17.46
1436266380000 17.48
1436266740000 17.47
1436266800000 17.47
1436266860000 17.46
1436266920000 17.43
1436267160000 17.42
1436267220000 17.43
1436267280000 17.43
1436267520000 17.45
1436268000000 17.46
1436268060000 17.41
1436268120000 17.47
1436268300000 17.41
1436268480000 17.44
1436268540000 17.44
1436268660000 17.43
1436268720000 17.44
1436268840000 17.42
1436268900000 17.43
1436269020000 17.405
1436269080000 17.39
1436269140000 17.43
1436269380000 17.44
1436269680000 17.45
1436269800000 17.44
1436269920000 17.465
1436270100000 17.49
1436270160000 17.49
1436270220000 17.51
1436270460000 17.48
1436270580000 17.45
1436270940000 17.47
1436271240000 17.46
1436271300000 17.47
1436271360000 17.465
1436271480000 17.45
1436271540000 17.45
1436271600000 17.45
1436271720000 17.45
1436271780000 17.445
1436271840000 17.44
1436271900000 17.47
1436271960000 17.47
1436272080000 17.485
1436272260000 17.495
1436272500000 17.51
1436272560000 17.49
1436272680000 17.5
1436272740000 17.5
1436272860000 17.49
1436272920000 17.49
1436273040000 17.48
1436273100000 17.49
1436273220000 17.5
1436273340000 17.47
1436273580000 17.54
1436273640000 17.51
1436273760000 17.55
1436273880000 17.56
1436274000000 17.57
1436274180000 17.56
1436274240000 17.56
1436274360000 17.55
1436274540000 17.54
1436274720000 17.54
1436274960000 17.57
1436275200000 17.56
1436275500000 17.6
1436275560000 17.56
1436275620000 17.58
1436275680000 17.58
1436275800000 17.58
1436276040000 17.56
1436276100000 17.56
1436276220000 17.56
1436276280000 17.57
1436276340000 17.57
1436276640000 17.57
1436276700000 17.57
1436276940000 17.57
1436277000000 17.56
1436277060000 17.59
1436277120000 17.59
1436277180000 17.59
1436277420000 17.59
1436277660000 17.59
1436277720000 17.58
1436277780000 17.56
1436277840000 17.55
1436277960000 17.57
1436278020000 17.58
1436278080000 17.59
1436278380000 17.59
1436278500000 17.58
1436278560000 17.57
1436278740000 17.55
1436278860000 17.55
1436278920000 17.535
1436279100000 17.54
1436279160000 17.56
1436279220000 17.56
1436279280000 17.55
1436279400000 17.555
1436279460000 17.56
1436279640000 17.53
1436279760000 17.54
1436279820000 17.54
1436279880000 17.54
1436280000000 17.55
1436280060000 17.55
1436280120000 17.56
1436280180000 17.57
1436280240000 17.585
1436280360000 17.59
1436280420000 17.59
1436280480000 17.6
1436280540000 17.6
1436280600000 17.6
1436280840000 17.63
1436280960000 17.62
1436281080000 17.63
1436281140000 17.66
1436281200000 17.65
1436281260000 17.65
1436281320000 17.65
1436281380000 17.65
1436281500000 17.63
