1405569600000 5.25
1405915200000 5.2505
1406001600000 5.6899
1406088000000 5.4684
1406606400000 5.25
1406779200000 5.275
1407384000000 5.44
1409716800000 5.33
1409803200000 5.37
1410408000000 5.39
1411531200000 5.47
1411617600000 5.26
1411704000000 4.98
1412136000000 5.23
1412740800000 5.17
1412827200000 4.95
1413259200000 5.07
1413345600000 4.87
1413518400000 5.13
1413864000000 5.26
1414036800000 5.21
1414123200000 5.07
1414468800000 5.21
1414641600000 5.34
1414728000000 5.95
1414990800000 6.31
1415163600000 6.5
1415250000000 6.5
1415336400000 6.5
1415595600000 6.51
1415682000000 6.7
1415768400000 6.5
1415941200000 6.4
1416286800000 6.3
1417410000000 5.92
1417496400000 6.16
1418878800000 6.45
1418965200000 6.6
1419310800000 7.05
1419829200000 7.0
1420520400000 5.96
1420693200000 6.22
1421125200000 5.69
1421211600000 5.55
1421902800000 5.96
1422421200000 5.65
1422507600000 5.65
1422939600000 6.0
1423112400000 6.0
1423198800000 6.0
1423544400000 6.05
1423717200000 6.11
1424926800000 5.65
1426132800000 6.1148
1428379200000 6.071
1429156800000 6.05
1430107200000 5.95
1430280000000 5.95
1430452800000 5.51
1430712000000 5.39
1430971200000 5.6163
1431316800000 5.71
1431489600000 5.65
1431576000000 5.8
1431921600000 5.95
1433476800000 5.97
1433908800000 6.15
1434427200000 6.15
1434513600000 6.6
1434686400000 6.44
1434945600000 6.47
1435032000000 6.7864
1435118400000 6.65
1435204800000 6.61
