1404705600000 3.67
1404792000000 3.8
1404878400000 3.641
1404964800000 3.64
1405051200000 3.75
1405310400000 3.7
1405396800000 3.79
1405483200000 3.95
1405569600000 3.76
1405656000000 3.68
1405915200000 3.69
1406001600000 3.8
1406088000000 3.85
1406174400000 3.8
1406260800000 3.8
1406520000000 3.8
1406779200000 3.72
1407211200000 3.74
1407297600000 3.7305
1407384000000 3.78
1407470400000 3.87
1407729600000 3.67
1407816000000 3.84
1407902400000 3.67
1407988800000 3.7
1408075200000 3.67
1408334400000 3.58
1408420800000 3.6001
1408507200000 3.65
1408593600000 3.65
1409025600000 3.46
1409112000000 3.63
1409198400000 3.6
1409284800000 3.65
1409630400000 3.65
1409716800000 3.65
1409803200000 3.57
1409889600000 3.6001
1410148800000 3.85
1410235200000 3.79
1410321600000 3.83
1410408000000 3.85
1410494400000 3.85
1410753600000 3.89
1410840000000 3.83
1410926400000 3.73
1411012800000 3.77
1411099200000 3.63
1411358400000 3.74
1411444800000 3.6001
1411531200000 3.61
1411617600000 3.6
1411704000000 3.69
1411963200000 3.69
1412222400000 3.6
1412308800000 3.6
1412568000000 3.6001
1412654400000 3.65
1412740800000 3.696
1412827200000 3.61
1412913600000 3.64
1413172800000 3.6353
1413259200000 3.65
1413345600000 3.51
1413518400000 3.605
1413777600000 3.61
1413864000000 3.6
1413950400000 3.61
1414036800000 3.56
1414123200000 3.561
1414382400000 3.6299
1414468800000 3.65
1414555200000 3.68
1414641600000 3.6999
1414728000000 3.6999
1414990800000 3.67
1415077200000 3.6701
1415163600000 3.65
1415250000000 3.65
1415336400000 3.61
1415595600000 3.61
1415682000000 3.6795
1415768400000 3.65
1415854800000 3.6231
1415941200000 3.66
1416200400000 3.69
1416286800000 3.6548
1416373200000 3.75
1416459600000 3.59
1416546000000 3.62
1416805200000 3.6411
1416891600000 3.6003
1416978000000 3.63
1417150800000 3.6
1417410000000 3.61
1417496400000 3.67
1417582800000 3.68
1417669200000 3.7
1417755600000 3.84
1418014800000 3.64
1418101200000 3.7
1418187600000 3.69
1418274000000 3.67
1418360400000 3.7
1418619600000 3.72
1418706000000 3.7
1418792400000 3.71
1418878800000 3.66
1418965200000 3.65
1419224400000 3.8
1419310800000 3.89
1419397200000 3.9
1419570000000 3.93
1419829200000 4.1
1419915600000 4.1
1420002000000 3.9
