1436261400000 12.75
1436261520000 12.67
1436261640000 12.65
1436261700000 12.59
1436262900000 12.62
1436263020000 12.62
1436263080000 12.63
1436263140000 12.63
1436263680000 12.64
1436264160000 12.65
1436264520000 12.65
1436265420000 12.57
1436265540000 12.51
1436266320000 12.57
1436266800000 12.56
1436267340000 12.53
1436267580000 12.55
1436267640000 12.56
1436268060000 12.56
1436268480000 12.58
1436268600000 12.53
1436268660000 12.55
1436269440000 12.55
1436269500000 12.56
1436269800000 12.56
1436270160000 12.56
1436270220000 12.55
1436270340000 12.54
1436270700000 12.52
1436271240000 12.52
1436271300000 12.54
1436271360000 12.52
1436271660000 12.54
1436272440000 12.55
1436273040000 12.54
1436273160000 12.54
1436274000000 12.53
1436274660000 12.56
1436275260000 12.54
1436275620000 12.54
1436275920000 12.52
1436277060000 12.51
1436277120000 12.51
1436277180000 12.5
1436277240000 12.5
1436277300000 12.5
1436277540000 12.5
1436277660000 12.5
1436277720000 12.5
1436277780000 12.5
1436277840000 12.52
1436278680000 12.5001
1436278740000 12.5
1436278860000 12.52
1436279220000 12.52
1436279400000 12.54
1436280000000 12.53
1436280060000 12.54
1436280960000 12.6
1436281080000 12.62
1436281320000 12.59
1436281500000 12.62
