1436261400000 1.55
1436261460000 1.62
1436261640000 1.585
1436261700000 1.55
1436262060000 1.54
1436262120000 1.55
1436262240000 1.55
1436262480000 1.53
1436262600000 1.55
1436262660000 1.55
1436262900000 1.58
1436262960000 1.55
1436263140000 1.54
1436263620000 1.54
1436263800000 1.52
1436264040000 1.53
1436264220000 1.52
1436264280000 1.54
1436264400000 1.54
1436264460000 1.52
1436264640000 1.55
1436264700000 1.54
1436264760000 1.55
1436264820000 1.53
1436265000000 1.52
1436265120000 1.52
1436265360000 1.51
1436265420000 1.52
1436265600000 1.5
1436265660000 1.52
1436265720000 1.52
1436265780000 1.52
1436266020000 1.52
1436266260000 1.537
1436266320000 1.54
1436266620000 1.52
1436266800000 1.51
1436266860000 1.52
1436267160000 1.5199
1436267340000 1.51
1436267640000 1.52
1436267700000 1.52
1436267760000 1.52
1436267820000 1.52
1436267940000 1.54
1436268000000 1.53
1436268120000 1.53
1436268300000 1.55
1436268360000 1.55
1436268420000 1.5499
1436268660000 1.55
1436268720000 1.55
1436269080000 1.54
1436269320000 1.55
1436269440000 1.55
1436269740000 1.55
1436269800000 1.56
1436269920000 1.58
1436270040000 1.58
1436270160000 1.58
1436270220000 1.58
1436270280000 1.59
1436270460000 1.57
1436270700000 1.59
1436270760000 1.59
1436270820000 1.59
1436271180000 1.59
1436271240000 1.59
1436271360000 1.585
1436271480000 1.58
1436271780000 1.59
1436271900000 1.59
1436272500000 1.59
1436272680000 1.59
1436272740000 1.59
1436272800000 1.6
1436273160000 1.62
1436273220000 1.62
1436273280000 1.61
1436273580000 1.6
1436273760000 1.58
1436273820000 1.59
1436274180000 1.59
1436274540000 1.59
1436274720000 1.59
1436275020000 1.58
1436275080000 1.57
1436275140000 1.57
1436275380000 1.55
1436275620000 1.58
1436275680000 1.55
1436275920000 1.57
1436276100000 1.57
1436276160000 1.57
1436276220000 1.57
1436276340000 1.58
1436276820000 1.57
1436276880000 1.57
1436276940000 1.59
1436277120000 1.58
1436277180000 1.59
1436277240000 1.59
1436277420000 1.59
1436277480000 1.59
1436277540000 1.59
1436277600000 1.59
1436277660000 1.58
1436278140000 1.6
1436278200000 1.6
1436278260000 1.6
1436278680000 1.59
1436279040000 1.59
1436279100000 1.5866
1436279160000 1.59
1436279400000 1.599
1436279760000 1.61
1436279820000 1.61
1436279880000 1.62
1436280000000 1.61
1436280060000 1.62
1436280120000 1.62
1436280180000 1.62
1436280480000 1.62
1436280600000 1.62
1436280780000 1.62
1436280840000 1.62
1436281020000 1.6217
1436281140000 1.62
1436281200000 1.62
1436281320000 1.63
1436281380000 1.61
1436281440000 1.61
1436281500000 1.61
1436281560000 1.61
