1432805400000 16.6
1432805640000 16.64
1432806000000 16.64
1432806240000 16.71
1432807380000 16.7
1432807500000 16.7
1432807620000 16.74
1432807800000 16.73
1432808160000 16.6767
1432808580000 16.804
1432808820000 16.6714
1432809300000 16.8399
1432809600000 16.7788
1432809780000 16.738
1432810260000 16.83
1432810320000 16.8299
1432810380000 16.8992
1432811040000 16.8
1432811160000 16.85
1432811280000 16.7624
1432811580000 16.731
1432813140000 16.82
1432813740000 16.78
1432814040000 16.78
1432814100000 16.79
1432814160000 16.83
1432814280000 16.8405
1432814460000 16.8744
1432814940000 16.851
1432815120000 16.8
1432815360000 16.8
1432815420000 16.8
1432816560000 16.81
1432816620000 16.81
1432817400000 16.72
1432817520000 16.7201
1432817700000 16.7201
1432817820000 16.7262
1432817880000 16.7968
1432819260000 16.7
1432819560000 16.7763
1432820340000 16.79
1432820460000 16.84
1432820640000 16.89
1432820700000 16.9
1432820820000 16.89
1432821420000 16.85
1432822920000 16.8482
1432824000000 16.868
1432824120000 16.76
1432825020000 16.6501
1432825080000 16.715
1432825200000 16.715
1432825680000 16.87
1432825740000 16.822
1432825800000 16.82
1432825860000 16.81
1432825920000 16.81
1432826280000 16.8
1432826460000 16.79
1432826580000 16.8
1432826700000 16.79
1432827120000 16.6701
1432827240000 16.6701
1432827840000 16.7
1432827960000 16.6501
1432828080000 16.654
1432828140000 16.6501
1432828260000 16.66
1432828380000 16.72
1432828440000 16.65
1432828560000 16.6918
1432828680000 16.68
1432828740000 16.5
1432830540000 16.53
