1436261400000 24.5
1436261820000 24.34
1436261940000 24.35
1436263140000 24.17
1436263200000 24.16
1436263440000 24.26
1436263620000 24.15
1436263680000 24.21
1436263740000 24.12
1436264100000 24.15
1436264820000 24.15
1436264880000 24.15
1436265120000 24.02
1436265600000 24.08
1436265660000 24.1
1436266440000 24.13
1436266500000 24.07
1436267520000 24.0605
1436269260000 24.005
1436274300000 24.09
1436274780000 24.32
1436275800000 24.23
1436275860000 24.23
1436276940000 24.25
1436277000000 24.45
1436277300000 24.28
1436277660000 24.2
1436278140000 24.2
1436279220000 24.14
1436279340000 24.065
1436280180000 24.18
1436280420000 24.24
1436281020000 24.25
1436281260000 24.38
