1436261400000 22.7
1436261640000 22.89
1436261700000 22.68
1436262420000 22.78
1436262480000 22.78
1436262540000 22.85
1436262840000 22.97
1436263320000 22.75
1436264160000 22.84
1436265120000 22.74
1436265780000 22.58
1436266620000 22.65
1436266920000 22.72
1436267100000 22.62
1436267640000 22.64
1436267940000 22.58
1436268000000 22.72
1436268480000 22.59
1436268840000 22.5
1436270940000 22.72
1436271180000 22.7791
1436271540000 22.65
1436271600000 22.65
1436271660000 22.68
1436271840000 22.65
1436272260000 22.7699
1436273340000 22.6901
1436273880000 22.689
1436274000000 22.8
1436274480000 22.9
1436275440000 23.22
1436278920000 23.06
1436279040000 23.081
1436279160000 23.01
1436279340000 23.14
1436279400000 22.97
1436279460000 22.95
1436279520000 22.93
1436279580000 23.03
1436279880000 23.04
1436279940000 22.99
1436280060000 23.01
