1436263200000 1.663
1436264640000 1.67
1436264940000 1.66
1436265060000 1.66
1436266080000 1.69
1436266920000 1.66
1436267460000 1.66
1436267580000 1.68
1436268060000 1.66
1436268180000 1.66
1436269320000 1.68
1436269740000 1.66
1436269800000 1.66
1436270100000 1.69
1436271540000 1.6774
1436272500000 1.66
1436272800000 1.69
1436273460000 1.67
1436273520000 1.67
1436273700000 1.679
1436274300000 1.67
1436275200000 1.67
1436276580000 1.67
1436278440000 1.68
1436278800000 1.67
1436278860000 1.67
1436278980000 1.66
1436279760000 1.66
1436280480000 1.67
1436280540000 1.66
1436281380000 1.65
