1436261400000 21.01
1436261580000 21.145
1436261640000 21.02
1436261760000 20.96
1436261820000 20.84
1436262000000 20.95
1436262060000 20.91
1436262120000 20.86
1436262240000 20.87
1436262300000 20.86
1436262360000 20.87
1436262420000 20.78
1436262540000 20.83
1436262600000 20.795
1436262660000 20.79
1436262720000 20.8
1436262780000 20.8
1436262900000 20.87
1436263080000 20.92
1436263140000 20.92
1436263200000 20.92
1436263320000 20.96
1436263380000 21.005
1436263440000 21.005
1436263500000 20.98
1436263560000 20.98
1436263620000 20.96
1436263800000 20.88
1436263860000 20.8
1436264040000 20.74
1436264160000 20.72
1436264220000 20.72
1436264400000 20.7
1436264460000 20.71
1436264820000 20.74
1436264880000 20.72
1436265000000 20.67
1436265060000 20.67
1436265300000 20.65
1436265360000 20.62
1436265420000 20.745
1436265480000 20.68
1436265540000 20.65
1436265600000 20.59
1436265720000 20.57
1436265780000 20.53
1436265840000 20.56
1436265960000 20.6
1436266020000 20.7
1436266080000 20.71
1436266140000 20.73
1436266200000 20.73
1436266320000 20.659
1436266380000 20.62
1436266440000 20.72
1436266500000 20.74
1436266560000 20.8247
1436266680000 20.87
1436266800000 20.85
1436266860000 20.86
1436267040000 20.87
1436267100000 20.79
1436267160000 20.87
1436267520000 20.87
1436267640000 20.88
1436267700000 20.87
1436267760000 20.87
1436268060000 20.8401
1436268180000 20.8
1436268240000 20.78
1436268660000 20.765
1436268720000 20.7018
1436268780000 20.7099
1436268840000 20.71
1436269140000 20.71
1436269260000 20.745
1436269380000 20.85
1436269860000 20.82
1436270160000 20.85
1436270460000 20.9
1436270580000 20.9
1436270820000 20.89
1436270880000 20.94
1436270940000 20.975
1436271060000 20.9
1436271120000 20.9
1436271360000 20.92
1436271600000 20.88
1436271780000 20.95
1436271900000 20.92
1436272080000 20.93
1436272140000 20.95
1436272320000 20.96
1436272380000 20.98
1436272500000 20.96
1436272560000 20.96
1436272620000 20.96
1436272680000 20.96
1436272740000 20.96
1436272800000 20.96
1436272860000 20.96
1436272920000 20.96
1436273040000 20.96
1436273100000 20.96
1436273160000 20.96
1436273220000 20.96
1436273280000 20.96
1436273340000 20.96
1436273400000 20.99
1436273460000 21.0
1436273640000 21.0
1436273760000 21.0
1436273880000 21.0
1436273940000 21.01
1436274000000 21.0
1436274060000 20.98
1436274120000 20.97
1436274420000 20.97
1436274540000 20.97
1436274720000 21.005
1436274780000 21.0
1436274840000 20.99
1436274900000 21.005
1436275080000 20.99
1436275380000 20.9872
1436275440000 21.0
1436275500000 21.0
1436275620000 21.015
1436275680000 20.96
1436275800000 20.9
1436275920000 20.91
1436276040000 20.95
1436276100000 21.008
1436276520000 21.03
1436276640000 21.0
1436276760000 21.05
1436276820000 21.015
1436276880000 21.015
1436277120000 21.0075
1436277300000 21.015
1436277360000 20.98
1436277420000 21.0
1436277480000 21.0
1436277600000 20.95
1436277660000 20.91
1436277720000 20.9
1436277780000 20.945
1436277960000 20.95
1436278080000 20.95
1436278440000 20.97
1436278560000 20.9699
1436278620000 20.96
1436278680000 20.94
1436278740000 20.83
1436278860000 20.92
1436278920000 20.88
1436279100000 20.812
1436279220000 20.93
1436279280000 20.8692
1436279460000 20.9199
1436279640000 20.93
1436279940000 20.96
1436280000000 20.96
1436280120000 21.015
1436280180000 21.03
1436280240000 21.065
1436280300000 21.005
1436280360000 21.0
1436280420000 21.0
1436280480000 20.95
1436280540000 20.91
1436280780000 20.87
1436281020000 20.95
1436281080000 20.99
1436281140000 21.0
1436281260000 20.99
1436281500000 21.025
1436281560000 20.99
