1436261400000 33.18
1436261760000 33.27
1436261820000 33.03
1436261940000 33.17
1436262060000 33.24
1436262120000 33.2899
1436262420000 33.27
1436262540000 33.37
1436262720000 33.39
1436262840000 33.44
1436262900000 33.59
1436263020000 33.4
1436263080000 33.28
1436263200000 33.23
1436263560000 33.32
1436263620000 33.27
1436263680000 33.22
1436263740000 33.28
1436263920000 33.12
1436263980000 33.07
1436264040000 33.0
1436264100000 33.04
1436264160000 33.08
1436264520000 33.22
1436264640000 33.31
1436264820000 33.43
1436264940000 33.45
1436265000000 33.45
1436265060000 33.3265
1436265120000 33.44
1436265180000 33.38
1436265300000 33.42
1436265360000 33.32
1436265420000 33.24
1436265600000 33.16
1436265780000 33.0104
1436266020000 33.15
1436266080000 33.29
1436266200000 33.38
1436266380000 33.4
1436266500000 33.41
1436266560000 33.43
1436266740000 33.43
1436266800000 33.33
1436267640000 33.24
1436267820000 33.04
1436267940000 33.04
1436268060000 33.05
1436268120000 33.11
1436268420000 33.15
1436268540000 33.15
1436268600000 33.1
1436268660000 32.98
1436268720000 33.04
1436268780000 33.11
1436268840000 33.16
1436268900000 33.285
1436268960000 33.33
1436269020000 33.25
1436269080000 33.17
1436269140000 33.18
1436269320000 33.23
1436269380000 33.38
1436269440000 33.59
1436269680000 33.62
1436269800000 33.62
1436269860000 33.62
1436269920000 33.66
1436269980000 33.73
1436270040000 33.705
1436270160000 33.69
1436270220000 33.76
1436270280000 33.75
1436270340000 33.76
1436270580000 33.73
1436270640000 33.75
1436270700000 33.77
1436270880000 33.74
1436271000000 33.7
1436271120000 33.65
1436271180000 33.5
1436271240000 33.51
1436271300000 33.385
1436271360000 33.48
1436271480000 33.48
1436271840000 33.49
1436271900000 33.49
1436272020000 33.63
1436272260000 33.63
1436272320000 33.7
1436272380000 33.7699
1436272440000 33.75
1436272560000 33.79
1436272740000 33.78
1436272860000 33.77
1436272920000 33.77
1436272980000 33.64
1436273280000 33.71
1436273640000 33.6629
1436273760000 33.77
1436273880000 33.8
1436274000000 33.99
1436274060000 33.91
1436274240000 33.91
1436274300000 34.04
1436274360000 34.001
1436274540000 33.7975
1436274600000 33.72
1436274720000 33.74
1436274900000 33.74
1436275200000 33.83
1436275260000 33.71
1436275500000 33.83
1436275620000 33.78
1436275980000 33.53
1436276340000 33.77
1436276640000 33.82
1436276700000 33.83
1436276880000 33.89
1436277060000 33.905
1436277120000 33.87
1436277180000 33.89
1436277300000 33.88
1436277420000 33.92
1436277480000 33.84
1436277540000 33.8625
1436277660000 33.93
1436277720000 33.95
1436277960000 33.97
1436278020000 33.86
1436278140000 33.8601
1436278200000 33.975
1436278260000 33.87
1436278440000 33.87
1436278500000 33.84
1436278560000 33.83
1436278620000 33.725
1436278680000 33.66
1436278800000 33.6512
1436278860000 33.61
1436278920000 33.55
1436279040000 33.64
1436279160000 33.64
1436279220000 33.65
1436279520000 33.54
1436279580000 33.64
1436279700000 33.68
1436279880000 33.65
1436279940000 33.71
1436280000000 33.71
1436280060000 33.78
1436280180000 33.8
1436280300000 33.78
1436280420000 33.82
1436280480000 33.78
1436280540000 33.87
1436280600000 33.77
1436280660000 33.81
1436280780000 33.76
1436280840000 33.72
1436281020000 33.72
1436281200000 33.83
1436281260000 33.9
1436281320000 33.875
1436281440000 33.87
1436281500000 33.88
