1436261400000 9.12
1436261640000 9.04
1436261700000 9.03
1436261760000 9.01
1436261880000 8.93
1436262360000 8.88
1436262420000 8.9
1436262540000 8.94
1436262600000 8.88
1436262720000 8.905
1436262780000 8.89
1436262840000 8.9
1436262900000 8.9
1436262960000 8.9
1436263020000 8.9
1436263080000 8.865
1436263140000 8.87
1436263200000 8.82
1436263260000 8.82
1436263320000 8.8
1436263380000 8.79
1436263440000 8.77
1436263560000 8.75
1436263620000 8.74
1436263680000 8.71
1436263740000 8.7399
1436263800000 8.71
1436263920000 8.74
1436263980000 8.71
1436264040000 8.71
1436264100000 8.71
1436264220000 8.72
1436264280000 8.72
1436264340000 8.73
1436264400000 8.7001
1436264460000 8.7
1436264520000 8.7001
1436264580000 8.6901
1436264640000 8.66
1436264700000 8.66
1436264760000 8.66
1436264820000 8.665
1436264880000 8.66
1436264940000 8.7
1436265000000 8.7
1436265120000 8.675
1436265180000 8.673
1436265240000 8.67
1436265300000 8.67
1436265360000 8.68
1436265420000 8.68
1436265480000 8.68
1436265540000 8.67
1436265660000 8.65
1436265720000 8.64
1436265780000 8.625
1436265840000 8.639
1436265900000 8.65
1436265960000 8.64
1436266020000 8.67
1436266080000 8.67
1436266140000 8.68
1436266200000 8.695
1436266260000 8.73
1436266320000 8.72
1436266380000 8.74
1436266440000 8.7412
1436266500000 8.75
1436266560000 8.76
1436266620000 8.76
1436266680000 8.78
1436266740000 8.76
1436266800000 8.76
1436266860000 8.75
1436266980000 8.75
1436267040000 8.74
1436267160000 8.78
1436267220000 8.78
1436267280000 8.77
1436267340000 8.77
1436267460000 8.73
1436267520000 8.74
1436267700000 8.71
1436267760000 8.71
1436267940000 8.7
1436268000000 8.7196
1436268120000 8.695
1436268180000 8.68
1436268240000 8.68
1436268300000 8.695
1436268360000 8.69
1436268420000 8.697
1436268480000 8.68
1436268600000 8.69
1436268660000 8.68
1436268720000 8.68
1436268840000 8.69
1436268960000 8.68
1436269080000 8.68
1436269140000 8.7
1436269260000 8.73
1436269320000 8.715
1436269440000 8.73
1436269500000 8.76
1436269560000 8.75
1436269680000 8.76
1436269740000 8.76
1436269800000 8.75
1436269860000 8.735
1436269920000 8.72
1436269980000 8.74
1436270100000 8.73
1436270160000 8.74
1436270220000 8.75
1436270280000 8.79
1436270340000 8.75
1436270520000 8.71
1436270580000 8.71
1436270640000 8.724
1436270700000 8.73
1436270760000 8.72
1436270880000 8.74
1436271000000 8.73
1436271120000 8.72
1436271180000 8.73
1436271240000 8.73
1436271360000 8.73
1436271480000 8.725
1436271540000 8.7
1436271660000 8.72
1436271840000 8.71
1436271900000 8.71
1436271960000 8.7
1436272020000 8.7
1436272260000 8.71
1436272440000 8.74
1436272500000 8.75
1436272620000 8.74
1436272680000 8.73
1436272740000 8.74
1436272860000 8.75
1436272980000 8.75
1436273100000 8.75
1436273160000 8.77
1436273220000 8.79
1436273280000 8.81
1436273340000 8.79
1436273400000 8.795
1436273460000 8.79
1436273520000 8.79
1436273580000 8.79
1436273640000 8.79
1436273820000 8.8
1436273880000 8.81
1436273940000 8.82
1436274000000 8.855
1436274120000 8.84
1436274240000 8.84
1436274360000 8.815
1436274480000 8.81
1436274540000 8.805
1436274660000 8.815
1436274720000 8.82
1436274780000 8.85
1436274840000 8.85
1436274900000 8.84
1436274960000 8.79
1436275080000 8.775
1436275140000 8.78
1436275200000 8.81
1436275320000 8.8
1436275440000 8.79
1436275500000 8.81
1436275560000 8.81
1436275680000 8.8
1436275740000 8.8
1436275860000 8.79
1436275920000 8.78
1436275980000 8.78
1436276280000 8.77
1436276400000 8.77
1436276520000 8.77
1436276580000 8.77
1436276640000 8.78
1436276700000 8.805
1436276880000 8.79
1436276940000 8.78
1436277120000 8.78
1436277240000 8.78
1436277360000 8.78
1436277480000 8.76
1436277540000 8.76
1436277660000 8.76
1436277720000 8.76
1436277780000 8.76
1436278200000 8.76
1436278260000 8.77
1436278320000 8.769
1436278500000 8.76
1436278680000 8.75
1436278740000 8.74
1436278800000 8.71
1436278860000 8.72
1436278920000 8.7165
1436278980000 8.7
1436279100000 8.709
1436279160000 8.705
1436279280000 8.7
1436279520000 8.71
1436279580000 8.71
1436279700000 8.71
1436279820000 8.7
1436279880000 8.69
1436279940000 8.71
1436280000000 8.7
1436280060000 8.7
1436280180000 8.72
1436280420000 8.76
1436280480000 8.75
1436280780000 8.75
1436280900000 8.76
1436281020000 8.755
1436281080000 8.77
1436281140000 8.785
1436281260000 8.82
1436281320000 8.82
1436281500000 8.795
