1436261400000 36.01
1436261640000 36.07
1436261700000 36.07
1436261760000 36.07
1436261820000 36.07
1436262300000 36.22
1436263560000 35.91
1436263620000 36.03
1436264040000 36.0
1436264700000 36.02
1436265000000 36.1
1436265360000 36.035
1436265420000 36.08
1436265600000 36.03
1436266080000 36.0
1436266200000 36.12
1436266380000 36.15
1436266800000 36.13
1436267100000 36.25
1436267520000 36.23
1436267640000 36.24
1436267880000 36.2
1436267940000 36.03
1436268060000 36.0
1436268120000 36.01
1436268240000 36.03
1436268540000 36.015
1436268840000 36.0
1436269200000 36.02
1436269320000 36.02
1436269800000 36.02
1436270160000 36.07
1436270340000 36.155
1436270400000 36.11
1436270520000 36.07
1436271120000 36.12
1436271180000 36.12
1436271420000 36.13
1436271720000 36.13
1436272260000 36.36
1436272440000 36.3
1436273160000 36.36
1436273340000 36.35
1436273880000 36.44
1436274300000 36.49
1436274420000 36.45
1436274600000 36.44
1436274900000 36.45
1436275620000 36.37
1436275740000 36.37
1436276340000 36.3
1436277180000 36.28
1436277900000 36.29
1436278380000 36.24
1436278500000 36.24
1436279580000 36.18
1436279640000 36.13
1436279880000 36.1
1436280000000 36.1
1436280180000 36.19
1436280240000 36.26
1436280420000 36.38
1436280900000 36.43
1436281560000 36.41
