1404705600000 28.27
1404792000000 27.12
1404878400000 27.5
1404964800000 27.9
1405051200000 27.33
1405310400000 28.08
1405396800000 28.89
1405483200000 28.97
1405569600000 28.63
1405915200000 28.176
1406001600000 28.23
1406088000000 28.09
1406174400000 28.5
1406520000000 27.55
1406692800000 27.0
1406865600000 27.4
1407124800000 26.9
1407297600000 26.89
1407470400000 26.99
1407729600000 26.0401
1407816000000 26.57
1407902400000 27.35
1407988800000 27.56
1408334400000 27.16
1408420800000 27.15
1408507200000 27.35
1408593600000 27.97
1408680000000 27.6
1408939200000 26.94
1409025600000 27.66
1409112000000 28.22
1409198400000 26.97
1409284800000 26.85
1409630400000 27.21
1409716800000 28.32
1409803200000 28.14
1410148800000 27.819
1410408000000 27.76
1410753600000 27.12
1410840000000 27.32
1411012800000 27.3099
1411099200000 27.01
1411358400000 27.16
1411531200000 26.71
1411617600000 26.6019
1411704000000 27.2499
1411963200000 26.7
1412049600000 25.702
1412136000000 26.37
1412222400000 26.18
1412568000000 26.26
1412654400000 26.02
1413259200000 25.055
1413345600000 24.655
1413432000000 23.84
1413518400000 27.41
1413777600000 25.0
1413864000000 24.51
1414036800000 25.39
1414382400000 25.7
1414468800000 25.68
1414555200000 25.277
1414641600000 25.09
1415163600000 25.0048
1415250000000 24.62
1415682000000 23.5
1415768400000 23.24
1415854800000 24.77
1416200400000 24.52
1416286800000 25.859
1416459600000 24.97
1416546000000 24.08
1416805200000 23.52
1416891600000 22.79
1416978000000 23.08
1417150800000 22.52
1417410000000 22.55
1417755600000 22.76
1418014800000 22.7599
1418101200000 22.0
1418274000000 22.48
1418619600000 22.73
1418706000000 21.9
1418792400000 21.87
1418878800000 22.0
1418965200000 22.02
1419224400000 22.0
1419310800000 21.56
1419397200000 22.4999
1419570000000 21.81
1419829200000 22.459
1419915600000 21.7
1420002000000 22.1
1420174800000 21.86
1420434000000 22.15
1420520400000 21.75
1420606800000 21.85
1420693200000 22.32
1420779600000 22.395
1421038800000 22.68
1421125200000 22.72
1421211600000 22.3
1421298000000 22.55
1421384400000 22.75
1421730000000 21.46
1421816400000 21.31
1421902800000 21.33
1421989200000 20.78
1422248400000 20.67
1422334800000 20.8
1422421200000 21.06
1422507600000 20.52
1422594000000 20.6
1422853200000 20.83
1422939600000 22.4
1423026000000 22.6
1423198800000 22.41
1423458000000 22.84
1423544400000 23.37
1423630800000 22.91
1423717200000 22.77
1423803600000 22.78
1424149200000 23.45
1424235600000 23.44
1424322000000 23.75
1424408400000 23.7
1424667600000 23.05
1424840400000 23.885
1424926800000 24.3176
1425272400000 24.59
1425445200000 25.06
1425531600000 25.1
1425618000000 24.72
1425873600000 24.75
1425960000000 24.36
1426132800000 25.45
1426219200000 24.52
1426478400000 25.56
1426564800000 26.8
1426651200000 26.5845
1426737600000 25.36
1427169600000 24.42
1427256000000 24.59
1427342400000 25.11
1427428800000 25.0
1427774400000 27.9799
1427860800000 26.27
1427947200000 26.4
1428292800000 27.05
1428379200000 27.3
1428465600000 26.91
1428552000000 27.0
1428638400000 26.85
1428897600000 26.35
1428984000000 26.2
1429070400000 27.3713
1429156800000 26.5
1429502400000 26.46
1429588800000 26.55
1429761600000 26.55
1429848000000 26.8
1430107200000 27.25
1430193600000 26.72
1430280000000 26.74
1430366400000 26.74
1430452800000 26.84
1430712000000 27.14
1430798400000 27.14
1430884800000 27.817
1430971200000 27.2
1431057600000 27.01
1431316800000 27.2
1431403200000 27.1
1431489600000 27.57
1431576000000 27.05
1431662400000 27.7099
1431921600000 28.56
1432008000000 28.8
1432094400000 28.53
1432180800000 30.2653
1432267200000 28.67
1432612800000 27.3425
1432699200000 28.074
1432785600000 27.8
1433131200000 29.15
1433217600000 29.61
1433304000000 29.41
1433390400000 29.14
1433736000000 29.01
1433822400000 29.1
1433908800000 27.6
1433995200000 27.32
1434340800000 26.5001
1434427200000 26.66
1434513600000 27.78
1434686400000 27.4001
1434945600000 28.75
1435032000000 28.63
1435118400000 27.75
1435204800000 28.2
1435550400000 27.01
