1436261400000 70.38
1436261520000 70.4
1436261640000 70.5
1436261700000 70.41
1436261760000 70.245
1436261820000 70.03
1436261880000 69.99
1436261940000 69.96
1436262000000 70.09
1436262060000 70.04
1436262120000 70.04
1436262180000 70.04
1436262240000 70.0
1436262300000 69.99
1436262360000 69.81
1436262420000 69.84
1436262480000 69.89
1436262540000 69.88
1436262600000 69.89
1436262660000 69.856
1436262720000 69.97
1436262780000 70.0
1436262840000 70.015
1436262900000 70.045
1436262960000 69.94
1436263020000 69.89
1436263080000 69.85
1436263140000 69.77
1436263200000 69.79
1436263260000 69.69
1436263320000 69.66
1436263440000 69.61
1436263500000 69.71
1436263560000 69.68
1436263620000 69.63
1436263680000 69.56
1436263740000 69.63
1436263800000 69.63
1436263860000 69.71
1436263980000 69.62
1436264040000 69.64
1436264100000 69.67
1436264160000 69.57
1436264220000 69.59
1436264280000 69.62
1436264340000 69.56
1436264400000 69.52
1436264460000 69.51
1436264520000 69.59
1436264580000 69.57
1436264640000 69.55
1436264700000 69.55
1436264760000 69.52
1436264820000 69.53
1436264880000 69.4
1436264940000 69.43
1436265000000 69.41
1436265060000 69.36
1436265120000 69.34
1436265180000 69.39
1436265240000 69.32
1436265300000 69.37
1436265360000 69.31
1436265420000 69.3
1436265480000 69.32
1436265540000 69.32
1436265600000 69.21
1436265660000 69.11
1436265720000 69.1
1436265780000 69.145
1436265840000 69.23
1436265900000 69.1
1436265960000 69.08
1436266020000 69.15
1436266080000 69.19
1436266140000 69.18
1436266200000 69.2
1436266260000 69.09
1436266320000 69.18
1436266380000 69.116
1436266440000 69.13
1436266500000 69.23
1436266560000 69.08
1436266620000 69.16
1436266680000 69.15
1436266740000 69.12
1436266800000 69.15
1436266860000 69.03
1436266920000 69.04
1436266980000 69.0
1436267040000 69.08
1436267100000 69.04
1436267160000 68.96
1436267220000 68.98
1436267280000 68.97
1436267340000 68.99
1436267400000 69.08
1436267460000 69.1385
1436267520000 69.11
1436267580000 69.18
1436267640000 69.17
1436267700000 69.32
1436267760000 69.36
1436267820000 69.37
1436267880000 69.33
1436267940000 69.27
1436268000000 69.34
1436268060000 69.22
1436268120000 69.18
1436268180000 69.18
1436268240000 69.3
1436268300000 69.26
1436268360000 69.19
1436268420000 69.17
1436268480000 69.25
1436268540000 69.12
1436268600000 69.18
1436268660000 69.11
1436268720000 69.06
1436268780000 69.1
1436268840000 69.05
1436268900000 68.9
1436268960000 68.9
1436269020000 68.97
1436269080000 68.92
1436269140000 68.89
1436269200000 68.905
1436269260000 68.937
1436269320000 69.0
1436269380000 69.06
1436269440000 69.1
1436269500000 69.1101
1436269560000 69.1
1436269620000 69.1
1436269680000 69.1568
1436269740000 69.22
1436269800000 69.205
1436269860000 69.19
1436269920000 69.17
1436269980000 69.18
1436270040000 69.1
1436270100000 69.19
1436270160000 69.15
1436270220000 69.31
1436270280000 69.3105
1436270340000 69.32
1436270400000 69.318
1436270460000 69.25
1436270520000 69.21
1436270580000 69.21
1436270640000 69.2099
1436270700000 69.21
1436270760000 69.23
1436270820000 69.28
1436270880000 69.34
1436270940000 69.3
1436271000000 69.28
1436271060000 69.23
1436271120000 69.27
1436271180000 69.24
1436271240000 69.26
1436271300000 69.29
1436271360000 69.36
1436271420000 69.365
1436271480000 69.375
1436271540000 69.4
1436271600000 69.405
1436271660000 69.401
1436271720000 69.38
1436271780000 69.41
1436271840000 69.4
1436271900000 69.41
1436271960000 69.365
1436272020000 69.4
1436272080000 69.44
1436272140000 69.42
1436272200000 69.46
1436272260000 69.43
1436272320000 69.51
1436272380000 69.55
1436272440000 69.57
1436272500000 69.53
1436272560000 69.5
1436272620000 69.52
1436272680000 69.54
1436272740000 69.55
1436272800000 69.57
1436272860000 69.57
1436272920000 69.63
1436272980000 69.64
1436273040000 69.6
1436273100000 69.6
1436273160000 69.59
1436273220000 69.6
1436273280000 69.6
1436273340000 69.58
1436273400000 69.58
1436273460000 69.56
1436273520000 69.55
1436273580000 69.51
1436273640000 69.47
1436273700000 69.535
1436273760000 69.54
1436273820000 69.55
1436273880000 69.62
1436273940000 69.64
1436274000000 69.64
1436274060000 69.62
1436274120000 69.58
1436274180000 69.54
1436274240000 69.54
1436274300000 69.63
1436274360000 69.615
1436274420000 69.47
1436274480000 69.43
1436274540000 69.44
1436274600000 69.505
1436274660000 69.5
1436274720000 69.52
1436274780000 69.65
1436274840000 69.585
1436274900000 69.62
1436274960000 69.63
1436275020000 69.5
1436275080000 69.52
1436275140000 69.575
1436275200000 69.72
1436275260000 69.665
1436275320000 69.64
1436275380000 69.59
1436275440000 69.61
1436275500000 69.67
1436275560000 69.7
1436275620000 69.74
1436275680000 69.76
1436275740000 69.8
1436275800000 69.79
1436275860000 69.83
1436275920000 69.8
1436275980000 69.8
1436276040000 69.82
1436276160000 69.83
1436276220000 69.83
1436276280000 69.79
1436276340000 69.78
1436276400000 69.79
1436276460000 69.8
1436276520000 69.8
1436276580000 69.75
1436276640000 69.79
1436276700000 69.8
1436276760000 69.77
1436276820000 69.69
1436276880000 69.69
1436276940000 69.73
1436277000000 69.765
1436277060000 69.84
1436277120000 69.78
1436277180000 69.73
1436277240000 69.67
1436277300000 69.71
1436277360000 69.68
1436277480000 69.65
1436277540000 69.64
1436277600000 69.63
1436277660000 69.6
1436277720000 69.6
1436277780000 69.5
1436277840000 69.53
1436277900000 69.53
1436277960000 69.53
1436278020000 69.53
1436278080000 69.55
1436278140000 69.5599
1436278200000 69.64
1436278260000 69.59
1436278320000 69.57
1436278380000 69.5
1436278440000 69.5
1436278500000 69.5
1436278560000 69.41
1436278620000 69.41
1436278680000 69.4
1436278740000 69.32
1436278800000 69.3
1436278860000 69.31
1436278920000 69.32
1436278980000 69.28
1436279040000 69.31
1436279100000 69.36
1436279160000 69.4
1436279220000 69.47
1436279280000 69.44
1436279340000 69.41
1436279400000 69.39
1436279460000 69.39
1436279520000 69.43
1436279580000 69.54
1436279640000 69.6
1436279700000 69.56
1436279760000 69.55
1436279820000 69.49
1436279880000 69.47
1436279940000 69.475
1436280000000 69.4475
1436280060000 69.47
1436280120000 69.54
1436280180000 69.52
1436280240000 69.57
1436280300000 69.5401
1436280360000 69.55
1436280420000 69.55
1436280480000 69.58
1436280540000 69.57
1436280600000 69.55
1436280660000 69.56
1436280720000 69.57
1436280780000 69.59
1436280840000 69.6
1436280900000 69.62
1436280960000 69.61
1436281020000 69.64
1436281080000 69.7
1436281140000 69.73
1436281200000 69.72
1436281260000 69.82
1436281320000 69.76
1436281380000 69.72
1436281440000 69.79
1436281500000 69.86
1436281560000 69.71
