1436261400000 32.29
1436261460000 32.23
1436261520000 32.22
1436261580000 32.21
1436261640000 32.19
1436261700000 32.14
1436261760000 32.1
1436261820000 32.08
1436261880000 32.07
1436261940000 32.09
1436262000000 32.07
1436262060000 32.07
1436262120000 32.05
1436262180000 32.07
1436262240000 32.07
1436262300000 32.07
1436262360000 32.06
1436262420000 32.08
1436262480000 32.07
1436262540000 32.07
1436262600000 32.06
1436262660000 32.03
1436262720000 32.04
1436262780000 32.07
1436262840000 32.06
1436262900000 32.06
1436262960000 32.05
1436263020000 32.05
1436263080000 32.01
1436263140000 31.99
1436263200000 31.99
1436263260000 31.96
1436263320000 31.95
1436263380000 31.965
1436263440000 31.95
1436263500000 31.945
1436263560000 31.95
1436263620000 31.94
1436263680000 31.91
1436263740000 31.91
1436263800000 31.91
1436263860000 31.94
1436263920000 31.955
1436263980000 31.96
1436264040000 31.97
1436264100000 31.96
1436264160000 31.93
1436264220000 31.94
1436264280000 31.93
1436264340000 31.955
1436264400000 31.945
1436264460000 31.92
1436264520000 31.94
1436264580000 31.93
1436264640000 31.93
1436264700000 31.9
1436264760000 31.88
1436264820000 31.88
1436264880000 31.85
1436264940000 31.85
1436265000000 31.85
1436265060000 31.87
1436265120000 31.86
1436265180000 31.89
1436265240000 31.85
1436265300000 31.85
1436265360000 31.85
1436265420000 31.87
1436265480000 31.8799
1436265540000 31.8892
1436265600000 31.85
1436265660000 31.82
1436265720000 31.815
1436265780000 31.82
1436265840000 31.82
1436265900000 31.82
1436265960000 31.8
1436266020000 31.82
1436266080000 31.82
1436266140000 31.81
1436266200000 31.81
1436266260000 31.8
1436266320000 31.82
1436266380000 31.83
1436266440000 31.85
1436266500000 31.86
1436266560000 31.83
1436266620000 31.87
1436266680000 31.84
1436266740000 31.84
1436266800000 31.845
1436266860000 31.83
1436266920000 31.85
1436266980000 31.85
1436267040000 31.82
1436267100000 31.82
1436267160000 31.79
1436267220000 31.82
1436267280000 31.81
1436267340000 31.81
1436267400000 31.81
1436267460000 31.82
1436267520000 31.825
1436267580000 31.83
1436267640000 31.83
1436267700000 31.83
1436267760000 31.84
1436267820000 31.84
1436267880000 31.8311
1436267940000 31.82
1436268000000 31.84
1436268060000 31.82
1436268120000 31.8
1436268180000 31.81
1436268240000 31.82
1436268300000 31.82
1436268360000 31.79
1436268420000 31.79
1436268480000 31.81
1436268540000 31.78
1436268600000 31.73
1436268660000 31.71
1436268720000 31.71
1436268780000 31.72
1436268840000 31.691
1436268900000 31.7
1436268960000 31.69
1436269020000 31.72
1436269080000 31.73
1436269140000 31.77
1436269200000 31.795
1436269260000 31.82
1436269320000 31.83
1436269380000 31.85
1436269440000 31.87
1436269500000 31.87
1436269560000 31.84
1436269620000 31.82
1436269680000 31.85
1436269740000 31.83
1436269800000 31.84
1436269860000 31.835
1436269920000 31.8
1436269980000 31.8
1436270040000 31.79
1436270100000 31.8
1436270160000 31.83
1436270220000 31.89
1436270280000 31.89
1436270340000 31.93
1436270400000 31.9
1436270460000 31.89
1436270580000 31.9
1436270640000 31.91
1436270700000 31.9
1436270760000 31.9
1436270820000 31.88
1436270880000 31.89
1436270940000 31.91
1436271000000 31.9
1436271060000 31.88
1436271120000 31.87
1436271180000 31.86
1436271240000 31.86
1436271300000 31.86
1436271360000 31.89
1436271420000 31.88
1436271480000 31.88
1436271540000 31.9
1436271600000 31.91
1436271660000 31.9301
1436271720000 31.945
1436271780000 31.93
1436271840000 31.95
1436271900000 31.965
1436271960000 31.97
1436272020000 31.96
1436272080000 31.97
1436272140000 31.96
1436272200000 31.96
1436272260000 31.96
1436272320000 31.98
1436272380000 31.985
1436272440000 32.005
1436272500000 32.01
1436272560000 32.0
1436272620000 32.02
1436272680000 32.01
1436272740000 32.03
1436272800000 32.05
1436272860000 32.04
1436272920000 32.06
1436272980000 32.06
1436273040000 32.06
1436273100000 32.08
1436273160000 32.1
1436273220000 32.1
1436273280000 32.08
1436273340000 32.085
1436273400000 32.07
1436273460000 32.06
1436273520000 32.06
1436273580000 32.06
1436273640000 32.05
1436273700000 32.09
1436273760000 32.08
1436273820000 32.11
1436273880000 32.11
1436273940000 32.12
1436274000000 32.1351
1436274060000 32.13
1436274120000 32.12
1436274180000 32.1
1436274240000 32.12
1436274300000 32.11
1436274360000 32.09
1436274420000 32.07
1436274480000 32.09
1436274540000 32.1
1436274600000 32.1
1436274660000 32.1
1436274720000 32.12
1436274780000 32.17
1436274840000 32.19
1436274900000 32.19
1436274960000 32.17
1436275020000 32.15
1436275080000 32.16
1436275140000 32.17
1436275200000 32.185
1436275260000 32.16
1436275320000 32.14
1436275380000 32.13
1436275440000 32.165
1436275500000 32.175
1436275560000 32.17
1436275620000 32.17
1436275680000 32.195
1436275740000 32.205
1436275800000 32.21
1436275860000 32.21
1436275920000 32.18
1436275980000 32.19
1436276040000 32.17
1436276100000 32.18
1436276160000 32.17
1436276220000 32.18
1436276280000 32.18
1436276340000 32.19
1436276400000 32.2
1436276460000 32.19
1436276520000 32.18
1436276580000 32.17
1436276640000 32.18
1436276700000 32.185
1436276760000 32.18
1436276820000 32.18
1436276880000 32.17
1436276940000 32.19
1436277000000 32.21
1436277060000 32.18
1436277120000 32.18
1436277180000 32.17
1436277240000 32.16
1436277300000 32.163
1436277360000 32.17
1436277420000 32.18
1436277480000 32.17
1436277540000 32.16
1436277600000 32.18
1436277660000 32.18
1436277720000 32.18
1436277780000 32.155
1436277840000 32.18
1436277900000 32.19
1436277960000 32.18
1436278020000 32.18
1436278080000 32.18
1436278140000 32.19
1436278200000 32.21
1436278260000 32.2
1436278320000 32.21
1436278380000 32.22
1436278440000 32.225
1436278500000 32.22
1436278560000 32.22
1436278620000 32.23
1436278680000 32.215
1436278740000 32.19
1436278800000 32.185
1436278860000 32.2
1436278920000 32.18
1436278980000 32.165
1436279040000 32.17
1436279100000 32.19
1436279160000 32.21
1436279220000 32.205
1436279280000 32.2
1436279340000 32.18
1436279400000 32.175
1436279460000 32.19
1436279520000 32.19
1436279580000 32.22
1436279640000 32.23
1436279700000 32.21
1436279760000 32.21
1436279820000 32.22
1436279880000 32.2
1436279940000 32.25
1436280000000 32.27
1436280060000 32.3
1436280120000 32.32
1436280180000 32.33
1436280240000 32.36
1436280300000 32.36
1436280360000 32.38
1436280420000 32.38
1436280480000 32.37
1436280540000 32.36
1436280600000 32.34
1436280660000 32.335
1436280720000 32.345
1436280780000 32.35
1436280840000 32.36
1436280900000 32.37
1436280960000 32.37
1436281020000 32.38
1436281080000 32.38
1436281140000 32.43
1436281200000 32.425
1436281260000 32.44
1436281320000 32.42
1436281380000 32.41
1436281440000 32.4
1436281500000 32.41
1436281560000 32.395
1436281620000 32.39
