1436261400000 16.12
1436262060000 16.05
1436262300000 16.05
1436262360000 16.09
1436262420000 16.18
1436262480000 16.19
1436262540000 16.16
1436263020000 16.15
1436263260000 16.1155
1436263560000 16.13
1436263680000 16.16
1436263860000 16.15
1436263980000 16.16
1436264040000 16.18
1436264760000 16.12
1436264820000 16.14
1436265180000 16.17
1436265420000 16.19
1436265600000 16.15
1436265900000 16.18
1436266260000 16.13
1436266320000 16.17
1436266440000 16.21
1436266500000 16.21
1436266560000 16.18
1436266620000 16.22
1436266740000 16.19
1436267100000 16.15
1436267220000 16.09
1436267340000 16.09
1436267640000 16.135
1436267700000 16.1
1436267760000 16.1
1436268060000 16.1
1436268120000 16.095
1436268300000 16.095
1436268360000 16.095
1436268420000 16.07
1436268660000 16.12
1436268840000 16.1
1436268900000 16.1
1436268960000 16.08
1436269140000 16.17
1436269500000 16.18
1436269920000 16.18
1436269980000 16.24
1436270160000 16.2
1436270820000 16.16
1436271060000 16.16
1436271240000 16.16
1436271360000 16.19
1436271420000 16.15
1436271540000 16.145
1436271840000 16.145
1436272200000 16.17
1436272380000 16.19
1436272440000 16.18
1436272800000 16.25
1436272920000 16.21
1436273400000 16.29
1436273520000 16.22
1436273820000 16.25
1436273940000 16.25
1436274180000 16.23
1436274240000 16.25
1436274420000 16.25
1436274780000 16.24
1436274840000 16.25
1436274960000 16.24
1436275320000 16.25
1436275440000 16.24
1436275500000 16.26
1436275920000 16.27
1436275980000 16.285
1436276160000 16.23
1436276220000 16.21
1436276340000 16.2
1436276400000 16.2
1436276520000 16.24
1436276700000 16.26
1436276880000 16.25
1436277180000 16.29
1436277300000 16.21
1436277540000 16.161
1436277720000 16.18
1436277840000 16.21
1436277900000 16.21
1436278020000 16.2
1436278080000 16.2
1436278200000 16.215
1436278380000 16.22
1436278620000 16.23
1436278680000 16.23
1436278800000 16.21
1436278920000 16.2
1436279340000 16.21
1436279400000 16.21
1436280180000 16.2894
1436280420000 16.29
1436280540000 16.29
1436280660000 16.28
1436280720000 16.28
1436280960000 16.24
1436281020000 16.23
1436281200000 16.3
1436281260000 16.39
1436281440000 16.35
