1436261400000 19.36
1436261700000 19.28
1436261820000 19.26
1436261880000 19.24
1436261940000 19.24
1436262120000 19.25
1436262780000 19.3
1436262960000 19.32
1436263140000 19.3
1436263200000 19.32
1436263320000 19.23
1436263680000 19.23
1436263740000 19.25
1436263800000 19.31
1436264100000 19.28
1436264520000 19.22
1436264580000 19.17
1436264640000 19.18
1436264700000 19.17
1436264820000 19.17
1436264940000 19.13
1436265060000 19.1
1436265120000 19.08
1436265240000 19.1
1436265360000 19.08
1436265660000 19.06
1436265780000 19.01
1436265840000 19.03
1436265900000 19.03
1436265960000 19.035
1436266020000 19.05
1436266080000 19.03
1436266140000 19.12
1436266200000 19.1
1436266260000 19.1
1436266440000 19.12
1436266560000 19.12
1436266620000 19.11
1436266800000 19.11
1436266860000 19.1
1436267040000 19.1
1436267100000 19.12
1436267220000 19.1
1436267460000 19.1
1436267520000 19.11
1436267640000 19.11
1436267820000 19.11
1436268000000 19.11
1436268180000 19.1
1436268240000 19.08
1436268300000 19.08
1436268420000 19.08
1436268480000 19.08
1436268600000 19.045
1436268660000 19.04
1436268720000 19.02
1436268840000 19.02
1436268900000 19.015
1436268960000 19.005
1436269020000 19.01
1436269140000 19.09
1436269380000 19.11
1436269440000 19.12
1436269800000 19.12
1436270040000 19.12
1436270160000 19.13
1436270220000 19.135
1436270940000 19.12
1436271000000 19.09
1436271120000 19.07
1436271180000 19.06
1436271300000 19.06
1436271540000 19.11
1436271600000 19.11
1436272140000 19.11
1436272320000 19.1
1436272560000 19.1
1436272740000 19.13
1436272860000 19.13
1436273280000 19.16
1436273340000 19.22
1436273400000 19.23
1436273640000 19.24
1436273700000 19.27
1436273820000 19.24
1436273880000 19.29
1436274120000 19.3
1436274240000 19.33
1436274360000 19.27
1436274600000 19.21
1436274720000 19.22
1436274900000 19.25
1436275440000 19.21
1436275560000 19.2
1436275620000 19.21
1436275740000 19.23
1436276040000 19.24
1436276340000 19.22
1436276520000 19.2
1436276640000 19.23
1436276700000 19.23
1436276880000 19.22
1436276940000 19.22
1436277000000 19.22
1436277240000 19.2
1436277480000 19.2
1436277540000 19.2
1436277600000 19.2
1436277660000 19.2
1436277960000 19.2
1436278020000 19.19
1436278200000 19.17
1436278260000 19.16
1436278500000 19.15
1436278740000 19.13
1436278860000 19.11
1436279040000 19.07
1436279160000 19.095
1436279220000 19.08
1436279340000 19.1
1436279460000 19.09
1436279640000 19.095
1436279700000 19.09
1436280000000 19.1
1436280060000 19.16
1436280180000 19.2
1436280420000 19.2484
1436280480000 19.3
1436280900000 19.31
1436281080000 19.33
1436281140000 19.4
1436281260000 19.39
1436281320000 19.38
1436281440000 19.38
1436281500000 19.4
1436281560000 19.43
