1436261400000 2.81
1436261460000 2.8
1436261520000 2.801
1436261580000 2.7001
1436261640000 2.74
1436261700000 2.728
1436261760000 2.74
1436261820000 2.7498
1436261940000 2.82
1436262060000 2.772
1436262120000 2.787
1436262180000 2.788
1436262240000 2.8
1436262480000 2.7898
1436262540000 2.76
1436262600000 2.75
1436262660000 2.75
1436262720000 2.74
1436262780000 2.749
1436262840000 2.75
1436262900000 2.8119
1436262960000 2.88
1436263020000 2.9082
1436263080000 2.91
1436263140000 2.91
1436263200000 2.9392
1436263260000 2.95
1436263320000 2.9001
1436263380000 2.92
1436263440000 2.92
1436263500000 2.8706
1436263560000 2.903
1436263620000 2.91
1436263680000 2.8701
1436263740000 2.892
1436263800000 2.8963
1436263860000 2.894
1436263920000 2.89
1436263980000 2.904
1436264040000 2.93
1436264100000 2.9001
1436264160000 2.9299
1436264220000 2.9387
1436264280000 2.93
1436264340000 2.95
1436264400000 2.9204
1436264460000 2.93
1436264520000 2.91
1436264580000 2.9429
1436264640000 3.02
1436264700000 2.96
1436264760000 2.941
1436264820000 2.9321
1436264880000 2.9495
1436264940000 2.95
1436265000000 2.9104
1436265060000 2.9496
1436265120000 2.94
1436265240000 3.0
1436265300000 2.9412
1436265360000 2.98
1436265420000 3.01
1436265480000 3.0076
1436265540000 2.993
1436265600000 3.005
1436265780000 2.98
1436265840000 2.9602
1436265900000 2.9
1436265960000 2.8802
1436266140000 2.88
1436266200000 2.8801
1436266260000 2.8845
1436266380000 2.8888
1436266440000 2.8737
1436266500000 2.92
1436266560000 2.9484
1436266620000 2.9485
1436266740000 2.9494
1436266860000 2.9301
1436266920000 2.9301
1436266980000 2.9312
1436267040000 2.9396
1436267100000 2.93
1436267160000 2.86
1436267580000 2.9
1436267760000 2.9185
1436267940000 2.8715
1436268120000 2.8701
1436268300000 2.8755
1436268420000 2.8799
1436268540000 2.87
1436268600000 2.8201
1436268660000 2.82
1436268720000 2.8299
1436268840000 2.873
1436268960000 2.8499
1436269080000 2.8401
1436269140000 2.85
1436269560000 2.8675
1436269680000 2.8893
1436269860000 2.86
1436269920000 2.8601
1436270100000 2.8399
1436270220000 2.8299
1436270280000 2.83
1436270340000 2.8299
1436270400000 2.83
1436270460000 2.83
1436270520000 2.85
1436270640000 2.85
1436270820000 2.8501
1436270940000 2.8599
1436271120000 2.8099
1436271180000 2.8
1436271240000 2.7601
1436271300000 2.7897
1436271420000 2.78
1436271480000 2.7601
1436271540000 2.79
1436271660000 2.79
1436271720000 2.79
1436271780000 2.79
1436271900000 2.78
1436271960000 2.79
1436272080000 2.77
1436272440000 2.79
1436272500000 2.8
1436272560000 2.7961
1436272620000 2.8
1436272680000 2.7999
1436272740000 2.7872
1436272860000 2.82
1436273220000 2.79
1436273280000 2.78
1436273340000 2.7799
1436273520000 2.77
1436273580000 2.76
1436273940000 2.8054
1436274000000 2.815
1436274120000 2.81
1436274240000 2.77
1436274300000 2.77
1436274480000 2.7822
1436274780000 2.8
1436275080000 2.7955
1436275140000 2.7901
1436275380000 2.79
1436275440000 2.77
1436275560000 2.77
1436276100000 2.7545
1436276400000 2.7501
1436276460000 2.753
1436276580000 2.7545
1436276820000 2.75
1436276940000 2.74
1436277180000 2.74
1436277720000 2.75
1436277780000 2.7499
1436278080000 2.7401
1436278140000 2.74
1436278260000 2.74
1436278320000 2.61
1436278380000 2.62
1436278440000 2.6301
1436278500000 2.6401
1436278620000 2.66
1436278740000 2.69
1436278920000 2.6501
1436279100000 2.69
1436279400000 2.67
1436279580000 2.6504
1436279640000 2.6635
1436279700000 2.6501
1436280000000 2.6545
1436280060000 2.64
1436280120000 2.63
1436280180000 2.6145
1436280240000 2.603
1436280300000 2.5801
1436280360000 2.54
1436280420000 2.5888
1436280540000 2.5301
1436280600000 2.53
1436280660000 2.53
1436280780000 2.519
1436280900000 2.62
1436280960000 2.6
1436281020000 2.6332
1436281080000 2.62
1436281380000 2.6201
1436281560000 2.6499
