1436261400000 49.1
1436261940000 49.41
1436262000000 49.41
1436262300000 48.8601
1436262360000 48.785
1436262480000 48.79
1436262540000 48.78
1436262600000 48.8
1436262660000 48.78
1436262720000 48.8899
1436262780000 48.8
1436262840000 48.7525
1436262960000 48.75
1436263020000 48.73
1436263080000 48.68
1436263140000 48.6
1436263200000 48.64
1436263320000 48.57
1436263380000 48.57
1436263440000 48.54
1436263500000 48.47
1436263560000 48.4401
1436263620000 48.39
1436263680000 48.47
1436263740000 48.45
1436263800000 48.5
1436264040000 48.67
1436264100000 48.58
1436264280000 48.54
1436264340000 48.64
1436264460000 48.55
1436264520000 48.58
1436264580000 48.47
1436264640000 48.56
1436264820000 48.53
1436265000000 48.44
1436265060000 48.3501
1436265120000 48.36
1436265180000 48.34
1436265240000 48.3
1436265300000 48.3
1436265360000 48.27
1436265420000 48.25
1436265480000 48.1401
1436265540000 48.22
1436265600000 48.13
1436265660000 48.05
1436265720000 48.0
1436265780000 47.98
1436265840000 47.92
1436265960000 47.99
1436266020000 48.09
1436266080000 48.11
1436266260000 48.01
1436266320000 48.02
1436266380000 48.096
1436266440000 48.14
1436266620000 48.2
1436266680000 48.255
1436266740000 48.26
1436266800000 48.096
1436266860000 48.17
1436266980000 48.1118
1436267160000 48.02
1436267220000 48.05
1436267280000 48.12
1436267340000 48.115
1436267400000 48.13
1436267580000 48.28
1436267640000 48.21
1436267700000 48.13
1436267760000 48.24
1436267880000 48.09
1436267940000 47.98
1436268060000 47.95
1436268120000 47.93
1436268180000 47.92
1436268240000 47.9543
1436268300000 47.95
1436268360000 47.95
1436268540000 47.92
1436268660000 47.9
1436268780000 47.86
1436268840000 47.73
1436268900000 47.83
1436268960000 47.73
1436269020000 47.79
1436269080000 47.79
1436269140000 47.96
1436269260000 47.965
1436269320000 48.095
1436269380000 48.2
1436269440000 48.2
1436269620000 48.17
1436269800000 48.07
1436269980000 48.05
1436270040000 48.05
1436270100000 48.14
1436270160000 48.29
1436270220000 48.46
1436270340000 48.42
1436270400000 48.43
1436270520000 48.31
1436270640000 48.28
1436270820000 48.45
1436270880000 48.448
1436270940000 48.38
1436271000000 48.32
1436271060000 48.055
1436271180000 48.15
1436271240000 48.12
1436271480000 48.2725
1436271660000 48.39
1436271720000 48.32
1436271780000 48.43
1436271840000 48.45
1436271900000 48.52
1436272080000 48.49
1436272140000 48.5001
1436272200000 48.4401
1436272260000 48.44
1436272320000 48.39
1436272380000 48.34
1436272440000 48.28
1436272500000 48.27
1436272560000 48.28
1436272680000 48.3
1436272800000 48.3
1436272860000 48.395
1436272920000 48.3
1436272980000 48.33
1436273100000 48.35
1436273160000 48.32
1436273220000 48.31
1436273280000 48.33
1436273340000 48.28
1436273400000 48.315
1436273520000 48.2601
1436273580000 48.27
1436273640000 48.35
1436273700000 48.35
1436273760000 48.3999
1436273820000 48.39
1436273940000 48.54
1436274000000 48.7
1436274120000 48.545
1436274240000 48.67
1436274360000 48.5901
1436274720000 48.54
1436274960000 48.64
1436275320000 48.63
1436275500000 48.6043
1436275560000 48.6185
1436275680000 48.565
1436275740000 48.57
1436275800000 48.605
1436275860000 48.67
1436276040000 48.71
1436276220000 48.65
1436276340000 48.725
1436276400000 48.66
1436276460000 48.55
1436276520000 48.56
1436276580000 48.56
1436276640000 48.56
1436276700000 48.6
1436276760000 48.6065
1436276880000 48.54
1436276940000 48.54
1436277180000 48.56
1436277240000 48.55
1436277300000 48.46
1436277360000 48.46
1436277420000 48.49
1436277540000 48.47
1436277600000 48.45
1436277660000 48.48
1436277720000 48.45
1436277780000 48.41
1436277900000 48.445
1436278140000 48.4
1436278200000 48.45
1436278260000 48.46
1436278320000 48.455
1436278380000 48.46
1436278440000 48.48
1436278500000 48.46
1436278620000 48.41
1436278740000 48.4
1436278860000 48.27
1436278980000 48.35
1436279040000 48.34
1436279100000 48.271
1436279280000 48.255
1436279340000 48.27
1436279400000 48.28
1436279460000 48.22
1436279520000 48.26
1436279580000 48.2701
1436279700000 48.46
1436279760000 48.33
1436279820000 48.39
1436279880000 48.4
1436279940000 48.35
1436280060000 48.48
1436280120000 48.43
1436280180000 48.47
1436280240000 48.58
1436280300000 48.605
1436280360000 48.5301
1436280420000 48.55
1436280480000 48.55
1436280540000 48.48
1436280600000 48.51
1436280660000 48.46
1436280720000 48.48
1436280780000 48.4901
1436280840000 48.49
1436280900000 48.4901
1436280960000 48.55
1436281020000 48.55
1436281080000 48.59
1436281140000 48.69
1436281200000 48.7
1436281260000 48.67
1436281320000 48.69
1436281380000 48.61
1436281440000 48.64
1436281500000 48.63
