1404705600000 23.01
1404792000000 22.73
1404878400000 22.72
1404964800000 21.89
1405051200000 22.2
1405310400000 21.9
1405396800000 21.63
1405483200000 21.37
1405569600000 20.91
1405656000000 20.9
1405915200000 20.56
1406001600000 20.49
1406088000000 20.24
1406174400000 20.15
1406260800000 19.92
1406520000000 19.78
1406606400000 19.95
1406692800000 20.25
1406779200000 19.89
1406865600000 19.69
1407124800000 19.74
1407211200000 19.78
1407297600000 19.96
1407384000000 19.65
1407470400000 19.86
1407729600000 19.98
1407816000000 20.02
1407902400000 20.15
1407988800000 20.18
1408075200000 19.99
1408334400000 20.19
1408420800000 20.19
1408507200000 19.95
1408593600000 19.78
1408680000000 19.77
1408939200000 19.93
1409025600000 19.95
1409112000000 19.82
1409198400000 19.71
1409284800000 19.86
1409630400000 19.99
1409716800000 19.77
1409803200000 19.74
1409889600000 19.89
1410148800000 19.94
1410235200000 19.73
1410321600000 19.82
1410408000000 19.72
1410494400000 19.58
1410753600000 19.51
1410840000000 19.46
1410926400000 19.41
1411012800000 19.46
1411099200000 19.25
1411358400000 18.99
1411444800000 19.0
1411531200000 19.14
1411617600000 18.94
1411704000000 19.01
1411963200000 18.78
1412049600000 18.61
1412136000000 18.6
1412222400000 18.65
1412308800000 18.97
1412568000000 18.8
1412654400000 18.63
1412740800000 19.03
1412827200000 18.7
1412913600000 18.89
1413172800000 19.02
1413259200000 19.51
1413345600000 19.64
1413432000000 19.85
1413518400000 19.9
1413777600000 19.66
1413864000000 19.64
1413950400000 19.23
1414036800000 19.47
1414123200000 19.3
1414382400000 19.24
1414468800000 19.94
1414555200000 20.17
1414641600000 20.58
1414728000000 20.76
1414990800000 20.37
1415077200000 20.06
1415163600000 20.17
1415250000000 20.35
1415336400000 20.05
1415595600000 20.3
1415682000000 20.55
1415768400000 20.48
1415854800000 20.44
1415941200000 20.12
1416200400000 19.96
1416286800000 20.18
1416373200000 19.95
1416459600000 19.92
1416546000000 20.05
1416805200000 20.29
1416891600000 20.22
1416978000000 20.18
1417150800000 19.87
1417410000000 19.88
1417496400000 20.18
1417582800000 20.43
1417669200000 20.27
1417755600000 20.8
1418014800000 20.78
1418101200000 21.19
1418187600000 20.66
1418274000000 20.72
1418360400000 20.31
1418619600000 20.54
1418706000000 20.89
1418792400000 21.4
1418878800000 21.93
1418965200000 21.94
1419224400000 21.89
1419310800000 21.85
1419397200000 21.87
1419570000000 21.89
1419829200000 21.95
1419915600000 21.68
1420002000000 21.18
1420174800000 21.71
