1436261400000 18.05
1436261760000 18.1
1436261820000 18.09
1436261880000 18.2
1436261940000 18.13
1436262000000 18.24
1436262060000 18.31
1436262120000 18.35
1436262180000 18.33
1436262240000 18.39
1436262300000 18.41
1436262360000 18.44
1436262420000 18.51
1436262480000 18.62
1436262540000 18.67
1436262660000 18.56
1436262720000 18.49
1436262780000 18.33
1436263740000 18.09
1436263800000 18.1
1436263980000 18.03
1436264040000 18.04
1436264100000 18.03
1436264460000 17.96
1436264520000 17.94
1436264700000 17.91
1436264940000 17.79
1436265000000 17.78
1436265540000 17.84
1436265840000 17.8
1436265960000 17.78
1436266680000 17.77
1436266920000 17.72
1436267040000 17.67
1436268060000 17.62
1436268660000 17.56
1436268720000 17.62
1436270160000 17.7
1436270220000 17.73
1436270280000 17.88
1436270700000 17.87
1436271060000 17.865
1436271660000 17.93
1436271780000 17.94
1436271960000 17.9
1436272500000 17.91
1436272740000 17.91
1436273040000 17.92
1436273100000 17.915
1436273220000 17.92
1436273280000 17.94
1436273400000 17.92
1436273760000 17.98
1436274240000 18.01
1436274840000 18.0
1436275020000 18.0
1436275560000 18.0
1436275860000 18.0
1436275920000 18.0
1436276280000 17.99
1436276400000 18.09
1436276880000 18.16
1436276940000 18.16
1436277060000 18.09
1436277120000 18.06
1436277240000 18.07
1436277300000 18.04
1436278140000 17.98
1436278200000 17.97
1436278740000 18.0
1436278860000 17.94
1436278920000 17.91
1436279040000 17.89
1436279100000 17.95
1436279280000 17.92
1436279520000 17.97
1436279580000 17.93
1436279940000 18.0
1436280060000 18.02
1436280180000 18.01
1436280240000 18.04
1436281080000 18.08
1436281140000 18.07
1436281200000 18.08
1436281260000 18.06
1436281320000 18.02
