1436261400000 9.23
1436261760000 9.2
1436261940000 9.18
1436262060000 9.14
1436262300000 9.1
1436262360000 9.11
1436262480000 9.12
1436262540000 9.16
1436262720000 9.1536
1436262780000 9.16
1436262900000 9.15
1436263080000 9.13
1436263140000 9.08
1436263200000 9.12
1436263320000 9.11
1436263380000 9.11
1436263500000 9.11
1436263560000 9.1
1436263620000 9.1
1436263680000 9.08
1436263860000 9.08
1436263920000 9.09
1436264100000 9.13
1436264220000 9.11
1436264340000 9.12
1436264580000 9.11
1436264700000 9.11
1436264760000 9.15
1436265000000 9.14
1436265120000 9.14
1436265300000 9.13
1436265360000 9.14
1436265840000 9.12
1436266080000 9.14
1436266200000 9.15
1436266320000 9.1377
1436266440000 9.14
1436266500000 9.15
1436266800000 9.14
1436267160000 9.13
1436267220000 9.12
1436267280000 9.12
1436267340000 9.09
1436267520000 9.0936
1436267580000 9.09
1436267760000 9.11
1436267880000 9.16
1436268060000 9.14
1436268240000 9.13
1436268480000 9.135
1436268600000 9.135
1436268960000 9.1301
1436269140000 9.135
1436269380000 9.13
1436269740000 9.13
1436269860000 9.135
1436269980000 9.14
1436270100000 9.14
1436270160000 9.16
1436270220000 9.16
1436270340000 9.1425
1436270460000 9.14
1436270640000 9.1436
1436270760000 9.14
1436270820000 9.14
1436271180000 9.14
1436271240000 9.139
1436271360000 9.14
1436271540000 9.14
1436271660000 9.14
1436271780000 9.13
1436271900000 9.12
1436272080000 9.13
1436272200000 9.13
1436272440000 9.16
1436272560000 9.15
1436273400000 9.15
1436273460000 9.155
1436273700000 9.1501
1436273820000 9.16
1436273880000 9.16
1436274360000 9.17
1436274420000 9.15
1436275140000 9.16
1436275620000 9.16
1436276280000 9.15
1436276520000 9.15
1436277240000 9.17
1436277660000 9.15
1436278140000 9.15
1436278320000 9.1501
1436278560000 9.15
1436278680000 9.16
1436278920000 9.15
1436278980000 9.16
1436279040000 9.1573
1436279520000 9.16
1436279640000 9.15
1436280360000 9.165
1436281080000 9.16
1436281140000 9.165
1436281260000 9.16
