1436261400000 44.0
1436261460000 44.192
1436261520000 44.22
1436261580000 44.13
1436261640000 44.02
1436261700000 43.95
1436261760000 43.95
1436261820000 43.86
1436261880000 43.8199
1436261940000 43.76
1436262000000 43.86
1436262060000 43.85
1436262120000 43.88
1436262180000 43.855
1436262240000 43.83
1436262300000 43.7
1436262360000 43.75
1436262420000 43.7997
1436262480000 43.79
1436262540000 43.741
1436262600000 43.78
1436262660000 43.74
1436262720000 43.71
1436262780000 43.76
1436262840000 43.78
1436262900000 43.725
1436262960000 43.72
1436263020000 43.71
1436263080000 43.68
1436263140000 43.57
1436263200000 43.55
1436263260000 43.51
1436263320000 43.56
1436263380000 43.51
1436263440000 43.49
1436263500000 43.49
1436263560000 43.483
1436263620000 43.46
1436263680000 43.33
1436263740000 43.33
1436263800000 43.32
1436263860000 43.33
1436263920000 43.32
1436263980000 43.34
1436264040000 43.39
1436264100000 43.32
1436264160000 43.27
1436264220000 43.2825
1436264280000 43.29
1436264340000 43.23
1436264400000 43.2799
1436264460000 43.32
1436264520000 43.33
1436264580000 43.33
1436264640000 43.33
1436264700000 43.25
1436264760000 43.17
1436264820000 43.14
1436264880000 43.05
1436264940000 43.03
1436265000000 43.03
1436265060000 42.9701
1436265120000 42.96
1436265180000 42.91
1436265240000 42.895
1436265300000 42.885
1436265360000 42.86
1436265420000 42.9
1436265480000 42.87
1436265540000 42.87
1436265600000 42.8
1436265660000 42.78
1436265720000 42.7624
1436265780000 42.7291
1436265840000 42.77
1436265900000 42.82
1436265960000 42.86
1436266020000 42.91
1436266080000 42.94
1436266140000 42.9596
1436266200000 42.93
1436266260000 42.91
1436266320000 43.01
1436266380000 43.08
1436266440000 43.1
1436266500000 43.1755
1436266560000 43.065
1436266620000 43.1002
1436266680000 43.1
1436266740000 43.08
1436266800000 43.04
1436266860000 42.94
1436266920000 42.92
1436266980000 42.94
1436267040000 42.91
1436267100000 42.93
1436267160000 42.9
1436267220000 42.91
1436267280000 42.9
1436267340000 42.89
1436267400000 42.89
1436267460000 42.91
1436267520000 42.95
1436267580000 43.05
1436267640000 42.95
1436267700000 43.0
1436267760000 43.05
1436267820000 43.06
1436267880000 43.0699
1436267940000 43.06
1436268000000 43.09
1436268060000 43.0821
1436268120000 43.15
1436268180000 43.13
1436268240000 43.05
1436268300000 43.05
1436268360000 43.0
1436268420000 43.03
1436268480000 43.08
1436268540000 43.05
1436268600000 43.02
1436268660000 43.02
1436268720000 43.03
1436268780000 43.038
1436268840000 43.03
1436268900000 43.0199
1436268960000 42.99
1436269020000 43.0201
1436269080000 43.08
1436269140000 43.14
1436269200000 43.18
1436269260000 43.23
1436269320000 43.259
1436269380000 43.32
1436269440000 43.35
1436269500000 43.44
1436269560000 43.4
1436269620000 43.401
1436269680000 43.3
1436269740000 43.37
1436269800000 43.38
1436269860000 43.4
1436269920000 43.35
1436269980000 43.4
1436270040000 43.41
1436270100000 43.41
1436270160000 43.48
1436270220000 43.7525
1436270280000 43.65
1436270340000 43.6
1436270400000 43.62
1436270460000 43.62
1436270520000 43.59
1436270580000 43.59
1436270640000 43.58
1436270700000 43.6501
1436270760000 43.67
1436270820000 43.65
1436270880000 43.655
1436271000000 43.602
1436271060000 43.58
1436271120000 43.6167
1436271180000 43.64
1436271240000 43.6
1436271300000 43.6125
1436271360000 43.62
1436271420000 43.59
1436271480000 43.6201
1436271540000 43.64
1436271600000 43.64
1436271660000 43.65
1436271720000 43.64
1436271780000 43.65
1436271840000 43.64
1436271900000 43.67
1436271960000 43.69
1436272020000 43.74
1436272080000 43.79
1436272140000 43.78
1436272200000 43.815
1436272260000 43.81
1436272320000 43.91
1436272380000 43.93
1436272440000 43.97
1436272500000 44.0099
1436272560000 43.985
1436272620000 43.9982
1436272680000 44.0
1436272740000 44.07
1436272800000 44.11
1436272860000 44.125
1436272920000 44.19
1436272980000 44.63
1436273040000 44.42
1436273100000 44.423
1436273160000 44.42
1436273220000 44.45
1436273280000 44.46
1436273340000 44.38
1436273400000 44.37
1436273460000 44.26
1436273520000 44.325
1436273580000 44.27
1436273640000 44.33
1436273700000 44.38
1436273760000 44.45
1436273820000 44.497
1436273880000 44.59
1436273940000 44.68
1436274000000 44.63
1436274060000 44.65
1436274120000 44.6
1436274180000 44.59
1436274240000 44.5901
1436274300000 44.63
1436274360000 44.675
1436274420000 44.56
1436274480000 44.52
1436274540000 44.56
1436274600000 44.53
1436274660000 44.535
1436274720000 44.64
1436274780000 44.85
1436274840000 44.85
1436274900000 44.96
1436274960000 44.81
1436275020000 44.75
1436275080000 44.695
1436275140000 44.7496
1436275200000 44.8
1436275260000 44.76
1436275320000 44.79
1436275380000 44.78
1436275440000 44.8101
1436275500000 44.795
1436275560000 44.8
1436275620000 44.82
1436275680000 44.82
1436275740000 44.86
1436275800000 44.9
1436275860000 45.02
1436275920000 44.91
1436275980000 44.8274
1436276040000 44.83
1436276100000 44.85
1436276160000 44.81
1436276220000 44.815
1436276280000 44.72
1436276340000 44.67
1436276400000 44.66
1436276460000 44.61
1436276520000 44.575
1436276580000 44.64
1436276640000 44.71
1436276700000 44.785
1436276760000 44.73
1436276820000 44.7
1436276880000 44.65
1436276940000 44.71
1436277000000 44.73
1436277060000 44.63
1436277120000 44.64
1436277180000 44.64
1436277240000 44.62
1436277300000 44.61
1436277360000 44.56
1436277420000 44.585
1436277480000 44.52
1436277540000 44.56
1436277600000 44.57
1436277660000 44.56
1436277720000 44.52
1436277780000 44.49
1436277840000 44.46
1436277900000 44.47
1436277960000 44.4
1436278020000 44.35
1436278080000 44.37
1436278140000 44.26
1436278200000 44.33
1436278260000 44.39
1436278320000 44.39
1436278380000 44.39
1436278440000 44.42
1436278500000 44.415
1436278560000 44.44
1436278620000 44.48
1436278680000 44.4292
1436278740000 44.41
1436278800000 44.325
1436278860000 44.328
1436278920000 44.24
1436278980000 44.19
1436279040000 44.27
1436279100000 44.32
1436279160000 44.3502
1436279220000 44.38
1436279280000 44.36
1436279340000 44.32
1436279400000 44.31
1436279460000 44.32
1436279520000 44.315
1436279580000 44.36
1436279640000 44.3599
1436279700000 44.32
1436279760000 44.32
1436279820000 44.36
1436279880000 44.34
1436279940000 44.34
1436280000000 44.35
1436280060000 44.34
1436280120000 44.335
1436280180000 44.34
1436280240000 44.61
1436280300000 44.62
1436280360000 44.62
1436280420000 44.64
1436280480000 44.66
1436280540000 44.65
1436280600000 44.68
1436280660000 44.74
1436280720000 44.73
1436280780000 44.74
1436280840000 44.77
1436280900000 44.79
1436280960000 44.83
1436281020000 44.86
1436281080000 44.89
1436281140000 44.99
1436281200000 44.98
1436281260000 45.0
1436281320000 44.99
1436281380000 45.01
1436281440000 44.95
1436281500000 44.95
1436281560000 44.85
