1436261400000 33.76
1436262000000 33.47
1436262300000 33.41
1436262360000 33.37
1436262480000 33.35
1436262780000 33.48
1436262840000 33.36
1436262900000 33.54
1436262960000 33.469
1436263020000 33.465
1436263080000 33.62
1436263140000 33.5
1436263200000 33.59
1436263260000 33.7
1436263320000 33.56
1436263380000 33.555
1436263500000 33.565
1436263620000 33.52
1436263680000 33.48
1436264160000 33.63
1436264220000 33.62
1436264580000 33.65
1436264640000 33.65
1436264700000 33.745
1436264760000 33.89
1436265000000 33.81
1436265360000 33.62
1436265600000 33.6
1436265660000 33.71
1436265720000 33.65
1436265960000 33.74
1436266020000 33.74
1436266080000 33.8499
1436266200000 33.93
1436266320000 33.93
1436266380000 33.98
1436266560000 34.04
1436266800000 33.92
1436266980000 33.99
1436267040000 33.86
1436267160000 33.86
1436267280000 33.89
1436267520000 33.88
1436267700000 33.97
1436268600000 33.95
1436268900000 33.82
1436269020000 33.81
1436269140000 33.82
1436269320000 33.82
1436269440000 33.93
1436269980000 33.81
1436270160000 33.98
1436270220000 34.07
1436270280000 34.1
1436270340000 34.01
1436270400000 34.08
1436270460000 34.08
1436270580000 34.01
1436270760000 33.9575
1436270820000 33.97
1436271360000 34.0
1436271900000 33.78
1436271960000 33.95
1436272020000 34.01
1436272200000 34.0
1436272260000 34.12
1436272380000 34.06
1436272440000 34.14
1436272800000 34.0
1436272980000 34.01
1436273040000 34.03
1436273100000 33.9
1436273160000 33.88
1436273220000 33.81
1436273280000 33.925
1436273340000 33.908
1436273700000 34.03
1436273760000 34.02
1436273820000 34.03
1436273880000 33.86
1436274060000 34.0284
1436274120000 34.045
1436274300000 33.98
1436274360000 33.97
1436274840000 34.01
1436274960000 34.015
1436275440000 34.0
1436275560000 34.05
1436275620000 34.05
1436275680000 34.1
1436275740000 34.06
1436275800000 34.22
1436275920000 34.27
1436276160000 34.23
1436276220000 34.21
1436276340000 34.17
1436276460000 34.19
1436276520000 34.29
1436276580000 34.34
1436276640000 34.42
1436276700000 34.35
1436277420000 34.26
1436277480000 34.37
1436277540000 34.26
1436277660000 34.26
1436277720000 34.24
1436277780000 34.24
1436277840000 34.21
1436277900000 34.25
1436277960000 34.25
1436278020000 34.18
1436278080000 34.22
1436278200000 34.21
1436278260000 34.25
1436278680000 34.22
1436278740000 34.2
1436279040000 34.15
1436279340000 34.08
1436279400000 34.08
1436280000000 34.12
1436280060000 34.17
1436280120000 34.12
1436280180000 34.2
1436280240000 34.25
1436280300000 34.25
1436280840000 34.21
1436280900000 34.19
1436281020000 34.23
1436281080000 34.24
1436281140000 34.29
