1436261400000 7.17
1436261640000 7.0909
1436261700000 7.07
1436262300000 7.09
1436262360000 7.08
1436262540000 7.07
1436262660000 7.11
1436262900000 7.12
1436263020000 7.0618
1436263080000 7.1
1436263440000 7.07
1436263500000 7.09
1436263680000 7.09
1436264040000 7.08
1436264580000 7.09
1436264640000 7.06
1436264700000 7.09
1436264760000 7.09
1436264940000 7.07
1436265000000 7.08
1436265360000 7.055
1436265420000 7.07
1436265480000 7.06
1436265540000 7.05
1436265600000 7.05
1436265660000 7.05
1436265720000 7.05
1436265960000 7.05
1436266020000 7.06
1436266260000 7.05
1436266320000 7.06
1436266620000 7.06
1436266860000 7.05
1436267160000 7.05
1436267280000 7.05
1436267460000 7.07
1436267520000 7.07
1436267700000 7.05
1436268000000 7.0501
1436268240000 7.06
1436268360000 7.05
1436268420000 7.01
1436268480000 7.0
1436269200000 7.01
1436269320000 7.03
1436269380000 7.06
1436269800000 7.01
1436269860000 7.01
1436269920000 7.0
1436269980000 7.01
1436270040000 7.04
1436270100000 7.06
1436270160000 7.09
1436270220000 7.09
1436270400000 7.0406
1436270580000 7.06
1436270820000 7.0599
1436270880000 7.0599
1436271240000 7.047
1436271300000 7.0499
1436271360000 7.05
1436271420000 7.0499
1436271480000 7.03
1436271540000 7.03
1436271840000 7.0499
1436272500000 7.0499
1436272680000 7.04
1436272800000 7.02
1436272860000 7.02
1436272920000 7.02
1436272980000 7.01
1436273160000 6.99
1436273340000 6.99
1436273400000 6.99
1436273460000 6.99
1436273520000 6.99
1436273580000 6.99
1436273820000 7.0
1436273880000 7.01
1436274180000 7.02
1436274660000 7.02
1436274960000 7.02
1436275020000 7.05
1436275320000 7.0296
1436276100000 7.02
1436276460000 7.0299
1436276640000 7.02
1436277120000 7.01
1436277240000 7.03
1436277300000 7.03
1436277360000 7.03
1436277480000 7.03
1436277720000 7.04
1436278020000 7.04
1436278080000 7.03
1436278140000 7.05
1436278260000 7.05
1436278320000 7.04
1436278500000 7.03
1436278560000 7.05
1436278740000 7.04
1436278800000 7.04
1436278860000 7.03
1436278920000 7.04
1436278980000 7.04
1436279100000 7.04
1436279340000 7.05
1436279580000 7.05
1436280060000 7.09
1436280180000 7.09
1436280600000 7.0905
1436280900000 7.084
1436280960000 7.09
1436281080000 7.1
1436281140000 7.12
1436281380000 7.12
