1436261400000 24.03
1436261700000 23.92
1436263020000 23.7663
1436263200000 23.7453
1436263500000 23.7518
1436264460000 23.6745
1436264520000 23.6873
1436265000000 23.6672
1436265180000 23.6604
1436266260000 23.5918
1436266440000 23.581
1436266500000 23.6196
1436266680000 23.5918
1436266800000 23.601
1436266920000 23.612
1436266980000 23.62
1436267940000 23.6203
1436268000000 23.65
1436268060000 23.67
1436268600000 23.6124
1436269200000 23.6501
1436269620000 23.6687
1436269740000 23.675
1436270700000 23.7664
1436271540000 23.7977
1436271660000 23.783
1436273040000 23.75
1436273280000 23.8
1436273460000 23.7726
1436274360000 23.74
1436275680000 23.7501
1436276160000 23.7776
1436276280000 23.7668
1436277300000 23.775
1436277660000 23.761
1436277960000 23.7601
1436279220000 23.7501
1436280240000 23.799
1436280420000 23.7901
1436280540000 23.8
1436280720000 23.8002
1436280780000 23.8
1436281080000 23.8104
1436281440000 23.82
1436281560000 23.8342
