1404705600000 8.67
1404792000000 8.57
1404878400000 8.59
1404964800000 8.56
1405051200000 8.56
1405310400000 8.52
1405396800000 8.58
1405483200000 8.49
1405569600000 8.37
1405656000000 8.49
1405915200000 8.36
1406001600000 8.47
1406088000000 8.41
1406174400000 8.48
1406260800000 8.47
1406520000000 8.4
1406606400000 8.4
1406692800000 8.44
1406779200000 8.35
1406865600000 8.31
1407124800000 8.34
1407211200000 8.37
1407297600000 8.52
1407384000000 8.47
1407470400000 8.52
1407729600000 8.53
1407816000000 8.48
1407902400000 8.55
1407988800000 8.54
1408075200000 8.54
1408334400000 8.65
1408420800000 8.65
1408507200000 8.63
1408593600000 8.67
1408680000000 8.66
1408939200000 8.71
1409025600000 8.74
1409112000000 8.74
1409198400000 8.66
1409284800000 8.7
1409630400000 8.79
1409716800000 8.7
1409803200000 8.7
1409889600000 8.75
1410148800000 8.78
1410235200000 8.72
1410321600000 8.8
1410408000000 8.87
1410494400000 8.82
1410753600000 8.76
1410840000000 8.76
1410926400000 8.79
1411012800000 8.86
1411099200000 8.86
1411358400000 8.76
1411444800000 8.69
1411531200000 8.67
1411617600000 8.55
1411704000000 8.57
1411963200000 8.5
1412049600000 8.52
1412136000000 8.41
1412222400000 8.46
1412308800000 8.5
1412568000000 8.33
1412654400000 8.22
1412740800000 8.38
1412827200000 8.12
1412913600000 8.14
1413172800000 8.25
1413259200000 8.36
1413345600000 8.21
1413432000000 8.35
1413518400000 8.23
1413777600000 8.36
1413864000000 8.55
1413950400000 8.5
1414036800000 8.56
1414123200000 8.59
1414382400000 8.62
1414468800000 8.79
1414555200000 8.81
1414641600000 8.82
1414728000000 8.85
