1436261400000 13.08
1436261460000 13.09
1436261520000 13.08
1436261580000 13.03
1436261640000 13.02
1436261700000 12.97
1436261760000 13.0
1436261820000 12.98
1436261880000 13.02
1436261940000 13.03
1436262000000 13.04
1436262060000 13.02
1436262120000 13.02
1436262180000 13.03
1436262240000 13.01
1436262300000 13.005
1436262360000 12.995
1436262420000 12.99
1436262480000 12.98
1436262540000 12.985
1436262600000 12.98
1436262660000 12.98
1436262720000 12.98
1436262780000 12.975
1436262840000 12.97
1436262900000 12.975
1436262960000 12.95
1436263020000 12.95
1436263080000 12.93
1436263140000 12.92
1436263200000 12.94
1436263260000 12.94
1436263320000 12.93
1436263380000 12.925
1436263500000 12.91
1436263560000 12.9
1436263620000 12.91
1436263680000 12.9
1436263740000 12.9
1436263800000 12.895
1436263860000 12.92
1436263920000 12.91
1436263980000 12.91
1436264040000 12.92
1436264100000 12.9
1436264160000 12.91
1436264220000 12.92
1436264280000 12.91
1436264340000 12.93
1436264400000 12.91
1436264460000 12.92
1436264520000 12.91
1436264580000 12.9
1436264640000 12.9
1436264700000 12.91
1436264760000 12.9
1436264820000 12.88
1436264880000 12.88
1436264940000 12.88
1436265000000 12.87
1436265060000 12.88
1436265120000 12.86
1436265180000 12.87
1436265240000 12.855
1436265300000 12.855
1436265360000 12.86
1436265420000 12.86
1436265480000 12.84
1436265540000 12.84
1436265600000 12.84
1436265660000 12.83
1436265720000 12.82
1436265780000 12.825
1436265840000 12.83
1436265900000 12.825
1436265960000 12.83
1436266020000 12.83
1436266080000 12.83
1436266140000 12.825
1436266200000 12.82
1436266260000 12.82
1436266320000 12.83
1436266380000 12.84
1436266440000 12.86
1436266500000 12.86
1436266560000 12.83
1436266620000 12.84
1436266680000 12.83
1436266740000 12.83
1436266800000 12.81
1436266860000 12.81
1436266920000 12.81
1436266980000 12.81
1436267040000 12.81
1436267100000 12.8
1436267160000 12.81
1436267220000 12.82
1436267280000 12.81
1436267340000 12.82
1436267400000 12.82
1436267460000 12.83
1436267520000 12.84
1436267580000 12.83
1436267640000 12.83
1436267700000 12.83
1436267760000 12.84
1436267820000 12.845
1436267880000 12.84
1436267940000 12.84
1436268000000 12.84
1436268060000 12.82
1436268120000 12.82
1436268180000 12.83
1436268300000 12.82
1436268360000 12.815
1436268420000 12.83
1436268480000 12.82
1436268540000 12.81
1436268600000 12.81
1436268660000 12.81
1436268720000 12.81
1436268780000 12.81
1436268840000 12.805
1436268900000 12.8
1436268960000 12.8
1436269020000 12.8
1436269080000 12.81
1436269140000 12.82
1436269200000 12.81
1436269260000 12.82
1436269320000 12.81
1436269380000 12.82
1436269440000 12.83
1436269500000 12.82
1436269560000 12.82
1436269620000 12.82
1436269680000 12.82
1436269740000 12.82
1436269800000 12.83
1436269860000 12.835
1436269920000 12.84
1436269980000 12.83
1436270040000 12.82
1436270100000 12.83
1436270160000 12.85
1436270220000 12.87
1436270280000 12.86
1436270340000 12.86
1436270400000 12.85
1436270460000 12.845
1436270520000 12.85
1436270580000 12.84
1436270700000 12.86
1436270760000 12.84
1436270820000 12.84
1436270880000 12.84
1436270940000 12.84
1436271000000 12.83
1436271120000 12.82
1436271180000 12.82
1436271240000 12.83
1436271300000 12.83
1436271360000 12.84
1436271420000 12.83
1436271480000 12.825
1436271540000 12.83
1436271600000 12.83
1436271660000 12.83
1436271720000 12.83
1436271840000 12.82
1436271900000 12.82
1436271960000 12.82
1436272020000 12.84
1436272080000 12.84
1436272140000 12.83
1436272200000 12.83
1436272260000 12.84
1436272320000 12.85
1436272380000 12.84
1436272440000 12.845
1436272500000 12.845
1436272560000 12.83
1436272680000 12.84
1436272740000 12.85
1436272800000 12.85
1436272860000 12.85
1436272920000 12.84
1436272980000 12.84
1436273040000 12.821
1436273100000 12.83
1436273220000 12.84
1436273340000 12.85
1436273400000 12.85
1436273460000 12.86
1436273520000 12.851
1436273580000 12.86
1436273640000 12.86
1436273700000 12.89
1436273760000 12.88
1436273820000 12.87
1436273880000 12.88
1436273940000 12.87
1436274000000 12.88
1436274060000 12.88
1436274120000 12.87
1436274180000 12.87
1436274240000 12.88
1436274300000 12.87
1436274360000 12.86
1436274420000 12.86
1436274480000 12.87
1436274540000 12.88
1436274600000 12.875
1436274660000 12.885
1436274720000 12.89
1436274780000 12.89
1436274840000 12.89
1436274900000 12.9
1436274960000 12.87
1436275020000 12.87
1436275080000 12.87
1436275140000 12.87
1436275200000 12.88
1436275260000 12.885
1436275320000 12.88
1436275380000 12.87
1436275440000 12.875
1436275500000 12.88
1436275620000 12.87
1436275680000 12.86
1436275740000 12.88
1436275800000 12.88
1436275860000 12.88
1436275920000 12.87
1436275980000 12.87
1436276040000 12.87
1436276100000 12.88
1436276160000 12.88
1436276280000 12.87
1436276340000 12.87
1436276400000 12.87
1436276460000 12.87
1436276520000 12.87
1436276580000 12.88
1436276640000 12.88
1436276700000 12.9
1436276820000 12.88
1436276880000 12.88
1436276940000 12.88
1436277000000 12.89
1436277120000 12.88
1436277180000 12.87
1436277240000 12.88
1436277300000 12.88
1436277360000 12.86
1436277420000 12.865
1436277480000 12.86
1436277540000 12.86
1436277600000 12.86
1436277660000 12.86
1436277720000 12.86
1436277780000 12.85
1436277840000 12.86
1436277900000 12.86
1436277960000 12.8575
1436278020000 12.86
1436278080000 12.86
1436278140000 12.85
1436278200000 12.86
1436278260000 12.85
1436278320000 12.85
1436278380000 12.86
1436278440000 12.85
1436278500000 12.85
1436278560000 12.84
1436278680000 12.83
1436278740000 12.82
1436278800000 12.81
1436278860000 12.82
1436278920000 12.805
1436278980000 12.81
1436279040000 12.82
1436279100000 12.82
1436279160000 12.825
1436279280000 12.82
1436279340000 12.82
1436279400000 12.81
1436279460000 12.805
1436279520000 12.81
1436279580000 12.82
1436279640000 12.82
1436279700000 12.8
1436279760000 12.81
1436279820000 12.81
1436279880000 12.81
1436279940000 12.825
1436280000000 12.825
1436280060000 12.835
1436280120000 12.845
1436280180000 12.84
1436280240000 12.85
1436280300000 12.86
1436280360000 12.87
1436280420000 12.87
1436280480000 12.875
1436280540000 12.88
1436280600000 12.88
1436280660000 12.875
1436280720000 12.88
1436280780000 12.885
1436280840000 12.9
1436280900000 12.89
1436280960000 12.89
1436281020000 12.89
1436281080000 12.9
1436281140000 12.92
1436281200000 12.91
1436281260000 12.91
1436281320000 12.91
1436281380000 12.9
1436281440000 12.9
1436281500000 12.91
1436281560000 12.89
