1436261400000 24.54
1436261460000 24.452
1436261640000 24.4382
1436261700000 24.43
1436261760000 24.4199
1436261820000 24.4
1436261880000 24.4097
1436261940000 24.4138
1436262000000 24.4023
1436262060000 24.36
1436262120000 24.3999
1436262180000 24.4199
1436262240000 24.4199
1436262300000 24.4099
1436262360000 24.38
1436262420000 24.4
1436262480000 24.3924
1436262540000 24.41
1436262600000 24.39
1436262660000 24.36
1436262720000 24.3699
1436262780000 24.39
1436262840000 24.388
1436262900000 24.3801
1436262960000 24.3842
1436263020000 24.38
1436263080000 24.35
1436263140000 24.35
1436263200000 24.34
1436263260000 24.3399
1436263320000 24.3302
1436263380000 24.33
1436263440000 24.33
1436263500000 24.33
1436263560000 24.31
1436263620000 24.31
1436263680000 24.2667
1436263740000 24.25
1436263800000 24.2801
1436263920000 24.31
1436263980000 24.2955
1436264040000 24.29
1436264100000 24.27
1436264160000 24.259
1436264220000 24.26
1436264280000 24.27
1436264340000 24.27
1436264400000 24.2699
1436264460000 24.255
1436264520000 24.28
1436264580000 24.2799
1436264640000 24.2802
1436264700000 24.27
1436264760000 24.248
1436264820000 24.254
1436264880000 24.2302
1436264940000 24.24
1436265000000 24.24
1436265060000 24.216
1436265120000 24.21
1436265180000 24.2101
1436265240000 24.2
1436265300000 24.2
1436265360000 24.17
1436265420000 24.1642
1436265480000 24.1599
1436265540000 24.13
1436265600000 24.11
1436265660000 24.1
1436265720000 24.08
1436265780000 24.05
1436265840000 24.08
1436265900000 24.0601
1436265960000 24.0868
1436266020000 24.1302
1436266080000 24.1366
1436266140000 24.1468
1436266200000 24.14
1436266260000 24.14
1436266320000 24.14
1436266380000 24.152
1436266440000 24.1654
1436266500000 24.19
1436266560000 24.17
1436266620000 24.1799
1436266680000 24.17
1436266740000 24.17
1436266800000 24.1702
1436266860000 24.1499
1436266920000 24.1411
1436266980000 24.15
1436267040000 24.14
1436267100000 24.15
1436267220000 24.1436
1436267280000 24.14
1436267340000 24.1472
1436267400000 24.15
1436267460000 24.17
1436267520000 24.1738
1436267580000 24.18
1436267640000 24.1799
1436267700000 24.175
1436267760000 24.19
1436267820000 24.1912
1436267880000 24.1801
1436267940000 24.1736
1436268000000 24.1768
1436268060000 24.15
1436268120000 24.1499
1436268180000 24.14
1436268240000 24.15
1436268300000 24.15
1436268360000 24.1499
1436268420000 24.13
1436268480000 24.15
1436268540000 24.13
1436268600000 24.12
1436268660000 24.12
1436268720000 24.11
1436268780000 24.11
1436268840000 24.09
1436268900000 24.0799
1436268960000 24.07
1436269020000 24.085
1436269080000 24.1
1436269140000 24.129
1436269200000 24.14
1436269320000 24.1401
1436269380000 24.1746
1436269440000 24.19
1436269500000 24.18
1436269560000 24.1768
1436269620000 24.1642
1436269680000 24.19
1436269740000 24.1758
1436269800000 24.1699
1436269860000 24.1699
1436269920000 24.16
1436269980000 24.17
1436270040000 24.1601
1436270100000 24.17
1436270160000 24.19
1436270220000 24.23
1436270280000 24.24
1436270340000 24.23
1436270400000 24.23
1436270460000 24.22
1436270520000 24.22
1436270580000 24.21
1436270640000 24.23
1436270700000 24.2499
1436270760000 24.22
1436270820000 24.22
1436270880000 24.2291
1436270940000 24.215
1436271000000 24.22
1436271060000 24.2
1436271120000 24.195
1436271180000 24.19
1436271240000 24.18
1436271300000 24.19
1436271360000 24.21
1436271420000 24.199
1436271480000 24.2
1436271540000 24.21
1436271600000 24.2135
1436271660000 24.22
1436271720000 24.225
1436271780000 24.22
1436271840000 24.22
1436271900000 24.225
1436271960000 24.2228
1436272020000 24.23
1436272080000 24.23
1436272140000 24.238
1436272200000 24.23
1436272260000 24.23
1436272320000 24.25
1436272380000 24.245
1436272440000 24.25
1436272500000 24.26
1436272560000 24.26
1436272620000 24.28
1436272680000 24.278
1436272740000 24.289
1436272800000 24.296
1436272860000 24.2968
1436272920000 24.295
1436273040000 24.3
1436273100000 24.3099
1436273160000 24.32
1436273220000 24.32
1436273280000 24.33
1436273340000 24.335
1436273460000 24.34
1436273520000 24.3346
1436273580000 24.3299
1436273640000 24.33
1436273700000 24.35
1436273820000 24.35
1436273880000 24.36
1436273940000 24.375
1436274060000 24.378
1436274120000 24.3782
1436274180000 24.36
1436274240000 24.36
1436274300000 24.3568
1436274360000 24.35
1436274420000 24.3268
1436274480000 24.33
1436274540000 24.3499
1436274600000 24.3489
1436274660000 24.36
1436274720000 24.37
1436274780000 24.395
1436274840000 24.41
1436274900000 24.415
1436274960000 24.4
1436275020000 24.3778
1436275080000 24.3788
1436275140000 24.38
1436275200000 24.395
1436275260000 24.3669
1436275320000 24.37
1436275380000 24.3755
1436275440000 24.39
1436275500000 24.3861
1436275560000 24.3858
1436275680000 24.38
1436275740000 24.385
1436275800000 24.395
1436275860000 24.39
1436275920000 24.38
1436275980000 24.38
1436276040000 24.38
1436276100000 24.3839
1436276160000 24.3846
1436276220000 24.39
1436276280000 24.381
1436276340000 24.3899
1436276400000 24.3862
1436276460000 24.3746
1436276520000 24.38
1436276580000 24.3799
1436276640000 24.3877
1436276700000 24.41
1436276760000 24.4001
1436276820000 24.405
1436276880000 24.398
1436276940000 24.39
1436277000000 24.4
1436277060000 24.395
1436277120000 24.3946
1436277180000 24.3888
1436277300000 24.38
1436277360000 24.38
1436277420000 24.38
1436277480000 24.3766
1436277540000 24.3799
1436277600000 24.3872
1436277660000 24.3836
1436277720000 24.38
1436277780000 24.3852
1436277840000 24.385
1436277900000 24.38
1436277960000 24.38
1436278020000 24.38
1436278080000 24.385
1436278140000 24.378
1436278200000 24.3828
1436278260000 24.38
1436278320000 24.38
1436278380000 24.3799
1436278440000 24.3746
1436278500000 24.36
1436278560000 24.35
1436278620000 24.346
1436278680000 24.345
1436278740000 24.335
1436278800000 24.3155
1436278860000 24.31
1436278920000 24.29
1436278980000 24.29
1436279040000 24.29
1436279100000 24.29
1436279160000 24.3
1436279220000 24.2999
1436279280000 24.3154
1436279340000 24.3102
1436279400000 24.315
1436279460000 24.315
1436279520000 24.32
1436279580000 24.34
1436279640000 24.336
1436279700000 24.3368
1436279760000 24.3436
1436279820000 24.356
1436279880000 24.3446
1436279940000 24.366
1436280000000 24.38
1436280060000 24.38
1436280120000 24.426
1436280180000 24.43
1436280240000 24.43
1436280360000 24.4402
1436280420000 24.46
1436280480000 24.45
1436280540000 24.458
1436280600000 24.4546
1436280660000 24.4436
1436280720000 24.449
1436280780000 24.44
1436280840000 24.4654
1436280900000 24.45
1436280960000 24.458
1436281020000 24.46
1436281080000 24.47
1436281140000 24.5
1436281200000 24.4999
1436281260000 24.51
1436281320000 24.49
1436281380000 24.49
1436281440000 24.48
1436281500000 24.5
1436281560000 24.4842
