1404705600000 34.46
1404792000000 34.02
1404878400000 33.93
1404964800000 33.79
1405051200000 33.78
1405310400000 34.05
1405396800000 33.89
1405483200000 33.97
1405569600000 33.91
1405656000000 33.97
1405915200000 33.89
1406001600000 34.15
1406088000000 33.97
1406174400000 33.62
1406260800000 33.39
1406520000000 33.36
1406606400000 33.57
1406692800000 33.4
1406779200000 32.96
1406865600000 32.72
1407124800000 32.87
1407211200000 32.45
1407297600000 32.41
1407384000000 32.1
1407470400000 31.84
1407729600000 32.41
1407816000000 32.07
1407902400000 31.98
1407988800000 32.255
1408075200000 32.22
1408334400000 32.46
1408420800000 32.39
1408507200000 32.11
1408593600000 32.32
1408680000000 32.35
1408939200000 32.65
1409025600000 32.56
1409112000000 32.63
1409198400000 32.54
1409284800000 32.64
1409630400000 32.35
1409716800000 32.42
1409803200000 32.24
1409889600000 32.155
1410148800000 31.59
1410235200000 31.56
1410321600000 31.63
1410408000000 31.57
1410494400000 31.59
1410753600000 31.41
1410840000000 31.29
1410926400000 31.26
1411012800000 31.54
1411099200000 31.76
1411358400000 31.3
1411444800000 31.11
1411531200000 31.17
1411617600000 31.61
1411704000000 31.98
1411963200000 31.89
1412049600000 31.62
1412136000000 31.11
1412222400000 31.04
1412308800000 31.44
1412568000000 31.33
1412654400000 31.12
1412740800000 31.1
1412827200000 30.68
1412913600000 30.23
1413172800000 29.91
1413259200000 30.04
1413345600000 29.88
1413432000000 30.17
1413518400000 30.32
1413777600000 29.9
1413864000000 30.39
1413950400000 30.33
1414036800000 30.35
1414123200000 30.41
1414382400000 30.4
1414468800000 30.55
1414555200000 30.51
1414641600000 30.7
1414728000000 31.03
1414990800000 30.84
1415077200000 29.96
1415163600000 30.45
1415250000000 31.17
1415336400000 30.92
1415595600000 31.26
1415682000000 31.41
1415768400000 31.14
1415854800000 31.42
1415941200000 31.6
1416200400000 30.87
1416286800000 30.24
1416373200000 29.78
1416459600000 29.42
1416546000000 30.08
1416805200000 29.8
1416891600000 29.47
1416978000000 29.44
1417150800000 28.5
1417410000000 28.09
1417496400000 28.39
1417582800000 27.52
