1436261400000 52.03
1436262360000 51.68
1436262600000 51.73
1436262660000 51.76
1436262720000 51.89
1436262960000 51.87
1436263620000 51.78
1436263740000 51.84
1436263800000 51.86
1436263980000 51.82
1436264160000 51.72
1436264280000 51.72
1436264460000 51.67
1436264700000 51.69
1436264940000 51.65
1436265000000 51.53
1436265060000 51.42
1436265180000 51.35
1436265240000 51.38
1436265420000 51.39
1436265600000 51.27
1436265660000 51.27
1436265720000 51.26
1436265780000 51.3
1436265840000 51.34
1436265960000 51.36
1436266020000 51.46
1436266320000 51.49
1436266380000 51.54
1436266440000 51.6
1436266800000 51.51
1436266980000 51.5
1436267100000 51.39
1436267220000 51.29
1436267280000 51.29
1436267400000 51.4
1436267700000 51.34
1436267760000 51.41
1436268000000 51.37
1436268060000 51.3
1436268180000 51.24
1436268240000 51.24
1436268540000 51.24
1436268660000 51.23
1436268720000 51.16
1436268840000 51.03
1436268900000 51.05
1436269080000 51.1
1436269140000 51.02
1436269200000 51.17
1436269260000 51.21
1436269380000 51.26
1436269560000 51.31
1436269680000 51.21
1436269800000 51.22
1436269860000 51.31
1436269920000 51.22
1436270040000 51.18
1436270100000 51.205
1436270160000 51.195
1436270220000 51.3
1436270340000 51.315
1436270460000 51.26
1436270520000 51.22
1436270580000 51.28
1436270640000 51.31
1436270760000 51.25
1436270820000 51.25
1436270940000 51.19
1436271060000 51.27
1436271240000 51.28
1436271360000 51.18
1436271420000 51.17
1436271540000 51.27
1436271600000 51.18
1436271660000 51.18
1436271900000 51.18
1436271960000 51.18
1436272140000 51.24
1436272200000 51.18
1436272260000 51.2
1436272320000 51.19
1436272380000 51.28
1436272500000 51.3
1436272740000 51.31
1436272800000 51.34
1436272920000 51.29
1436273160000 51.3226
1436273220000 51.35
1436273340000 51.4
1436273520000 51.35
1436273700000 51.39
1436273820000 51.42
1436273880000 51.43
1436273940000 51.5
1436274000000 51.51
1436274120000 51.46
1436274240000 51.51
1436274360000 51.39
1436274420000 51.36
1436274600000 51.4
1436274660000 51.4
1436274720000 51.45
1436275080000 51.41
1436275200000 51.44
1436275380000 51.41
1436275440000 51.38
1436275560000 51.41
1436275620000 51.4
1436275740000 51.43
1436275860000 51.41
1436275920000 51.32
1436275980000 51.37
1436276040000 51.3
1436276100000 51.365
1436276160000 51.37
1436276280000 51.35
1436276400000 51.32
1436276640000 51.37
1436276880000 51.34
1436276940000 51.32
1436277060000 51.3
1436277120000 51.3
1436277240000 51.33
1436277540000 51.27
1436277660000 51.33
1436277720000 51.33
1436277900000 51.26
1436277960000 51.24
1436278020000 51.3
1436278080000 51.26
1436278380000 51.25
1436278440000 51.25
1436278500000 51.25
1436278560000 51.25
1436278740000 51.18
1436278800000 51.2
1436279100000 51.16
1436279220000 51.16
1436279460000 51.23
1436279640000 51.18
1436279700000 51.15
1436279820000 51.24
1436279880000 51.15
1436280060000 51.23
1436280120000 51.33
1436280180000 51.36
1436280240000 51.4
1436280420000 51.45
1436280480000 51.46
1436280780000 51.46
1436280900000 51.47
1436281020000 51.52
1436281080000 51.56
1436281140000 51.66
1436281200000 51.68
1436281260000 51.69
1436281320000 51.68
1436281380000 51.59
1436281440000 51.62
