1436261400000 0.8
1436261700000 0.7602
1436262360000 0.77
1436262900000 0.8097
1436262960000 0.78
1436263320000 0.7909
1436263560000 0.78
1436263620000 0.7809
1436263680000 0.78
1436263920000 0.78
1436264280000 0.7799
1436264400000 0.77
1436264520000 0.77
1436264640000 0.77
1436264820000 0.77
1436264940000 0.77
1436265060000 0.77
1436265300000 0.7511
1436265600000 0.7516
1436265840000 0.7501
1436265900000 0.7501
1436266080000 0.7502
1436266140000 0.7501
1436266200000 0.7502
1436266440000 0.7501
1436266500000 0.7502
1436266680000 0.7501
1436266920000 0.7502
1436266980000 0.756
1436267040000 0.755
1436267160000 0.7549
1436267580000 0.7546
1436267760000 0.7502
1436267820000 0.7502
1436267940000 0.7502
1436268060000 0.7508
1436268120000 0.7564
1436268360000 0.7534
1436268420000 0.7514
1436268600000 0.7525
1436268840000 0.7529
1436268900000 0.7528
1436269200000 0.7511
1436269260000 0.7512
1436269560000 0.7533
1436269680000 0.7533
1436269800000 0.7541
1436270040000 0.7533
1436270160000 0.752
1436270280000 0.7565
1436270460000 0.7565
1436270520000 0.7595
1436270700000 0.7602
1436271000000 0.7653
1436271180000 0.766
1436271240000 0.766
1436271300000 0.7661
1436271420000 0.762
1436271840000 0.76
1436271900000 0.76
1436271960000 0.7576
1436272560000 0.7552
1436272620000 0.7621
1436272680000 0.7669
1436272740000 0.7705
1436272800000 0.7785
1436272860000 0.7768
1436272920000 0.7782
1436272980000 0.7789
1436273040000 0.7795
1436273100000 0.7765
1436273160000 0.7795
1436273220000 0.7795
1436273340000 0.7805
1436273400000 0.7845
1436273460000 0.7876
1436273520000 0.7876
1436273580000 0.7914
1436273640000 0.7977
1436273700000 0.7921
1436273760000 0.7816
1436273820000 0.7922
1436273880000 0.7926
1436273940000 0.7833
1436274000000 0.7955
1436274060000 0.7987
1436274120000 0.7983
1436274180000 0.7903
1436274240000 0.8
1436274300000 0.7997
1436274360000 0.7981
1436274420000 0.7902
1436274480000 0.7903
1436274540000 0.7903
1436274600000 0.7903
1436274660000 0.7903
1436274720000 0.7989
1436274780000 0.7979
1436274840000 0.7903
1436274900000 0.7912
1436275560000 0.7624
1436276100000 0.7537
1436276160000 0.7572
1436276280000 0.7599
1436276460000 0.76
1436276880000 0.7774
1436277180000 0.765
1436278020000 0.7614
1436278500000 0.7617
1436278920000 0.7649
1436279040000 0.7643
1436279220000 0.7646
1436279820000 0.7606
1436279940000 0.7621
1436280000000 0.7701
1436280060000 0.78
1436280120000 0.78
1436280180000 0.7801
1436280240000 0.7801
1436280300000 0.7801
1436280360000 0.78
1436280420000 0.7801
1436280540000 0.7863
1436280600000 0.7803
1436280660000 0.7801
1436280960000 0.78
1436281020000 0.7801
1436281080000 0.7802
1436281140000 0.79
1436281200000 0.79
1436281320000 0.79
1436281500000 0.7901
1436281560000 0.7935
