1404705600000 3.5475
1404792000000 3.54
1404878400000 3.57
1404964800000 3.55
1405051200000 3.57
1405310400000 3.57
1405396800000 3.56
1405483200000 3.57
1405569600000 3.73
1405656000000 3.57
1405915200000 3.55
1406001600000 3.55
1406088000000 3.64
1406174400000 3.64
1406260800000 3.59
1406606400000 3.55
1406692800000 3.9
1406779200000 3.91
1406865600000 3.9
1407124800000 3.901
1407211200000 3.91
1407297600000 3.93
1407384000000 3.92
1407470400000 3.99
1407729600000 3.95
1407816000000 3.98
1407902400000 3.97
1407988800000 3.96
1408075200000 3.95
1408334400000 3.96
1408420800000 3.96
1408507200000 3.92
1408593600000 3.93
1408680000000 3.9494
1408939200000 3.94
1409025600000 3.94
1409112000000 3.94
1409198400000 3.94
1409284800000 3.94
1409630400000 3.94
1409716800000 3.93
1409803200000 3.94
1409889600000 3.935
1410148800000 3.94
1410235200000 3.94
1410321600000 3.94
1410408000000 3.95
1410494400000 3.92
1410753600000 3.94
1410840000000 3.94
1410926400000 3.95
1411012800000 3.95
1411099200000 3.94
1411358400000 3.94
1411444800000 3.93
1411531200000 3.94
1411617600000 3.94
1411704000000 3.97
1411963200000 3.95
1412049600000 3.96
1412136000000 3.96
1412222400000 3.984
1412308800000 3.96
1412568000000 3.97
1412654400000 3.99
1412740800000 3.99
1412827200000 3.96
1412913600000 3.96
1413172800000 3.96
1413259200000 3.97
1413345600000 3.96
1413432000000 3.96
1413518400000 3.96
1413777600000 3.97
1413864000000 3.97
1413950400000 3.97
1414036800000 3.96
1414123200000 3.96
1414382400000 3.96
1414468800000 3.97
1414555200000 3.97
1414728000000 3.97
1415077200000 3.97
1415163600000 3.97
1415250000000 3.97
1415336400000 3.97
1415595600000 3.96
1415682000000 3.97
1415768400000 3.96
1415854800000 3.99
1415941200000 3.99
1416200400000 3.99
1416286800000 3.98
1416373200000 3.97
1416459600000 3.99
1416546000000 3.98
1416805200000 3.98
1416891600000 3.99
1416978000000 3.98
1417150800000 3.98
1417410000000 3.98
1417496400000 4.01
