1436261400000 1.69
1436261460000 1.7
1436261520000 1.69
1436261580000 1.69
1436261640000 1.68
1436261700000 1.67
1436261760000 1.6775
1436261820000 1.66
1436261880000 1.6696
1436261940000 1.67
1436262000000 1.66
1436262060000 1.6599
1436262120000 1.6545
1436262240000 1.65
1436262300000 1.6564
1436262360000 1.65
1436262420000 1.6599
1436262480000 1.65
1436262540000 1.6554
1436262600000 1.65
1436262660000 1.651
1436262720000 1.66
1436262780000 1.655
1436262840000 1.65
1436262900000 1.65
1436263020000 1.65
1436263080000 1.64
1436263140000 1.6479
1436263200000 1.6426
1436263320000 1.64
1436263380000 1.65
1436263440000 1.67
1436263500000 1.67
1436263560000 1.67
1436263620000 1.67
1436263680000 1.661
1436263800000 1.65
1436263860000 1.6699
1436263920000 1.66
1436263980000 1.66
1436264040000 1.66
1436264220000 1.66
1436264340000 1.66
1436264400000 1.66
1436264460000 1.66
1436264520000 1.6645
1436264640000 1.66
1436264700000 1.6699
1436264820000 1.66
1436264880000 1.6601
1436264940000 1.6601
1436265060000 1.66
1436265180000 1.6549
1436265240000 1.659
1436265360000 1.6513
1436265480000 1.6533
1436265540000 1.6501
1436265600000 1.65
1436265660000 1.6418
1436265780000 1.64
1436265840000 1.63
1436265900000 1.63
1436265960000 1.6328
1436266020000 1.63
1436266080000 1.63
1436266140000 1.63
1436266200000 1.635
1436266320000 1.631
1436266380000 1.6315
1436266440000 1.647
1436266500000 1.6454
1436266560000 1.6548
1436266740000 1.66
1436266800000 1.66
1436266860000 1.655
1436266920000 1.655
1436267040000 1.66
1436267100000 1.6599
1436267160000 1.65
1436267220000 1.6445
1436267280000 1.65
1436267460000 1.6495
1436267520000 1.65
1436267580000 1.65
1436267700000 1.6401
1436267940000 1.6499
1436268240000 1.64
1436268300000 1.63
1436268420000 1.63
1436268480000 1.63
1436268660000 1.63
1436268720000 1.63
1436268780000 1.63
1436268840000 1.6301
1436268960000 1.6241
1436269020000 1.62
1436269080000 1.627
1436269140000 1.62
1436269200000 1.62
1436269260000 1.6201
1436269320000 1.63
1436269380000 1.6251
1436269440000 1.6301
1436269500000 1.6421
1436269620000 1.645
1436269680000 1.645
1436269860000 1.64
1436270040000 1.64
1436270100000 1.64
1436270220000 1.64
1436270280000 1.65
1436270400000 1.6501
1436270640000 1.65
1436270760000 1.6501
1436270820000 1.65
1436270880000 1.65
1436270940000 1.6458
1436271000000 1.645
1436271060000 1.641
1436271120000 1.64
1436271240000 1.64
1436271300000 1.6499
1436271360000 1.64
1436271420000 1.64
1436271480000 1.64
1436271600000 1.6451
1436271720000 1.64
1436271780000 1.64
1436271840000 1.64
1436271900000 1.643
1436271960000 1.65
1436272020000 1.6444
1436272080000 1.65
1436272140000 1.64
1436272260000 1.645
1436272320000 1.64
1436272380000 1.64
1436272500000 1.64
1436272560000 1.6456
1436272620000 1.645
1436272680000 1.64
1436272740000 1.65
1436272800000 1.65
1436272860000 1.65
1436272920000 1.645
1436272980000 1.6451
1436273040000 1.655
1436273100000 1.6599
1436273160000 1.661
1436273340000 1.67
1436273460000 1.665
1436273640000 1.669
1436273700000 1.666
1436273760000 1.6601
1436273820000 1.66
1436274000000 1.67
1436274120000 1.67
1436274180000 1.66
1436274240000 1.67
1436274300000 1.665
1436274360000 1.65
1436274480000 1.65
1436274540000 1.65
1436274660000 1.65
1436274720000 1.65
1436274840000 1.65
1436274900000 1.65
1436275020000 1.65
1436275080000 1.65
1436275140000 1.645
1436275200000 1.65
1436275260000 1.6401
1436275320000 1.65
1436275380000 1.64
1436275440000 1.644
1436275500000 1.64
1436275560000 1.646
1436275680000 1.64
1436275740000 1.6465
1436275860000 1.65
1436275920000 1.6497
1436275980000 1.65
1436276040000 1.65
1436276160000 1.645
1436276220000 1.6435
1436276340000 1.641
1436276400000 1.64
1436276640000 1.65
1436276700000 1.645
1436276880000 1.6498
1436276940000 1.64
1436277000000 1.6499
1436277060000 1.64
1436277120000 1.6479
1436277240000 1.64
1436277300000 1.65
1436277480000 1.64
1436277540000 1.6399
1436277600000 1.6301
1436277660000 1.63
1436277720000 1.6343
1436278020000 1.639
1436278200000 1.635
1436278500000 1.63
1436278560000 1.62
1436278680000 1.6246
1436278740000 1.63
1436278800000 1.62
1436278860000 1.6299
1436278980000 1.6299
1436279100000 1.63
1436279160000 1.63
1436279220000 1.63
1436279340000 1.6299
1436279400000 1.625
1436279460000 1.629
1436279520000 1.63
1436279580000 1.63
1436279640000 1.6335
1436279700000 1.635
1436279760000 1.631
1436279820000 1.639
1436279880000 1.6399
1436280060000 1.63
1436280120000 1.63
1436280180000 1.64
1436280240000 1.64
1436280300000 1.65
1436280360000 1.6499
1436280420000 1.65
1436280480000 1.6401
1436280660000 1.6499
1436280840000 1.65
1436281080000 1.65
1436281140000 1.65
1436281200000 1.6501
1436281260000 1.65
1436281380000 1.653
