1405051200000 34.38
1406260800000 38.4283
1406606400000 15.0
1406692800000 16.48
1406779200000 15.25
1407384000000 13.64
1409112000000 15.61
1409716800000 15.01
1410321600000 14.78
1410494400000 16.0
1410753600000 14.27
1410926400000 14.55
1411444800000 11.99
1414036800000 9.9399
1414641600000 13.65
1414728000000 13.76
1414990800000 13.28
1417496400000 9.5701
1418014800000 8.94
1418101200000 9.03
1422334800000 8.42
1422939600000 7.7
1428897600000 8.08
1429070400000 7.95
1429156800000 8.05
1434945600000 7.0712
