1436261400000 2.56
1436261580000 2.57
1436261640000 2.56
1436261700000 2.55
1436261760000 2.5599
1436261820000 2.56
1436261880000 2.6199
1436261940000 2.62
1436262420000 2.6495
1436262660000 2.6
1436262780000 2.58
1436262840000 2.5999
1436263020000 2.5999
1436263140000 2.5999
1436263200000 2.6
1436263260000 2.62
1436263440000 2.62
1436263680000 2.62
1436263800000 2.61
1436263860000 2.5901
1436264160000 2.59
1436264520000 2.5949
1436264700000 2.5999
1436264820000 2.5999
1436264880000 2.5899
1436264940000 2.5999
1436265000000 2.5999
1436265060000 2.5999
1436265120000 2.6
1436265300000 2.6
1436265360000 2.58
1436265420000 2.5901
1436265480000 2.5702
1436265540000 2.59
1436265600000 2.58
1436265720000 2.6
1436266080000 2.6
1436266140000 2.6
1436266320000 2.63
1436266380000 2.6
1436266500000 2.5928
1436266740000 2.61
1436266800000 2.6
1436267040000 2.6
1436267340000 2.6
1436267400000 2.63
1436267580000 2.6399
1436267640000 2.6399
1436267760000 2.6399
1436267820000 2.6399
1436267940000 2.6
1436268000000 2.6399
1436268060000 2.62
1436268120000 2.62
1436268180000 2.6299
1436268240000 2.6299
1436268300000 2.6299
1436268360000 2.62
1436268540000 2.62
1436268600000 2.62
1436268780000 2.62
1436268840000 2.63
1436268900000 2.63
1436269020000 2.62
1436269200000 2.63
1436269260000 2.63
1436269800000 2.62
1436270040000 2.62
1436270280000 2.63
1436271060000 2.62
1436271120000 2.62
1436271780000 2.59
1436272140000 2.6158
1436272860000 2.59
1436273280000 2.6
1436273460000 2.6
1436273820000 2.61
1436274000000 2.6
1436274360000 2.59
1436274540000 2.5899
1436275500000 2.59
1436275740000 2.59
1436275860000 2.58
1436276040000 2.58
1436276340000 2.57
1436276880000 2.59
1436277060000 2.58
1436278860000 2.56
1436279100000 2.5601
1436279280000 2.575
1436279580000 2.56
1436279940000 2.61
1436280360000 2.58
1436280840000 2.58
1436281080000 2.57
1436281140000 2.59
1436281200000 2.58
1436281320000 2.58
1436281380000 2.58
