1436261400000 6.51
1436261460000 6.63
1436261520000 6.61
1436261580000 6.61
1436261640000 6.48
1436261700000 6.48
1436261760000 6.49
1436261820000 6.49
1436261880000 6.48
1436261940000 6.52
1436262000000 6.5
1436262060000 6.5
1436262120000 6.49
1436262180000 6.47
1436262240000 6.47
1436262300000 6.47
1436262360000 6.43
1436262420000 6.435
1436262480000 6.37
1436262540000 6.375
1436262600000 6.38
1436262660000 6.4
1436262720000 6.405
1436262780000 6.395
1436262840000 6.4
1436262900000 6.42
1436262960000 6.41
1436263020000 6.4
1436263140000 6.36
1436263260000 6.36
1436263320000 6.315
1436263380000 6.31
1436263440000 6.35
1436263500000 6.34
1436263560000 6.34
1436263620000 6.34
1436263680000 6.33
1436263740000 6.29
1436263800000 6.27
1436263860000 6.24
1436263920000 6.25
1436263980000 6.28
1436264040000 6.33
1436264100000 6.34
1436264160000 6.33
1436264220000 6.3
1436264400000 6.305
1436264460000 6.3
1436264520000 6.285
1436264580000 6.28
1436264640000 6.28
1436264700000 6.28
1436264760000 6.22
1436264820000 6.22
1436264880000 6.21
1436264940000 6.2099
1436265000000 6.21
1436265120000 6.16
1436265180000 6.165
1436265240000 6.14
1436265300000 6.13
1436265360000 6.14
1436265420000 6.11
1436265480000 6.09
1436265540000 6.08
1436265600000 6.05
1436265660000 6.04
1436265720000 6.02
1436265780000 5.98
1436265840000 5.97
1436265900000 5.93
1436265960000 5.8775
1436266020000 5.83
1436266080000 5.835
1436266140000 5.84
1436266200000 5.91
1436266260000 5.995
1436266320000 6.0
1436266380000 6.0
1436266440000 6.0
1436266500000 6.0
1436266560000 6.0
1436266620000 6.0
1436266680000 6.0
1436266740000 6.0
1436266800000 5.97
1436266860000 5.96
1436266920000 5.96
1436266980000 5.96
1436267040000 5.96
1436267100000 5.96
1436267160000 5.92
1436267220000 5.885
1436267280000 5.87
1436267340000 5.85
1436267400000 5.85
1436267460000 5.85
1436267520000 5.88
1436267580000 5.91
1436267640000 5.92
1436267700000 5.92
1436267760000 5.96
1436267820000 5.95
1436267880000 5.94
1436267940000 5.9301
1436268060000 5.93
1436268120000 5.88
1436268180000 5.86
1436268240000 5.88
1436268360000 5.8601
1436268420000 5.86
1436268540000 5.88
1436268600000 5.88
1436268660000 5.88
1436268720000 5.88
1436268780000 5.88
1436268840000 5.87
1436268900000 5.86
1436268960000 5.86
1436269020000 5.88
1436269080000 5.92
1436269200000 5.91
1436269260000 5.91
1436269320000 5.91
1436269380000 5.92
1436269440000 5.91
1436269500000 5.92
1436269560000 5.93
1436269620000 5.94
1436269680000 5.9401
1436269740000 5.94
1436269800000 5.94
1436269860000 5.94
1436269920000 5.91
1436270100000 5.9
1436270280000 5.92
1436270340000 5.919
1436270520000 5.9
1436270580000 5.9
1436270880000 5.86
1436270940000 5.85
1436271000000 5.75
1436271060000 5.75
1436271120000 5.755
1436271180000 5.7699
1436271300000 5.76
1436271360000 5.7595
1436271480000 5.75
1436271540000 5.76
1436271600000 5.76
1436271660000 5.76
1436271720000 5.76
1436271780000 5.72
1436271840000 5.71
1436271900000 5.6
1436271960000 5.65
1436272020000 5.69
1436272080000 5.62
1436272140000 5.735
1436272200000 5.75
1436272260000 5.775
1436272320000 5.79
1436272440000 5.81
1436272500000 5.81
1436272560000 5.83
1436272680000 5.84
1436272740000 5.83
1436272800000 5.84
1436272860000 5.9
1436272920000 5.97
1436272980000 5.99
1436273040000 6.06
1436273100000 6.17
1436273160000 6.095
1436273220000 6.06
1436273280000 6.085
1436273340000 6.12
1436273400000 6.12
1436273460000 6.08
1436273520000 6.06
1436273640000 6.055
1436273700000 6.05
1436273760000 6.0
1436273820000 5.98
1436273880000 5.99
1436273940000 6.05
1436274000000 6.0401
1436274060000 6.04
1436274120000 6.05
1436274180000 6.0401
1436274240000 6.03
1436274300000 6.025
1436274360000 6.01
1436274600000 5.985
1436274660000 5.98
1436274720000 5.97
1436274780000 5.97
1436274840000 5.98
1436274900000 5.98
1436274960000 6.01
1436275020000 6.0
1436275080000 6.01
1436275140000 6.01
1436275200000 6.04
1436275260000 6.05
1436275320000 6.07
1436275380000 6.07
1436275440000 6.06
1436275500000 6.09
1436275560000 6.08
1436275620000 6.07
1436275680000 6.07
1436275740000 6.04
1436275800000 6.04
1436275860000 6.06
1436275920000 6.05
1436275980000 6.02
1436276040000 6.02
1436276100000 6.02
1436276160000 6.02
1436276220000 6.04
1436276280000 6.04
1436276340000 6.04
1436276400000 6.04
1436276460000 6.04
1436276520000 6.05
1436276580000 6.05
1436276640000 6.05
1436276700000 6.04
1436276760000 6.07
1436276820000 6.06
1436276880000 6.05
1436276940000 6.05
1436277000000 6.05
1436277060000 6.05
1436277120000 6.05
1436277180000 6.05
1436277240000 6.05
1436277300000 6.05
1436277360000 6.05
1436277420000 6.05
1436277480000 6.06
1436277540000 6.06
1436277600000 6.05
1436277660000 6.055
1436277720000 6.055
1436277780000 6.055
1436277840000 6.05
1436277900000 6.05
1436277960000 6.055
1436278020000 6.05
1436278080000 6.05
1436278140000 6.06
1436278200000 6.11
1436278260000 6.09
1436278320000 6.09
1436278380000 6.09
1436278440000 6.095
1436278500000 6.08
1436278560000 6.08
1436278620000 6.08
1436278680000 6.05
1436278740000 6.055
1436278800000 6.055
1436278860000 6.05
1436278920000 6.05
1436278980000 6.02
1436279040000 6.02
1436279100000 6.02
1436279160000 6.02
1436279220000 6.01
1436279400000 5.995
1436279460000 6.04
1436279520000 6.04
1436279700000 6.05
1436279820000 6.06
1436279880000 6.065
1436279940000 6.07
1436280000000 6.11
1436280060000 6.13
1436280120000 6.1499
1436280180000 6.15
1436280240000 6.17
1436280300000 6.16
1436280420000 6.17
1436280660000 6.17
1436280720000 6.17
1436280780000 6.155
1436280840000 6.1201
1436280960000 6.12
1436281020000 6.11
1436281080000 6.115
1436281140000 6.15
1436281200000 6.15
1436281260000 6.16
1436281320000 6.17
1436281380000 6.17
1436281500000 6.18
1436281560000 6.18
