1436261400000 15.1
1436261700000 15.06
1436262540000 15.08
1436262720000 15.08
1436265540000 15.06
1436266380000 14.94
1436266800000 14.986
1436267520000 14.94
1436269080000 14.9547
1436269320000 14.98
1436270340000 14.9548
1436270940000 14.99
1436271000000 14.96
1436271480000 14.976
1436271900000 14.965
1436272020000 14.96
1436272080000 14.97
1436272140000 14.98
1436272380000 14.9801
1436272800000 14.98
1436274540000 14.99
1436274840000 14.99
1436274900000 14.99
1436275020000 15.0
1436275440000 15.0
1436276400000 15.0
1436277300000 15.03
1436277660000 15.05
