1436261400000 16.35
1436261700000 16.31
1436261820000 16.25
1436261880000 16.19
1436261940000 16.04
1436262000000 16.05
1436262060000 16.04
1436262120000 16.04
1436262180000 16.1
1436262240000 16.14
1436262300000 16.14
1436262540000 16.13
1436262600000 16.14
1436262660000 16.11
1436262840000 16.16
1436262900000 16.15
1436262960000 16.1294
1436263200000 16.12
1436263260000 16.1499
1436263380000 16.11
1436263440000 16.119
1436263500000 16.128
1436263560000 16.13
1436263680000 16.12
1436263800000 16.13
1436263860000 16.1377
1436263920000 16.1436
1436264040000 16.12
1436264280000 16.125
1436264340000 16.12
1436264400000 16.1299
1436264520000 16.11
1436264700000 16.13
1436264760000 16.12
1436264880000 16.128
1436264940000 16.11
1436265000000 16.117
1436265120000 16.11
1436265300000 16.113
1436265360000 16.118
1436265480000 16.1102
1436265540000 16.119
1436265660000 16.117
1436265720000 16.08
1436265840000 16.0728
1436265960000 16.079
1436266080000 16.08
1436266140000 16.0901
1436266200000 16.0701
1436266260000 16.09
1436266320000 16.1
1436266440000 16.0896
1436266500000 16.1
1436266560000 16.1
1436266680000 16.11
1436266800000 16.12
1436266920000 16.09
1436267040000 16.1
1436267100000 16.1099
1436267160000 16.0832
1436267280000 16.09
1436267340000 16.07
1436267520000 16.08
1436267580000 16.0701
1436267640000 16.1
1436267700000 16.08
1436267820000 16.07
1436267940000 16.09
1436268180000 16.1001
1436268300000 16.1
1436268360000 16.08
1436268420000 16.0899
1436268480000 16.08
1436268540000 16.08
1436268600000 16.088
1436268660000 16.09
1436268720000 16.09
1436268780000 16.09
1436268900000 16.107
1436269020000 16.1007
1436269080000 16.0999
1436269320000 16.1
1436269680000 16.11
1436269920000 16.11
1436269980000 16.1272
1436270160000 16.14
1436270460000 16.16
1436270520000 16.16
1436270760000 16.16
1436271000000 16.14
1436271120000 16.17
1436272320000 16.16
1436272560000 16.153
1436272740000 16.18
1436273160000 16.2
1436273520000 16.2
1436273580000 16.2168
1436273640000 16.2039
1436273760000 16.214
1436273820000 16.205
1436273880000 16.22
1436274120000 16.2068
1436274420000 16.202
1436274600000 16.205
1436274660000 16.19
1436274720000 16.18
1436274780000 16.1601
1436274840000 16.1866
1436274900000 16.1847
1436274960000 16.15
1436275140000 16.149
1436275200000 16.17
1436275260000 16.1521
1436275320000 16.14
1436275380000 16.12
1436275440000 16.15
1436275500000 16.14
1436275560000 16.14
1436275680000 16.14
1436275740000 16.1466
1436275920000 16.145
1436276040000 16.1466
1436276100000 16.1466
1436276160000 16.13
1436276280000 16.16
1436276340000 16.1401
1436276400000 16.1301
1436276460000 16.1483
1436276520000 16.13
1436276640000 16.16
1436276700000 16.145
1436276760000 16.16
1436276820000 16.1433
1436276880000 16.1519
1436277000000 16.16
1436277060000 16.1574
1436277180000 16.1774
1436277420000 16.15
1436277480000 16.1628
1436277600000 16.14
1436277660000 16.14
1436277720000 16.14
1436277780000 16.15
1436277840000 16.1564
1436277960000 16.1301
1436278080000 16.14
1436278200000 16.1719
1436278260000 16.1664
1436278320000 16.15
1436278380000 16.1301
1436278440000 16.1619
1436278500000 16.13
1436278560000 16.13
1436278620000 16.13
1436278740000 16.13
1436278800000 16.12
1436278860000 16.12
1436278920000 16.12
1436279040000 16.13
1436279160000 16.12
1436279340000 16.12
1436279400000 16.13
1436280000000 16.13
1436280060000 16.12
1436280120000 16.1365
1436280180000 16.15
1436280360000 16.17
1436280420000 16.2
1436280480000 16.22
1436280540000 16.1501
1436280600000 16.1768
1436280780000 16.2
1436280840000 16.1501
1436280900000 16.15
1436281020000 16.14
1436281080000 16.14
1436281140000 16.14
1436281260000 16.13
1436281320000 16.13
1436281380000 16.13
1436281440000 16.12
1436281500000 16.13
1436281560000 16.12
