1436261400000 0.7
1436261460000 0.69
1436261520000 0.69
1436261580000 0.69
1436261640000 0.69
1436261880000 0.69
1436262480000 0.6901
1436262780000 0.69
1436263080000 0.7079
1436263200000 0.6901
1436263260000 0.7
1436264640000 0.67
1436264760000 0.6604
1436265360000 0.661
1436265480000 0.69
1436265600000 0.6603
1436265660000 0.6601
1436265900000 0.6601
1436265960000 0.6601
1436266020000 0.6626
1436266080000 0.6673
1436266140000 0.6665
1436266440000 0.6613
1436266740000 0.67
1436266980000 0.6709
1436267040000 0.68
1436267100000 0.6889
1436267160000 0.687
1436267280000 0.687
1436267340000 0.687
1436267400000 0.687
1436267460000 0.687
1436267580000 0.686
1436267760000 0.696
1436267820000 0.6988
1436267940000 0.696
1436269680000 0.6621
1436270580000 0.6739
1436270640000 0.688
1436270700000 0.697
1436270760000 0.6948
1436270820000 0.6948
1436270880000 0.6948
1436270940000 0.6948
1436271000000 0.6948
1436271060000 0.6948
1436271120000 0.6948
1436271180000 0.695
1436278500000 0.6946
1436279220000 0.6945
1436280180000 0.672
1436280420000 0.672
