1436261400000 19.7
1436261520000 19.71
1436261580000 19.7
1436261640000 19.45
1436261700000 19.25
1436261760000 19.13
1436261820000 19.12
1436261880000 19.19
1436261940000 19.15
1436262000000 19.15
1436262180000 19.19
1436262240000 19.19
1436262300000 19.18
1436262480000 19.145
1436262660000 19.13
1436262720000 19.09
1436262780000 19.12
1436262900000 19.2399
1436263080000 19.16
1436263140000 19.13
1436263200000 19.05
1436263260000 19.12
1436263320000 19.13
1436263380000 19.12
1436263500000 19.1
1436263560000 19.09
1436263620000 19.0
1436263680000 18.995
1436263740000 19.075
1436263800000 19.04
1436263860000 19.135
1436263920000 19.075
1436263980000 19.07
1436264040000 19.09
1436264100000 19.05
1436264160000 18.921
1436264220000 18.95
1436264340000 19.005
1436264400000 19.05
1436264460000 19.005
1436264520000 19.0
1436264580000 19.045
1436264700000 19.0375
1436264760000 18.88
1436264820000 18.86
1436264940000 18.81
1436265060000 18.85
1436265120000 18.88
1436265180000 18.96
1436265240000 18.88
1436265360000 18.96
1436265420000 18.945
1436265480000 19.0
1436265660000 19.0
1436265720000 18.89
1436265780000 18.935
1436265840000 18.94
1436265900000 18.94
1436265960000 18.92
1436266020000 18.94
1436266080000 18.97
1436266140000 18.985
1436266200000 18.99
1436266320000 18.96
1436266380000 19.0
1436266440000 19.0
1436266560000 19.04
1436266740000 18.96
1436266800000 18.87
1436266980000 18.86
1436267040000 18.81
1436267160000 18.84
1436267280000 18.83
1436267340000 18.83
1436267400000 18.89
1436267460000 18.9
1436267520000 18.89
1436267580000 18.89
1436267640000 18.95
1436267700000 19.02
1436267820000 19.15
1436267940000 19.17
1436268120000 19.18
1436268240000 19.18
1436268300000 19.15
1436268360000 19.15
1436268420000 19.15
1436268540000 19.08
1436268600000 19.1
1436268720000 19.07
1436268840000 19.105
1436268900000 19.13
1436268960000 19.11
1436269020000 19.11
1436269080000 19.08
1436269140000 19.04
1436269200000 19.11
1436269320000 19.14
1436269380000 19.155
1436269440000 19.27
1436269500000 19.32
1436269800000 19.33
1436269920000 19.39
1436269980000 19.39
1436270040000 19.47
1436270160000 19.47
1436270220000 19.53
1436270280000 19.5736
1436270340000 19.57
1436270400000 19.5
1436270580000 19.42
1436270700000 19.46
1436270760000 19.47
1436270820000 19.49
1436270940000 19.46
1436271000000 19.5
1436271060000 19.5
1436271240000 19.5
1436271420000 19.45
1436271600000 19.45
1436271720000 19.45
1436271840000 19.43
1436271900000 19.405
1436271960000 19.44
1436272080000 19.53
1436272140000 19.53
1436272200000 19.58
1436272260000 19.53
1436272320000 19.63
1436272380000 19.65
1436272500000 19.62
1436272620000 19.62
1436272680000 19.65
1436272800000 19.65
1436272920000 19.69
1436273040000 19.64
1436273160000 19.69
1436273220000 19.8
1436273280000 19.91
1436273340000 19.94
1436273400000 19.88
1436273460000 19.87
1436273580000 19.77
1436273640000 19.8
1436273760000 19.84
1436273820000 19.86
1436273880000 19.9
1436273940000 19.87
1436274060000 19.92
1436274240000 19.97
1436274300000 19.97
1436274360000 20.01
1436274420000 19.88
1436274480000 19.8836
1436274600000 19.86
1436274660000 19.85
1436274720000 19.86
1436274780000 19.99
1436274960000 19.95
1436275080000 19.93
1436275140000 19.88
1436275200000 19.94
1436275260000 19.88
1436275320000 19.83
1436275620000 19.79
1436275680000 19.85
1436275860000 19.87
1436275980000 19.79
1436276400000 19.75
1436276580000 19.73
1436276640000 19.76
1436276700000 19.78
1436276760000 19.75
1436277120000 19.68
1436277180000 19.7
1436277240000 19.66
1436277300000 19.62
1436277420000 19.62
1436277480000 19.57
1436277540000 19.51
1436277600000 19.56
1436277660000 19.53
1436277780000 19.49
1436278020000 19.49
1436278140000 19.51
1436278200000 19.48
1436278260000 19.5
1436278320000 19.5
1436278440000 19.5125
1436278560000 19.52
1436278680000 19.55
1436278740000 19.545
1436278920000 19.46
1436278980000 19.4
1436279040000 19.48
1436279100000 19.48
1436279160000 19.47
1436279340000 19.48
1436279400000 19.47
1436279460000 19.45
1436279520000 19.46
1436279580000 19.5
1436279640000 19.51
1436279820000 19.44
1436279880000 19.44
1436280000000 19.5
1436280060000 19.52
1436280180000 19.62
1436280240000 19.64
1436280300000 19.67
1436280540000 19.67
1436280600000 19.6
1436280660000 19.54
1436280900000 19.54
1436280960000 19.6
1436281020000 19.63
1436281080000 19.76
1436281140000 19.77
1436281260000 19.74
1436281380000 19.75
1436281440000 19.74
1436281560000 19.72
