1434965400000 236.64
1434965460000 237.04
1434965520000 236.96
1434965580000 237.405
1434965640000 237.93
1434965700000 237.95
1434965760000 237.23
1434965820000 237.07
1434965880000 236.75
1434965940000 236.68
1434966000000 236.63
1434966060000 237.25
1434966120000 237.21
1434966180000 237.26
1434966240000 237.26
1434966300000 237.31
1434966360000 237.48
1434966420000 237.51
1434966540000 237.84
1434966600000 237.85
1434966660000 237.78
1434966720000 237.77
1434966780000 237.96
1434966840000 238.0
1434966900000 238.05
1434966960000 238.02
1434967020000 238.15
1434967080000 238.18
1434967140000 238.355
1434967200000 238.46
1434967260000 238.44
1434967380000 238.49
1434967440000 238.39
1434967500000 238.4
1434967560000 238.51
1434967620000 238.46
1434967680000 238.13
1434967740000 238.2
1434967800000 238.06
1434967860000 238.15
1434967920000 238.13
1434967980000 237.97
1434968040000 237.86
1434968100000 237.71
1434968220000 237.79
1434968280000 237.84
1434968340000 237.76
1434968400000 237.79
1434968460000 237.49
1434968580000 237.33
1434968640000 237.1
1434968700000 237.35
1434968760000 237.32
1434968820000 237.54
1434968880000 237.69
1434968940000 237.65
1434969060000 237.37
1434969120000 237.48
1434969180000 237.57
1434969240000 237.54
1434969300000 237.61
1434969360000 237.73
1434969420000 237.73
1434969480000 237.77
1434969540000 237.84
1434969600000 237.92
1434969660000 238.01
1434969720000 238.08
1434969780000 237.95
1434969840000 237.95
1434969960000 237.78
1434970020000 237.84
1434970080000 237.84
1434970140000 237.82
1434970200000 237.77
1434970260000 237.86
1434970380000 237.805
1434970500000 237.73
1434970560000 237.76
1434970620000 237.72
1434970680000 237.72
1434970740000 237.74
1434970800000 237.64
1434970860000 237.84
1434970920000 237.68
1434970980000 237.77
1434971040000 237.84
1434971100000 237.8
1434971160000 237.8
1434971220000 237.83
1434971280000 238.04
1434971340000 238.02
1434971400000 238.01
1434971460000 238.07
1434971520000 237.82
1434971580000 237.81
1434971640000 237.92
1434971700000 237.9
1434971760000 237.91
1434971820000 237.85
1434971880000 237.9
1434971940000 237.83
1434972000000 237.78
1434972060000 237.74
1434972120000 237.66
1434972180000 237.55
1434972240000 237.69
1434972360000 237.58
1434972420000 237.62
1434972540000 237.58
1434972600000 237.68
1434972780000 237.66
1434972900000 237.73
1434973020000 237.76
1434973200000 237.77
1434973260000 237.67
1434973320000 237.83
1434973440000 237.8
1434973500000 237.78
1434973560000 237.79
1434973620000 237.8
1434973680000 237.92
1434973740000 237.93
1434973800000 237.97
1434973860000 238.04
1434973920000 237.99
1434973980000 238.05
1434974040000 238.07
1434974100000 238.03
1434974160000 238.06
1434974220000 238.07
1434974280000 238.02
1434974340000 238.11
1434974400000 238.09
1434974460000 238.18
1434974520000 238.22
1434974580000 238.24
1434974700000 238.225
1434974760000 238.39
1434974820000 238.16
1434974880000 238.12
1434974940000 238.06
1434975000000 238.06
1434975060000 238.03
1434975120000 238.03
1434975180000 237.97
1434975240000 237.93
1434975300000 237.93
1434975360000 237.96
1434975420000 237.96
1434975480000 237.9
1434975540000 237.88
1434975720000 237.9
1434975900000 237.9
1434975960000 237.95
1434976140000 237.87
1434976200000 237.88
1434976260000 237.99
1434976320000 237.95
1434976380000 238.01
1434976500000 237.9
1434976560000 237.93
1434976620000 238.0
1434976680000 238.1
1434976740000 238.12
1434976800000 238.18
1434976860000 238.26
1434976980000 238.23
1434977040000 237.99
1434977100000 237.94
1434977160000 237.91
1434977220000 238.0
1434977280000 238.07
1434977340000 238.17
1434977400000 238.19
1434977460000 238.33
1434977640000 238.2
1434977700000 238.3
1434977760000 238.17
1434977820000 238.27
1434977880000 238.21
1434978000000 238.32
1434978120000 238.32
1434978180000 238.3
1434978300000 238.26
1434978360000 238.12
1434978420000 238.09
1434978480000 238.06
1434978660000 237.89
1434978780000 237.93
1434978840000 237.95
1434978960000 237.95
1434979080000 238.0
1434979200000 237.89
1434979320000 237.8235
1434979380000 237.79
1434979500000 237.82
1434979560000 237.82
1434979620000 237.9
1434979680000 237.91
1434979740000 237.91
1434979860000 237.95
1434979980000 238.03
1434980040000 238.08
1434980100000 238.06
1434980160000 237.98
1434980220000 237.9957
1434980280000 238.0
1434980340000 237.9
1434980400000 237.96
1434980460000 238.11
1434980520000 238.0
1434980580000 238.13
1434980640000 238.21
1434980760000 238.36
1434980820000 238.29
1434980880000 238.41
1434980940000 238.42
1434981000000 238.49
1434981120000 238.48
1434981180000 238.49
1434981240000 238.52
1434981300000 238.58
1434981360000 238.61
1434981420000 238.62
1434981480000 238.69
1434981540000 238.67
1434981660000 238.69
1434981720000 238.65
1434981780000 238.63
1434981900000 238.59
1434981960000 238.6
1434982020000 238.67
1434982080000 238.72
1434982140000 238.7
1434982200000 238.74
1434982260000 238.75
1434982320000 238.83
1434982380000 238.72
1434982440000 238.78
1434982500000 238.77
1434982560000 238.81
1434982620000 238.84
1434982680000 238.8001
1434982800000 238.73
1434982860000 238.81
1434982980000 238.73
1434983040000 238.79
1434983100000 238.83
1434983160000 238.85
1434983220000 238.73
1434983280000 238.54
1434983400000 238.59
1434983460000 238.62
1434983580000 238.63
1434983640000 238.65
1434983700000 238.785
1434983760000 238.72
1434983820000 238.59
1434983880000 238.6
1434983940000 238.6
1434984000000 238.56
1434984060000 238.75
1434984120000 238.82
1434984180000 238.91
1434984240000 239.0
1434984300000 238.9
1434984360000 238.86
1434984420000 238.72
1434984480000 238.74
1434984540000 238.73
1434984600000 238.74
1434984660000 238.77
1434984720000 238.74
1434984780000 238.74
1434984840000 238.76
1434984900000 238.64
1434984960000 238.76
1434985020000 238.77
1434985140000 238.74
1434985200000 238.82
1434985260000 238.89
1434985440000 238.89
1434985500000 238.9
1434985560000 238.86
1434985620000 238.89
1434985680000 238.89
1434985800000 238.89
1434985860000 238.83
1434985920000 238.83
1434985980000 238.84
1434986040000 238.94
1434986100000 238.92
1434986160000 238.96
1434986220000 238.86
1434986280000 238.91
1434986340000 238.9
1434986400000 238.9
1434986460000 238.955
1434986520000 238.94
1434986580000 239.07
1434986640000 239.07
1434986700000 239.08
1434986760000 239.08
1434986820000 239.02
1434986880000 239.03
1434986940000 239.07
1434987000000 239.04
1434987060000 239.04
1434987120000 239.05
1434987180000 239.04
1434987240000 239.07
1434987300000 239.1
1434987360000 239.08
1434987480000 239.17
1434987540000 239.15
1434987600000 239.2
1434987660000 239.01
1434987720000 239.07
1434987780000 238.99
1434987840000 239.06
1434987900000 239.04
1434987960000 238.85
1434988020000 238.73
1434988080000 238.53
1434988140000 238.52
1434988200000 238.56
1434988260000 238.68
1434988320000 238.69
1434988380000 238.6
1434988440000 238.57
1434988500000 238.56
1434988560000 238.53
1434988620000 238.59
1434988680000 238.64
1434988740000 238.69
1434990540000 238.6
