1436261400000 3.07
1436261460000 3.09
1436261520000 3.0763
1436261580000 3.08
1436261640000 3.07
1436261700000 3.02
1436261760000 2.98
1436261880000 3.0098
1436261940000 3.01
1436262000000 2.99
1436262060000 3.0009
1436262120000 2.99
1436262240000 2.99
1436262300000 2.99
1436262360000 3.003
1436262420000 2.9901
1436262480000 3.001
1436262540000 3.03
1436262600000 3.01
1436262660000 3.015
1436262780000 3.03
1436262840000 3.015
1436262900000 3.03
1436262960000 3.03
1436263020000 3.0123
1436263080000 3.03
1436263140000 3.03
1436263200000 3.01
1436263260000 3.029
1436263320000 3.0063
1436263380000 3.03
1436263440000 3.015
1436263500000 3.009
1436263680000 3.03
1436263740000 3.0142
1436263800000 3.0
1436263860000 3.0199
1436263980000 3.02
1436264040000 3.01
1436264100000 3.0
1436264160000 3.0
1436264220000 2.99
1436264280000 2.9679
1436264340000 2.9798
1436264400000 2.99
1436264640000 2.98
1436264700000 2.9742
1436264820000 2.96
1436264880000 2.97
1436265000000 2.96
1436265060000 2.95
1436265120000 2.92
1436265180000 2.91
1436265240000 2.95
1436265360000 2.923
1436265420000 2.91
1436265480000 2.9099
1436265540000 2.87
1436265600000 2.8501
1436265660000 2.85
1436265720000 2.85
1436265780000 2.8
1436265840000 2.81
1436265900000 2.86
1436265960000 2.86
1436266020000 2.8201
1436266080000 2.8101
1436266140000 2.82
1436266200000 2.82
1436266260000 2.8179
1436266320000 2.8179
1436266380000 2.8299
1436266500000 2.8479
1436266560000 2.8499
1436266620000 2.8499
1436266680000 2.8798
1436266740000 2.8758
1436266800000 2.8648
1436266920000 2.86
1436266980000 2.859
1436267040000 2.8515
1436267100000 2.8501
1436267160000 2.8401
1436267220000 2.8401
1436267280000 2.84
1436267340000 2.8433
1436267400000 2.8398
1436267520000 2.87
1436267580000 2.87
1436267640000 2.87
1436267700000 2.87
1436267760000 2.92
1436267820000 2.929
1436267880000 2.9
1436267940000 2.9
1436268120000 2.8899
1436268180000 2.87
1436268660000 2.89
1436269080000 2.88
1436269140000 2.86
1436269320000 2.8656
1436269380000 2.8799
1436269440000 2.8745
1436269500000 2.86
1436269560000 2.8642
1436269680000 2.8721
1436269740000 2.8683
1436269800000 2.85
1436269920000 2.84
1436270100000 2.83
1436270160000 2.8499
1436270220000 2.85
1436270280000 2.8799
1436270340000 2.85
1436270400000 2.88
1436270520000 2.875
1436270580000 2.8758
1436270640000 2.8679
1436270700000 2.8684
1436270760000 2.87
1436270820000 2.8767
1436271000000 2.87
1436271060000 2.88
1436271180000 2.8801
1436271480000 2.891
1436271660000 2.9
1436271840000 2.9
1436271900000 2.91
1436271960000 2.9044
1436272080000 2.8988
1436272140000 2.9
1436272440000 2.9
1436272560000 2.9
1436272680000 2.9099
1436272800000 2.9001
1436272920000 2.9021
1436273040000 2.9
1436273160000 2.9099
1436273220000 2.91
1436273460000 2.91
1436273820000 2.92
1436273880000 2.92
1436273940000 2.97
1436274000000 2.97
1436274060000 2.974
1436274120000 2.9742
1436274180000 2.9788
1436274420000 2.9899
1436274480000 2.98
1436274540000 3.0
1436274600000 3.0
1436274660000 2.999
1436274720000 3.0
1436274840000 2.99
1436274900000 2.98
1436274960000 2.98
1436275020000 2.98
1436275080000 2.98
1436275320000 2.99
1436275380000 2.98
1436275500000 2.98
1436275560000 2.98
1436275620000 2.9944
1436275680000 2.981
1436275740000 2.984
1436276100000 2.98
1436276160000 2.9803
1436276220000 2.9899
1436276280000 2.98
1436276340000 2.97
1436276460000 2.98
1436276640000 2.98
1436276820000 2.98
1436276880000 2.97
1436276940000 2.97
1436277000000 3.0
1436277120000 2.99
1436277180000 2.9928
1436277240000 2.99
1436277300000 2.99
1436277360000 2.9909
1436277420000 2.98
1436277540000 2.9807
1436278020000 2.99
1436278140000 2.97
1436278320000 2.976
1436278440000 2.97
1436278500000 2.97
1436278620000 2.96
1436278980000 2.9501
1436279040000 2.97
1436279100000 2.94
1436279400000 2.94
1436279460000 2.94
1436279520000 2.9401
1436279640000 2.94
1436279760000 2.9338
1436279880000 2.92
1436279940000 2.92
1436280060000 2.9201
1436280120000 2.9201
1436280180000 2.92
1436280240000 2.9201
1436280300000 2.93
1436280360000 2.9102
1436280480000 2.9101
1436280540000 2.9113
1436280660000 2.93
1436280780000 2.91
1436280840000 2.9202
1436280900000 2.92
1436280960000 2.92
1436281020000 2.92
1436281080000 2.92
1436281200000 2.92
1436281260000 2.92
1436281320000 2.912
1436281380000 2.9199
1436281440000 2.91
1436281500000 2.92
1436281560000 2.9188
