1436261400000 19.21
1436261640000 19.21
1436261700000 19.2
1436261820000 19.05
1436261880000 19.05
1436261940000 18.98
1436262000000 19.0395
1436262180000 19.01
1436262240000 18.94
1436262780000 18.92
1436262840000 18.92
1436263080000 18.915
1436263200000 18.92
1436263260000 18.935
1436263320000 18.93
1436263500000 18.89
1436263560000 18.93
1436263620000 18.92
1436263680000 18.9
1436263740000 18.9
1436263800000 18.89
1436263860000 18.9
1436263920000 18.89
1436264040000 18.905
1436264100000 18.89
1436264220000 18.9
1436264280000 18.9
1436264340000 18.9
1436264400000 18.89
1436264460000 18.85
1436264520000 18.885
1436264580000 18.895
1436264640000 18.895
1436264700000 18.885
1436264760000 18.88
1436264880000 18.9
1436264940000 18.9
1436265000000 18.9
1436265060000 18.9
1436265120000 18.88
1436265300000 18.87
1436265360000 18.86
1436265420000 18.86
1436265480000 18.87
1436265540000 18.86
1436265600000 18.86
1436265660000 18.86
1436265720000 18.85
1436265780000 18.86
1436265840000 18.87
1436266080000 18.89
1436266140000 18.88
1436266200000 18.9
1436266260000 18.92
1436266320000 18.96
1436266380000 18.96
1436266440000 18.99
1436266500000 18.9825
1436266560000 18.96
1436266800000 18.93
1436266860000 18.925
1436266920000 18.96
1436267160000 18.95
1436267220000 18.95
1436267340000 18.94
1436267400000 18.94
1436267520000 18.93
1436267580000 18.945
1436267640000 18.945
1436267820000 18.95
1436267880000 18.97
1436268000000 18.93
1436268060000 18.9
1436268240000 18.92
1436268300000 18.93
1436268360000 18.9
1436268420000 18.93
1436268540000 18.93
1436268600000 18.92
1436268660000 18.96
1436268840000 18.93
1436268900000 18.92
1436268960000 18.9
1436269020000 18.97
1436269260000 18.95
1436269320000 18.942
1436269380000 18.96
1436269440000 18.96
1436269560000 18.93
1436269620000 18.94
1436269680000 18.92
1436269740000 18.92
1436269860000 18.93
1436269920000 18.92
1436269980000 18.93
1436270100000 19.03
1436270160000 19.04
1436270220000 19.05
1436270340000 19.0
1436270400000 18.96
1436270460000 18.93
1436270580000 18.94
1436270640000 18.93
1436270700000 18.96
1436270760000 18.96
1436270820000 18.95
1436270880000 18.99
1436270940000 19.0
1436271000000 19.01
1436271060000 19.01
1436271120000 19.0
1436271300000 19.0
1436271360000 19.0
1436271660000 19.01
1436271780000 19.0085
1436271840000 18.98
1436272140000 18.97
1436272380000 18.93
1436272440000 18.9
1436272560000 18.89
1436272740000 18.89
1436272860000 18.89
1436273040000 18.89
1436273220000 18.91
1436273340000 18.91
1436273400000 18.92
1436273700000 18.92
1436273880000 18.92
1436273940000 18.94
1436274060000 18.95
1436274120000 18.96
1436274180000 18.96
1436274240000 18.94
1436274300000 18.96
1436274540000 18.95
1436274720000 18.97
1436274840000 19.0
1436274900000 18.99
1436275200000 18.97
1436275260000 18.97
1436275320000 18.97
1436275560000 18.98
1436275620000 18.98
1436275740000 18.95
1436275860000 18.98
1436275980000 18.98
1436276100000 18.9988
1436276340000 18.99
1436276640000 19.01
1436276940000 19.01
1436277000000 19.0192
1436277060000 18.99
1436277180000 18.95
1436277240000 18.96
1436277300000 18.96
1436277360000 18.9688
1436277480000 18.97
1436277600000 18.97
1436277660000 18.99
1436277720000 18.99
1436277840000 18.9542
1436277960000 18.98
1436278140000 19.01
1436278260000 19.0
1436278320000 19.03
1436278380000 19.09
1436278440000 19.25
1436278560000 19.24
1436278680000 19.1601
1436278740000 19.16
1436278860000 19.145
1436278980000 19.13
1436279040000 19.114
1436279100000 19.1215
1436279220000 19.14
1436279280000 19.14
1436279340000 19.16
1436279400000 19.19
1436279460000 19.23
1436279580000 19.195
1436279640000 19.17
1436279700000 19.15
1436279880000 19.14
1436279940000 19.18
1436280060000 19.21
1436280120000 19.22
1436280360000 19.26
1436280420000 19.28
1436280480000 19.29
1436280540000 19.25
1436280600000 19.26
1436280660000 19.26
1436280720000 19.28
1436280780000 19.25
1436280840000 19.29
1436280900000 19.25
1436280960000 19.28
1436281020000 19.28
1436281080000 19.28
1436281200000 19.27
1436281260000 19.27
1436281320000 19.3
1436281380000 19.264
1436281440000 19.261
1436281500000 19.24
1436281560000 19.25
