1436261400000 11.54
1436261580000 11.42
1436261640000 11.42
1436261700000 11.25
1436262060000 11.27
1436262240000 11.3
1436262600000 11.28
1436262660000 11.25
1436262720000 11.21
1436262840000 11.23
1436262960000 11.19
1436263140000 11.16
1436263200000 11.2
1436263740000 11.13
1436263800000 11.05
1436263980000 11.0796
1436264040000 11.07
1436264100000 11.04
1436264160000 10.97
1436264220000 11.03
1436264340000 10.99
1436264400000 10.97
1436264460000 10.99
1436264520000 10.99
1436264700000 10.96
1436264880000 10.89
1436264940000 10.89
1436265000000 10.87
1436265120000 10.86
1436265180000 10.89
1436265300000 10.82
1436265540000 10.81
1436265600000 10.81
1436265660000 10.8
1436265720000 10.81
1436265780000 10.8
1436266080000 10.8
1436266140000 10.81
1436266200000 10.82
1436266260000 10.82
1436266320000 10.83
1436266380000 10.84
1436266440000 10.845
1436266560000 10.845
1436266620000 10.84
1436266680000 10.83
1436266740000 10.82
1436266800000 10.82
1436266860000 10.825
1436266980000 10.8
1436267100000 10.85
1436267280000 10.79
1436267340000 10.8
1436267520000 10.82
1436267580000 10.82
1436267640000 10.79
1436267820000 10.84
1436267880000 10.85
1436267940000 10.81
1436268120000 10.8
1436268300000 10.8
1436268360000 10.79
1436268420000 10.79
1436268540000 10.8
1436269140000 10.79
1436269200000 10.79
1436269440000 10.81
1436269620000 10.8312
1436269680000 10.86
1436269800000 10.85
1436269860000 10.85
1436270100000 10.88
1436270220000 10.9
1436270340000 10.93
1436270400000 10.88
1436270460000 10.87
1436270640000 10.86
1436271000000 10.88
1436271240000 10.85
1436271360000 10.84
1436271720000 10.85
1436271840000 10.8
1436271900000 10.81
1436271960000 10.84
1436272020000 10.85
1436272320000 10.85
1436272560000 10.87
1436272680000 10.85
1436272740000 10.83
1436272860000 10.85
1436272920000 10.85
1436273100000 10.82
1436273220000 10.86
1436273280000 10.87
1436273520000 10.98
1436273580000 11.0
1436273640000 11.0
1436273820000 11.03
1436274000000 11.0
1436274360000 10.92
1436274420000 10.91
1436274720000 10.92
1436274780000 10.92
1436274840000 10.92
1436274900000 10.96
1436274960000 10.96
1436275020000 10.96
1436275080000 10.95
1436275140000 10.95
1436275200000 10.89
1436275620000 10.9
1436275980000 10.847
1436276100000 10.82
1436276160000 10.85
1436276460000 10.85
1436276520000 10.87
1436276580000 10.89
1436276640000 10.88
1436276700000 10.88
1436276820000 10.88
1436277180000 10.85
1436277480000 10.85
1436277840000 10.85
1436278080000 10.87
1436278200000 10.85
1436278260000 10.85
1436278500000 10.85
1436278560000 10.85
1436278740000 10.84
1436278800000 10.85
1436279460000 10.88
1436279820000 10.86
1436279880000 10.85
1436280120000 10.8955
1436280180000 10.9
1436280240000 10.92
1436280300000 10.91
1436280360000 10.87
1436280420000 10.86
1436280600000 10.879
1436280720000 10.85
1436280780000 10.85
1436280840000 10.85
1436280900000 10.86
1436280960000 10.85
1436281020000 10.86
1436281080000 10.9
1436281140000 10.9
1436281200000 10.93
1436281260000 10.92
1436281380000 10.88
1436281500000 10.88
1436281560000 10.85
1436281620000 10.85
