1436261400000 1.72
1436261580000 1.72
1436261640000 1.72
1436261700000 1.72
1436262000000 1.72
1436263200000 1.72
1436263920000 1.7201
1436264100000 1.72
1436264400000 1.72
1436265180000 1.7201
1436265360000 1.7201
1436265600000 1.72
1436266200000 1.72
1436266560000 1.74
1436266620000 1.73
1436266680000 1.73
1436267100000 1.73
1436270580000 1.73
1436270640000 1.73
1436271060000 1.73
1436271420000 1.73
1436271900000 1.73
1436272500000 1.7248
1436272560000 1.72
1436272620000 1.72
1436272920000 1.72
1436276460000 1.72
1436278920000 1.72
1436279280000 1.73
1436279700000 1.72
1436279820000 1.72
1436280840000 1.72
1436280900000 1.72
1436281200000 1.71
