1436263140000 0.7749
1436263560000 0.7703
1436263920000 0.8
1436263980000 0.8
1436264820000 0.78
1436265600000 0.78
1436266620000 0.775
1436266680000 0.775
1436266800000 0.775
1436266860000 0.775
1436266980000 0.775
1436267220000 0.7799
1436267460000 0.775
1436267640000 0.77
1436268060000 0.77
1436268120000 0.77
1436268240000 0.77
1436269080000 0.77
1436269140000 0.77
1436269200000 0.7747
1436269740000 0.7695
1436271120000 0.765
1436271180000 0.765
1436271480000 0.7665
1436271960000 0.7648
1436272260000 0.762
1436272320000 0.76
1436272500000 0.76
1436272560000 0.76
1436273520000 0.76
1436273640000 0.76
1436273820000 0.75
1436275200000 0.7499
1436275620000 0.7499
1436277900000 0.7499
1436278380000 0.7301
1436278440000 0.75
1436278560000 0.74
