1436261400000 19.96
1436261460000 19.96
1436261700000 19.96
1436262600000 19.97
1436263920000 19.97
1436264340000 19.96
1436264400000 19.96
1436264460000 19.96
1436265120000 19.96
1436265480000 19.96
1436265600000 19.96
1436265840000 19.9601
1436266200000 19.96
1436266260000 19.96
1436266380000 19.97
1436266440000 19.98
1436268900000 19.96
1436269140000 19.96
1436269200000 19.96
1436269260000 19.96
1436269440000 19.9717
1436269740000 19.96
1436269800000 19.96
1436271000000 19.96
1436271060000 19.98
1436272500000 19.98
1436272620000 19.97
1436273820000 19.96
1436273880000 19.97
1436274060000 19.96
1436274180000 19.96
1436274420000 19.96
1436274840000 19.96
1436274900000 19.97
1436278080000 19.96
1436278740000 19.96
1436278920000 19.96
1436279100000 19.97
1436279700000 19.96
1436280180000 19.97
