1404705600000 10.48
1404792000000 10.56
1404878400000 10.41
1404964800000 10.36
1405051200000 10.32
1405310400000 10.14
1405396800000 10.04
1405483200000 9.66
1405569600000 10.09
1405656000000 10.01
1405915200000 10.22
1406001600000 10.1
1406088000000 10.1
1406174400000 10.19
1406260800000 10.24
1406520000000 10.15
1406606400000 10.16
1406692800000 10.17
1406779200000 10.49
1406865600000 10.25
1407124800000 10.25
1407211200000 10.2
1407297600000 10.2
1407384000000 10.25
1407470400000 10.15
1407729600000 6.2
1407816000000 6.2
1407988800000 6.2
1408075200000 6.2
1408334400000 6.15
1408420800000 6.15
1408507200000 6.15
1408593600000 6.05
1408680000000 6.06
1408939200000 6.0
1409025600000 6.1
1409112000000 6.1
1409198400000 6.15
1409284800000 6.15
1409630400000 6.11
1409716800000 6.12
1409803200000 6.12
1409889600000 6.14
1410235200000 6.13
1410321600000 6.23
1410408000000 6.26
1410494400000 6.5
1410753600000 6.6
1410926400000 6.6
1411012800000 6.58
1411099200000 6.6
1411358400000 6.6
1411617600000 6.6
1411704000000 6.75
1411963200000 6.65
1412049600000 6.79
1412136000000 6.85
1412222400000 6.7
1412654400000 6.7
1412827200000 6.7
1412913600000 6.66
1413172800000 6.66
1413259200000 6.66
1413432000000 6.66
1413518400000 6.66
1413777600000 6.68
1413864000000 6.68
1413950400000 6.75
1414123200000 6.63
1414382400000 6.75
1414468800000 6.9
1414641600000 7.0
1414990800000 6.9
1415077200000 6.9
1415163600000 7.67
1415595600000 6.8
1415682000000 6.8
1415768400000 6.8
1415854800000 6.75
1415941200000 6.9
1416200400000 6.75
1416286800000 6.8
1416373200000 6.8
1416459600000 7.25
1416546000000 7.35
1416805200000 7.25
1416978000000 7.38
1417410000000 7.25
1417496400000 7.25
1417582800000 7.2
1417669200000 7.22
1418014800000 7.25
1418101200000 7.3
1418187600000 7.5
1418274000000 7.3
1418619600000 8.0
1418706000000 7.55
1418792400000 7.55
1418878800000 7.7
1418965200000 7.65
1419310800000 7.5
1419829200000 7.5
1419915600000 7.45
1420002000000 7.2
1420174800000 7.5
1420434000000 7.5
1420693200000 7.5
1420779600000 7.5
1421038800000 7.5
1421211600000 7.5
1421298000000 7.65
1421384400000 7.65
1421902800000 7.6
1421989200000 7.6
1422248400000 7.5
1422334800000 7.4
1422421200000 7.35
1422594000000 7.4
1422853200000 7.36
1423112400000 7.35
1423630800000 7.36
1423803600000 7.36
1424322000000 7.36
1424667600000 7.36
1424754000000 7.36
1424840400000 7.2
1424926800000 7.175
1425272400000 7.15
1425358800000 7.0
1425873600000 7.0
1426132800000 7.0
1426564800000 6.55
1426651200000 6.75
1427256000000 6.5
1427342400000 6.0
1427688000000 6.0
1427774400000 5.95
1427860800000 6.0
1427947200000 5.9
1428292800000 5.95
1428379200000 5.91
1428465600000 5.91
1428552000000 5.91
1428638400000 6.12
1428984000000 6.0
1429156800000 5.95
1429243200000 5.94
1429588800000 6.0
1429675200000 6.0
1429761600000 5.95
1429848000000 6.0
1430107200000 6.0
1430193600000 5.87
1430366400000 5.89
1431316800000 5.85
1431403200000 5.9
1431489600000 5.8
1431576000000 5.8
1431662400000 5.8
1431921600000 5.75
1432094400000 5.75
1432180800000 5.75
1432267200000 5.75
1432612800000 5.75
1432872000000 5.75
1433217600000 5.75
1433304000000 5.9
1433822400000 5.9
1434340800000 5.71
1434427200000 5.9
1434513600000 7.5
1434600000000 7.5
1434686400000 7.55
1434945600000 7.7
1435032000000 7.6
1435118400000 7.65
1435204800000 7.65
1435550400000 7.7
1435636800000 7.8
