1436261400000 5.88
1436261520000 5.86
1436261700000 5.86
1436261760000 5.85
1436261820000 5.85
1436261880000 5.84
1436261940000 5.83
1436262060000 5.83
1436262240000 5.84
1436262300000 5.83
1436262540000 5.845
1436263080000 5.85
1436263140000 5.83
1436263200000 5.83
1436263320000 5.85
1436263560000 5.83
1436263620000 5.83
1436263680000 5.81
1436263740000 5.82
1436263800000 5.84
1436263980000 5.84
1436264040000 5.86
1436264100000 5.84
1436264280000 5.86
1436264340000 5.86
1436264400000 5.8599
1436264460000 5.855
1436264520000 5.855
1436264580000 5.85
1436264640000 5.86
1436264700000 5.85
1436264760000 5.85
1436264820000 5.85
1436264880000 5.85
1436265000000 5.85
1436265060000 5.85
1436265120000 5.85
1436265180000 5.85
1436265300000 5.85
1436265360000 5.85
1436265420000 5.855
1436265480000 5.85
1436265540000 5.85
1436265600000 5.85
1436265660000 5.85
1436265780000 5.86
1436265900000 5.85
1436266020000 5.86
1436266080000 5.85
1436266140000 5.85
1436266200000 5.85
1436266260000 5.84
1436266440000 5.85
1436266500000 5.85
1436266680000 5.84
1436266860000 5.82
1436266920000 5.83
1436267280000 5.83
1436267340000 5.83
1436267700000 5.83
1436267760000 5.82
1436267940000 5.83
1436268000000 5.831
1436268180000 5.83
1436268240000 5.83
1436268420000 5.83
1436268540000 5.81
1436268600000 5.825
1436268660000 5.825
1436268720000 5.82
1436268780000 5.825
1436268840000 5.82
1436268900000 5.8
1436268960000 5.79
1436269080000 5.79
1436269200000 5.8
1436269320000 5.82
1436269380000 5.83
1436270100000 5.84
1436270160000 5.85
1436270220000 5.85
1436270280000 5.85
1436270340000 5.84
1436270460000 5.83
1436270700000 5.82
1436270760000 5.81
1436270880000 5.81
1436270940000 5.81
1436271300000 5.8197
1436271420000 5.82
1436271660000 5.811
1436272260000 5.82
1436272560000 5.82
1436272680000 5.82
1436272860000 5.82
1436272920000 5.83
1436272980000 5.82
1436273220000 5.82
1436273640000 5.83
1436273700000 5.84
1436273880000 5.8453
1436273940000 5.835
1436274000000 5.84
1436274120000 5.83
1436274180000 5.81
1436274240000 5.8
1436274360000 5.8
1436274480000 5.78
1436274720000 5.79
1436274900000 5.7999
1436275080000 5.79
1436275200000 5.79
1436275320000 5.79
1436275560000 5.783
1436276160000 5.784
1436276580000 5.78
1436276640000 5.79
1436276820000 5.8
1436276880000 5.8
1436277000000 5.8
1436277060000 5.8
1436277480000 5.79
1436277600000 5.79
1436277780000 5.8
1436278140000 5.79
1436278680000 5.8
1436278740000 5.79
1436278800000 5.79
1436278860000 5.795
1436278920000 5.8
1436279520000 5.805
1436279700000 5.8
1436279760000 5.8
1436279820000 5.799
1436279880000 5.8
1436280000000 5.8
1436280060000 5.81
1436280180000 5.82
1436280420000 5.83
1436280480000 5.85
1436280660000 5.84
1436280780000 5.84
1436280840000 5.84
1436281080000 5.84
1436281140000 5.85
1436281320000 5.84
1436281380000 5.84
1436281440000 5.85
1436281500000 5.85
1436281560000 5.84
