1436261400000 9.97
1436261580000 9.8799
1436261700000 9.7
1436261820000 9.53
1436261940000 10.02
1436262180000 9.98
1436262540000 9.95
1436263020000 9.82
1436263320000 9.82
1436263800000 9.7055
1436264580000 9.87
1436265000000 9.9
1436265480000 9.92
1436265780000 9.57
1436265840000 9.531
1436265900000 9.56
1436266140000 9.7
1436266740000 9.72
1436267280000 9.81
1436267400000 9.86
1436267700000 9.9499
1436269140000 9.81
1436269740000 9.82
1436270160000 9.8
1436270760000 9.78
1436271300000 9.74
1436272440000 9.72
1436273040000 9.71
1436273700000 9.7399
1436273760000 9.71
1436274240000 9.6522
1436274840000 9.7
1436275080000 9.69
1436275380000 9.74
1436275920000 9.74
1436276580000 9.75
1436277780000 9.76
1436278140000 9.7799
1436278380000 9.79
1436278440000 9.8735
1436278620000 9.79
1436278680000 9.83
1436278740000 9.82
1436279280000 9.79
1436280000000 9.76
1436280660000 9.76
1436281140000 9.87
