1436261400000 7.51
1436261460000 7.54
1436261580000 7.51
1436261640000 7.52
1436261700000 7.52
1436261760000 7.51
1436261940000 7.52
1436262240000 7.53
1436262420000 7.52
1436262660000 7.52
1436263080000 7.52
1436263140000 7.51
1436263260000 7.51
1436263320000 7.51
1436263380000 7.51
1436263440000 7.51
1436263500000 7.51
1436263560000 7.51
1436263800000 7.51
1436263860000 7.51
1436263980000 7.52
1436264220000 7.515
1436264340000 7.52
1436264460000 7.52
1436264700000 7.52
1436264940000 7.53
1436265180000 7.53
1436265360000 7.51
1436265420000 7.5
1436265480000 7.5
1436265540000 7.5
1436265840000 7.5
1436265900000 7.5
1436265960000 7.5
1436266020000 7.5
1436266140000 7.51
1436266200000 7.5
1436266260000 7.5
1436266320000 7.5
1436266500000 7.5
1436266620000 7.51
1436266740000 7.51
1436266860000 7.5
1436266920000 7.49
1436267160000 7.48
1436267280000 7.47
1436267400000 7.5
1436267640000 7.48
1436267700000 7.49
1436267760000 7.5
1436267880000 7.49
1436267940000 7.49
1436268000000 7.48
1436268060000 7.47
1436268120000 7.47
1436268240000 7.46
1436268300000 7.46
1436268420000 7.43
1436268480000 7.43
1436268840000 7.44
1436268900000 7.43
1436268960000 7.42
1436269020000 7.425
1436269140000 7.43
1436269200000 7.43
1436269260000 7.43
1436269440000 7.45
1436269500000 7.47
1436269740000 7.46
1436269800000 7.47
1436270100000 7.47
1436270460000 7.48
1436270820000 7.48
1436271360000 7.49
1436271420000 7.48
1436271480000 7.48
1436271540000 7.48
1436271600000 7.45
1436271660000 7.45
1436271720000 7.45
1436271780000 7.45
1436271840000 7.45
1436272260000 7.46
1436272320000 7.46
1436272560000 7.45
1436272620000 7.45
1436272680000 7.45
1436272740000 7.46
1436273100000 7.46
1436273580000 7.49
1436273880000 7.49
1436273940000 7.5
1436274060000 7.495
1436274420000 7.49
1436274600000 7.49
1436274660000 7.49
1436275020000 7.4999
1436275140000 7.49
1436275200000 7.49
1436275500000 7.47
1436276040000 7.48
1436276220000 7.46
1436276340000 7.46
1436276460000 7.45
1436276700000 7.455
1436276760000 7.46
1436277120000 7.46
1436277180000 7.46
1436277300000 7.45
1436277360000 7.45
1436277480000 7.45
1436277540000 7.45
1436277600000 7.45
1436277780000 7.45
1436278080000 7.45
1436278140000 7.46
1436278200000 7.46
1436278620000 7.47
1436278800000 7.46
1436278860000 7.46
1436278920000 7.45
1436278980000 7.45
1436279040000 7.45
1436279280000 7.45
1436279400000 7.46
1436279580000 7.455
1436279640000 7.45
1436279820000 7.45
1436280000000 7.46
1436280060000 7.45
1436280180000 7.46
1436280420000 7.48
1436280540000 7.475
1436280720000 7.47
1436280900000 7.48
1436280960000 7.48
1436281080000 7.48
1436281140000 7.485
1436281200000 7.49
1436281380000 7.5
1436281440000 7.5
1436281560000 7.49
