1436261400000 6.0
1436261460000 5.96
1436261520000 5.95
1436261580000 5.934
1436261640000 5.96
1436261700000 5.95
1436261760000 5.925
1436261820000 5.9
1436261880000 5.92
1436261940000 5.9
1436262000000 5.91
1436262060000 5.93
1436262120000 5.9199
1436262180000 5.915
1436262240000 5.89
1436262300000 5.91
1436262360000 5.92
1436262420000 5.92
1436262480000 5.9245
1436262540000 5.92
1436262600000 5.9299
1436262660000 5.91
1436262720000 5.91
1436262780000 5.9052
1436262840000 5.9
1436262900000 5.9
1436262960000 5.88
1436263020000 5.86
1436263080000 5.86
1436263140000 5.85
1436263200000 5.84
1436263260000 5.85
1436263320000 5.85
1436263380000 5.85
1436263440000 5.825
1436263500000 5.823
1436263560000 5.83
1436263620000 5.84
1436263680000 5.825
1436263740000 5.8
1436263800000 5.81
1436263860000 5.8353
1436263920000 5.811
1436263980000 5.81
1436264040000 5.81
1436264100000 5.801
1436264160000 5.7801
1436264220000 5.7899
1436264280000 5.81
1436264340000 5.79
1436264400000 5.79
1436264460000 5.78
1436264520000 5.772
1436264580000 5.7721
1436264640000 5.78
1436264700000 5.7733
1436264760000 5.75
1436264820000 5.74
1436264880000 5.73
1436264940000 5.75
1436265000000 5.75
1436265060000 5.7599
1436265120000 5.75
1436265180000 5.7335
1436265240000 5.74
1436265300000 5.74
1436265360000 5.75
1436265420000 5.735
1436265480000 5.72
1436265540000 5.7321
1436265600000 5.7251
1436265660000 5.71
1436265720000 5.675
1436265780000 5.6894
1436265840000 5.6955
1436265900000 5.69
1436265960000 5.6945
1436266020000 5.715
1436266080000 5.75
1436266140000 5.74
1436266200000 5.76
1436266260000 5.759
1436266320000 5.76
1436266380000 5.77
1436266440000 5.77
1436266500000 5.79
1436266560000 5.77
1436266620000 5.7899
1436266680000 5.7799
1436266740000 5.79
1436266800000 5.77
1436266860000 5.77
1436266920000 5.78
1436266980000 5.785
1436267040000 5.78
1436267100000 5.78
1436267160000 5.77
1436267220000 5.78
1436267280000 5.77
1436267340000 5.76
1436267400000 5.76
1436267460000 5.77
1436267520000 5.77
1436267580000 5.8184
1436267640000 5.81
1436267700000 5.8199
1436267760000 5.85
1436267820000 5.8455
1436267880000 5.8441
1436267940000 5.83
1436268000000 5.8304
1436268060000 5.83
1436268120000 5.8
1436268180000 5.81
1436268240000 5.805
1436268300000 5.8099
1436268360000 5.82
1436268420000 5.82
1436268480000 5.8107
1436268540000 5.81
1436268600000 5.81
1436268660000 5.78
1436268720000 5.79
1436268780000 5.7801
1436268840000 5.7801
1436268900000 5.78
1436268960000 5.78
1436269020000 5.775
1436269080000 5.77
1436269140000 5.77
1436269260000 5.7621
1436269320000 5.77
1436269380000 5.78
1436269440000 5.79
1436269500000 5.795
1436269560000 5.79
1436269620000 5.8
1436269680000 5.8
1436269740000 5.805
1436269800000 5.81
1436269860000 5.81
1436269920000 5.8
1436269980000 5.81
1436270040000 5.815
1436270100000 5.8295
1436270160000 5.85
1436270220000 5.87
1436270280000 5.85
1436270340000 5.85
1436270400000 5.84
1436270460000 5.8408
1436270520000 5.825
1436270580000 5.83
1436270640000 5.83
1436270700000 5.83
1436270760000 5.83
1436270820000 5.84
1436270880000 5.84
1436271000000 5.84
1436271060000 5.83
1436271180000 5.83
1436271240000 5.8255
1436271300000 5.83
1436271360000 5.825
1436271420000 5.83
1436271480000 5.8299
1436271540000 5.83
1436271600000 5.8299
1436271660000 5.82
1436271720000 5.83
1436271780000 5.82
1436271840000 5.825
1436271900000 5.83
1436271960000 5.825
1436272020000 5.83
1436272080000 5.8201
1436272140000 5.826
1436272200000 5.84
1436272260000 5.86
1436272380000 5.86
1436272440000 5.87
1436272500000 5.86
1436272560000 5.8699
1436272620000 5.87
1436272680000 5.87
1436272740000 5.91
1436272800000 5.92
1436272860000 5.905
1436272920000 5.9044
1436272980000 5.91
1436273040000 5.92
1436273100000 5.91
1436273160000 5.9
1436273220000 5.9
1436273280000 5.91
1436273340000 5.9
1436273400000 5.9001
1436273460000 5.89
1436273520000 5.895
1436273580000 5.92
1436273640000 5.93
1436273700000 5.93
1436273760000 5.94
1436273820000 5.96
1436273880000 5.98
1436273940000 5.995
1436274000000 6.0
1436274060000 6.0
1436274120000 5.99
1436274180000 5.98
1436274240000 5.98
1436274300000 5.98
1436274360000 5.97
1436274420000 5.96
1436274480000 5.96
1436274540000 5.97
1436274600000 5.975
1436274660000 5.98
1436274720000 5.99
1436274780000 5.98
1436274840000 5.975
1436274900000 5.98
1436274960000 5.9699
1436275020000 5.9592
1436275080000 5.95
1436275140000 5.9499
1436275200000 5.955
1436275260000 5.95
1436275320000 5.94
1436275380000 5.9499
1436275440000 5.95
1436275500000 5.94
1436275560000 5.94
1436275620000 5.9395
1436275740000 5.93
1436275800000 5.94
1436275860000 5.94
1436275920000 5.92
1436275980000 5.93
1436276040000 5.93
1436276100000 5.94
1436276160000 5.94
1436276220000 5.95
1436276280000 5.95
1436276340000 5.95
1436276400000 5.94
1436276460000 5.94
1436276520000 5.95
1436276640000 5.96
1436276700000 5.9628
1436276760000 5.97
1436276820000 5.97
1436276880000 5.97
1436277000000 5.97
1436277060000 5.96
1436277120000 5.96
1436277180000 5.95
1436277240000 5.95
1436277300000 5.95
1436277360000 5.945
1436277420000 5.94
1436277480000 5.94
1436277540000 5.94
1436277600000 5.9307
1436277660000 5.93
1436277720000 5.93
1436277780000 5.92
1436277840000 5.92
1436277900000 5.93
1436277960000 5.9299
1436278020000 5.92
1436278080000 5.92
1436278140000 5.91
1436278200000 5.92
1436278260000 5.93
1436278320000 5.925
1436278380000 5.93
1436278440000 5.92
1436278500000 5.9207
1436278560000 5.925
1436278620000 5.92
1436278680000 5.91
1436278740000 5.9009
1436278800000 5.89
1436278860000 5.91
1436278920000 5.92
1436278980000 5.92
1436279040000 5.92
1436279100000 5.92
1436279160000 5.92
1436279220000 5.92
1436279280000 5.92
1436279340000 5.92
1436279400000 5.92
1436279460000 5.92
1436279520000 5.92
1436279580000 5.92
1436279640000 5.93
1436279700000 5.93
1436279760000 5.9249
1436279880000 5.93
1436280000000 5.925
1436280060000 5.93
1436280120000 5.94
1436280180000 5.95
1436280240000 5.96
1436280300000 5.96
1436280360000 5.96
1436280420000 5.96
1436280540000 5.97
1436280660000 5.97
1436280720000 5.97
1436280780000 5.97
1436280840000 5.97
1436280900000 5.9601
1436280960000 5.9672
1436281020000 5.97
1436281080000 5.98
1436281200000 5.9801
1436281260000 5.98
1436281380000 5.97
1436281440000 5.9528
1436281500000 5.965
1436281560000 5.96
1436281620000 5.96
