1436262060000 7.295
1436262600000 7.28
1436262780000 7.26
1436262900000 7.39
1436262960000 7.38
1436263440000 7.305
1436263500000 7.38
1436264640000 7.37
1436264700000 7.38
1436266140000 7.37
1436266200000 7.44
1436266800000 7.43
1436266860000 7.43
1436268240000 7.39
1436268780000 7.36
1436269740000 7.37
1436269860000 7.41
1436270820000 7.4176
1436271360000 7.395
1436271420000 7.43
1436272380000 7.41
1436273340000 7.42
1436274300000 7.42
1436275260000 7.43
1436275620000 7.42
1436275680000 7.43
1436276280000 7.43
1436277240000 7.42
1436277300000 7.42
1436277360000 7.365
1436277420000 7.4
1436277480000 7.37
1436277540000 7.37
1436277600000 7.43
1436277660000 7.39
1436277720000 7.39
1436277960000 7.35
1436278800000 7.43
1436278980000 7.38
1436279340000 7.35
1436280060000 7.4
1436280780000 7.425
1436281320000 7.44
