1436261400000 13.85
1436261460000 13.59
1436261520000 13.5
1436261700000 13.61
1436261820000 13.63
1436261880000 13.63
1436261940000 13.64
1436262000000 13.64
1436262180000 13.65
1436262360000 13.69
1436262600000 13.64
1436262720000 13.61
1436263020000 13.68
1436263140000 13.575
1436263500000 13.54
1436263620000 13.52
1436263860000 13.55
1436263920000 13.6
1436264160000 13.58
1436265000000 13.435
1436265060000 13.4
1436265120000 13.42
1436265420000 13.424
1436265480000 13.49
1436265540000 13.48
1436265600000 13.42
1436265660000 13.41
1436265720000 13.4
1436265840000 13.43
1436265900000 13.56
1436265960000 13.55
1436266260000 13.5166
1436266320000 13.52
1436266440000 13.61
1436266560000 13.58
1436266680000 13.6
1436266740000 13.6
1436266800000 13.6
1436267400000 13.5701
1436267880000 13.68
1436268000000 13.72
1436268060000 13.8
1436268120000 13.85
1436268360000 13.97
1436268660000 14.05
1436268720000 13.96
1436268780000 14.0
1436268840000 14.0
1436269020000 13.9082
1436269140000 13.94
1436269320000 13.99
1436269380000 14.0
1436269980000 13.92
1436270040000 13.91
1436270160000 13.86
1436270220000 13.93
1436270280000 13.96
1436270340000 13.89
1436270400000 13.93
1436270460000 13.89
1436270760000 13.983
1436271000000 13.94
1436271540000 13.82
1436272020000 13.87
1436272260000 13.97
1436272440000 14.05
1436272500000 14.07
1436272620000 14.1
1436272740000 14.15
1436272920000 14.25
1436272980000 14.22
1436273040000 14.25
1436273160000 14.35
1436273220000 14.32
1436273340000 14.3
1436273580000 14.29
1436273820000 14.314
1436273880000 14.32
1436274060000 14.3915
1436274120000 14.36
1436274360000 14.27
1436274540000 14.29
1436274900000 14.28
1436275200000 14.23
1436275440000 14.25
1436275500000 14.23
1436275560000 14.1774
1436275620000 14.195
1436275800000 14.21
1436275860000 14.21
1436275920000 14.2
1436276520000 14.14
1436276640000 14.14
1436276700000 14.14
1436277060000 14.14
1436277600000 14.06
1436278020000 14.13
1436278440000 14.13
1436278500000 14.13
1436278740000 14.03
1436278800000 14.02
1436278860000 14.01
1436278920000 14.0
1436278980000 14.0
1436279040000 14.065
1436279400000 14.05
1436279460000 14.13
1436279520000 14.1249
1436279580000 14.1
1436280000000 14.08
1436280180000 14.18
1436280300000 14.18
1436280600000 14.22
1436280660000 14.2
1436280780000 14.21
1436281140000 14.24
1436281320000 14.27
1436281560000 14.16
