1436261400000 17.35
1436261700000 17.24
1436261820000 17.24
1436261880000 17.22
1436262060000 17.22
1436262240000 17.22
1436262300000 17.24
1436262360000 17.2
1436262420000 17.17
1436262480000 17.2
1436262540000 17.2
1436262600000 17.21
1436262660000 17.185
1436262720000 17.21
1436262780000 17.25
1436262840000 17.29
1436262900000 17.33
1436262960000 17.25
1436263020000 17.28
1436263080000 17.27
1436263140000 17.2
1436263380000 17.24
1436263500000 17.26
1436263560000 17.25
1436263620000 17.26
1436263680000 17.25
1436263920000 17.29
1436263980000 17.31
1436264040000 17.25
1436264100000 17.23
1436264220000 17.23
1436264340000 17.25
1436264520000 17.23
1436264580000 17.25
1436264760000 17.23
1436264820000 17.212
1436265000000 17.1
1436265060000 17.11
1436265240000 17.11
1436265360000 17.06
1436265420000 17.085
1436265480000 17.05
1436265540000 17.03
1436265600000 17.01
1436265660000 17.01
1436265720000 16.99
1436265780000 16.99
1436265840000 16.97
1436265900000 16.95
1436265960000 16.98
1436266020000 17.07
1436266080000 17.06
1436266200000 17.04
1436266380000 17.03
1436266440000 17.04
1436266500000 17.04
1436266620000 17.04
1436266680000 17.04
1436266800000 17.0
1436266860000 17.0
1436266920000 17.0
1436267100000 17.01
1436267160000 17.01
1436267280000 17.01
1436267520000 17.05
1436267700000 17.1
1436267760000 17.1
1436267820000 17.13
1436267880000 17.1
1436267940000 17.12
1436268000000 17.12
1436268060000 17.07
1436268120000 17.07
1436268180000 17.05
1436268480000 17.05
1436268540000 17.03
1436268660000 17.06
1436268720000 17.02
1436268780000 17.03
1436268840000 17.0
1436269080000 17.0
1436269140000 17.04
1436269200000 17.05
1436269260000 17.05
1436269320000 17.05
1436269380000 17.06
1436269440000 17.09
1436269560000 17.1
1436269620000 17.1
1436269680000 17.125
1436269740000 17.135
1436269800000 17.15
1436269860000 17.14
1436269920000 17.17
1436270160000 17.17
1436270220000 17.25
1436270280000 17.25
1436270340000 17.2
1436270580000 17.15
1436270640000 17.15
1436270700000 17.19
1436270760000 17.2
1436271000000 17.22
1436271060000 17.19
1436271300000 17.14
1436271420000 17.18
1436271540000 17.16
1436271600000 17.17
1436271660000 17.17
1436271720000 17.2
1436271780000 17.2
1436271840000 17.2
1436271900000 17.24
1436272020000 17.21
1436272200000 17.22
1436272260000 17.22
1436272380000 17.24
1436272500000 17.22
1436272560000 17.22
1436272740000 17.21
1436272800000 17.26
1436272860000 17.23
1436272980000 17.28
1436273040000 17.26
1436273100000 17.31
1436273160000 17.32
1436273220000 17.31
1436273400000 17.33
1436273460000 17.33
1436273520000 17.33
1436273580000 17.33
1436273760000 17.33
1436273820000 17.34
1436273880000 17.34
1436273940000 17.35
1436274060000 17.38
1436274120000 17.4
1436274180000 17.39
1436274240000 17.4
1436274360000 17.41
1436274720000 17.42
1436274780000 17.38
1436274840000 17.41
1436274900000 17.4
1436274960000 17.44
1436275020000 17.43
1436275260000 17.39
1436275320000 17.4
1436275380000 17.37
1436275440000 17.39
1436275500000 17.4
1436275620000 17.35
1436275800000 17.4
1436275860000 17.4
1436275980000 17.3425
1436276100000 17.32
1436276220000 17.31
1436276280000 17.31
1436276340000 17.32
1436276460000 17.33
1436276520000 17.33
1436276640000 17.35
1436276700000 17.38
1436276760000 17.38
1436276820000 17.38
1436276880000 17.38
1436276940000 17.38
1436277000000 17.4
1436277060000 17.36
1436277120000 17.39
1436277180000 17.39
1436277240000 17.39
1436277300000 17.39
1436277360000 17.39
1436277480000 17.39
1436277600000 17.36
1436277660000 17.39
1436277720000 17.39
1436277780000 17.39
1436277900000 17.38
1436277960000 17.36
1436278020000 17.38
1436278140000 17.35
1436278380000 17.34
1436278440000 17.33
1436278560000 17.31
1436278680000 17.305
1436278740000 17.3
1436278920000 17.265
1436278980000 17.24
1436279280000 17.25
1436279340000 17.28
1436279400000 17.29
1436279460000 17.3
1436279580000 17.3
1436279640000 17.32
1436279700000 17.32
1436279820000 17.32
1436279880000 17.32
1436279940000 17.35
1436280180000 17.36
1436280240000 17.4
1436280300000 17.391
1436280360000 17.35
1436280420000 17.36
1436280540000 17.4
1436280600000 17.4
1436280720000 17.4
1436281020000 17.4
1436281080000 17.4
1436281200000 17.42
1436281260000 17.47
1436281320000 17.41
1436281380000 17.41
1436281440000 17.4
1436281500000 17.4
1436281560000 17.39
