1436261400000 8.94
1436261700000 8.93
1436262060000 8.8899
1436262120000 8.87
1436262180000 8.855
1436262360000 8.86
1436262480000 8.83
1436262540000 8.83
1436262660000 8.79
1436262720000 8.77
1436262780000 8.82
1436262900000 8.78
1436263020000 8.77
1436263740000 8.7
1436263800000 8.725
1436263860000 8.73
1436263980000 8.72
1436264040000 8.72
1436264100000 8.74
1436264160000 8.75
1436264220000 8.75
1436264280000 8.76
1436264340000 8.73
1436264460000 8.75
1436264640000 8.77
1436264760000 8.779
1436264940000 8.78
1436265060000 8.77
1436265180000 8.775
1436265360000 8.77
1436265540000 8.79
1436265600000 8.75
1436265720000 8.72
1436265780000 8.725
1436265840000 8.69
1436265960000 8.74
1436266020000 8.76
1436266140000 8.75
1436266200000 8.75
1436266320000 8.78
1436266380000 8.76
1436266440000 8.77
1436266560000 8.79
1436266740000 8.77
1436266860000 8.81
1436267040000 8.77
1436267160000 8.74
1436267280000 8.8
1436267340000 8.78
1436267460000 8.8
1436267700000 8.78
1436267940000 8.785
1436268000000 8.78
1436268060000 8.8
1436268180000 8.785
1436268240000 8.77
1436268360000 8.76
1436268420000 8.75
1436268540000 8.73
1436268600000 8.73
1436268660000 8.75
1436268720000 8.74
1436268780000 8.76
1436268840000 8.75
1436268900000 8.73
1436268960000 8.73
1436269140000 8.73
1436269200000 8.74
1436269260000 8.74
1436269320000 8.725
1436269440000 8.75
1436269620000 8.76
1436269920000 8.75
1436270040000 8.749
1436270160000 8.75
1436270220000 8.7999
1436270520000 8.77
1436270760000 8.78
1436270820000 8.8
1436271180000 8.76
1436271240000 8.75
1436271540000 8.74
1436271660000 8.769
1436272080000 8.77
1436272140000 8.78
1436272260000 8.79
1436272500000 8.81
1436273040000 8.86
1436273220000 8.859
1436273460000 8.86
1436273520000 8.86
1436273640000 8.87
1436273940000 8.91
1436274000000 8.91
1436274240000 8.93
1436274300000 8.94
1436274420000 8.9
1436274660000 8.9
1436274720000 8.9
1436274840000 8.93
1436275320000 8.94
1436275380000 8.93
1436275440000 8.95
1436275500000 8.95
1436275860000 8.89
1436276220000 8.9
1436276340000 8.87
1436276460000 8.89
1436276520000 8.86
1436276640000 8.9
1436276700000 8.93
1436276880000 8.9
1436277060000 8.89
1436277240000 8.88
1436277300000 8.88
1436277420000 8.88
1436277480000 8.88
1436277540000 8.85
1436277600000 8.899
1436277840000 8.87
1436277960000 8.895
1436278020000 8.91
1436278260000 8.89
1436278380000 8.89
1436278440000 8.87
1436278740000 8.87
1436278920000 8.85
1436279040000 8.82
1436279100000 8.84
1436279160000 8.83
1436279280000 8.83
1436279400000 8.83
1436279460000 8.83
1436279580000 8.83
1436279880000 8.84
1436279940000 8.86
1436280060000 8.87
1436280180000 8.93
1436280480000 8.93
1436280540000 8.92
1436280660000 8.94
1436280840000 8.91
1436280900000 8.94
1436281020000 8.94
1436281080000 8.95
1436281140000 8.97
1436281200000 9.01
1436281260000 9.02
1436281320000 9.02
1436281380000 9.02
1436281440000 9.01
1436281560000 8.98
