1436261400000 20.4
1436261460000 20.26
1436261520000 20.2
1436261580000 20.16
1436261640000 20.08
1436261700000 19.99
1436261760000 19.99
1436261820000 19.91
1436261880000 19.92
1436261940000 19.96
1436262000000 19.955
1436262060000 19.962
1436262240000 19.93
1436262300000 19.84
1436262360000 19.845
1436262420000 19.76
1436262480000 19.69
1436262540000 19.7499
1436262600000 19.72
1436262660000 19.7
1436262720000 19.64
1436262780000 19.64
1436262840000 19.65
1436262900000 19.61
1436262960000 19.59
1436263020000 19.5746
1436263080000 19.51
1436263140000 19.421
1436263200000 19.45
1436263260000 19.46
1436263320000 19.45
1436263380000 19.48
1436263440000 19.44
1436263500000 19.44
1436263560000 19.46
1436263620000 19.46
1436263680000 19.38
1436263740000 19.3296
1436263800000 19.36
1436263860000 19.43
1436263920000 19.42
1436263980000 19.4797
1436264040000 19.46
1436264100000 19.47
1436264160000 19.5
1436264220000 19.58
1436264280000 19.67
1436264340000 19.7
1436264400000 19.72
1436264460000 19.71
1436264520000 19.68
1436264580000 19.695
1436264640000 19.675
1436264700000 19.68
1436264760000 19.6
1436264820000 19.634
1436264880000 19.61
1436264940000 19.48
1436265000000 19.4825
1436265060000 19.422
1436265120000 19.34
1436265180000 19.28
1436265240000 19.2699
1436265300000 19.25
1436265360000 19.15
1436265420000 19.1
1436265480000 19.05
1436265540000 19.045
1436265600000 19.03
1436265660000 19.05
1436265720000 19.02
1436265780000 19.01
1436265840000 18.845
1436265900000 18.94
1436265960000 18.99
1436266020000 19.01
1436266080000 19.07
1436266140000 19.04
1436266200000 19.065
1436266260000 19.05
1436266320000 19.085
1436266380000 19.13
1436266440000 19.125
1436266500000 19.16
1436266560000 19.19
1436266620000 19.2
1436266680000 19.18
1436266740000 19.16
1436266800000 19.07
1436266860000 19.02
1436266920000 19.0
1436266980000 18.94
1436267040000 18.955
1436267100000 18.97
1436267160000 18.98
1436267220000 19.02
1436267280000 19.08
1436267340000 19.103
1436267400000 19.13
1436267460000 19.165
1436267520000 19.2553
1436267580000 19.24
1436267640000 19.24
1436267700000 19.26
1436267760000 19.25
1436267820000 19.28
1436267880000 19.28
1436267940000 19.24
1436268000000 19.14
1436268060000 19.08
1436268120000 19.035
1436268180000 19.03
1436268240000 19.0
1436268300000 18.98
1436268360000 18.97
1436268420000 19.0
1436268480000 19.01
1436268540000 19.01
1436268600000 19.0
1436268660000 19.01
1436268720000 19.0
1436268780000 18.983
1436268840000 18.99
1436268900000 18.965
1436268960000 18.96
1436269020000 19.04
1436269080000 19.04
1436269140000 19.09
1436269200000 19.11
1436269260000 19.1
1436269320000 19.11
1436269380000 19.15
1436269440000 19.23
1436269500000 19.232
1436269560000 19.23
1436269620000 19.19
1436269680000 19.23
1436269740000 19.21
1436269800000 19.16
1436269860000 19.15
1436269920000 19.12
1436269980000 19.19
1436270040000 19.1899
1436270100000 19.179
1436270160000 19.195
1436270220000 19.25
1436270280000 19.22
1436270340000 19.2
1436270400000 19.16
1436270460000 19.13
1436270520000 19.145
1436270580000 19.17
1436270640000 19.18
1436270700000 19.17
1436270760000 19.2034
1436270820000 19.2
1436270880000 19.19
1436270940000 19.19
1436271000000 19.19
1436271060000 19.19
1436271120000 19.148
1436271180000 19.11
1436271240000 19.102
1436271300000 19.11
1436271360000 19.12
1436271420000 19.074
1436271480000 19.04
1436271540000 19.078
1436271600000 19.085
1436271660000 19.12
1436271720000 19.11
1436271780000 19.09
1436271840000 19.1
1436271900000 19.11
1436271960000 19.1364
1436272020000 19.142
1436272080000 19.14
1436272140000 19.113
1436272200000 19.1
1436272260000 19.13
1436272320000 19.15
1436272380000 19.14
1436272440000 19.14
1436272500000 19.17
1436272620000 19.15
1436272680000 19.15
1436272740000 19.17
1436272800000 19.18
1436272860000 19.17
1436272920000 19.16
1436272980000 19.21
1436273040000 19.22
1436273100000 19.26
1436273160000 19.26
1436273220000 19.27
1436273280000 19.31
1436273340000 19.2905
1436273400000 19.31
1436273460000 19.3
1436273520000 19.31
1436273580000 19.32
1436273640000 19.263
1436273700000 19.312
1436273760000 19.32
1436273820000 19.3
1436273880000 19.2801
1436273940000 19.322
1436274000000 19.342
1436274060000 19.35
1436274120000 19.365
1436274180000 19.3
1436274240000 19.26
1436274300000 19.3
1436274360000 19.3
1436274420000 19.21
1436274480000 19.23
1436274540000 19.28
1436274600000 19.26
1436274660000 19.28
1436274720000 19.3
1436274780000 19.3
1436274840000 19.3
1436274900000 19.3502
1436274960000 19.33
1436275020000 19.3
1436275080000 19.265
1436275140000 19.25
1436275200000 19.2801
1436275260000 19.22
1436275320000 19.232
1436275380000 19.22
1436275440000 19.23
1436275500000 19.2298
1436275560000 19.2
1436275620000 19.2
1436275680000 19.123
1436275740000 19.14
1436275800000 19.17
1436275860000 19.1488
1436275920000 19.12
1436275980000 19.07
1436276040000 19.07
1436276100000 19.0688
1436276160000 19.08
1436276220000 19.07
1436276280000 19.0541
1436276340000 19.03
1436276400000 19.025
1436276460000 19.002
1436276520000 19.01
1436276580000 19.0
1436276640000 19.02
1436276700000 19.06
1436276760000 19.07
1436276820000 19.09
1436276880000 19.07
1436276940000 19.05
1436277000000 19.04
1436277060000 19.0517
1436277120000 19.07
1436277180000 19.07
1436277240000 19.02
1436277300000 19.02
1436277360000 19.03
1436277420000 19.01
1436277480000 19.02
1436277540000 19.01
1436277600000 19.0
1436277660000 19.05
1436277720000 19.0599
1436277780000 19.012
1436277840000 19.08
1436277900000 19.03
1436277960000 19.05
1436278020000 19.02
1436278080000 19.0
1436278140000 19.0
1436278200000 19.05
1436278260000 19.09
1436278320000 19.0694
1436278380000 19.0491
1436278440000 19.02
1436278500000 19.05
1436278560000 19.06
1436278620000 19.06
1436278680000 19.0699
1436278740000 19.04
1436278800000 19.0249
1436278860000 19.002
1436278920000 18.98
1436278980000 18.99
1436279040000 19.0092
1436279100000 19.0
1436279160000 19.06
1436279220000 19.01
1436279280000 19.002
1436279400000 19.0338
1436279460000 19.01
1436279520000 19.005
1436279580000 19.0
1436279640000 19.04
1436279700000 19.035
1436279760000 19.12
1436279820000 19.1
1436279880000 19.12
1436279940000 19.19
1436280000000 19.25
1436280060000 19.3
1436280120000 19.3799
1436280180000 19.345
1436280240000 19.41
1436280300000 19.4
1436280360000 19.43
1436280420000 19.42
1436280480000 19.45
1436280540000 19.41
1436280600000 19.39
1436280660000 19.38
1436280720000 19.39
1436280780000 19.395
1436280840000 19.3893
1436280900000 19.375
1436280960000 19.39
1436281020000 19.37
1436281080000 19.41
1436281140000 19.373
1436281200000 19.3986
1436281260000 19.4
1436281320000 19.39
1436281380000 19.38
1436281440000 19.38
1436281500000 19.411
1436281560000 19.4
