1436261400000 4.62
1436261580000 4.4701
1436261640000 4.4701
1436261760000 4.59
1436261820000 4.58
1436262060000 4.54
1436262360000 4.55
1436262600000 4.52
1436262900000 4.398
1436262960000 4.387
1436263080000 4.41
1436263200000 4.4
1436263560000 4.38
1436263620000 4.37
1436264400000 4.38
1436264460000 4.38
1436264580000 4.38
1436264640000 4.37
1436264700000 4.37
1436264760000 4.37
1436264820000 4.37
1436264880000 4.37
1436264940000 4.37
1436265060000 4.31
1436265180000 4.3001
1436265540000 4.31
1436265720000 4.3001
1436265780000 4.09
1436265840000 4.07
1436266080000 4.026
1436266140000 3.98
1436266320000 3.94
1436266620000 4.02
1436266740000 4.1
1436266800000 4.02
1436267220000 4.03
1436267280000 4.08
1436267640000 4.08
1436267700000 4.05
1436267820000 4.08
1436267880000 4.07
1436268180000 4.08
1436268360000 4.11
1436268600000 4.09
1436269080000 4.08
1436269140000 4.08
1436269260000 4.08
1436269500000 4.09
1436269620000 4.18
1436269980000 4.11
1436270580000 4.11
1436270880000 4.12
1436271360000 4.206
1436271420000 4.24
1436271900000 4.145
1436272380000 4.15
1436272740000 4.09
1436272800000 4.09
1436272860000 4.15
1436272980000 4.105
1436273400000 4.1
1436274180000 4.08
1436274360000 4.08
1436274420000 4.08
1436274480000 4.09
1436274660000 4.08
1436275200000 4.08
1436275560000 4.08
1436275680000 4.08
1436276040000 4.09
1436276520000 4.09
1436277420000 4.09
1436280000000 4.08
1436280300000 4.11
1436280540000 4.0999
1436281560000 4.11
