1436261400000 16.74
1436261820000 16.84
1436261880000 16.84
1436261940000 16.81
1436262060000 16.8
1436262300000 16.8
1436262360000 16.8
1436262420000 16.81
1436262600000 16.833
1436262780000 16.84
1436262840000 16.82
1436263020000 16.83
1436263080000 16.83
1436263320000 16.825
1436263500000 16.825
1436263560000 16.82
1436263620000 16.81
1436263680000 16.81
1436263800000 16.815
1436265000000 16.81
1436265180000 16.81
1436265240000 16.81
1436265300000 16.8
1436265540000 16.73
1436265720000 16.7499
1436265780000 16.75
1436266020000 16.74
1436266200000 16.7401
1436266260000 16.76
1436266320000 16.78
1436266440000 16.78
1436266560000 16.7799
1436266620000 16.7799
1436266800000 16.76
1436266920000 16.7744
1436266980000 16.78
1436267040000 16.76
1436267220000 16.7413
1436267520000 16.7501
1436268240000 16.75
1436268420000 16.7353
1436268480000 16.75
1436268600000 16.75
1436268660000 16.755
1436268720000 16.72
1436268840000 16.74
1436269020000 16.685
1436269140000 16.7
1436269200000 16.67
1436269260000 16.68
1436269320000 16.66
1436269380000 16.73
1436269500000 16.7151
1436269620000 16.71
1436269740000 16.75
1436269860000 16.7403
1436270460000 16.78
1436270520000 16.753
1436270580000 16.79
1436270640000 16.84
1436270700000 16.795
1436270880000 16.81
1436270940000 16.78
1436271480000 16.7651
1436272260000 16.79
1436272380000 16.78
1436272680000 16.79
1436272800000 16.79
1436273040000 16.81
1436273220000 16.82
1436273280000 16.84
1436273700000 16.83
1436273880000 16.83
1436273940000 16.82
1436274000000 16.82
1436274060000 16.817
1436274120000 16.81
1436274180000 16.81
1436274780000 16.81
1436274840000 16.825
1436274900000 16.82
1436275080000 16.82
1436275140000 16.7855
1436275200000 16.81
1436275560000 16.81
1436275680000 16.8
1436275740000 16.8
1436277060000 16.8
1436277420000 16.81
1436277480000 16.81
1436277780000 16.81
1436277840000 16.81
1436278140000 16.83
1436278200000 16.8299
1436278380000 16.8003
1436279520000 16.78
1436279820000 16.8
1436279880000 16.78
1436280000000 16.8
1436280060000 16.8
1436280120000 16.82
1436280180000 16.81
1436280240000 16.82
1436280420000 16.83
1436280780000 16.83
1436280840000 16.84
1436280900000 16.835
1436281080000 16.835
1436281140000 16.84
1436281200000 16.84
1436281260000 16.84
1436281380000 16.84
1436281500000 16.84
