1436261400000 523.13
1436261460000 522.375
1436261520000 522.675
1436261580000 522.43
1436261640000 522.055
1436261700000 521.07
1436261760000 520.61
1436261820000 521.0
1436261880000 520.69
1436261940000 520.47
1436262000000 520.69
1436262060000 520.88
1436262120000 520.77
1436262180000 520.615
1436262240000 520.15
1436262300000 520.25
1436262360000 520.4
1436262420000 520.46
1436262480000 520.895
1436262540000 521.5
1436262600000 521.315
1436262660000 521.18
1436262720000 520.56
1436262780000 521.32
1436262840000 520.715
1436262900000 520.42
1436262960000 520.61
1436263020000 520.547
1436263080000 520.56
1436263140000 519.8
1436263200000 520.1
1436263260000 519.48
1436263320000 519.61
1436263380000 519.6
1436263440000 519.56
1436263500000 519.35
1436263560000 519.37
1436263620000 519.16
1436263680000 518.57
1436263740000 518.65
1436263800000 518.6
1436263860000 518.987
1436263920000 518.842
1436263980000 519.16
1436264040000 519.3
1436264100000 518.74
1436264160000 518.6
1436264220000 519.05
1436264280000 518.92
1436264340000 519.2
1436264400000 518.87
1436264460000 518.78
1436264520000 519.24
1436264580000 519.25
1436264640000 518.7
1436264700000 518.44
1436264760000 518.14
1436264820000 518.05
1436264880000 517.63
1436264940000 518.085
1436265000000 518.2
1436265060000 517.79
1436265120000 517.72
1436265180000 517.66
1436265240000 517.745
1436265300000 517.655
1436265360000 517.22
1436265420000 517.34
1436265480000 517.2
1436265540000 517.05
1436265600000 516.62
1436265660000 516.55
1436265720000 516.46
1436265780000 516.48
1436265840000 516.62
1436265900000 516.72
1436265960000 516.7
1436266020000 516.985
1436266080000 517.225
1436266140000 517.24
1436266200000 517.2
1436266260000 517.31
1436266320000 517.23
1436266380000 517.51
1436266440000 517.265
1436266500000 518.04
1436266560000 517.73
1436266620000 517.537
1436266680000 517.34
1436266740000 517.2
1436266800000 517.02
1436266860000 516.6
1436266920000 516.7
1436266980000 516.54
1436267040000 516.381
1436267100000 516.56
1436267160000 516.13
1436267220000 516.22
1436267280000 516.4
1436267340000 516.387
1436267400000 516.035
1436267460000 516.04
1436267520000 516.17
1436267580000 515.81
1436267640000 515.64
1436267700000 515.815
1436267760000 516.13
1436267820000 516.16
1436267880000 516.305
1436267940000 516.347
1436268000000 516.347
1436268060000 516.17
1436268120000 515.98
1436268180000 516.28
1436268240000 516.63
1436268300000 516.2
1436268360000 516.0
1436268420000 516.05
1436268480000 516.13
1436268540000 515.72
1436268600000 515.636
1436268660000 515.61
1436268720000 515.54
1436268780000 515.35
1436268840000 515.56
1436268900000 515.59
1436268960000 515.26
1436269020000 515.649
1436269080000 515.848
1436269140000 515.9
1436269200000 516.29
1436269260000 516.951
1436269320000 516.88
1436269380000 517.24
1436269440000 517.639
1436269500000 517.46
1436269560000 517.225
1436269620000 516.72
1436269680000 517.15
1436269740000 517.17
1436269800000 516.85
1436269860000 516.75
1436269920000 516.66
1436269980000 516.62
1436270040000 516.35
1436270100000 516.39
1436270160000 516.6
1436270220000 517.89
1436270280000 517.845
1436270340000 518.0
1436270400000 518.057
1436270460000 517.367
1436270520000 517.4
1436270580000 517.59
1436270640000 517.87
1436270700000 517.98
1436270760000 518.04
1436270820000 517.93
1436270880000 517.73
1436270940000 517.57
1436271000000 517.6
1436271060000 517.445
1436271120000 517.27
1436271180000 517.255
1436271240000 517.22
1436271300000 517.44
1436271360000 517.59
1436271420000 517.68
1436271480000 517.62
1436271540000 517.69
1436271600000 517.68
1436271660000 518.0
1436271720000 517.79
1436271780000 517.89
1436271840000 517.78
1436271900000 517.87
1436271960000 517.83
1436272020000 517.94
1436272080000 518.0
1436272140000 518.01
1436272260000 517.55
1436272320000 517.98
1436272380000 517.75
1436272500000 518.16
1436272620000 518.055
1436272680000 517.98
1436272740000 518.19
1436272800000 518.03
1436272860000 517.781
1436272920000 517.98
1436272980000 517.88
1436273040000 517.645
1436273100000 518.17
1436273160000 518.68
1436273220000 518.39
1436273280000 518.25
1436273340000 518.14
1436273400000 518.15
1436273460000 518.146
1436273520000 518.42
1436273580000 518.46
1436273640000 518.4
1436273700000 518.72
1436273760000 518.91
1436273820000 518.91
1436273880000 518.97
1436273940000 519.36
1436274000000 519.23
1436274060000 519.32
1436274120000 519.0
1436274180000 519.07
1436274240000 518.86
1436274300000 518.83
1436274360000 518.89
1436274420000 518.384
1436274480000 518.48
1436274540000 518.93
1436274600000 519.31
1436274660000 519.64
1436274720000 519.74
1436274780000 520.46
1436274840000 521.085
1436274900000 521.36
1436274960000 520.95
1436275080000 520.569
1436275140000 520.24
1436275200000 520.34
1436275260000 520.16
1436275320000 519.88
1436275380000 520.204
1436275500000 520.14
1436275560000 520.02
1436275620000 520.26
1436275680000 520.34
1436275740000 520.79
1436275800000 520.98
1436275860000 520.76
1436275920000 520.19
1436275980000 520.21
1436276040000 520.04
1436276100000 520.466
1436276220000 520.57
1436276280000 520.565
1436276340000 520.61
1436276400000 520.735
1436276460000 520.8
1436276520000 520.99
1436276580000 521.35
1436276640000 521.465
1436276700000 521.935
1436276760000 521.66
1436276820000 521.64
1436276880000 521.33
1436276940000 521.34
1436277000000 521.46
1436277060000 521.31
1436277120000 521.49
1436277180000 521.21
1436277240000 521.16
1436277300000 521.065
1436277360000 521.16
1436277420000 521.213
1436277480000 521.12
1436277540000 521.105
1436277600000 521.13
1436277660000 521.22
1436277720000 521.285
1436277780000 521.2
1436277840000 521.182
1436277900000 521.25
1436277960000 521.31
1436278020000 521.39
1436278080000 521.17
1436278140000 521.18
1436278200000 521.6
1436278260000 521.738
1436278320000 521.7
1436278380000 521.615
1436278440000 521.665
1436278500000 521.66
1436278560000 521.71
1436278620000 521.92
1436278680000 521.64
1436278740000 521.4
1436278860000 520.975
1436278920000 520.995
1436278980000 520.99
1436279040000 521.09
1436279100000 521.2
1436279220000 521.05
1436279280000 520.94
1436279340000 521.1
1436279400000 520.93
1436279460000 520.81
1436279520000 520.92
1436279580000 521.28
1436279640000 521.49
1436279700000 521.42
1436279760000 521.75
1436279820000 521.67
1436279880000 521.85
1436279940000 522.17
1436280000000 522.3
1436280060000 522.6
1436280120000 523.38
1436280180000 523.29
1436280240000 524.02
1436280300000 524.27
1436280360000 524.25
1436280420000 524.09
1436280480000 524.56
1436280540000 524.27
1436280600000 524.17
1436280660000 524.04
1436280720000 523.82
1436280780000 524.2
1436280840000 524.55
1436280900000 524.1
1436280960000 524.2
1436281020000 524.45
1436281080000 524.29
1436281140000 525.2
1436281200000 525.5
1436281260000 525.081
1436281320000 525.15
1436281380000 525.01
1436281440000 524.88
1436281500000 524.88
1436281560000 524.718
1436281620000 524.5
