1436261400000 547.43
1436261460000 546.66
1436261520000 546.09
1436261580000 546.34
1436261640000 546.0
1436261700000 544.2
1436261760000 544.4
1436261820000 544.205
1436261880000 543.115
1436261940000 543.77
1436262000000 544.65
1436262060000 544.21
1436262120000 544.78
1436262180000 544.39
1436262240000 543.76
1436262300000 544.06
1436262360000 543.74
1436262420000 544.15
1436262480000 544.74
1436262540000 545.12
1436262600000 545.15
1436262660000 545.04
1436262720000 544.65
1436262780000 545.11
1436262840000 544.85
1436262900000 544.9
1436262960000 544.8
1436263020000 544.9
1436263080000 545.025
1436263140000 544.22
1436263200000 544.22
1436263260000 543.86
1436263320000 544.12
1436263380000 544.03
1436263440000 544.044
1436263500000 543.68
1436263560000 543.855
1436263620000 543.45
1436263680000 543.0
1436263740000 542.76
1436263800000 542.95
1436263860000 543.19
1436263920000 543.78
1436263980000 543.675
1436264040000 543.68
1436264100000 543.49
1436264160000 543.09
1436264220000 543.72
1436264280000 543.38
1436264340000 543.9
1436264400000 543.46
1436264460000 543.36
1436264520000 543.595
1436264580000 543.79
1436264640000 543.2
1436264700000 542.76
1436264760000 542.32
1436264820000 542.23
1436264880000 541.7
1436264940000 542.09
1436265000000 542.01
1436265060000 541.6
1436265120000 541.51
1436265180000 541.64
1436265240000 541.5
1436265300000 541.49
1436265360000 541.05
1436265420000 541.46
1436265480000 540.92
1436265540000 540.79
1436265600000 540.49
1436265660000 540.2
1436265720000 540.1
1436265780000 540.21
1436265840000 540.94
1436265900000 540.7
1436265960000 540.63
1436266020000 541.01
1436266080000 541.275
1436266140000 541.06
1436266200000 541.0
1436266260000 541.45
1436266320000 541.525
1436266380000 541.77
1436266440000 541.675
1436266500000 542.2
1436266560000 541.5
1436266620000 541.455
1436266680000 541.37
1436266740000 541.375
1436266800000 541.41
1436266860000 540.75
1436266920000 540.73
1436266980000 540.785
1436267040000 540.64
1436267100000 540.88
1436267160000 540.25
1436267220000 540.255
1436267280000 540.63
1436267340000 540.63
1436267400000 540.55
1436267460000 540.52
1436267520000 540.55
1436267580000 540.37
1436267640000 540.1
1436267700000 540.42
1436267760000 540.702
1436267820000 540.75
1436267880000 540.57
1436267940000 540.645
1436268000000 540.83
1436268060000 541.05
1436268120000 540.84
1436268180000 540.765
1436268240000 541.26
1436268300000 540.92
1436268360000 540.525
1436268420000 540.55
1436268480000 540.67
1436268540000 540.45
1436268600000 540.3
1436268660000 540.33
1436268720000 540.17
1436268780000 540.17
1436268840000 540.06
1436268900000 540.14
1436268960000 540.08
1436269020000 540.58
1436269080000 540.5
1436269140000 540.99
1436269200000 541.31
1436269320000 541.74
1436269380000 542.16
1436269440000 542.24
1436269500000 542.2
1436269560000 541.98
1436269620000 541.9
1436269680000 542.26
1436269740000 541.91
1436269800000 541.881
1436269860000 541.63
1436269920000 541.485
1436269980000 541.55
1436270040000 541.4
1436270100000 541.41
1436270160000 541.7
1436270220000 542.686
1436270280000 542.85
1436270340000 542.875
1436270400000 542.97
1436270460000 542.2
1436270520000 542.43
1436270580000 542.558
1436270640000 542.755
1436270700000 542.6
1436270760000 542.89
1436270820000 542.59
1436270880000 542.56
1436270940000 542.55
1436271000000 542.31
1436271060000 542.13
1436271120000 541.95
1436271180000 541.99
1436271240000 541.71
1436271300000 542.18
1436271360000 542.4
1436271420000 542.47
1436271480000 542.7
1436271540000 542.75
1436271600000 542.45
1436271660000 542.85
1436271720000 542.74
1436271780000 542.92
1436271840000 542.88
1436271900000 543.03
1436271960000 542.76
1436272020000 542.61
1436272080000 543.09
1436272140000 542.91
1436272200000 542.42
1436272260000 542.66
1436272320000 542.75
1436272380000 542.98
1436272440000 542.82
1436272500000 543.07
1436272560000 542.73
1436272620000 542.98
1436272680000 542.88
1436272740000 543.05
1436272800000 542.98
1436272860000 542.79
1436272920000 542.64
1436272980000 542.7
1436273040000 542.86
1436273100000 543.08
1436273160000 543.5
1436273220000 543.35
1436273280000 542.99
1436273340000 543.07
1436273400000 543.24
1436273460000 543.01
1436273520000 543.08
1436273580000 542.76
1436273640000 543.1
1436273700000 543.25
1436273820000 543.56
1436273880000 543.6
1436273940000 543.73
1436274000000 543.81
1436274060000 543.69
1436274120000 543.67
1436274180000 543.47
1436274240000 543.57
1436274300000 543.47
1436274360000 543.22
1436274420000 543.1
1436274480000 543.11
1436274540000 543.59
1436274600000 543.865
1436274660000 544.22
1436274720000 544.72
1436274780000 545.11
1436274840000 545.81
1436274900000 546.28
1436274960000 545.76
1436275020000 545.37
1436275080000 545.17
1436275140000 544.9
1436275200000 544.84
1436275260000 544.97
1436275320000 544.93
1436275380000 544.82
1436275440000 544.72
1436275500000 544.58
1436275560000 544.76
1436275620000 544.97
1436275680000 544.94
1436275740000 545.21
1436275800000 545.805
1436275860000 545.635
1436275920000 545.11
1436275980000 544.975
1436276040000 545.09
1436276100000 545.16
1436276220000 545.17
1436276280000 545.39
1436276340000 545.61
1436276400000 545.83
1436276460000 545.93
1436276520000 546.09
1436276580000 546.275
1436276640000 546.49
1436276700000 547.17
1436276760000 546.96
1436276820000 546.66
1436276880000 546.39
1436276940000 546.4
1436277000000 546.31
1436277060000 546.39
1436277120000 546.44
1436277180000 546.18
1436277240000 545.89
1436277300000 545.72
1436277360000 546.02
1436277420000 545.998
1436277480000 545.98
1436277540000 545.85
1436277600000 546.01
1436277660000 546.0
1436277720000 546.04
1436277780000 546.0
1436277840000 545.99
1436277900000 545.84
1436277960000 546.02
1436278080000 545.95
1436278140000 546.19
1436278200000 546.07
1436278260000 546.5
1436278320000 546.59
1436278380000 546.695
1436278440000 546.67
1436278500000 546.73
1436278560000 546.7
1436278620000 546.955
1436278680000 546.76
1436278740000 546.55
1436278800000 546.029
1436278860000 546.27
1436278920000 545.74
1436278980000 545.84
1436279040000 545.87
1436279100000 545.86
1436279160000 546.12
1436279220000 546.0
1436279280000 545.92
1436279340000 546.0
1436279400000 545.811
1436279460000 545.66
1436279520000 545.78
1436279580000 546.25
1436279640000 546.24
1436279700000 546.07
1436279760000 546.52
1436279820000 546.47
1436279880000 546.31
1436279940000 546.74
1436280000000 547.23
1436280060000 547.5
1436280120000 547.95
1436280180000 548.44
1436280240000 549.02
1436280300000 548.99
1436280360000 548.99
1436280420000 548.82
1436280480000 549.155
1436280540000 548.81
1436280600000 548.92
1436280660000 548.83
1436280720000 548.61
1436280780000 549.03
1436280840000 549.12
1436280900000 549.0
1436280960000 548.795
1436281020000 549.2
1436281080000 548.8
1436281140000 550.39
1436281200000 550.26
1436281260000 550.1
1436281320000 549.64
1436281380000 549.67
1436281440000 549.51
1436281500000 549.77
1436281560000 549.64
