1436261400000 37.8
1436261460000 37.7799
1436261580000 37.65
1436261640000 37.55
1436261700000 37.53
1436261760000 37.56
1436261820000 37.6099
1436261880000 37.61
1436261940000 37.44
1436262000000 37.42
1436262060000 37.52
1436262120000 37.51
1436262180000 37.44
1436262240000 37.46
1436262300000 37.47
1436262360000 37.44
1436262420000 37.46
1436262480000 37.56
1436262540000 37.51
1436262600000 37.62
1436262660000 37.56
1436262720000 37.65
1436262780000 37.72
1436262840000 37.77
1436262900000 37.78
1436262960000 37.72
1436263020000 37.68
1436263080000 37.62
1436263140000 37.63
1436263200000 37.56
1436263260000 37.62
1436263320000 37.58
1436263380000 37.545
1436263440000 37.52
1436263500000 37.5
1436263560000 37.51
1436263620000 37.44
1436263680000 37.44
1436263740000 37.4
1436263800000 37.41
1436263860000 37.45
1436263920000 37.43
1436263980000 37.44
1436264040000 37.41
1436264100000 37.34
1436264160000 37.28
1436264220000 37.27
1436264280000 37.17
1436264340000 37.175
1436264400000 37.13
1436264460000 37.13
1436264520000 37.1
1436264580000 37.08
1436264640000 37.04
1436264700000 37.03
1436264760000 37.01
1436264820000 36.99
1436264880000 36.9656
1436264940000 36.975
1436265000000 36.97
1436265060000 37.005
1436265120000 37.0
1436265180000 37.015
1436265240000 36.98
1436265300000 36.94
1436265360000 36.88
1436265420000 36.92
1436265480000 36.94
1436265540000 36.88
1436265600000 36.84
1436265660000 36.84
1436265720000 36.84
1436265780000 36.765
1436265840000 36.745
1436265900000 36.6
1436265960000 36.62
1436266020000 36.63
1436266080000 36.78
1436266140000 36.84
1436266200000 36.9
1436266260000 36.9
1436266320000 36.93
1436266380000 36.97
1436266440000 36.97
1436266500000 37.12
1436266560000 37.06
1436266620000 37.05
1436266680000 37.04
1436266740000 37.07
1436266800000 37.0589
1436266860000 37.08
1436266920000 37.08
1436266980000 37.16
1436267040000 37.17
1436267100000 37.17
1436267160000 37.15
1436267220000 37.17
1436267280000 37.218
1436267340000 37.23
1436267400000 37.33
1436267460000 37.39
1436267520000 37.45
1436267580000 37.47
1436267640000 37.5
1436267700000 37.52
1436267760000 37.54
1436267820000 37.6
1436267880000 37.59
1436267940000 37.53
1436268000000 37.57
1436268060000 37.555
1436268120000 37.53
1436268180000 37.513
1436268240000 37.51
1436268300000 37.46
1436268360000 37.38
1436268420000 37.44
1436268480000 37.43
1436268540000 37.39
1436268600000 37.28
1436268660000 37.3
1436268720000 37.28
1436268780000 37.33
1436268840000 37.31
1436268900000 37.24
1436268960000 37.24
1436269020000 37.27
1436269080000 37.28
1436269140000 37.34
1436269200000 37.38
1436269260000 37.45
1436269320000 37.48
1436269380000 37.54
1436269440000 37.64
1436269500000 37.69
1436269560000 37.63
1436269620000 37.6
1436269680000 37.59
1436269740000 37.63
1436269800000 37.66
1436269860000 37.73
1436269920000 37.75
1436269980000 37.79
1436270040000 37.86
1436270100000 37.82
1436270160000 37.846
1436270220000 37.99
1436270280000 37.89
1436270340000 37.93
1436270400000 37.94
1436270460000 37.91
1436270520000 37.86
1436270580000 37.88
1436270640000 37.87
1436270700000 37.8875
1436270760000 37.92
1436270820000 37.95
1436270880000 37.99
1436270940000 38.03
1436271000000 37.99
1436271060000 37.95
1436271120000 37.91
1436271180000 37.91
1436271240000 37.93
1436271300000 37.89
1436271360000 37.9
1436271420000 37.85
1436271480000 37.87
1436271540000 37.86
1436271600000 37.83
1436271660000 37.83
1436271720000 37.82
1436271780000 37.82
1436271840000 37.81
1436271900000 37.82
1436271960000 37.83
1436272020000 37.86
1436272080000 37.88
1436272140000 37.91
1436272200000 38.01
1436272260000 38.02
1436272320000 38.03
1436272380000 38.06
1436272440000 38.06
1436272500000 38.1
1436272560000 38.07
1436272620000 38.13
1436272680000 38.135
1436272740000 38.2
1436272800000 38.15
1436272860000 38.09
1436272920000 38.14
1436272980000 38.17
1436273040000 38.16
1436273100000 38.24
1436273160000 38.29
1436273220000 38.2775
1436273280000 38.3
1436273340000 38.28
1436273400000 38.24
1436273460000 38.27
1436273520000 38.34
1436273580000 38.31
1436273640000 38.3
1436273700000 38.37
1436273760000 38.35
1436273820000 38.38
1436273880000 38.47
1436273940000 38.5
1436274000000 38.54
1436274060000 38.51
1436274120000 38.52
1436274180000 38.51
1436274240000 38.53
1436274300000 38.55
1436274360000 38.48
1436274420000 38.38
1436274480000 38.38
1436274540000 38.4
1436274600000 38.38
1436274660000 38.44
1436274720000 38.52
1436274780000 38.57
1436274840000 38.51
1436274900000 38.5
1436274960000 38.41
1436275020000 38.34
1436275080000 38.36
1436275140000 38.4
1436275200000 38.42
1436275260000 38.37
1436275320000 38.32
1436275380000 38.32
1436275440000 38.32
1436275500000 38.38
1436275560000 38.37
1436275620000 38.36
1436275680000 38.39
1436275740000 38.44
1436275800000 38.45
1436275860000 38.46
1436275920000 38.4
1436275980000 38.37
1436276040000 38.35
1436276100000 38.38
1436276160000 38.39
1436276220000 38.41
1436276280000 38.36
1436276340000 38.36
1436276400000 38.4
1436276460000 38.36
1436276520000 38.37
1436276580000 38.37
1436276640000 38.41
1436276700000 38.44
1436276760000 38.42
1436276820000 38.31
1436276880000 38.33
1436277000000 38.38
1436277060000 38.29
1436277120000 38.24
1436277240000 38.2
1436277300000 38.22
1436277360000 38.24
1436277420000 38.26
1436277480000 38.26
1436277540000 38.3
1436277600000 38.38
1436277660000 38.36
1436277720000 38.38
1436277780000 38.34
1436277840000 38.36
1436277900000 38.42
1436277960000 38.36
1436278020000 38.379
1436278080000 38.375
1436278140000 38.39
1436278200000 38.46
1436278260000 38.47
1436278320000 38.52
1436278380000 38.5
1436278440000 38.5
1436278500000 38.53
1436278560000 38.5
1436278620000 38.58
1436278680000 38.54
1436278740000 38.5
1436278800000 38.5
1436278860000 38.5
1436278920000 38.4
1436278980000 38.38
1436279040000 38.4
1436279100000 38.45
1436279160000 38.48
1436279220000 38.48
1436279280000 38.44
1436279340000 38.42
1436279400000 38.415
1436279460000 38.41
1436279520000 38.4
1436279580000 38.41
1436279640000 38.4
1436279700000 38.33
1436279760000 38.345
1436279820000 38.31
1436279880000 38.28
1436279940000 38.38
1436280000000 38.37
1436280060000 38.44
1436280120000 38.48
1436280180000 38.4932
1436280240000 38.51
1436280300000 38.5704
1436280360000 38.58
1436280420000 38.61
1436280480000 38.646
1436280540000 38.59
1436280600000 38.58
1436280660000 38.56
1436280720000 38.6
1436280780000 38.61
1436280840000 38.63
1436280900000 38.63
1436280960000 38.69
1436281020000 38.74
1436281080000 38.76
1436281140000 38.83
1436281200000 38.82
1436281260000 38.81
1436281380000 38.73
1436281440000 38.73
1436281500000 38.76
1436281560000 38.71
