1404705600000 1.43
1404792000000 1.39
1404878400000 1.36
1404964800000 1.33
1405051200000 1.38
1405310400000 1.35
1405396800000 1.39
1405483200000 1.38
1405569600000 1.38
1405656000000 1.39
1405915200000 1.38
1406001600000 1.4099
1406088000000 1.44
1406174400000 1.035
1406260800000 0.9259
1406520000000 0.9101
1406606400000 0.92
1406692800000 0.9299
1406779200000 0.93
1406865600000 0.958
1407124800000 0.93
1407211200000 0.919
1407297600000 0.87
1407384000000 0.67
1407470400000 0.451
1407729600000 0.4072
1407816000000 0.5849
1407902400000 0.84
1407988800000 0.81
1408075200000 0.74
1408334400000 0.6952
1408420800000 0.6699
1408507200000 0.6403
1408593600000 0.65
1408680000000 0.68
1408939200000 0.79
1409025600000 0.8
1409112000000 0.84
1409198400000 0.8396
1409284800000 0.7999
1409630400000 0.78
1409716800000 0.75
1409803200000 0.835
1409889600000 0.77
1410148800000 0.87
1410235200000 0.84
1410321600000 0.81
1410408000000 0.6701
1410494400000 0.77
1410753600000 0.73
1410840000000 0.7195
1410926400000 0.72
1411012800000 0.7149
1411099200000 0.7
1411358400000 0.6314
1411444800000 0.67
1411531200000 0.6901
1411617600000 0.748
1411704000000 0.72
1411963200000 0.69
1412049600000 0.6529
1412136000000 0.6899
1412222400000 0.68
1412308800000 0.68
1412568000000 0.62
1412654400000 0.63
1412740800000 0.345
1412827200000 0.4299
1412913600000 0.4
1413172800000 0.35
1413259200000 0.25
1413345600000 0.23
1413432000000 0.221
1413518400000 0.25
1413777600000 0.26
1413864000000 0.24
1413950400000 0.25
1414036800000 0.24
1414123200000 0.215
1414382400000 0.2
1414468800000 0.22
1414555200000 0.22
1414641600000 0.21
1414728000000 0.1601
1414990800000 0.16
1415077200000 0.16
1415163600000 0.205
1415250000000 0.205
1415336400000 0.15
1415595600000 0.2001
1415682000000 0.2
1415768400000 0.21
1415854800000 0.22
1415941200000 0.25
1416200400000 0.25
1416286800000 0.25
1416373200000 0.25
1416459600000 0.29
1416546000000 0.29
1416805200000 0.2551
1416891600000 0.25
1416978000000 0.25
1417410000000 0.2998
1417496400000 0.15
1417582800000 0.2
1417669200000 0.18
1417755600000 0.234
1418014800000 0.18
1418101200000 0.228
1418187600000 0.2
1418274000000 0.18
1418360400000 0.18
1418619600000 0.1801
1418706000000 0.151
1418792400000 0.18
1418878800000 0.161
1418965200000 0.152
1419224400000 0.152
1419310800000 0.1501
1419397200000 0.1501
1419570000000 0.152
1419829200000 0.18
1419915600000 0.14
1420002000000 0.1899
1420174800000 0.1534
1420434000000 0.2
1420606800000 0.154
1420693200000 0.161
1420779600000 0.1612
1421038800000 0.1599
1421125200000 0.1499
1421211600000 0.158
1421298000000 0.158
1421384400000 0.158
1421730000000 0.17
1421902800000 0.1519
1421989200000 0.16
1422248400000 0.16
1422421200000 0.16
1422507600000 0.145
1422594000000 0.1497
1422853200000 0.14
1422939600000 0.1401
1423026000000 0.14
1423112400000 0.1503
1423198800000 0.162
1423458000000 0.168
1423544400000 0.1501
1423630800000 0.1552
1423803600000 0.15
1424149200000 0.1649
1424235600000 0.14
1424322000000 0.145
1424667600000 0.155
1424754000000 0.1451
1424926800000 0.1648
1425272400000 0.1599
1425358800000 0.15
1425445200000 0.125
1425531600000 0.1298
1425618000000 0.12
1425873600000 0.14
1425960000000 0.12
1426046400000 0.12
1426132800000 0.12
1426219200000 0.1201
1426478400000 0.1495
1426651200000 0.1399
1426824000000 0.125
1427083200000 0.115
1427256000000 0.1111
1427342400000 0.1111
1427428800000 0.1
1427688000000 0.1098
1427947200000 0.0999
1428292800000 0.0975
1428379200000 0.095
1428465600000 0.095
1428552000000 0.0955
1428638400000 0.095
1428897600000 0.07
1428984000000 0.08
1429070400000 0.08
1429156800000 0.08
1429243200000 0.092
1429502400000 0.093
1429588800000 0.09
1429675200000 0.0841
1429761600000 0.093
1430107200000 0.089
1430193600000 0.089
1430366400000 0.1
1430452800000 0.12
1430712000000 0.0801
1430798400000 0.2499
1430884800000 0.1
1430971200000 0.12
1431057600000 0.1052
1431489600000 0.105
1431576000000 0.105
1431921600000 0.11
1432008000000 0.11
1432094400000 0.1101
1432180800000 0.111
1432267200000 0.12
1433131200000 0.13
1433217600000 0.1093
1433390400000 0.1105
1433736000000 0.11
1434340800000 0.11
1434427200000 0.1001
1434945600000 0.085
1435032000000 0.12
1435204800000 0.08
1435550400000 0.08
1435636800000 0.07
1435723200000 0.0995
