1436261400000 51.77
1436261460000 51.66
1436261520000 51.2601
1436261580000 51.3799
1436261640000 51.69
1436261700000 51.98
1436261760000 51.92
1436261820000 51.7
1436261880000 51.798
1436261940000 52.04
1436262000000 52.2156
1436262060000 52.29
1436262120000 52.2899
1436262180000 52.23
1436262240000 52.07
1436262300000 51.96
1436262360000 52.055
1436262420000 52.1864
1436262480000 52.34
1436262540000 52.43
1436262600000 52.67
1436262660000 52.4001
1436262720000 52.5006
1436262780000 52.4
1436262840000 52.38
1436262900000 52.31
1436262960000 52.22
1436263020000 52.2
1436263080000 52.0199
1436263140000 52.02
1436263200000 52.0497
1436263260000 52.16
1436263320000 52.1908
1436263380000 52.1921
1436263440000 52.045
1436263500000 51.8
1436263560000 51.73
1436263620000 51.7
1436263680000 51.63
1436263740000 51.26
1436263800000 51.3
1436263860000 51.33
1436263920000 51.4001
1436263980000 51.25
1436264040000 51.44
1436264100000 51.38
1436264160000 51.39
1436264220000 51.395
1436264280000 51.49
1436264340000 51.4601
1436264400000 51.441
1436264460000 51.46
1436264520000 51.3605
1436264580000 51.3
1436264640000 51.27
1436264700000 51.113
1436264760000 51.046
1436264820000 50.975
1436264880000 50.8499
1436264940000 50.82
1436265000000 50.82
1436265060000 50.81
1436265120000 50.85
1436265180000 50.76
1436265240000 50.7
1436265300000 50.682
1436265360000 50.55
1436265420000 50.514
1436265480000 50.45
1436265540000 50.44
1436265600000 50.36
1436265660000 50.45
1436265720000 50.4505
1436265780000 50.45
1436265840000 50.42
1436265900000 50.567
1436265960000 50.47
1436266020000 50.696
1436266080000 50.821
1436266140000 50.802
1436266200000 50.86
1436266260000 50.96
1436266320000 50.95
1436266380000 51.024
1436266440000 51.22
1436266500000 51.1
1436266560000 51.1329
1436266620000 51.15
1436266680000 51.115
1436266740000 51.3095
1436266800000 51.28
1436266860000 51.13
1436266920000 51.15
1436266980000 51.199
1436267040000 51.13
1436267100000 51.15
1436267160000 51.2134
1436267220000 51.27
1436267280000 51.4035
1436267340000 51.449
1436267400000 51.352
1436267460000 51.45
1436267520000 51.596
1436267580000 51.67
1436267640000 51.64
1436267700000 51.6
1436267760000 51.6516
1436267820000 51.6801
1436267880000 51.62
1436267940000 51.66
1436268000000 51.74
1436268060000 51.8299
1436268120000 51.8816
1436268180000 52.12
1436268240000 52.0255
1436268300000 51.9611
1436268360000 51.885
1436268420000 51.943
1436268480000 51.995
1436268540000 51.9
1436268600000 51.898
1436268660000 51.81
1436268720000 51.782
1436268780000 51.82
1436268840000 51.7503
1436268900000 51.64
1436268960000 51.57
1436269020000 51.586
1436269080000 51.6697
1436269140000 51.54
1436269200000 51.53
1436269260000 51.6
1436269320000 51.75
1436269380000 51.82
1436269440000 51.77
1436269500000 51.88
1436269560000 51.8238
1436269620000 51.79
1436269680000 51.725
1436269740000 51.68
1436269800000 51.6035
1436269860000 51.68
1436269920000 51.69
1436269980000 51.63
1436270040000 51.74
1436270100000 51.75
1436270160000 51.8501
1436270220000 51.9
1436270280000 51.88
1436270340000 51.8001
1436270400000 51.815
1436270460000 51.79
1436270520000 51.8
1436270580000 51.9
1436270640000 52.03
1436270700000 52.09
1436270760000 52.081
1436270820000 52.08
1436270880000 51.9839
1436270940000 51.92
1436271000000 51.96
1436271060000 51.86
1436271120000 51.73
1436271180000 51.83
1436271240000 51.84
1436271300000 51.86
1436271360000 51.89
1436271420000 51.92
1436271480000 52.03
1436271540000 52.08
1436271600000 52.04
1436271660000 52.15
1436271720000 52.12
1436271780000 52.18
1436271840000 52.15
1436271900000 52.1212
1436271960000 52.136
1436272020000 52.18
1436272080000 52.1542
1436272140000 52.1
1436272200000 52.0856
1436272260000 52.075
1436272320000 52.0894
1436272380000 52.044
1436272440000 52.24
1436272500000 52.21
1436272560000 52.17
1436272620000 52.2179
1436272680000 52.23
1436272740000 52.26
1436272800000 52.31
1436272860000 52.33
1436272920000 52.35
1436272980000 52.39
1436273040000 52.42
1436273100000 52.5
1436273160000 52.5
1436273220000 52.5653
1436273280000 52.562
1436273340000 52.56
1436273400000 52.601
1436273460000 52.5499
1436273520000 52.5399
1436273580000 52.49
1436273640000 52.55
1436273700000 52.66
1436273760000 52.5837
1436273820000 52.5704
1436273880000 52.5015
1436273940000 52.63
1436274000000 52.64
1436274060000 52.64
1436274120000 52.64
1436274180000 52.67
1436274240000 52.65
1436274300000 52.64
1436274360000 52.65
1436274420000 52.562
1436274480000 52.56
1436274540000 52.5832
1436274600000 52.65
1436274660000 52.7699
1436274720000 52.725
1436274780000 52.83
1436274840000 52.7666
1436274900000 52.7904
1436274960000 52.727
1436275020000 52.62
1436275080000 52.64
1436275140000 52.63
1436275200000 52.65
1436275260000 52.5984
1436275320000 52.6199
1436275380000 52.64
1436275440000 52.57
1436275500000 52.56
1436275560000 52.5508
1436275620000 52.5545
1436275680000 52.6
1436275740000 52.58
1436275800000 52.6
1436275860000 52.6
1436275920000 52.54
1436275980000 52.51
1436276040000 52.44
1436276100000 52.39
1436276160000 52.44
1436276220000 52.48
1436276280000 52.455
1436276340000 52.4699
1436276400000 52.42
1436276460000 52.3856
1436276520000 52.31
1436276580000 52.3499
1436276640000 52.32
1436276700000 52.3999
1436276760000 52.35
1436276820000 52.33
1436276880000 52.29
1436276940000 52.3897
1436277000000 52.37
1436277060000 52.25
1436277120000 52.2601
1436277180000 52.3
1436277240000 52.3397
1436277300000 52.31
1436277360000 52.3142
1436277420000 52.3426
1436277480000 52.307
1436277540000 52.282
1436277600000 52.27
1436277660000 52.2801
1436277720000 52.229
1436277780000 52.15
1436277840000 52.28
1436277900000 52.27
1436277960000 52.2001
1436278020000 52.1136
1436278080000 52.0837
1436278140000 52.0492
1436278200000 52.15
1436278260000 52.2
1436278320000 52.11
1436278380000 52.13
1436278440000 52.1203
1436278500000 52.05
1436278560000 52.05
1436278620000 52.0401
1436278680000 51.96
1436278740000 51.96
1436278800000 51.9937
1436278860000 51.9701
1436278920000 51.99
1436278980000 51.99
1436279040000 52.0401
1436279100000 52.041
1436279160000 52.0594
1436279220000 52.0599
1436279280000 52.03
1436279340000 52.04
1436279400000 52.076
1436279460000 52.03
1436279520000 52.0
1436279580000 52.07
1436279640000 52.06
1436279700000 51.99
1436279760000 51.98
1436279820000 51.99
1436279880000 51.98
1436279940000 52.07
1436280000000 52.04
1436280060000 52.13
1436280120000 52.21
1436280180000 52.19
1436280240000 52.29
1436280300000 52.35
1436280360000 52.37
1436280420000 52.36
1436280480000 52.33
1436280540000 52.26
1436280600000 52.32
1436280660000 52.2799
1436280720000 52.3206
1436280780000 52.3399
1436280840000 52.327
1436280900000 52.29
1436280960000 52.35
1436281020000 52.3101
1436281080000 52.304
1436281140000 52.45
1436281200000 52.4
1436281260000 52.41
1436281320000 52.4
1436281380000 52.39
1436281440000 52.36
1436281500000 52.38
1436281560000 52.29
