1436261400000 30.61
1436261520000 30.47
1436261580000 30.49
1436261640000 30.535
1436261700000 30.5
1436261760000 30.5
1436262000000 30.49
1436262180000 30.48
1436262240000 30.53
1436262360000 30.48
1436262480000 30.46
1436262600000 30.46
1436262660000 30.48
1436262840000 30.49
1436263020000 30.49
1436263080000 30.48
1436263140000 30.52
1436263500000 30.49
1436263560000 30.52
1436263680000 30.49
1436263740000 30.41
1436263800000 30.47
1436264280000 30.4296
1436264340000 30.4504
1436264460000 30.44
1436264640000 30.48
1436264700000 30.45
1436264820000 30.42
1436264880000 30.45
1436265000000 30.45
1436265060000 30.42
1436265300000 30.34
1436265540000 30.29
1436265600000 30.27
1436265660000 30.25
1436265840000 30.21
1436265960000 30.26
1436266080000 30.282
1436266200000 30.3
1436266320000 30.31
1436266500000 30.37
1436266560000 30.36
1436266620000 30.36
1436266680000 30.37
1436266740000 30.4
1436266800000 30.37
1436267100000 30.33
1436267220000 30.3601
1436267280000 30.37
1436267340000 30.37
1436267520000 30.4164
1436267580000 30.41
1436267640000 30.42
1436267760000 30.41
1436267820000 30.42
1436267880000 30.45
1436267940000 30.43
1436268000000 30.44
1436268060000 30.44
1436268180000 30.37
1436268420000 30.3335
1436268540000 30.31
1436268600000 30.28
1436268840000 30.21
1436268900000 30.205
1436268960000 30.23
1436269020000 30.25
1436269260000 30.34
1436269380000 30.41
1436269560000 30.39
1436269680000 30.3906
1436269740000 30.39
1436270100000 30.37
1436270160000 30.41
1436270220000 30.49
1436270400000 30.5
1436270460000 30.49
1436270760000 30.52
1436270820000 30.54
1436271000000 30.52
1436271060000 30.5
1436271120000 30.51
1436271240000 30.516
1436271480000 30.54
1436271600000 30.58
1436271660000 30.55
1436271780000 30.55
1436271840000 30.55
1436272140000 30.52
1436272260000 30.52
1436272320000 30.57
1436272380000 30.58
1436272440000 30.61
1436272500000 30.59
1436272560000 30.64
1436272740000 30.71
1436273040000 30.72
1436273160000 30.7
1436273220000 30.75
1436273340000 30.73
1436273460000 30.75
1436273520000 30.75
1436273640000 30.71
1436273700000 30.72
1436273820000 30.73
1436273880000 30.75
1436274180000 30.7
1436274360000 30.62
1436274480000 30.59
1436274660000 30.62
1436274780000 30.7
1436274840000 30.66
1436274900000 30.66
1436274960000 30.65
1436275200000 30.65
1436275260000 30.67
1436275440000 30.68
1436275500000 30.68
1436275800000 30.7
1436275860000 30.69
1436275920000 30.69
1436276040000 30.68
1436276340000 30.6769
1436276400000 30.68
1436276460000 30.67
1436276520000 30.66
1436276640000 30.69
1436276760000 30.7
1436276820000 30.7
1436277060000 30.67
1436277120000 30.68
1436277360000 30.69
1436277540000 30.69
1436277660000 30.69
1436277780000 30.67
1436277900000 30.7
1436278020000 30.7
1436278080000 30.71
1436278140000 30.78
1436278200000 30.78
1436278440000 30.725
1436278500000 30.69
1436278560000 30.63
1436278620000 30.635
1436278800000 30.615
1436278860000 30.62
1436278920000 30.62
1436278980000 30.62
1436279040000 30.58
1436279100000 30.585
1436279160000 30.58
1436279220000 30.58
1436279280000 30.59
1436279340000 30.61
1436279580000 30.59
1436279760000 30.64
1436279820000 30.65
1436279880000 30.64
1436280000000 30.68
1436280060000 30.69
1436280180000 30.79
1436280240000 30.77
1436280420000 30.78
1436280660000 30.85
1436280780000 30.83
1436280840000 30.81
1436280960000 30.77
1436281080000 30.77
1436281140000 30.77
1436281200000 30.77
1436281320000 30.76
1436281560000 30.72
