1436261400000 10.16
1436261520000 10.15
1436261700000 10.18
1436262000000 10.11
1436262120000 10.1
1436262360000 10.14
1436262660000 10.089
1436262840000 10.13
1436263140000 10.106
1436263320000 10.064
1436263440000 10.09
1436263500000 10.08
1436263620000 10.08
1436263680000 10.06
1436264040000 10.06
1436264100000 10.09
1436264220000 10.09
1436264400000 10.104
1436264700000 10.06
1436265000000 10.05
1436265060000 10.06
1436265120000 10.07
1436265180000 10.07
1436265300000 10.12
1436265660000 10.1
1436265720000 10.05
1436265900000 10.07
1436266020000 10.07
1436266380000 10.067
1436266740000 10.05
1436266800000 10.05
1436266920000 10.06
1436267340000 10.06
1436267400000 10.0501
1436267580000 10.05
1436267760000 10.06
1436268000000 10.0599
1436268060000 10.05
1436268300000 10.07
1436268420000 10.0635
1436268480000 10.06
1436268540000 10.05
1436268660000 10.05
1436269080000 10.051
1436269200000 10.06
1436269380000 10.06
1436269440000 10.06
1436269680000 10.07
1436269920000 10.07
1436270160000 10.07
1436270280000 10.09
1436270940000 10.09
1436271780000 10.08
1436272140000 10.06
1436272500000 10.06
1436272620000 10.06
1436272860000 10.07
1436273280000 10.075
1436273400000 10.09
1436273640000 10.085
1436273760000 10.0828
1436274000000 10.1
1436274720000 10.11
1436275380000 10.12
1436275500000 10.12
1436275740000 10.11
1436275920000 10.08
1436276760000 10.11
1436276880000 10.12
1436276940000 10.12
1436277000000 10.12
1436277060000 10.12
1436277120000 10.12
1436277180000 10.13
1436277240000 10.13
1436277300000 10.14
1436277360000 10.102
1436277420000 10.15
1436277480000 10.15
1436277540000 10.15
1436277720000 10.15
1436277780000 10.15
1436278020000 10.15
1436278140000 10.1
1436278260000 10.16
1436278380000 10.0901
1436278680000 10.15
1436279340000 10.16
1436279400000 10.15
1436279520000 10.15
1436279580000 10.14
1436279640000 10.15
1436280180000 10.13
1436280660000 10.13
1436281020000 10.1414
1436281080000 10.16
1436281260000 10.16
1436281500000 10.15
