1404705600000 15.25
1404792000000 15.45
1404878400000 15.6
1404964800000 15.4
1405051200000 15.82
1405310400000 16.21
1405396800000 15.75
1405483200000 15.99
1405569600000 15.47
1405656000000 17.96
1405915200000 17.95
1406001600000 18.23
1406088000000 18.36
1406174400000 18.18
1406260800000 18.28
1406520000000 18.28
1406606400000 18.11
1406692800000 18.15
1406779200000 18.1
1406865600000 18.13
1407124800000 18.05
1407211200000 18.23
1407297600000 18.45
1407384000000 18.35
1407470400000 18.22
1407729600000 17.42
1407816000000 17.62
1407902400000 18.0
1407988800000 18.41
1408075200000 18.79
1408334400000 18.83
1408420800000 18.44
1408507200000 18.53
1408593600000 18.44
1408680000000 18.27
1408939200000 18.06
1409025600000 17.96
1409112000000 17.77
1409198400000 17.77
1409284800000 18.07
1409630400000 17.88
1409716800000 17.83
1409803200000 17.68
1409889600000 17.8
1410148800000 17.93
1410235200000 17.77
1410321600000 17.92
1410408000000 17.8
1410494400000 17.96
1410753600000 18.13
1410840000000 18.0
1410926400000 17.84
1411012800000 17.9
1411099200000 17.87
1411358400000 17.41
1411444800000 16.92
1411531200000 17.08
1411617600000 17.01
1411704000000 17.2
1411963200000 17.19
1412049600000 16.78
1412136000000 16.69
1412222400000 16.5
1412308800000 16.74
1412568000000 16.72
1412654400000 16.61
1412740800000 16.71
1412827200000 19.49
1412913600000 19.46
1413172800000 19.24
1413259200000 19.33
1413345600000 19.35
1413432000000 19.42
1413518400000 19.24
1413777600000 19.39
1413864000000 19.39
1413950400000 19.42
1414036800000 19.42
1414123200000 19.47
1414382400000 19.37
1414468800000 19.585
1414555200000 19.55
1414641600000 19.64
1414728000000 19.7
1414990800000 19.57
1415077200000 19.34
1415163600000 19.55
1415250000000 19.6
1415336400000 19.56
1415595600000 19.66
1415682000000 19.44
1415768400000 19.47
1415854800000 19.41
1415941200000 19.33
1416200400000 19.17
1416286800000 19.49
1416373200000 19.42
1416459600000 19.67
1416546000000 19.56
1416805200000 19.56
1416891600000 19.46
1416978000000 19.43
1417150800000 19.41
1417410000000 19.34
1417496400000 19.22
1417582800000 19.22
1417669200000 19.24
1417755600000 19.35
1418014800000 19.19
1418101200000 19.29
1418187600000 19.03
1418274000000 19.05
1418360400000 19.05
1418619600000 19.07
1418706000000 18.97
1418792400000 19.05
1418878800000 19.15
1418965200000 19.05
1419224400000 19.15
1419310800000 19.07
1419397200000 19.07
1419570000000 19.2
1419829200000 19.15
1419915600000 19.15
1420002000000 19.05
1420174800000 18.98
1420434000000 18.9
1420520400000 18.85
1420606800000 19.06
1420693200000 19.27
1420779600000 19.26
1421038800000 19.27
1421125200000 19.25
1421211600000 19.26
1421298000000 19.13
1421384400000 19.34
1421730000000 19.21
1421816400000 19.42
1421902800000 19.55
1421989200000 19.39
1422248400000 19.59
1422334800000 19.51
1422421200000 19.41
1422507600000 19.51
1422594000000 19.42
1422853200000 19.19
