1436261400000 1.46
1436261520000 1.4551
1436261940000 1.45
1436262060000 1.43
1436262240000 1.4146
1436262300000 1.42
1436262420000 1.41
1436262480000 1.4199
1436262540000 1.41
1436262780000 1.42
1436262960000 1.402
1436263080000 1.41
1436263140000 1.42
1436263260000 1.41
1436263320000 1.4096
1436263380000 1.4063
1436263500000 1.39
1436263620000 1.3706
1436263680000 1.35
1436263800000 1.34
1436263860000 1.32
1436263920000 1.27
1436263980000 1.251
1436264040000 1.27
1436264100000 1.27
1436264220000 1.262
1436264280000 1.27
1436264400000 1.25
1436264460000 1.26
1436264520000 1.2463
1436264580000 1.24
1436264640000 1.2563
1436264700000 1.27
1436264880000 1.264
1436264940000 1.25
1436265000000 1.24
1436265060000 1.241
1436265180000 1.23
1436265240000 1.236
1436265300000 1.2518
1436265360000 1.2
1436265540000 1.2
1436265600000 1.2099
1436265660000 1.2076
1436265900000 1.1803
1436265960000 1.18
1436266020000 1.18
1436266140000 1.17
1436266200000 1.17
1436266260000 1.17
1436266320000 1.17
1436266380000 1.16
1436266500000 1.17
1436266560000 1.153
1436266620000 1.16
1436266680000 1.17
1436266740000 1.16
1436266800000 1.16
1436266860000 1.17
1436266980000 1.1699
1436267040000 1.1567
1436267160000 1.1585
1436267220000 1.16
1436267280000 1.1401
1436267340000 1.15
1436267400000 1.1499
1436267460000 1.1487
1436267580000 1.1441
1436267640000 1.15
1436267700000 1.15
1436267760000 1.15
1436267820000 1.15
1436267880000 1.1401
1436267940000 1.12
1436268000000 1.11
1436268060000 1.08
1436268120000 1.1199
1436268180000 1.11
1436268240000 1.1298
1436268300000 1.1225
1436268360000 1.11
1436268420000 1.1
1436268480000 1.09
1436268660000 1.0899
1436268720000 1.09
1436268780000 1.09
1436268960000 1.09
1436269020000 1.09
1436269080000 1.0899
1436269320000 1.09
1436269440000 1.0899
1436269500000 1.09
1436269560000 1.0899
1436269620000 1.1201
1436269680000 1.13
1436269740000 1.1382
1436269800000 1.13
1436269860000 1.12
1436269920000 1.125
1436270040000 1.1201
1436270160000 1.1201
1436270280000 1.125
1436270460000 1.125
1436270580000 1.13
1436271000000 1.13
1436271120000 1.1298
1436271180000 1.16
1436271240000 1.162
1436271300000 1.1699
1436271420000 1.16
1436271480000 1.17
1436271780000 1.1601
1436271900000 1.17
1436272200000 1.17
1436272260000 1.16
1436272440000 1.1499
1436272500000 1.15
1436272860000 1.14
1436272980000 1.1463
1436273040000 1.1401
1436273220000 1.13
1436273280000 1.1215
1436273580000 1.12
1436273640000 1.1101
1436273700000 1.13
1436273760000 1.1499
1436273820000 1.13
1436273940000 1.1458
1436274000000 1.1458
1436274120000 1.1499
1436274240000 1.15
1436274480000 1.1499
1436274600000 1.1408
1436274780000 1.15
1436274960000 1.159
1436275080000 1.15
1436275140000 1.15
1436275260000 1.15
1436275440000 1.145
1436275860000 1.15
1436275920000 1.1499
1436276100000 1.15
1436276160000 1.1499
1436276220000 1.15
1436276460000 1.15
1436276640000 1.15
1436276760000 1.1452
1436276940000 1.1494
1436277060000 1.15
1436277240000 1.15
1436277300000 1.14
1436277360000 1.14
1436277420000 1.15
1436277480000 1.15
1436277540000 1.145
1436277600000 1.15
1436277660000 1.16
1436277720000 1.1599
1436277780000 1.16
1436277840000 1.16
1436277960000 1.16
1436278080000 1.169
1436278260000 1.16
1436279040000 1.1595
1436279340000 1.16
1436279520000 1.1585
1436279580000 1.16
1436279880000 1.16
1436280000000 1.16
1436280060000 1.16
1436280120000 1.16
1436280180000 1.16
1436280240000 1.16
1436280360000 1.17
1436280600000 1.18
1436280660000 1.1825
1436280720000 1.19
1436280780000 1.19
1436281020000 1.202
1436281080000 1.21
1436281140000 1.21
1436281200000 1.22
1436281260000 1.2251
1436281320000 1.2174
1436281500000 1.2101
1436281560000 1.22
