1436261400000 8.36
1436261700000 8.35
1436261760000 8.27
1436261880000 8.28
1436262840000 8.18
1436262900000 8.17
1436263020000 8.22
1436263080000 8.24
1436263200000 8.27
1436263260000 8.5299
1436263320000 8.5886
1436263380000 8.59
1436263440000 8.66
1436263500000 8.7319
1436263560000 8.6271
1436263620000 8.6
1436263680000 8.59
1436263740000 8.5699
1436263800000 8.56
1436263860000 8.5886
1436263920000 8.6
1436263980000 8.6
1436264040000 8.65
1436264100000 8.7
1436264160000 8.7
1436264220000 8.8
1436264280000 8.7125
1436264340000 8.79
1436264400000 8.81
1436264460000 8.793
1436264520000 8.81
1436264580000 8.85
1436264640000 8.89
1436264700000 8.81
1436264760000 8.82
1436264820000 8.89
1436264880000 8.88
1436264940000 8.89
1436265000000 8.94
1436265060000 8.94
1436265120000 8.9
1436265180000 8.8401
1436265300000 8.8547
1436265360000 8.82
1436265420000 8.853
1436265480000 8.847
1436265540000 8.85
1436265660000 8.79
1436265720000 8.8
1436265900000 8.781
1436265960000 8.7773
1436266020000 8.79
1436266080000 8.7701
1436266140000 8.78
1436266200000 8.73
1436266320000 8.75
1436266380000 8.75
1436266440000 8.73
1436266500000 8.74
1436266560000 8.72
1436266620000 8.727
1436266680000 8.73
1436266740000 8.75
1436266800000 8.75
1436266860000 8.7628
1436266920000 8.73
1436266980000 8.72
1436267100000 8.77
1436267160000 8.7417
1436267220000 8.76
1436267280000 8.74
1436267400000 8.77
1436267460000 8.77
1436267520000 8.8
1436267580000 8.8
1436267640000 8.78
1436267700000 8.81
1436267820000 8.82
1436267880000 8.8
1436267940000 8.8025
1436268060000 8.74
1436268120000 8.718
1436268180000 8.7198
1436268240000 8.7
1436268360000 8.72
1436268540000 8.6958
1436268660000 8.6971
1436268780000 8.67
1436268840000 8.66
1436268900000 8.61
1436268960000 8.61
1436269020000 8.65
1436269080000 8.674
1436269200000 8.64
1436269260000 8.639
1436269320000 8.59
1436269380000 8.675
1436269440000 8.68
1436269680000 8.7
1436269740000 8.69
1436269860000 8.6699
1436269920000 8.69
1436269980000 8.69
1436270040000 8.705
1436270160000 8.71
1436270220000 8.75
1436270340000 8.755
1436270460000 8.78
1436270520000 8.79
1436270580000 8.79
1436270640000 8.82
1436270940000 8.83
1436271240000 8.808
1436271300000 8.7999
1436271420000 8.79
1436271480000 8.799
1436271600000 8.79
1436271720000 8.78
1436271780000 8.775
1436272020000 8.75
1436272080000 8.76
1436272140000 8.76
1436272200000 8.78
1436272260000 8.74
1436272440000 8.77
1436272560000 8.78
1436272620000 8.78
1436272680000 8.81
1436272980000 8.8
1436273040000 8.797
1436273100000 8.78
1436273160000 8.78
1436273220000 8.79
1436273340000 8.8
1436273640000 8.79
1436273700000 8.78
1436273820000 8.78
1436273880000 8.78
1436273940000 8.78
1436274000000 8.79
1436274180000 8.78
1436274240000 8.7707
1436274300000 8.77
1436274480000 8.78
1436274660000 8.78
1436274720000 8.78
1436274780000 8.81
1436274840000 8.85
1436274900000 8.84
1436274960000 8.83
1436275020000 8.83
1436275200000 8.83
1436275440000 8.83
1436275560000 8.83
1436275620000 8.83
1436276040000 8.84
1436276220000 8.81
1436276280000 8.82
1436276520000 8.83
1436276580000 8.83
1436276640000 8.85
1436276760000 8.886
1436276880000 8.88
1436276940000 8.88
1436277060000 8.88
1436277120000 8.8401
1436277240000 8.85
1436277300000 8.85
1436277420000 8.87
1436277480000 8.85
1436277540000 8.84
1436277600000 8.8499
1436277780000 8.83
1436277900000 8.83
1436277960000 8.8399
1436278020000 8.88
1436278140000 8.88
1436278260000 8.87
1436278440000 8.8664
1436278500000 8.87
1436278680000 8.85
1436278740000 8.84
1436278800000 8.83
1436278860000 8.825
1436278920000 8.83
1436279040000 8.8
1436279160000 8.82
1436279520000 8.84
1436279580000 8.85
1436279820000 8.82
1436279880000 8.82
1436279940000 8.82
1436280060000 8.83
1436280180000 8.87
1436280240000 8.89
1436280300000 8.9
1436280420000 8.91
1436280780000 8.9
1436280960000 8.88
1436281020000 8.87
1436281080000 8.88
1436281140000 8.91
1436281200000 8.94
1436281320000 8.97
