1436261400000 19.56
1436261760000 19.51
1436261880000 19.5
1436262240000 19.455
1436262600000 19.455
1436262840000 19.455
1436263020000 19.45
1436263140000 19.44
1436263620000 19.42
1436264100000 19.4
1436264640000 19.36
1436264880000 19.34
1436265060000 19.34
1436265300000 19.34
1436265420000 19.33
1436265840000 19.34
1436266020000 19.34
1436266260000 19.275
1436266500000 19.27
1436266740000 19.26
1436266980000 19.26
1436267220000 19.26
1436267520000 19.26
1436267760000 19.26
1436268000000 19.26
1436268240000 19.26
1436268540000 19.31
1436268780000 19.31
1436269080000 19.31
1436269260000 19.3
1436269320000 19.32
1436269620000 19.32
1436269920000 19.32
1436270220000 19.42
1436270520000 19.42
1436270820000 19.42
1436271120000 19.42
1436271420000 19.42
1436271720000 19.42
1436272020000 19.41
1436272320000 19.41
1436272620000 19.42
1436272920000 19.42
1436273220000 19.42
1436273520000 19.41
1436273820000 19.42
1436274120000 19.42
1436274420000 19.41
1436274720000 19.42
1436275020000 19.321
1436275320000 19.44
1436275620000 19.44
1436275920000 19.44
1436276220000 19.44
1436276520000 19.44
1436276820000 19.44
1436277120000 19.44
1436277300000 19.44
1436277420000 19.43
1436277720000 19.43
1436278020000 19.44
1436278320000 19.44
1436278620000 19.44
1436278920000 19.44
1436279220000 19.44
1436279520000 19.44
1436279820000 19.44
1436280120000 19.44
1436280420000 19.44
1436280720000 19.44
1436281020000 19.44
1436281260000 19.43
1436281560000 19.43
