1436261400000 0.63
1436261520000 0.63
1436261580000 0.63
1436261700000 0.63
1436261760000 0.63
1436261880000 0.63
1436262000000 0.63
1436262600000 0.63
1436262660000 0.63
1436263080000 0.6303
1436263620000 0.6301
1436263680000 0.63
1436263740000 0.63
1436263800000 0.63
1436264040000 0.6337
1436264280000 0.63
1436264400000 0.63
1436264520000 0.63
1436264700000 0.6349
1436264880000 0.6301
1436264940000 0.63
1436265240000 0.63
1436265300000 0.63
1436265480000 0.63
1436265540000 0.63
1436265600000 0.63
1436265960000 0.63
1436266020000 0.6309
1436266080000 0.63
1436266260000 0.63
1436266500000 0.63
1436266920000 0.63
1436267040000 0.63
1436267280000 0.63
1436267820000 0.631
1436268120000 0.63
1436268360000 0.6319
1436268420000 0.6396
1436268600000 0.63
1436268660000 0.63
1436268900000 0.63
1436268960000 0.63
1436269440000 0.64
1436270100000 0.63
1436270400000 0.63
1436270820000 0.63
1436271360000 0.63
1436272560000 0.63
1436275560000 0.6399
1436279100000 0.6398
1436279220000 0.635
1436279340000 0.6399
1436279580000 0.6349
1436279700000 0.63
1436279760000 0.63
1436279820000 0.63
1436280000000 0.63
1436280180000 0.6325
1436280240000 0.6325
1436280600000 0.6325
1436280660000 0.6325
1436280720000 0.6325
1436280900000 0.6325
1436281140000 0.6325
1436281440000 0.6325
