1436261400000 122.53
1436261460000 122.208
1436261520000 122.71
1436261580000 122.99
1436261640000 123.19
1436261700000 123.28
1436261760000 123.8
1436261820000 123.48
1436261880000 123.81
1436261940000 124.24
1436262000000 124.15
1436262060000 124.1
1436262120000 124.2
1436262180000 124.24
1436262240000 124.01
1436262300000 124.15
1436262360000 124.12
1436262420000 124.13
1436262480000 124.04
1436262540000 123.91
1436262600000 123.61
1436262660000 123.765
1436262720000 123.59
1436262780000 123.33
1436262840000 123.76
1436262900000 123.35
1436262960000 123.27
1436263020000 122.98
1436263080000 122.85
1436263140000 123.15
1436263200000 123.31
1436263260000 123.34
1436263320000 123.13
1436263380000 123.13
1436263440000 123.04
1436263500000 123.02
1436263560000 122.76
1436263620000 122.55
1436263680000 122.36
1436263740000 122.0
1436263800000 121.6
1436263860000 121.85
1436263920000 121.76
1436263980000 121.74
1436264040000 121.55
1436264100000 121.27
1436264220000 121.07
1436264280000 120.76
1436264340000 120.53
1436264400000 120.4
1436264460000 120.07
1436264520000 119.5301
1436264580000 119.53
1436264640000 119.47
1436264700000 119.43
1436264760000 119.39
1436264820000 119.29
1436264880000 119.38
1436264940000 119.39
1436265000000 119.65
1436265060000 119.7587
1436265180000 119.78
1436265240000 119.84
1436265300000 119.72
1436265360000 119.7
1436265420000 119.56
1436265480000 119.6088
1436265540000 119.26
1436265600000 119.26
1436265660000 119.26
1436265720000 119.2964
1436265780000 119.3244
1436265840000 119.26
1436265900000 119.379
1436265960000 119.7
1436266020000 119.55
1436266140000 119.93
1436266200000 119.8101
1436266260000 120.3
1436266320000 120.3
1436266380000 120.5
1436266500000 120.62
1436266560000 120.87
1436266620000 121.05
1436266680000 120.8
1436266800000 120.95
1436266860000 120.8
1436266920000 120.875
1436266980000 121.0199
1436267100000 120.88
1436267160000 120.73
1436267220000 120.7842
1436267280000 120.5741
1436267400000 120.6575
1436267460000 120.677
1436267580000 120.87
1436267700000 121.0
1436267760000 121.23
1436267820000 121.17
1436267880000 121.13
1436268000000 121.16
1436268060000 121.1
1436268240000 120.93
1436268300000 120.76
1436268360000 120.66
1436268420000 120.62
1436268480000 120.84
1436268540000 120.89
1436268600000 120.84
1436268660000 120.73
1436268720000 120.8
1436268780000 120.84
1436268840000 120.57
1436268900000 120.19
1436269020000 119.9181
1436269080000 119.7
1436269140000 119.99
1436269260000 120.12
1436269320000 120.4137
1436269440000 120.16
1436269560000 120.4175
1436269680000 120.4
1436269800000 120.35
1436269980000 120.531
1436270040000 120.301
1436270100000 120.4305
1436270160000 120.58
1436270220000 120.89
1436270280000 120.89
1436270340000 120.82
1436270400000 120.89
1436270940000 120.356
1436271000000 120.77
1436271060000 120.6734
1436271180000 120.7
1436271360000 120.32
1436271420000 120.4864
1436271600000 120.375
1436271720000 120.52
1436272020000 121.11
1436272080000 121.09
1436272140000 121.23
1436272200000 121.24
1436272260000 121.24
1436272320000 121.24
1436272380000 121.24
1436272440000 121.24
1436272500000 121.24
1436272560000 121.24
1436272680000 121.24
1436272740000 121.24
1436272800000 121.21
1436272860000 121.24
1436272920000 121.24
1436272980000 121.24
1436273040000 121.45
1436273100000 121.5038
1436273160000 121.54
1436273220000 121.66
1436273280000 121.75
1436273340000 121.92
1436273460000 121.659
1436273520000 121.6566
1436273580000 121.93
1436273640000 121.95
1436273760000 122.115
1436273820000 122.1
1436273880000 122.03
1436273940000 122.4899
1436274000000 122.36
1436274060000 122.48
1436274120000 122.37
1436274180000 122.3199
1436274420000 121.7023
1436274480000 121.66
1436274540000 121.93
1436274600000 121.85
1436274660000 122.14
1436274720000 122.2
1436274780000 122.435
1436274840000 122.6
1436274960000 122.64
1436275440000 122.75
1436275500000 122.57
1436275560000 122.75
1436275680000 122.59
1436276340000 122.49
1436276400000 122.54
1436276580000 122.57
1436276760000 122.74
1436276940000 122.51
1436277000000 122.5
1436277060000 122.59
1436277120000 122.91
1436277180000 122.81
1436277240000 122.675
1436277300000 122.89
1436277360000 122.81
1436277420000 122.69
1436277480000 122.98
1436277540000 122.975
1436277660000 122.89
1436277720000 122.43
1436277780000 122.53
1436277840000 122.9
1436277960000 122.8
1436278020000 122.9
1436278080000 123.22
1436278140000 123.09
1436278200000 123.265
1436278260000 123.19
1436278380000 123.09
1436278440000 123.11
1436278500000 123.2
1436278560000 123.01
1436278620000 123.16
1436278680000 123.164
1436278740000 122.64
1436278800000 122.36
1436278920000 121.987
1436279100000 122.12
1436279220000 122.1586
1436279280000 122.2799
1436279400000 122.27
1436279460000 122.3
1436279520000 121.9801
1436279580000 122.4749
1436279640000 122.47
1436279820000 122.48
1436279880000 122.57
1436280060000 123.25
1436280180000 123.33
1436280720000 123.47
1436280780000 123.41
1436280840000 123.499
1436280960000 123.28
1436281020000 123.355
1436281080000 123.49
1436281140000 123.48
1436281200000 123.4
1436281260000 123.5
1436281500000 123.78
1436281560000 123.978
1436281620000 123.83
