1436261400000 24.7
1436261460000 24.5
1436261520000 24.54
1436261580000 24.52
1436261820000 24.38
1436262300000 24.35
1436262420000 24.31
1436262600000 24.26
1436262720000 24.29
1436262900000 24.29
1436263080000 24.26
1436263140000 24.25
1436263200000 24.25
1436263380000 24.26
1436263500000 24.25
1436263560000 24.25
1436263620000 24.26
1436263680000 24.27
1436263800000 24.27
1436263860000 24.26
1436263920000 24.26
1436263980000 24.2599
1436264040000 24.25
1436264100000 24.25
1436264160000 24.26
1436264220000 24.26
1436264280000 24.27
1436264340000 24.265
1436264400000 24.25
1436264520000 24.2331
1436264580000 24.26
1436264700000 24.25
1436264760000 24.24
1436264820000 24.19
1436265000000 24.23
1436265240000 24.2
1436265420000 24.15
1436265600000 24.16
1436265660000 24.15
1436265780000 24.11
1436265840000 24.11
1436265960000 24.07
1436266080000 24.06
1436266140000 24.068
1436266200000 24.02
1436266320000 24.06
1436266380000 24.11
1436266800000 24.11
1436267220000 24.04
1436267280000 23.94
1436267340000 23.96
1436267400000 24.04
1436267820000 24.1
1436268000000 24.1
1436268300000 24.04
1436268360000 23.99
1436268540000 23.99
1436268600000 23.95
1436268840000 23.95
1436269020000 23.99
1436269140000 24.0
1436269320000 24.03
1436269500000 24.07
1436270100000 24.06
1436270400000 24.14
1436270580000 24.1
1436270820000 24.1
1436271060000 24.01
1436271600000 24.04
1436271840000 24.0501
1436271900000 24.04
1436272320000 24.05
1436272500000 24.03
1436272980000 24.08
1436273100000 24.1
1436273220000 24.14
1436273400000 24.17
1436273460000 24.16
1436273640000 24.18
1436273760000 24.17
1436274000000 24.2
1436274240000 24.19
1436274300000 24.16
1436274420000 24.11
1436274660000 24.14
1436274720000 24.15
1436274780000 24.185
1436275020000 24.08
1436275080000 24.06
1436275140000 24.0999
1436275200000 24.14
1436275260000 24.15
1436275320000 24.16
1436275440000 24.18
1436275800000 24.15
1436275860000 24.15
1436276160000 24.08
1436276220000 24.11
1436276280000 24.08
1436276400000 24.14
1436276640000 24.16
1436277180000 24.14
1436277240000 24.08
1436277420000 24.08
1436277900000 24.08
1436278080000 24.07
1436278140000 24.02
1436278320000 24.04
1436278680000 24.04
1436278860000 24.02
1436279100000 23.99
1436279280000 24.02
1436279580000 23.94
1436279700000 23.92
1436279880000 23.99
1436279940000 24.02
1436280060000 24.03
1436280180000 24.07
1436280240000 24.1
1436280420000 24.14
1436280480000 24.12
1436281080000 24.15
1436281320000 24.19
1436281380000 24.19
1436281440000 24.23
1436281500000 24.18
