1436261400000 1.37
1436261940000 1.3701
1436262060000 1.37
1436262600000 1.37
1436262660000 1.37
1436262840000 1.3754
1436262900000 1.36
1436262960000 1.37
1436263200000 1.3809
1436263560000 1.388
1436264160000 1.39
1436264760000 1.38
1436265840000 1.39
1436266800000 1.39
1436267100000 1.38
1436267700000 1.3801
1436267820000 1.38
1436268180000 1.39
1436268900000 1.38
1436270520000 1.371
1436270580000 1.37
1436271120000 1.37
1436271420000 1.37
1436271540000 1.3765
1436272740000 1.37
1436272980000 1.37
1436273280000 1.361
1436274120000 1.361
1436275320000 1.36
1436275380000 1.36
1436275620000 1.3686
1436276880000 1.36
1436277180000 1.369
1436278500000 1.3678
1436278620000 1.36
1436278680000 1.37
1436278740000 1.37
1436279400000 1.37
1436279520000 1.36
1436280000000 1.37
1436280060000 1.37
1436281260000 1.37
1436281380000 1.36
1436281500000 1.36
