1436261400000 75.52
1436261520000 75.735
1436261580000 75.745
1436261640000 75.87
1436261700000 75.76
1436261760000 75.71
1436261880000 75.66
1436261940000 75.72
1436262000000 75.84
1436262060000 75.81
1436262120000 75.8
1436262180000 75.83
1436262300000 75.77
1436262360000 75.72
1436262420000 75.67
1436262480000 75.83
1436262540000 75.78
1436262600000 75.76
1436262660000 75.6701
1436262720000 75.77
1436262780000 75.82
1436262840000 75.82
1436262900000 75.81
1436262960000 75.79
1436263020000 75.77
1436263140000 75.62
1436263200000 75.59
1436263260000 75.5
1436263320000 75.42
1436263380000 75.37
1436263440000 75.55
1436263500000 75.57
1436263560000 75.55
1436263620000 75.55
1436263680000 75.52
1436263740000 75.39
1436263800000 75.39
1436263920000 75.63
1436263980000 75.59
1436264040000 75.63
1436264100000 75.54
1436264160000 75.52
1436264220000 75.53
1436264280000 75.48
1436264340000 75.53
1436264400000 75.47
1436264460000 75.498
1436264520000 75.54
1436264580000 75.585
1436264640000 75.581
1436264700000 75.6172
1436264760000 75.53
1436264820000 75.49
1436264880000 75.38
1436264940000 75.3919
1436265000000 75.33
1436265060000 75.31
1436265120000 75.33
1436265180000 75.38
1436265240000 75.4
1436265300000 75.45
1436265360000 75.415
1436265420000 75.46
1436265480000 75.45
1436265540000 75.48
1436265600000 75.34
1436265660000 75.31
1436265720000 75.27
1436265780000 75.181
1436265840000 75.28
1436265900000 75.33
1436265960000 75.35
1436266020000 75.44
1436266080000 75.47
1436266140000 75.42
1436266200000 75.34
1436266260000 75.4
1436266320000 75.401
1436266440000 75.45
1436266500000 75.48
1436266560000 75.43
1436266620000 75.4733
1436266680000 75.42
1436266740000 75.401
1436266800000 75.36
1436266860000 75.33
1436266920000 75.33
1436266980000 75.32
1436267040000 75.31
1436267100000 75.28
1436267160000 75.2475
1436267220000 75.24
1436267280000 75.23
1436267340000 75.26
1436267400000 75.32
1436267460000 75.29
1436267520000 75.37
1436267580000 75.38
1436267640000 75.34
1436267700000 75.34
1436267760000 75.38
1436267820000 75.38
1436267940000 75.38
1436268000000 75.35
1436268060000 75.28
1436268120000 75.28
1436268180000 75.37
1436268240000 75.4175
1436268300000 75.37
1436268360000 75.36
1436268420000 75.4
1436268480000 75.44
1436268540000 75.45
1436268600000 75.38
1436268660000 75.34
1436268720000 75.4
1436268780000 75.375
1436268840000 75.31
1436268900000 75.211
1436268960000 75.15
1436269020000 75.257
1436269080000 75.28
1436269140000 75.3599
1436269200000 75.355
1436269260000 75.42
1436269320000 75.44
1436269380000 75.44
1436269440000 75.45
1436269500000 75.45
1436269560000 75.42
1436269620000 75.44
1436269680000 75.3962
1436269740000 75.41
1436269800000 75.38
1436269860000 75.38
1436269920000 75.33
1436269980000 75.34
1436270040000 75.31
1436270100000 75.32
1436270160000 75.47
1436270220000 75.61
1436270280000 75.5541
1436270340000 75.56
1436270400000 75.56
1436270460000 75.5029
1436270520000 75.47
1436270580000 75.454
1436270640000 75.48
1436270700000 75.5081
1436270760000 75.54
1436270820000 75.5
1436270880000 75.46
1436270940000 75.4563
1436271000000 75.44
1436271060000 75.37
1436271120000 75.35
1436271180000 75.3763
1436271240000 75.3763
1436271300000 75.4
1436271360000 75.4
1436271480000 75.31
1436271540000 75.3
1436271600000 75.26
1436271660000 75.26
1436271720000 75.23
1436271780000 75.24
1436271840000 75.2
1436271900000 75.2881
1436271960000 75.32
1436272020000 75.32
1436272080000 75.357
1436272140000 75.33
1436272200000 75.3
1436272260000 75.32
1436272320000 75.31
1436272380000 75.3156
1436272440000 75.32
1436272500000 75.33
1436272560000 75.33
1436272620000 75.36
1436272680000 75.34
1436272740000 75.34
1436272800000 75.38
1436272860000 75.45
1436272920000 75.434
1436272980000 75.5
1436273100000 75.48
1436273160000 75.58
1436273220000 75.63
1436273280000 75.56
1436273340000 75.63
1436273400000 75.63
1436273460000 75.6
1436273520000 75.6
1436273580000 75.57
1436273640000 75.594
1436273700000 75.64
1436273760000 75.67
1436273820000 75.7075
1436273880000 75.705
1436273940000 75.7
1436274000000 75.66
1436274060000 75.7275
1436274120000 75.68
1436274180000 75.6
1436274240000 75.68
1436274300000 75.7
1436274360000 75.66
1436274420000 75.607
1436274480000 75.6175
1436274600000 75.73
1436274660000 75.72
1436274720000 75.76
1436274780000 75.86
1436274840000 75.87
1436274900000 75.93
1436274960000 75.81
1436275020000 75.77
1436275080000 75.73
1436275140000 75.72
1436275200000 75.77
1436275260000 75.71
1436275320000 75.71
1436275380000 75.76
1436275440000 75.77
1436275560000 75.73
1436275620000 75.74
1436275680000 75.737
1436275740000 75.7605
1436275800000 75.78
1436275860000 75.81
1436275920000 75.78
1436275980000 75.76
1436276040000 75.77
1436276100000 75.8
1436276160000 75.81
1436276220000 75.82
1436276280000 75.814
1436276340000 75.85
1436276400000 75.87
1436276460000 75.78
1436276520000 75.76
1436276580000 75.76
1436276640000 75.747
1436276700000 75.8505
1436276760000 75.78
1436276820000 75.77
1436276880000 75.75
1436276940000 75.7501
1436277000000 75.8
1436277060000 75.77
1436277120000 75.78
1436277180000 75.79
1436277240000 75.76
1436277300000 75.77
1436277360000 75.72
1436277420000 75.73
1436277480000 75.69
1436277540000 75.71
1436277600000 75.69
1436277660000 75.65
1436277720000 75.62
1436277780000 75.59
1436277840000 75.595
1436277900000 75.595
1436277960000 75.5699
1436278020000 75.5805
1436278080000 75.58
1436278140000 75.64
1436278200000 75.7
1436278260000 75.715
1436278320000 75.67
1436278380000 75.6703
1436278440000 75.66
1436278500000 75.6305
1436278560000 75.62
1436278620000 75.66
1436278680000 75.68
1436278740000 75.65
1436278800000 75.65
1436278860000 75.71
1436278920000 75.69
1436278980000 75.71
1436279040000 75.72
1436279100000 75.76
1436279160000 75.8
1436279220000 75.74
1436279280000 75.73
1436279340000 75.74
1436279400000 75.7305
1436279460000 75.72
1436279520000 75.73
1436279580000 75.756
1436279640000 75.73
1436279700000 75.7
1436279760000 75.734
1436279820000 75.68
1436279880000 75.71
1436279940000 75.8205
1436280000000 75.76
1436280060000 75.748
1436280120000 75.89
1436280180000 75.87
1436280240000 75.891
1436280300000 75.94
1436280360000 75.95
1436280420000 75.96
1436280480000 75.98
1436280540000 75.9
1436280600000 75.87
1436280660000 75.87
1436280720000 75.89
1436280780000 75.96
1436280840000 76.0
1436280900000 75.99
1436280960000 75.95
1436281020000 75.99
1436281080000 76.04
1436281140000 76.21
1436281200000 76.17
1436281260000 76.13
1436281320000 76.1732
1436281380000 76.15
1436281440000 76.14
1436281500000 76.157
1436281560000 76.1399
