1436261400000 42.06
1436261460000 42.05
1436261520000 41.84
1436261640000 41.92
1436261700000 41.93
1436262000000 42.05
1436262120000 41.97
1436262240000 42.04
1436262300000 42.0
1436262360000 41.85
1436262420000 41.83
1436262720000 41.8
1436262780000 41.805
1436262840000 41.71
1436262900000 41.63
1436262960000 41.76
1436263020000 41.67
1436263080000 41.6
1436263260000 41.71
1436263380000 41.65
1436263440000 41.65
1436263500000 41.637
1436263560000 41.63
1436263620000 41.55
1436263680000 41.54
1436263740000 41.6
1436263800000 41.63
1436263860000 41.74
1436263920000 41.75
1436263980000 41.8
1436264040000 41.83
1436264100000 41.67
1436264280000 41.71
1436264340000 41.81
1436264460000 41.77
1436264520000 41.81
1436264580000 41.8
1436264700000 41.73
1436264760000 41.68
1436264820000 41.7199
1436264880000 41.68
1436265000000 41.62
1436265060000 41.63
1436265120000 41.56
1436265180000 41.59
1436265300000 41.61
1436265480000 41.5
1436265540000 41.49
1436265600000 41.3857
1436265720000 41.43
1436265780000 41.41
1436265840000 41.51
1436265900000 41.528
1436265960000 41.6
1436266080000 41.69
1436266140000 41.68
1436266200000 41.68
1436266260000 41.65
1436266320000 41.68
1436266380000 41.7
1436266440000 41.73
1436266500000 41.8
1436266620000 41.81
1436266680000 41.715
1436266740000 41.75
1436266800000 41.73
1436266860000 41.675
1436266920000 41.66
1436267040000 41.65
1436267100000 41.606
1436267160000 41.55
1436267220000 41.59
1436267280000 41.65
1436267340000 41.61
1436267400000 41.63
1436267460000 41.65
1436267520000 41.68
1436267580000 41.7
1436267640000 41.73
1436267700000 41.71
1436267760000 41.73
1436267880000 41.74
1436267940000 41.75
1436268000000 41.78
1436268060000 41.75
1436268120000 41.69
1436268180000 41.71
1436268240000 41.79
1436268300000 41.7325
1436268360000 41.71
1436268420000 41.78
1436268540000 41.76
1436268600000 41.7
1436268660000 41.72
1436268720000 41.73
1436268780000 41.72
1436268840000 41.69
1436268900000 41.72
1436268960000 41.74
1436269020000 41.77
1436269080000 41.815
1436269140000 41.84
1436269200000 41.82
1436269260000 41.85
1436269320000 41.8301
1436269380000 41.9076
1436269440000 41.95
1436269500000 41.9
1436269560000 41.86
1436269620000 41.84
1436269680000 41.84
1436269740000 41.77
1436269800000 41.745
1436269860000 41.87
1436269920000 41.86
1436269980000 41.88
1436270040000 41.8999
1436270100000 41.88
1436270160000 41.88
1436270220000 42.0
1436270280000 42.03
1436270340000 41.94
1436270400000 41.94
1436270460000 41.85
1436270520000 41.835
1436270580000 41.9
1436270640000 41.92
1436270700000 41.94
1436270760000 41.92
1436270820000 41.885
1436270880000 41.905
1436270940000 41.93
1436271000000 41.89
1436271060000 41.775
1436271120000 41.775
1436271180000 41.82
1436271240000 41.82
1436271300000 41.81
1436271360000 41.8101
1436271420000 41.75
1436271480000 41.78
1436271600000 41.76
1436271660000 41.805
1436271720000 41.85
1436271840000 41.85
1436271900000 41.85
1436271960000 41.86
1436272020000 41.9
1436272140000 41.89
1436272200000 41.9
1436272260000 41.97
1436272320000 41.945
1436272380000 41.96
1436272440000 41.96
1436272500000 41.885
1436272560000 41.81
1436272620000 41.87
1436272680000 41.87
1436272740000 41.85
1436272860000 41.83
1436273040000 41.82
1436273100000 41.83
1436273160000 41.82
1436273220000 41.76
1436273280000 41.81
1436273340000 41.8
1436273520000 41.798
1436273580000 41.74
1436273640000 41.8
1436273700000 41.83
1436273760000 41.8
1436273880000 41.86
1436273940000 41.89
1436274060000 41.87
1436274120000 41.85
1436274180000 41.88
1436274240000 41.88
1436274300000 41.88
1436274360000 41.79
1436274480000 41.77
1436274600000 41.81
1436274660000 41.82
1436274720000 41.88
1436274780000 41.93
1436274840000 41.75
1436274900000 41.83
1436274960000 41.79
1436275080000 41.76
1436275200000 41.81
1436275320000 41.77
1436275380000 41.79
1436275440000 41.81
1436275560000 41.83
1436275620000 41.81
1436275680000 41.87
1436275740000 41.86
1436275800000 41.88
1436275860000 41.835
1436275920000 41.81
1436275980000 41.78
1436276040000 41.765
1436276280000 41.82
1436276340000 41.79
1436276400000 41.76
1436276520000 41.76
1436276580000 41.82
1436276640000 41.84
1436276700000 41.885
1436276820000 41.93
1436276880000 41.85
1436276940000 41.83
1436277000000 41.85
1436277060000 41.88
1436277180000 41.89
1436277360000 41.85
1436277420000 41.85
1436277540000 41.86
1436277600000 41.87
1436277660000 41.88
1436277720000 41.87
1436277780000 41.85
1436277960000 41.8399
1436278140000 41.8
1436278200000 41.81
1436278260000 41.85
1436278320000 41.86
1436278380000 41.89
1436278440000 41.86
1436278560000 41.72
1436278620000 41.8
1436278680000 41.81
1436278740000 41.75
1436278800000 41.81
1436278860000 41.8
1436278920000 41.74
1436278980000 41.77
1436279040000 41.78
1436279100000 41.8
1436279160000 41.805
1436279220000 41.79
1436279280000 41.8
1436279340000 41.82
1436279400000 41.82
1436279520000 41.82
1436279580000 41.82
1436279640000 41.83
1436279820000 41.79
1436279880000 41.79
1436280000000 41.85
1436280060000 41.86
1436280180000 41.87
1436280240000 41.88
1436280300000 41.9
1436280360000 41.905
1436280420000 41.9
1436280480000 41.93
1436280540000 41.9
1436280600000 41.9
1436280660000 41.9
1436280720000 41.95
1436280780000 41.96
1436280900000 41.96
1436280960000 41.92
1436281020000 41.95
1436281080000 41.97
1436281140000 41.98
1436281200000 41.97
1436281260000 42.0
1436281320000 41.98
1436281380000 41.98
1436281440000 42.0
1436281500000 42.03
1436281560000 42.025
1436281620000 41.975
