1436261400000 5.38
1436261640000 5.35
1436261700000 5.35
1436261820000 5.34
1436261880000 5.28
1436262000000 5.28
1436262060000 5.29
1436262660000 5.289
1436262720000 5.29
1436262840000 5.28
1436263140000 5.29
1436263200000 5.27
1436264700000 5.28
1436264820000 5.2714
1436264880000 5.27
1436265240000 5.24
1436265300000 5.26
1436265360000 5.24
1436265420000 5.23
1436265540000 5.23
1436265780000 5.2301
1436265840000 5.2028
1436265960000 5.22
1436266320000 5.22
1436266380000 5.24
1436266500000 5.31
1436266560000 5.299
1436266680000 5.27
1436266740000 5.26
1436266800000 5.27
1436266860000 5.3
1436266920000 5.3
1436267040000 5.31
1436267100000 5.32
1436267160000 5.32
1436267220000 5.34
1436267280000 5.33
1436267400000 5.33
1436267460000 5.33
1436267520000 5.33
1436267580000 5.34
1436267640000 5.34
1436267700000 5.35
1436267760000 5.35
1436267820000 5.38
1436267880000 5.35
1436267940000 5.36
1436268060000 5.32
1436268120000 5.32
1436268240000 5.28
1436268300000 5.26
1436268420000 5.25
1436268480000 5.26
1436268540000 5.26
1436268720000 5.26
1436268780000 5.2874
1436268840000 5.26
1436268900000 5.26
1436269020000 5.25
1436269140000 5.23
1436269260000 5.23
1436269320000 5.23
1436269440000 5.23
1436269620000 5.23
1436269740000 5.23
1436269920000 5.2367
1436270040000 5.22
1436270220000 5.24
1436270280000 5.25
1436270400000 5.24
1436270460000 5.255
1436270520000 5.27
1436271000000 5.27
1436271240000 5.2699
1436271300000 5.27
1436271360000 5.27
1436271480000 5.265
1436271540000 5.27
1436271600000 5.26
1436271660000 5.23
1436271960000 5.24
1436272020000 5.25
1436272140000 5.24
1436272260000 5.25
1436272320000 5.24
1436272440000 5.22
1436272500000 5.23
1436272620000 5.23
1436272800000 5.23
1436273040000 5.24
1436273220000 5.24
1436273520000 5.26
1436273580000 5.28
1436273760000 5.27
1436273820000 5.24
1436273880000 5.24
1436273940000 5.28
1436274240000 5.28
1436274300000 5.28
1436274360000 5.29
1436274420000 5.3
1436275200000 5.28
1436275620000 5.28
1436275740000 5.28
1436276160000 5.27
1436276220000 5.3099
1436276640000 5.31
1436276940000 5.33
1436277000000 5.33
1436277120000 5.32
1436277780000 5.3
1436277840000 5.3
1436278020000 5.305
1436278140000 5.305
1436278200000 5.3
1436278260000 5.29
1436278380000 5.28
1436278440000 5.27
1436278800000 5.22
1436279160000 5.25
1436279220000 5.25
1436279400000 5.23
1436280000000 5.2321
1436280180000 5.23
1436280420000 5.26
1436280480000 5.27
1436280600000 5.25
1436280780000 5.27
1436280900000 5.25
1436280960000 5.24
1436281020000 5.24
1436281200000 5.25
1436281260000 5.28
1436281320000 5.29
1436281440000 5.29
1436281500000 5.3074
