1436261640000 24.69
1436261700000 24.79
1436261760000 24.91
1436261880000 24.85
1436261940000 24.81
1436262300000 24.77
1436262360000 24.8
1436262480000 25.04
1436262540000 24.85
1436262600000 24.83
1436262660000 24.98
1436262720000 24.91
1436262780000 24.83
1436262840000 24.9
1436262900000 24.79
1436263020000 24.76
1436263080000 24.54
1436263200000 24.69
1436263260000 24.7
1436263320000 24.77
1436263440000 24.79
1436263620000 24.73
1436263680000 24.69
1436264100000 24.82
1436268000000 24.5
1436268480000 24.41
1436268540000 24.5
1436268960000 24.62
1436276760000 24.67
1436276820000 24.63
1436276880000 24.63
1436277000000 24.62
1436277120000 24.62
1436277180000 24.62
1436277240000 24.61
1436277300000 24.61
1436278500000 24.395
1436280240000 24.69
1436281020000 24.68
