1404705600000 16.68
1404792000000 16.68
1404878400000 16.24
1404964800000 16.649
1405051200000 16.31
1405310400000 16.65
1405396800000 16.63
1405483200000 16.6999
1405569600000 16.53
1405656000000 16.45
1405915200000 16.48
1406088000000 16.69
1406174400000 16.75
1406260800000 16.99
1406520000000 17.0
1406606400000 17.0
1406692800000 17.11
1406865600000 16.46
1407124800000 16.85
1407211200000 16.46
1407297600000 17.88
1407384000000 17.0
1407470400000 17.11
1407729600000 17.0
1407816000000 17.05
1407902400000 17.0
1407988800000 17.0
1408075200000 17.0
1408334400000 17.0
1408420800000 16.63
1408507200000 16.56
1408593600000 16.95
1408680000000 16.89
1408939200000 16.7
1409025600000 16.75
1409112000000 16.81
1409284800000 17.02
1409630400000 17.08
1409803200000 17.12
1410148800000 16.85
1410235200000 16.85
1410321600000 16.75
1410408000000 16.75
1410494400000 16.95
1410753600000 17.25
1410840000000 17.2
1410926400000 17.0
1411012800000 17.04
1411099200000 17.0
1411531200000 17.0
1411617600000 17.22
1411704000000 16.5301
1411963200000 17.0
1412049600000 17.19
1412136000000 16.77
1412222400000 16.82
1412308800000 16.95
1412654400000 16.77
1413172800000 17.0
1413259200000 17.0
1413345600000 17.095
1413432000000 17.01
1413518400000 16.99
1413777600000 17.19
1413864000000 17.19
1413950400000 17.25
1414036800000 17.02
1414382400000 17.2499
1414468800000 17.25
1414555200000 17.0001
1414641600000 17.2
1414728000000 17.1
1414990800000 16.8995
1415077200000 19.5
1415163600000 19.7
1415250000000 19.76
1415336400000 19.91
1415595600000 19.78
1415682000000 19.82
1415768400000 20.2
1415854800000 19.95
1415941200000 19.7801
1416200400000 20.06
1416286800000 20.33
1416373200000 19.89
1416459600000 20.11
1416546000000 19.81
1416805200000 20.23
1416891600000 20.27
1416978000000 20.22
1417150800000 20.08
1417410000000 19.82
1417496400000 20.03
1417582800000 20.09
1417669200000 20.17
1417755600000 20.32
1418014800000 20.53
1418101200000 20.92
1418187600000 20.41
1418274000000 20.23
1418360400000 20.01
1418619600000 19.825
1418792400000 20.58
1418878800000 20.93
1418965200000 21.0
1419224400000 20.71
1419310800000 20.85
1419397200000 20.95
1419570000000 20.99
1419829200000 21.18
1419915600000 21.07
1420002000000 21.21
1420174800000 21.0
1420434000000 20.57
1420520400000 20.07
1420606800000 20.19
1420693200000 20.44
1420779600000 20.16
1421038800000 20.09
1421125200000 20.34
1421211600000 19.66
1421298000000 19.42
1421384400000 19.63
1421730000000 19.47
1421816400000 19.49
1421902800000 20.0
1421989200000 19.31
1422248400000 19.8
1422334800000 19.67
1422421200000 19.77
1422507600000 20.14
1422594000000 20.09
1422853200000 20.23
1422939600000 20.48
1423026000000 20.58
1423112400000 20.68
1423198800000 20.81
1423458000000 20.63
1423544400000 20.43
1423630800000 20.83
1423717200000 21.145
1423803600000 21.4
1424149200000 21.2
1424235600000 21.0
1424408400000 20.9001
1424667600000 21.0
1424754000000 21.011
1424840400000 21.32
1424926800000 21.4
1425013200000 21.35
1425272400000 21.46
1425358800000 21.459
1425445200000 21.27
1425618000000 21.09
1425873600000 21.5
1425960000000 21.14
1426046400000 21.25
1426132800000 21.6
1426219200000 21.9397
1426478400000 21.49
1426564800000 21.97
1426651200000 21.55
1426737600000 21.46
1426824000000 21.9
1427083200000 22.37
1427169600000 22.445
1427256000000 22.17
1427342400000 22.2
1427428800000 22.28
1427688000000 22.34
1427774400000 22.45
1427860800000 22.51
1427947200000 22.7
1428292800000 22.31
1428379200000 22.55
1428465600000 22.41
1428552000000 22.1195
1428638400000 22.29
1428897600000 22.35
1428984000000 22.26
1429070400000 25.06
1429156800000 22.62
1429243200000 22.21
