1436261400000 13.42
1436261700000 13.37
1436261880000 13.29
1436261940000 13.26
1436262000000 13.22
1436262120000 13.32
1436262240000 13.32
1436262780000 13.3
1436263020000 13.27
1436263260000 13.2
1436263320000 13.2
1436263500000 13.2346
1436263680000 13.18
1436263980000 13.1798
1436264040000 13.18
1436264160000 13.142
1436264220000 13.13
1436264340000 13.16
1436264640000 13.15
1436264820000 13.145
1436264880000 13.15
1436264940000 13.13
1436265000000 13.13
1436265060000 13.13
1436265120000 13.13
1436265180000 13.12
1436265300000 13.1
1436265480000 13.102
1436265540000 13.06
1436265600000 13.07
1436265720000 13.01
1436265780000 13.0
1436265840000 12.9811
1436265960000 12.9995
1436266020000 13.06
1436266080000 13.08
1436266200000 13.1025
1436266260000 13.06
1436266440000 13.07
1436266620000 13.12
1436266680000 13.0971
1436266800000 13.08
1436267160000 12.99
1436267340000 12.99
1436267400000 13.01
1436267760000 13.01
1436267880000 12.995
1436267940000 12.9871
1436268060000 12.95
1436268120000 12.95
1436268180000 12.94
1436268240000 12.98
1436268600000 12.98
1436268840000 12.94
1436269020000 12.93
1436269080000 12.9249
1436269140000 12.93
1436269440000 12.98
1436269500000 12.957
1436269800000 13.02
1436269980000 12.98
1436270160000 13.02
1436270220000 13.07
1436270280000 13.1
1436270520000 13.03
1436270580000 13.04
1436270640000 13.04
1436271000000 13.01
1436271060000 12.97
1436271120000 12.96
1436271240000 12.93
1436271300000 12.93
1436271360000 12.92
1436271480000 12.9
1436271600000 12.915
1436271720000 12.9195
1436271840000 12.9147
1436271900000 12.9
1436271960000 12.9
1436272020000 12.9
1436272080000 12.9001
1436272140000 12.9
1436272200000 12.885
1436272260000 12.9
1436272500000 12.94
1436272740000 12.96
1436272980000 12.98
1436273100000 13.02
1436273160000 13.04
1436273220000 13.08
1436273640000 13.08
1436273700000 13.13
1436273760000 13.1395
1436273820000 13.1341
1436273880000 13.14
1436274120000 13.12
1436274180000 13.14
1436274240000 13.12
1436274300000 13.07
1436274360000 13.028
1436274420000 13.0
1436274480000 12.95
1436274540000 13.0
1436274720000 13.05
1436274780000 13.067
1436274900000 13.06
1436275140000 13.0101
1436275200000 13.01
1436275260000 13.01
1436275320000 12.99
1436275380000 12.96
1436275440000 13.0101
1436275680000 13.025
1436275740000 13.04
1436275800000 13.1
1436275980000 13.11
1436276100000 13.08
1436276460000 13.1
1436276640000 13.12
1436276700000 13.13
1436277000000 13.085
1436277060000 13.07
1436277180000 13.0781
1436277240000 13.08
1436277420000 13.09
1436277780000 13.11
1436277900000 13.07
1436277960000 13.08
1436278020000 13.06
1436278080000 13.06
1436278200000 13.04
1436278620000 13.035
1436278740000 13.01
1436278920000 13.0
1436278980000 13.0
1436279040000 12.98
1436279100000 12.97
1436279160000 12.97
1436279280000 12.955
1436279340000 12.95
1436279520000 12.92
1436279760000 12.9631
1436279880000 12.98
1436279940000 13.07
1436280060000 13.07
1436280180000 13.11
1436280300000 13.1175
1436280420000 13.17
1436280540000 13.19
1436280600000 13.15
1436280720000 13.1399
1436280840000 13.11
1436281080000 13.14
1436281200000 13.17
1436281380000 13.189
1436281440000 13.19
1436281560000 13.19
