1436261400000 32.76
1436261580000 32.78
1436261820000 32.66
1436261880000 32.62
1436262000000 32.69
1436262300000 32.63
1436262360000 32.63
1436262540000 32.65
1436262600000 32.655
1436262720000 32.65
1436262840000 32.63
1436263020000 32.64
1436263080000 32.66
1436263200000 32.6
1436263320000 32.6
1436263440000 32.6
1436263500000 32.57
1436263740000 32.55
1436263800000 32.58
1436263860000 32.6
1436263980000 32.6
1436264040000 32.61
1436264100000 32.58
1436264160000 32.52
1436264280000 32.62
1436264340000 32.59
1436264520000 32.58
1436264640000 32.6
1436264700000 32.59
1436264820000 32.52
1436264880000 32.48
1436264940000 32.5
1436265000000 32.5016
1436265060000 32.5
1436265180000 32.4828
1436265240000 32.48
1436265360000 32.47
1436265420000 32.44
1436265480000 32.45
1436265540000 32.4
1436265660000 32.37
1436265720000 32.34
1436265960000 32.32
1436266020000 32.4
1436266080000 32.36
1436266260000 32.39
1436266320000 32.4
1436266380000 32.39
1436266440000 32.39
1436266560000 32.4
1436266680000 32.41
1436266740000 32.35
1436266800000 32.34
1436266920000 32.31
1436267100000 32.38
1436267160000 32.315
1436267280000 32.35
1436267340000 32.35
1436267520000 32.37
1436267700000 32.345
1436267760000 32.345
1436267820000 32.401
1436267880000 32.41
1436267940000 32.4
1436268000000 32.37
1436268060000 32.27
1436268120000 32.29
1436268180000 32.3
1436268240000 32.27
1436268360000 32.24
1436268420000 32.25
1436268480000 32.25
1436268540000 32.23
1436268600000 32.2
1436268660000 32.2
1436268720000 32.2
1436268780000 32.18
1436268840000 32.19
1436268900000 32.19
1436269020000 32.17
1436269080000 32.17
1436269140000 32.19
1436269200000 32.196
1436269260000 32.22
1436269320000 32.18
1436269380000 32.21
1436269500000 32.27
1436269560000 32.271
1436269680000 32.26
1436269740000 32.2599
1436269800000 32.2475
1436269860000 32.25
1436269920000 32.24
1436270100000 32.28
1436270160000 32.33
1436270220000 32.39
1436270280000 32.39
1436270340000 32.36
1436270400000 32.32
1436270460000 32.29
1436270520000 32.3085
1436270580000 32.28
1436270640000 32.36
1436270760000 32.34
1436271000000 32.35
1436271120000 32.32
1436271180000 32.31
1436271300000 32.31
1436271360000 32.34
1436271420000 32.335
1436271600000 32.35
1436271660000 32.3424
1436271720000 32.35
1436271780000 32.33
1436271840000 32.39
1436271900000 32.425
1436272140000 32.475
1436272200000 32.49
1436272260000 32.49
1436272380000 32.52
1436272440000 32.51
1436272500000 32.49
1436272620000 32.46
1436272680000 32.45
1436272740000 32.45
1436272800000 32.47
1436272860000 32.48
1436272980000 32.475
1436273100000 32.48
1436273220000 32.5099
1436273280000 32.55
1436273400000 32.545
1436273520000 32.49
1436273640000 32.5
1436273880000 32.52
1436274000000 32.53
1436274060000 32.51
1436274120000 32.49
1436274180000 32.47
1436274240000 32.48
1436274300000 32.48
1436274360000 32.46
1436274420000 32.46
1436274480000 32.52
1436274660000 32.49
1436274720000 32.54
1436274780000 32.525
1436274840000 32.5
1436274900000 32.5
1436274960000 32.46
1436275020000 32.4
1436275080000 32.425
1436275140000 32.4
1436275200000 32.43
1436275500000 32.47
1436275560000 32.52
1436275620000 32.45
1436275680000 32.46
1436275740000 32.46
1436275800000 32.48
1436275860000 32.47
1436275920000 32.445
1436275980000 32.47
1436276040000 32.5
1436276100000 32.5
1436276220000 32.47
1436276460000 32.46
1436276520000 32.445
1436276640000 32.49
1436276700000 32.5001
1436276760000 32.4101
1436276820000 32.43
1436276940000 32.47
1436277060000 32.52
1436277120000 32.5
1436277240000 32.48
1436277480000 32.46
1436277540000 32.45
1436277600000 32.45
1436277780000 32.455
1436278080000 32.44
1436278260000 32.47
1436278380000 32.46
1436278440000 32.44
1436278500000 32.4049
1436278560000 32.42
1436278620000 32.43
1436278740000 32.4
1436278800000 32.37
1436278860000 32.38
1436278920000 32.36
1436279040000 32.35
1436279160000 32.35
1436279220000 32.37
1436279280000 32.37
1436279520000 32.396
1436279580000 32.43
1436279640000 32.3905
1436280000000 32.44
1436280060000 32.47
1436280180000 32.4915
1436280240000 32.52
1436280360000 32.56
1436280420000 32.53
1436280660000 32.49
1436280720000 32.52
1436280960000 32.52
1436281080000 32.56
1436281140000 32.55
1436281200000 32.57
1436281320000 32.57
1436281440000 32.57
1436281500000 32.56
1436281560000 32.55
