1404705600000 10.86
1404792000000 10.815
1404878400000 10.86
1404964800000 10.85
1405051200000 10.81
1405310400000 10.81
1405396800000 10.73
1405483200000 10.82
1405569600000 10.79
1405656000000 10.88
1405915200000 10.84
1406001600000 10.82
1406088000000 10.82
1406174400000 10.88
1406260800000 10.815
1406520000000 10.88
1406606400000 10.83
1406692800000 10.77
1406779200000 10.67
1406865600000 10.72
1407124800000 10.78
1407211200000 10.64
1407297600000 10.541
1407384000000 10.53
1407470400000 10.63
1407729600000 10.67
1407816000000 10.63
1407902400000 10.85
1407988800000 10.87
1408075200000 10.85
1408334400000 10.92
1408420800000 10.92
1408507200000 10.94
1408593600000 10.96
1408680000000 10.9
1408939200000 10.9
1409025600000 10.88
1409112000000 10.91
1409198400000 10.96
1409284800000 10.97
1409630400000 10.91
1409716800000 10.97
1409803200000 10.95
1409889600000 10.98
1410148800000 10.91
1410235200000 10.84
1410321600000 10.83
1410408000000 10.865
1410494400000 10.4
1410753600000 10.43
1410840000000 10.52
1410926400000 10.52
1411012800000 10.35
1411099200000 10.43
1411358400000 10.36
1411444800000 10.3
1411531200000 10.37
1411617600000 10.42
1411704000000 10.53
1411963200000 10.5
1412049600000 10.48
1412136000000 10.56
1412222400000 10.57
1412308800000 10.61
1412568000000 10.55
1412654400000 10.59
1412740800000 10.73
1412827200000 10.81
1412913600000 10.88
1413172800000 10.97
1413259200000 10.98
1413345600000 10.96
1413432000000 11.02
1413518400000 11.03
1413777600000 11.165
1413864000000 11.22
1413950400000 11.19
1414036800000 11.25
1414123200000 11.18
1414382400000 11.25
1414468800000 11.27
1414555200000 11.04
1414641600000 11.18
1414728000000 11.3
1414990800000 11.12
1415077200000 11.15
1415163600000 11.13
1415250000000 11.06
1415336400000 11.09
1415595600000 11.13
1415682000000 11.17
1415768400000 11.06
1415854800000 11.16
1415941200000 11.02
1416200400000 11.05
1416286800000 11.195
1416373200000 11.08
1416459600000 11.05
1416546000000 10.95
1416805200000 11.12
1416891600000 11.43
1416978000000 11.305
1417150800000 11.33
1417410000000 11.48
1417496400000 11.9
1417582800000 11.85
1417669200000 11.93
1417755600000 11.685
1418014800000 11.77
1418101200000 11.9
1418187600000 11.97
1418274000000 12.08
1418360400000 12.17
1418619600000 11.66
1418706000000 11.92
1418792400000 12.03
1418878800000 11.85
1418965200000 11.95
1419224400000 12.13
1419310800000 12.04
1419397200000 11.9
1419570000000 11.98
1419829200000 12.07
1419915600000 12.03
1420002000000 11.9
1420174800000 12.05
1420434000000 12.18
1420520400000 12.56
1420606800000 12.805
1420693200000 12.78
1420779600000 12.82
1421038800000 12.95
1421125200000 12.99
1421211600000 13.06
1421298000000 13.02
1421384400000 13.115
