1436263440000 9.73
1436263500000 9.65
1436263980000 9.6
1436264160000 9.6
1436264220000 9.6
1436264340000 9.6
1436264460000 9.5101
1436264580000 9.56
1436264700000 9.6
1436265360000 9.6
1436265660000 9.584
1436265720000 9.48
1436266500000 9.52
1436267280000 9.45
1436268000000 9.46
1436268180000 9.39
1436268840000 9.39
1436268960000 9.38
1436269260000 9.42
1436269500000 9.49
1436269560000 9.49
1436269620000 9.54
1436269800000 9.522
1436269860000 9.39
1436269920000 9.55
1436272080000 9.51
1436272500000 9.62
1436272560000 9.54
1436273820000 9.65
1436275020000 9.55
1436275560000 9.55
1436275620000 9.53
1436275680000 9.53
1436275800000 9.51
1436276040000 9.53
1436277480000 9.53
1436278740000 9.6
1436279220000 9.65
1436279280000 9.65
1436280780000 9.6
1436280840000 9.59
1436281260000 9.585
1436281440000 9.603
