1436261400000 3.28
1436261460000 3.3
1436261580000 3.28
1436261700000 3.28
1436261760000 3.29
1436261820000 3.29
1436261880000 3.29
1436261940000 3.29
1436262000000 3.3
1436262360000 3.3
1436263020000 3.29
1436263620000 3.27
1436263680000 3.285
1436263740000 3.29
1436264640000 3.28
1436264820000 3.2701
1436264880000 3.29
1436264940000 3.29
1436265060000 3.28
1436265120000 3.28
1436265180000 3.28
1436265240000 3.28
1436265300000 3.3
1436265420000 3.3
1436265480000 3.3
1436265600000 3.295
1436265660000 3.3
1436265960000 3.3
1436266020000 3.3
1436266080000 3.3
1436266140000 3.3
1436266200000 3.3
1436266440000 3.3
1436267160000 3.295
1436267220000 3.3
1436267280000 3.3
1436267340000 3.3
1436267580000 3.291
1436267820000 3.29
1436267880000 3.29
1436268060000 3.28
1436268540000 3.252
1436268720000 3.2512
1436268780000 3.252
1436269140000 3.252
1436269200000 3.25
1436269380000 3.27
1436269680000 3.27
1436269740000 3.25
1436269980000 3.244
1436270460000 3.241
1436270520000 3.25
1436271120000 3.27
1436271660000 3.27
1436271900000 3.27
1436272140000 3.26
1436272260000 3.26
1436272320000 3.28
1436272380000 3.262
1436272500000 3.262
1436272560000 3.28
1436272740000 3.26
1436272860000 3.252
1436272980000 3.252
1436273100000 3.25
1436273220000 3.25
1436273280000 3.24
1436273400000 3.243
1436273760000 3.243
1436274120000 3.24
1436274240000 3.24
1436274360000 3.24
1436274480000 3.243
1436274600000 3.24
1436274720000 3.24
1436274840000 3.243
1436274960000 3.24
1436275080000 3.24
1436275200000 3.24
1436275320000 3.243
1436275440000 3.24
1436275560000 3.24
1436275620000 3.24
1436275680000 3.2664
1436275740000 3.24
1436275980000 3.25
1436276040000 3.25
1436276220000 3.23
1436276460000 3.23
1436276760000 3.23
1436277000000 3.23
1436277360000 3.23
1436277720000 3.23
1436278200000 3.23
1436278380000 3.2297
1436278560000 3.235
1436278680000 3.235
1436278800000 3.235
1436278920000 3.235
1436279040000 3.235
1436279220000 3.235
1436279460000 3.25
1436279520000 3.24
1436279580000 3.25
1436279700000 3.24
1436279760000 3.23
1436279820000 3.23
1436279880000 3.26
1436279940000 3.24
1436280000000 3.2699
1436280060000 3.25
1436280360000 3.2399
1436280420000 3.21
1436280720000 3.22
1436280840000 3.22
1436280900000 3.21
1436281080000 3.2
1436281200000 3.2
1436281260000 3.2
1436281320000 3.2
1436281380000 3.2
1436281440000 3.18
1436281500000 3.19
1436281560000 3.2
