1436261400000 2.14
1436261460000 2.1
1436261520000 2.1
1436261580000 2.07
1436261640000 2.06
1436261700000 2.06
1436261760000 2.03
1436261820000 2.04
1436261880000 2.05
1436261940000 2.05
1436262000000 2.02
1436262060000 2.0344
1436262120000 2.05
1436262180000 2.0314
1436262240000 2.04
1436262300000 2.06
1436262360000 2.05
1436262420000 2.04
1436262480000 2.03
1436262540000 2.05
1436262600000 2.03
1436262660000 2.04
1436262720000 2.06
1436262780000 2.06
1436262840000 2.06
1436262900000 2.05
1436262960000 2.03
1436263020000 2.04
1436263080000 2.03
1436263140000 2.03
1436263200000 2.03
1436263260000 2.04
1436263320000 2.04
1436263380000 2.04
1436263440000 2.04
1436263500000 2.04
1436263560000 2.0307
1436263620000 2.04
1436263680000 2.03
1436263740000 2.03
1436263800000 2.03
1436263860000 2.0207
1436263920000 2.02
1436263980000 2.02
1436264040000 2.02
1436264100000 2.02
1436264160000 2.02
1436264220000 2.01
1436264280000 2.0107
1436264340000 2.02
1436264520000 2.03
1436264580000 2.025
1436264760000 2.0246
1436265000000 2.03
1436265360000 2.0499
1436265600000 2.0399
1436265660000 2.02
1436265780000 2.05
1436266140000 2.04
1436266560000 2.035
1436267040000 2.04
1436267100000 2.0201
1436267940000 2.02
1436268120000 2.0299
1436268900000 2.0301
1436270340000 2.06
1436270820000 2.06
1436271000000 2.031
1436271240000 2.06
1436271420000 2.06
1436272680000 2.049
1436274960000 2.08
1436275200000 2.044
1436275440000 2.03
1436275620000 2.06
1436276460000 2.06
1436276700000 2.057
1436277240000 2.09
1436277780000 2.08
1436277840000 2.0927
1436278140000 2.09
1436278200000 2.09
1436278740000 2.11
1436278860000 2.08
1436279160000 2.09
1436279340000 2.0826
1436279460000 2.062
1436279820000 2.0799
1436280420000 2.08
1436280840000 2.05
1436280900000 2.05
1436280960000 2.04
1436281020000 2.06
1436281320000 2.04
