1436261400000 97.82
1436261580000 98.694
1436261640000 98.57
1436261760000 98.1836
1436261820000 98.08
1436261880000 97.55
1436262000000 97.84
1436262060000 97.6
1436262120000 97.81
1436262180000 97.85
1436262240000 98.03
1436262480000 98.06
1436262540000 98.18
1436262600000 98.15
1436262660000 98.27
1436262720000 98.36
1436262780000 98.44
1436262840000 98.42
1436262900000 98.27
1436262960000 98.09
1436263020000 98.05
1436263200000 97.96
1436263260000 98.05
1436263320000 98.005
1436263380000 98.1
1436263440000 98.06
1436263560000 97.87
1436263680000 97.71
1436263860000 97.5775
1436263980000 97.57
1436264100000 97.52
1436264220000 97.01
1436264520000 97.26
1436264580000 97.08
1436264640000 97.1587
1436264700000 97.04
1436264760000 97.14
1436264820000 97.14
1436264940000 97.21
1436265000000 97.16
1436265060000 97.15
1436265120000 97.08
1436265180000 97.08
1436265240000 97.0001
1436265300000 96.83
1436265360000 96.75
1436265420000 96.66
1436265480000 96.61
1436265540000 96.53
1436265600000 96.57
1436265660000 96.52
1436265780000 96.56
1436265840000 96.38
1436265900000 96.41
1436265960000 96.47
1436266020000 96.48
1436266080000 96.475
1436266140000 96.52
1436266200000 96.55
1436266320000 96.48
1436266380000 96.55
1436266440000 96.57
1436266500000 96.71
1436266560000 96.43
1436266620000 96.33
1436266680000 96.33
1436266740000 96.38
1436266800000 96.375
1436266860000 96.26
1436266920000 96.1
1436266980000 96.05
1436267040000 96.0818
1436267100000 96.07
1436267160000 96.007
1436267220000 95.99
1436267280000 96.0
1436267340000 96.15
1436267400000 96.17
1436267460000 96.17
1436267520000 96.17
1436267580000 96.2492
1436267640000 96.2
1436267700000 96.275
1436267760000 96.32
1436267820000 96.23
1436267880000 96.34
1436267940000 96.32
1436268000000 96.23
1436268120000 96.21
1436268180000 96.08
1436268300000 96.07
1436268420000 96.08
1436268480000 96.091
1436268540000 96.09
1436268600000 96.06
1436268660000 96.04
1436268720000 95.99
1436268840000 95.96
1436268900000 95.84
1436268960000 95.9
1436269020000 95.9
1436269080000 96.04
1436269200000 96.1
1436269320000 96.19
1436269380000 96.21
1436269440000 96.155
1436269620000 96.13
1436269740000 96.15
1436269800000 96.2
1436269860000 96.24
1436269920000 96.15
1436269980000 96.1
1436270040000 96.11
1436270100000 96.1
1436270160000 96.21
1436270220000 96.7
1436270340000 96.725
1436270400000 96.65
1436270460000 96.6
1436270580000 96.6
1436270640000 96.71
1436270700000 96.695
1436270760000 96.74
1436270880000 96.6
1436270940000 96.7
1436271000000 96.68
1436271060000 96.68
1436271120000 96.67
1436271240000 96.62
1436271300000 96.67
1436271360000 96.71
1436271420000 96.72
1436271480000 96.67
1436271540000 96.7
1436271600000 96.71
1436271660000 96.76
1436271780000 96.63
1436271900000 96.74
1436271960000 96.72
1436272020000 96.69
1436272140000 96.83
1436272200000 96.8117
1436272260000 96.8
1436272320000 96.93
1436272380000 96.9571
1436272500000 96.92
1436272560000 96.97
1436272680000 97.07
1436272740000 97.13
1436272800000 97.13
1436272860000 97.12
1436272920000 97.06
1436272980000 97.1
1436273040000 97.12
1436273100000 97.04
1436273220000 97.17
1436273280000 97.27
1436273340000 97.32
1436273460000 97.2201
1436273520000 97.34
1436273580000 97.275
1436273640000 97.33
1436273760000 97.45
1436273820000 97.46
1436273880000 97.47
1436273940000 97.52
1436274000000 97.57
1436274060000 97.535
1436274120000 97.39
1436274180000 97.3
1436274240000 97.33
1436274300000 97.28
1436274360000 97.28
1436274420000 97.15
1436274540000 97.03
1436274600000 97.07
1436274660000 97.17
1436274720000 97.44
1436274840000 97.51
1436274960000 97.43
1436275020000 97.24
1436275080000 97.4
1436275140000 97.41
1436275380000 97.38
1436275560000 97.43
1436275620000 97.48
1436275680000 97.48
1436275920000 97.41
1436276040000 97.4
1436276100000 97.43
1436276220000 97.39
1436276280000 97.47
1436276340000 97.405
1436276400000 97.36
1436276460000 97.405
1436276520000 97.45
1436276580000 97.37
1436276640000 97.5
1436276700000 97.47
1436276760000 97.613
1436276820000 97.51
1436276940000 97.52
1436277000000 97.5
1436277060000 97.45
1436277120000 97.51
1436277300000 97.35
1436277360000 97.335
1436277420000 97.26
1436277540000 97.23
1436277600000 97.28
1436277660000 97.29
1436277780000 97.38
1436278020000 97.51
1436278140000 97.39
1436278200000 97.41
1436278320000 97.49
1436278380000 97.4
1436278440000 97.43
1436278500000 97.43
1436278560000 97.34
1436278680000 97.32
1436278740000 97.25
1436278800000 97.23
1436278860000 97.15
1436278920000 97.13
1436278980000 97.22
1436279040000 97.22
1436279100000 97.285
1436279160000 97.27
1436279340000 97.25
1436279400000 97.31
1436279520000 97.36
1436279640000 97.37
1436279700000 97.41
1436279760000 97.42
1436279820000 97.4499
1436279880000 97.45
1436279940000 97.64
1436280000000 97.63
1436280060000 97.78
1436280120000 97.78
1436280180000 97.92
1436280240000 97.97
1436280300000 98.0
1436280360000 98.06
1436280420000 98.05
1436280540000 98.1
1436280600000 98.01
1436280660000 97.83
1436280780000 97.885
1436280840000 97.87
1436280900000 97.82
1436280960000 97.757
1436281020000 97.69
1436281080000 97.73
1436281140000 98.0
1436281200000 97.88
1436281320000 97.92
1436281380000 97.94
1436281440000 97.93
1436281500000 98.0
1436281560000 97.89
