1436261400000 17.73
1436261700000 17.72
1436262240000 17.688
1436262300000 17.64
1436262360000 17.65
1436263200000 17.54
1436263980000 17.56
1436264100000 17.56
1436264280000 17.56
1436264520000 17.57
1436264940000 17.58
1436265000000 17.55
1436265060000 17.61
1436265720000 17.54
1436266200000 17.54
1436266320000 17.56
1436266800000 17.54
1436266920000 17.54
1436267160000 17.53
1436267400000 17.56
1436267520000 17.5532
1436267880000 17.54
1436268180000 17.5579
1436268660000 17.52
1436268840000 17.51
1436268900000 17.53
1436268960000 17.53
1436269260000 17.54
1436269860000 17.53
1436270220000 17.6
1436271420000 17.54
1436271480000 17.61
1436271720000 17.59
1436271900000 17.55
1436271960000 17.52
1436272860000 17.59
1436273040000 17.61
1436273640000 17.64
1436274120000 17.64
1436274240000 17.68
1436274540000 17.6
1436275320000 17.5901
1436275440000 17.59
1436277360000 17.62
1436277420000 17.61
1436277900000 17.63
1436278860000 17.6
1436278920000 17.6
1436279160000 17.59
1436279400000 17.6
1436280180000 17.61
1436280960000 17.56
1436281020000 17.64
1436281140000 17.69
1436281200000 17.7
