1436261400000 4.93
1436261580000 4.9
1436261760000 4.88
1436261820000 4.88
1436261880000 4.9
1436261940000 4.9499
1436262000000 4.9
1436262060000 4.87
1436262180000 4.87
1436262240000 4.87
1436262420000 4.88
1436262840000 4.876
1436262900000 4.89
1436262960000 4.88
1436263140000 4.87
1436263200000 4.87
1436263320000 4.91
1436263680000 4.9
1436263860000 4.89
1436263920000 4.89
1436264040000 4.87
1436264160000 4.87
1436264220000 4.82
1436264400000 4.82
1436264460000 4.8
1436264700000 4.78
1436264760000 4.77
1436264940000 4.73
1436265000000 4.74
1436265300000 4.73
1436265480000 4.7
1436265540000 4.73
1436265600000 4.72
1436265660000 4.7
1436265720000 4.7
1436265840000 4.7
1436265960000 4.67
1436266200000 4.67
1436266260000 4.6701
1436266560000 4.67
1436266680000 4.68
1436266740000 4.67
1436267040000 4.63
1436267160000 4.65
1436267280000 4.7
1436267340000 4.79
1436267460000 4.72
1436267640000 4.73
1436267760000 4.75
1436267820000 4.75
1436268120000 4.77
1436268180000 4.72
1436268360000 4.71
1436268540000 4.71
1436268660000 4.73
1436268780000 4.71
1436268840000 4.73
1436268900000 4.7299
1436269260000 4.72
1436269380000 4.75
1436269740000 4.78
1436269980000 4.76
1436270100000 4.76
1436270160000 4.75
1436270520000 4.73
1436270580000 4.73
1436270820000 4.71
1436270940000 4.75
1436271060000 4.725
1436271240000 4.72
1436271480000 4.71
1436271540000 4.71
1436271900000 4.6701
1436271960000 4.69
1436272140000 4.69
1436272200000 4.72
1436272560000 4.76
1436272680000 4.71
1436272800000 4.73
1436272860000 4.725
1436272980000 4.73
1436273040000 4.705
1436273340000 4.69
1436273400000 4.73
1436273640000 4.7
1436273760000 4.69
1436273940000 4.69
1436274060000 4.69
1436274120000 4.6406
1436274300000 4.68
1436274420000 4.69
1436274480000 4.67
1436274600000 4.7
1436274660000 4.675
1436274840000 4.685
1436274960000 4.68
1436275020000 4.69
1436275200000 4.68
1436275380000 4.69
1436275560000 4.695
1436275740000 4.695
1436275800000 4.7
1436275920000 4.7
1436276100000 4.71
1436276220000 4.74
1436276460000 4.71
1436276580000 4.74
1436276640000 4.71
1436277000000 4.73
1436277180000 4.75
1436277240000 4.74
1436277360000 4.74
1436277420000 4.76
1436277540000 4.74
1436277840000 4.76
1436278200000 4.76
1436278260000 4.79
1436278440000 4.77
1436278620000 4.8
1436278680000 4.79
1436278980000 4.77
1436279160000 4.77
1436279340000 4.77
1436279460000 4.77
1436279760000 4.74
1436279820000 4.74
1436280060000 4.79
1436280240000 4.79
1436280360000 4.78
1436280480000 4.785
1436280720000 4.76
1436280780000 4.75
1436280960000 4.75
1436281020000 4.75
1436281140000 4.73
1436281260000 4.73
1436281440000 4.76
