1436261400000 6.6
1436261640000 6.57
1436261700000 6.59
1436261760000 6.55
1436261820000 6.56
1436261880000 6.54
1436261940000 6.54
1436262000000 6.56
1436262060000 6.57
1436262120000 6.57
1436262180000 6.57
1436262240000 6.58
1436262300000 6.58
1436262360000 6.56
1436262420000 6.55
1436262480000 6.54
1436262540000 6.56
1436262600000 6.57
1436262660000 6.57
1436262720000 6.59
1436262780000 6.58
1436262840000 6.57
1436262900000 6.58
1436262960000 6.58
1436263020000 6.57
1436263080000 6.57
1436263140000 6.58
1436263260000 6.58
1436263320000 6.58
1436263380000 6.58
1436263500000 6.58
1436263560000 6.57
1436263620000 6.57
1436263680000 6.56
1436263740000 6.57
1436263800000 6.59
1436263860000 6.59
1436263920000 6.6
1436263980000 6.59
1436264040000 6.59
1436264100000 6.58
1436264160000 6.58
1436264220000 6.57
1436264280000 6.58
1436264340000 6.58
1436264400000 6.58
1436264460000 6.58
1436264520000 6.58
1436264580000 6.58
1436264640000 6.58
1436264700000 6.57
1436264760000 6.56
1436264820000 6.56
1436264880000 6.57
1436264940000 6.55
1436265000000 6.55
1436265060000 6.56
1436265120000 6.56
1436265180000 6.56
1436265240000 6.56
1436265300000 6.55
1436265360000 6.55
1436265420000 6.55
1436265480000 6.55
1436265540000 6.55
1436265600000 6.56
1436265660000 6.56
1436265720000 6.56
1436265780000 6.54
1436265840000 6.55
1436265900000 6.55
1436265960000 6.56
1436266020000 6.56
1436266080000 6.5675
1436266140000 6.57
1436266200000 6.57
1436266260000 6.56
1436266320000 6.57
1436266380000 6.5775
1436266440000 6.58
1436266500000 6.5975
1436266560000 6.59
1436266620000 6.59
1436266680000 6.59
1436266740000 6.58
1436266800000 6.58
1436266860000 6.58
1436266920000 6.56
1436266980000 6.58
1436267040000 6.58
1436267100000 6.58
1436267160000 6.58
1436267220000 6.59
1436267280000 6.6
1436267340000 6.6
1436267400000 6.6
1436267460000 6.595
1436267520000 6.6
1436267580000 6.605
1436267640000 6.605
1436267700000 6.6
1436267760000 6.6
1436267820000 6.6
1436267880000 6.6
1436268000000 6.6
1436268060000 6.59
1436268120000 6.58
1436268180000 6.58
1436268240000 6.58
1436268300000 6.5875
1436268360000 6.58
1436268420000 6.59
1436268480000 6.59
1436268540000 6.58
1436268600000 6.58
1436268660000 6.58
1436268720000 6.58
1436268780000 6.58
1436268840000 6.57
1436268900000 6.57
1436268960000 6.57
1436269020000 6.58
1436269080000 6.58
1436269140000 6.58
1436269200000 6.5875
1436269260000 6.589
1436269320000 6.59
1436269380000 6.6
1436269440000 6.6
1436269500000 6.61
1436269560000 6.61
1436269620000 6.61
1436269680000 6.62
1436269740000 6.62
1436269800000 6.61
1436269860000 6.62
1436269920000 6.62
1436269980000 6.61
1436270040000 6.62
1436270160000 6.63
1436270220000 6.65
1436270340000 6.66
1436270400000 6.65
1436270460000 6.63
1436270580000 6.62
1436270640000 6.62
1436270700000 6.62
1436270760000 6.62
1436270940000 6.62
1436271000000 6.61
1436271060000 6.62
1436271120000 6.61
1436271180000 6.61
1436271240000 6.61
1436271300000 6.61
1436271360000 6.61
1436271480000 6.61
1436271540000 6.61
1436271600000 6.61
1436271660000 6.61
1436271720000 6.61
1436271780000 6.61
1436271840000 6.6095
1436271960000 6.61
1436272020000 6.62
1436272080000 6.625
1436272140000 6.63
1436272260000 6.63
1436272320000 6.64
1436272380000 6.63
1436272440000 6.64
1436272500000 6.64
1436272620000 6.65
1436272740000 6.65
1436272800000 6.66
1436273040000 6.655
1436273100000 6.65
1436273160000 6.66
1436273220000 6.67
1436273280000 6.67
1436273340000 6.665
1436273460000 6.67
1436273520000 6.67
1436273640000 6.67
1436273700000 6.68
1436273760000 6.68
1436273820000 6.68
1436273880000 6.69
1436273940000 6.69
1436274000000 6.7
1436274060000 6.69
1436274120000 6.69
1436274180000 6.68
1436274240000 6.67
1436274300000 6.675
1436274360000 6.67
1436274420000 6.66
1436274480000 6.66
1436274540000 6.66
1436274600000 6.66
1436274660000 6.66
1436274720000 6.67
1436274780000 6.68
1436274840000 6.68
1436274900000 6.67
1436274960000 6.67
1436275020000 6.664
1436275080000 6.66
1436275140000 6.66
1436275200000 6.67
1436275260000 6.66
1436275320000 6.66
1436275380000 6.66
1436275440000 6.66
1436275500000 6.67
1436275560000 6.67
1436275620000 6.66
1436275920000 6.65
1436275980000 6.64
1436276040000 6.64
1436276100000 6.65
1436276160000 6.65
1436276220000 6.65
1436276280000 6.64
1436276400000 6.64
1436276520000 6.64
1436276640000 6.64
1436276700000 6.66
1436276760000 6.65
1436276820000 6.65
1436276940000 6.64
1436277000000 6.65
1436277060000 6.64
1436277120000 6.65
1436277180000 6.65
1436277240000 6.65
1436277300000 6.64
1436277420000 6.65
1436277480000 6.65
1436277540000 6.65
1436277660000 6.64
1436277720000 6.65
1436277780000 6.65
1436277840000 6.645
1436277900000 6.65
1436277960000 6.65
1436278020000 6.64
1436278080000 6.65
1436278140000 6.65
1436278200000 6.65
1436278260000 6.645
1436278320000 6.65
1436278380000 6.65
1436278500000 6.64
1436278620000 6.643
1436278680000 6.65
1436278740000 6.64
1436278800000 6.62
1436278860000 6.62
1436278920000 6.61
1436278980000 6.61
1436279040000 6.61
1436279100000 6.62
1436279160000 6.62
1436279220000 6.62
1436279280000 6.62
1436279340000 6.62
1436279460000 6.62
1436279520000 6.62
1436279580000 6.62
1436279640000 6.63
1436279700000 6.625
1436279820000 6.63
1436279880000 6.63
1436279940000 6.63
1436280000000 6.62
1436280060000 6.62
1436280120000 6.625
1436280180000 6.63
1436280240000 6.63
1436280420000 6.64
1436280480000 6.64
1436280720000 6.64
1436280780000 6.64
1436280900000 6.63
1436280960000 6.63
1436281020000 6.64
1436281080000 6.66
1436281140000 6.66
1436281200000 6.67
1436281320000 6.66
1436281380000 6.67
1436281440000 6.67
1436281560000 6.67
