1436261400000 29.48
1436261460000 29.77
1436261580000 29.35
1436261760000 29.52
1436261820000 29.63
1436261880000 29.56
1436261940000 29.533
1436262000000 29.5
1436262060000 29.55
1436262240000 29.5
1436262300000 29.55
1436262420000 29.57
1436262480000 29.71
1436262540000 29.66
1436262600000 29.67
1436262660000 29.87
1436262720000 29.9
1436262780000 29.91
1436262840000 29.9
1436262900000 29.8
1436263140000 29.67
1436263260000 29.53
1436263380000 29.66
1436263440000 29.72
1436263500000 29.82
1436263560000 29.735
1436263620000 29.73
1436263680000 29.79
1436263740000 29.73
1436263800000 29.81
1436263860000 29.81
1436263920000 29.88
1436263980000 29.825
1436264040000 29.76
1436264100000 29.73
1436264160000 29.73
1436264220000 29.6
1436264280000 29.56
1436264340000 29.6
1436264400000 29.625
1436264460000 29.21
1436264520000 29.42
1436264580000 29.41
1436264640000 29.4559
1436264760000 29.41
1436264820000 29.4
1436264880000 29.37
1436265000000 29.34
1436265060000 29.22
1436265120000 29.21
1436265180000 29.25
1436265240000 29.2
1436265300000 29.18
1436265420000 29.15
1436265480000 29.06
1436265540000 29.02
1436265600000 29.0
1436265660000 28.97
1436265720000 28.879
1436265840000 28.835
1436265900000 28.845
1436265960000 28.75
1436266020000 28.85
1436266080000 28.73
1436266200000 28.835
1436266260000 28.89
1436266380000 28.965
1436266440000 28.99
1436266500000 29.0
1436266560000 29.08
1436266620000 29.08
1436266680000 29.07
1436266740000 29.09
1436266800000 29.09
1436266860000 29.0
1436266920000 28.95
1436266980000 28.885
1436267040000 28.88
1436267100000 28.82
1436267160000 28.82
1436267220000 28.76
1436267280000 28.7
1436267340000 28.69
1436267460000 28.69
1436267520000 28.73
1436267580000 28.79
1436267760000 28.78
1436267820000 28.8
1436267880000 28.67
1436267940000 28.66
1436268000000 28.59
1436268060000 28.64
1436268120000 28.65
1436268180000 28.63
1436268240000 28.6599
1436268300000 28.67
1436268420000 28.65
1436268480000 28.8099
1436268540000 28.68
1436268600000 28.71
1436268840000 28.62
1436268900000 28.6
1436268960000 28.61
1436269020000 28.61
1436269080000 28.65
1436269140000 28.67
1436269200000 28.71
1436269320000 28.74
1436269440000 28.83
1436269500000 29.08
1436269560000 29.12
1436269620000 29.01
1436269680000 29.05
1436269740000 29.03
1436269800000 29.0
1436269860000 28.985
1436269920000 28.99
1436270040000 28.8507
1436270100000 28.85
1436270160000 28.72
1436270220000 28.84
1436270280000 28.85
1436270340000 28.86
1436270400000 28.87
1436270460000 28.86
1436270520000 28.86
1436270580000 28.89
1436270640000 28.87
1436270700000 28.85
1436270760000 28.84
1436270820000 28.75
1436270880000 28.81
1436271000000 28.9
1436271120000 28.9
1436271240000 28.86
1436271300000 28.86
1436271360000 28.89
1436271420000 28.9
1436271540000 28.9
1436271600000 28.84
1436271660000 28.87
1436271720000 28.87
1436271780000 28.99
1436271840000 29.05
1436271960000 29.0299
1436272020000 29.01
1436272080000 29.05
1436272140000 29.05
1436272200000 29.09
1436272260000 29.1
1436272320000 29.05
1436272380000 29.1
1436272500000 29.1
1436272620000 29.1
1436272680000 29.07
1436272740000 29.07
1436272800000 29.08
1436272920000 29.15
1436273040000 29.13
1436273160000 29.1384
1436273280000 29.17
1436273340000 29.19
1436273400000 29.17
1436273460000 29.17
1436273520000 29.21
1436273580000 29.21
1436273640000 29.19
1436273700000 29.3
1436273940000 29.26
1436274000000 29.25
1436274060000 29.23
1436274180000 29.22
1436274240000 29.29
1436274300000 29.21
1436274420000 29.23
1436274600000 29.2
1436274660000 29.23
1436274720000 29.25
1436274780000 29.3
1436274840000 29.25
1436274900000 29.3
1436274960000 29.24
1436275080000 29.3
1436275140000 29.28
1436275200000 29.21
1436275260000 29.21
1436275320000 29.21
1436275440000 29.21
1436275560000 29.21
1436275620000 29.2
1436275800000 29.2
1436275860000 29.2
1436275920000 29.15
1436276040000 29.19
1436276160000 29.16
1436276280000 29.15
1436276340000 29.17
1436276460000 29.23
1436276640000 29.22
1436276760000 29.2
1436276820000 29.22
1436276880000 29.22
1436276940000 29.17
1436277000000 29.16
1436277060000 29.15
1436277240000 29.15
1436277300000 29.1
1436277420000 29.1
1436277540000 29.11
1436277600000 29.13
1436277660000 29.13
1436277780000 29.18
1436277900000 29.18
1436277960000 29.18
1436278140000 29.18
1436278200000 29.195
1436278260000 29.26
1436278320000 29.22
1436278380000 29.26
1436278440000 29.2
1436278500000 29.2
1436278560000 29.13
1436278740000 29.12
1436278860000 29.1
1436279100000 29.097
1436279160000 29.09
1436279340000 29.19
1436279460000 29.19
1436279580000 29.16
1436279640000 29.1
1436279700000 29.16
1436279760000 29.12
1436279820000 29.21
1436279940000 29.19
1436280060000 29.15
1436280120000 29.22
1436280180000 29.2
1436280240000 29.25
1436280360000 29.14
1436280600000 29.22
1436280720000 29.25
1436280780000 29.39
1436280840000 29.34
1436280960000 29.39
1436281080000 29.36
1436281140000 29.41
1436281260000 29.43
1436281380000 29.41
1436281440000 29.46
1436281500000 29.46
