1436261400000 16.41
1436261520000 16.42
1436261580000 16.37
1436261700000 16.3
1436261760000 16.27
1436261820000 16.32
1436261880000 16.3
1436261940000 16.37
1436262000000 16.31
1436262060000 16.28
1436262120000 16.27
1436262300000 16.29
1436262360000 16.29
1436262420000 16.25
1436262540000 16.24
1436262660000 16.25
1436262720000 16.25
1436262780000 16.25
1436262900000 16.25
1436262960000 16.25
1436263020000 16.27
1436263080000 16.265
1436263140000 16.25
1436263200000 16.27
1436263260000 16.25
1436263320000 16.25
1436263380000 16.19
1436263440000 16.2
1436263500000 16.19
1436263560000 16.2
1436263620000 16.205
1436263680000 16.2
1436263800000 16.22
1436263920000 16.22
1436263980000 16.22
1436264040000 16.22
1436264100000 16.21
1436264220000 16.2063
1436264280000 16.2
1436264340000 16.2
1436264400000 16.19
1436264460000 16.2
1436264580000 16.19
1436264640000 16.19
1436264700000 16.16
1436264760000 16.14
1436264820000 16.15
1436264880000 16.1003
1436265000000 16.16
1436265060000 16.13
1436265180000 16.13
1436265240000 16.12
1436265300000 16.13
1436265360000 16.1
1436265420000 16.1
1436265540000 16.09
1436265600000 16.09
1436265660000 16.09
1436265720000 16.08
1436265780000 16.04
1436265960000 16.06
1436266020000 16.07
1436266080000 16.07
1436266140000 16.075
1436266200000 16.07
1436266260000 16.06
1436266320000 16.04
1436266380000 16.05
1436266440000 16.05
1436266500000 16.045
1436266560000 16.03
1436266620000 16.05
1436266680000 16.04
1436266740000 16.01
1436266800000 16.0
1436266860000 16.0
1436266920000 16.0
1436266980000 15.99
1436267040000 15.99
1436267100000 16.0
1436267160000 15.99
1436267280000 16.01
1436267340000 16.03
1436267400000 16.02
1436267460000 16.02
1436267520000 16.03
1436267580000 16.07
1436267640000 16.04
1436267760000 16.05
1436267820000 16.06
1436267880000 16.04
1436268000000 16.05
1436268120000 16.02
1436268180000 16.0234
1436268240000 16.02
1436268300000 16.02
1436268360000 15.99
1436268420000 15.998
1436268480000 16.01
1436268540000 15.99
1436268600000 15.96
1436268660000 15.96
1436268780000 15.97
1436268840000 15.95
1436268960000 15.93
1436269020000 15.95
1436269080000 15.97
1436269140000 15.97
1436269260000 16.0
1436269320000 16.0
1436269380000 16.0
1436269440000 16.0
1436269500000 16.01
1436269560000 15.99
1436269620000 15.98
1436269680000 15.99
1436269740000 15.98
1436269800000 15.99
1436269860000 15.99
1436269920000 15.99
1436270040000 15.99
1436270100000 16.0
1436270160000 16.0
1436270220000 16.03
1436270280000 16.04
1436270340000 16.0
1436270400000 16.01
1436270460000 16.0
1436270520000 15.97
1436270580000 15.98
1436270640000 16.0
1436270700000 16.02
1436270760000 16.02
1436270820000 16.01
1436270880000 16.0
1436270940000 16.01
1436271000000 16.0
1436271060000 16.01
1436271120000 16.0
1436271180000 15.99
1436271300000 16.0
1436271360000 16.02
1436271420000 16.02
1436271480000 16.02
1436271540000 16.04
1436271660000 16.05
1436271720000 16.02
1436271780000 16.0
1436271840000 16.0
1436271900000 16.02
1436271960000 16.01
1436272020000 16.0
1436272080000 15.99
1436272140000 16.01
1436272200000 16.02
1436272260000 16.05
1436272320000 16.08
1436272500000 16.07
1436272620000 16.0798
1436272680000 16.08
1436272740000 16.12
1436273040000 16.12
1436273100000 16.11
1436273160000 16.13
1436273220000 16.14
1436273280000 16.15
1436273340000 16.17
1436273400000 16.17
1436273460000 16.17
1436273520000 16.17
1436273640000 16.15
1436273700000 16.16
1436273760000 16.16
1436273820000 16.16
1436273880000 16.16
1436273940000 16.19
1436274000000 16.19
1436274060000 16.2
1436274120000 16.18
1436274180000 16.17
1436274240000 16.15
1436274300000 16.15
1436274360000 16.15
1436274420000 16.13
1436274480000 16.16
1436274540000 16.17
1436274600000 16.16
1436274660000 16.19
1436274720000 16.22
1436274780000 16.23
1436274840000 16.25
1436274900000 16.25
1436274960000 16.22
1436275020000 16.18
1436275140000 16.18
1436275200000 16.21
1436275260000 16.18
1436275380000 16.2
1436275440000 16.22
1436275500000 16.23
1436275560000 16.23
1436275620000 16.22
1436275680000 16.23
1436275740000 16.23
1436275800000 16.22
1436275860000 16.22
1436275920000 16.16
1436275980000 16.17
1436276040000 16.16
1436276100000 16.16
1436276160000 16.16
1436276220000 16.15
1436276340000 16.15
1436276400000 16.16
1436276460000 16.15
1436276520000 16.16
1436276580000 16.16
1436276640000 16.18
1436276700000 16.18
1436276820000 16.17
1436276880000 16.14
1436276940000 16.14
1436277000000 16.15
1436277120000 16.15
1436277180000 16.13
1436277240000 16.13
1436277300000 16.13
1436277360000 16.12
1436277420000 16.1
1436277540000 16.1
1436277600000 16.11
1436277660000 16.11
1436277720000 16.1
1436277780000 16.09
1436277840000 16.09
1436277900000 16.12
1436277960000 16.13
1436278020000 16.14
1436278080000 16.14
1436278140000 16.13
1436278260000 16.11
1436278320000 16.11
1436278380000 16.13
1436278500000 16.13
1436278560000 16.11
1436278620000 16.12
1436278680000 16.13
1436278740000 16.1
1436278800000 16.09
1436278860000 16.09
1436278920000 16.08
1436278980000 16.07
1436279040000 16.1
1436279100000 16.09
1436279220000 16.08
1436279280000 16.1
1436279340000 16.09
1436279400000 16.09
1436279460000 16.09
1436279520000 16.09
1436279580000 16.1
1436279640000 16.1
1436279700000 16.09
1436279760000 16.09
1436279820000 16.0836
1436279880000 16.08
1436279940000 16.09
1436280000000 16.09
1436280060000 16.1
1436280120000 16.14
1436280180000 16.12
1436280240000 16.14
1436280360000 16.16
1436280420000 16.16
1436280480000 16.17
1436280600000 16.16
1436280660000 16.16
1436280720000 16.17
1436280780000 16.17
1436280840000 16.19
1436280900000 16.19
1436280960000 16.1913
1436281020000 16.2111
1436281080000 16.21
1436281140000 16.25
1436281200000 16.24
1436281260000 16.26
1436281320000 16.23
1436281380000 16.21
1436281440000 16.22
1436281500000 16.22
1436281560000 16.1911
1436281620000 16.19
1436281680000 16.1511
