1436261400000 11.85
1436261460000 11.84
1436261520000 11.84
1436261580000 11.84
1436261640000 11.84
1436261820000 11.85
1436261880000 11.84
1436262000000 11.85
1436262060000 11.83
1436262120000 11.83
1436262180000 11.83
1436263020000 11.85
1436264220000 11.82
1436265060000 11.89
1436265240000 11.854
1436265360000 11.85
1436266200000 11.7601
1436267460000 11.79
1436268540000 11.85
1436268600000 11.85
1436269380000 11.84
1436270160000 11.88
1436270220000 11.87
1436270340000 11.88
1436270520000 11.88
1436270760000 11.92
1436270820000 11.87
1436271000000 11.86
1436271420000 11.85
1436272440000 11.85
1436272500000 11.84
1436272560000 11.85
1436272620000 11.85
1436272860000 11.85
1436273700000 11.86
1436274840000 11.88
1436274900000 11.86
1436274960000 11.85
1436275020000 11.85
1436275680000 11.86
1436276940000 11.84
1436277000000 11.83
1436277180000 11.84
1436277240000 11.84
1436277300000 11.84
1436277360000 11.85
1436277420000 11.84
1436277540000 11.85
1436277600000 11.85
1436277900000 11.85
1436277960000 11.85
1436278020000 11.85
1436278080000 11.85
1436278140000 11.85
1436278200000 11.85
1436278260000 11.85
1436278320000 11.85
1436278440000 11.8
1436278500000 11.85
1436279520000 11.89
1436279580000 11.93
