1436262300000 33.15
1436263680000 32.81
1436265300000 32.4
1436265360000 32.26
1436267040000 32.37
1436267580000 32.31
1436268060000 32.3
1436268660000 32.2
1436269800000 32.13
1436270760000 32.11
1436271540000 32.23
1436271600000 32.04
1436271780000 31.74
1436272800000 31.86
1436274420000 31.96
1436275020000 31.92
1436275980000 31.67
1436276640000 31.46
1436276760000 31.32
1436277060000 31.34
1436277240000 31.58
1436278140000 31.24
1436280420000 31.53
1436280600000 31.76
1436280660000 31.7
1436281020000 31.55
