1436261400000 0.89
1436261580000 0.89
1436261640000 0.89
1436261700000 0.89
1436261760000 0.88
1436262120000 0.87
1436262300000 0.8701
1436262360000 0.9
1436262420000 0.8961
1436262480000 0.852
1436263380000 0.8799
1436263500000 0.8503
1436263680000 0.85
1436263740000 0.85
1436263800000 0.85
1436263860000 0.85
1436263920000 0.85
1436264100000 0.8443
1436264160000 0.84
1436264760000 0.851
1436265060000 0.8594
1436265660000 0.8594
1436265780000 0.84
1436266020000 0.86
1436266200000 0.8569
1436266320000 0.86
1436266380000 0.86
1436266500000 0.85
1436266560000 0.84
1436266740000 0.83
1436266800000 0.83
1436266860000 0.8315
1436266920000 0.8666
1436267220000 0.84
1436269140000 0.8499
1436269560000 0.8498
1436270160000 0.84
1436270520000 0.84
1436270580000 0.845
1436270640000 0.845
1436270760000 0.845
1436270820000 0.845
1436270880000 0.845
1436270940000 0.845
1436271000000 0.845
1436271060000 0.845
1436271900000 0.845
1436271960000 0.845
1436272020000 0.845
1436272080000 0.845
1436272140000 0.845
1436272200000 0.845
1436272260000 0.845
1436272320000 0.845
1436272380000 0.845
1436272440000 0.845
1436272500000 0.845
1436272560000 0.845
1436272620000 0.845
1436272740000 0.845
1436272800000 0.845
1436272860000 0.845
1436272920000 0.845
1436272980000 0.845
1436273040000 0.845
1436273100000 0.845
1436273160000 0.845
1436273220000 0.845
1436273280000 0.845
1436273340000 0.8481
1436273940000 0.85
1436274000000 0.85
1436274600000 0.8595
1436275200000 0.869
1436276340000 0.88
1436276940000 0.87
1436277000000 0.86
1436277060000 0.86
1436278500000 0.88
1436279700000 0.877
1436280000000 0.87
1436280300000 0.877
1436280660000 0.8601
