1436261400000 38.5
1436261460000 38.43
1436261520000 38.44
1436261640000 38.52
1436261700000 38.48
1436261760000 38.47
1436261820000 38.445
1436261880000 38.5
1436261940000 38.5556
1436262000000 38.6
1436262060000 38.54
1436262120000 38.5
1436262180000 38.55
1436262240000 38.6
1436262300000 38.62
1436262360000 38.54
1436262420000 38.52
1436262480000 38.535
1436262540000 38.52
1436262600000 38.5
1436262660000 38.5
1436262720000 38.5
1436262780000 38.53
1436262840000 38.54
1436262900000 38.52
1436262960000 38.51
1436263020000 38.5
1436263080000 38.5
1436263140000 38.5
1436263200000 38.53
1436263260000 38.5199
1436263320000 38.5
1436263380000 38.52
1436263440000 38.52
1436263500000 38.52
1436263560000 38.5
1436263620000 38.5
1436263680000 38.45
1436263740000 38.5
1436263800000 38.5102
1436263860000 38.55
1436263920000 38.54
1436263980000 38.55
1436264040000 38.5699
1436264100000 38.54
1436264160000 38.515
1436264220000 38.53
1436264280000 38.53
1436264340000 38.53
1436264400000 38.52
1436264460000 38.49
1436264520000 38.55
1436264580000 38.5567
1436264640000 38.56
1436264700000 38.54
1436264760000 38.51
1436264820000 38.51
1436264880000 38.51
1436264940000 38.51
1436265000000 38.51
1436265060000 38.49
1436265120000 38.48
1436265180000 38.51
1436265240000 38.5
1436265300000 38.5
1436265360000 38.49
1436265420000 38.475
1436265480000 38.46
1436265540000 38.46
1436265600000 38.42
1436265660000 38.4
1436265720000 38.4
1436265780000 38.37
1436265840000 38.4
1436265900000 38.41
1436265960000 38.4
1436266020000 38.4
1436266080000 38.4
1436266140000 38.39
1436266200000 38.38
1436266260000 38.36
1436266320000 38.37
1436266380000 38.38
1436266440000 38.4
1436266500000 38.41
1436266560000 38.36
1436266620000 38.4
1436266680000 38.39
1436266740000 38.41
1436266800000 38.41
1436266860000 38.33
1436266920000 38.34
1436266980000 38.35
1436267040000 38.345
1436267100000 38.35
1436267160000 38.33
1436267220000 38.35
1436267280000 38.35
1436267340000 38.37
1436267400000 38.37
1436267460000 38.37
1436267520000 38.38
1436267580000 38.4
1436267640000 38.4
1436267700000 38.41
1436267760000 38.42
1436267820000 38.43
1436267880000 38.44
1436267940000 38.41
1436268000000 38.42
1436268060000 38.38
1436268120000 38.36
1436268180000 38.36
1436268240000 38.36
1436268300000 38.35
1436268360000 38.35
1436268420000 38.34
1436268480000 38.35
1436268540000 38.32
1436268600000 38.32
1436268660000 38.31
1436268720000 38.31
1436268780000 38.3
1436268840000 38.25
1436268900000 38.23
1436268960000 38.23
1436269020000 38.25
1436269080000 38.27
1436269140000 38.29
1436269200000 38.31
1436269260000 38.33
1436269320000 38.33
1436269380000 38.35
1436269440000 38.4
1436269500000 38.43
1436269560000 38.41
1436269620000 38.42
1436269680000 38.44
1436269740000 38.43
1436269800000 38.44
1436269860000 38.44
1436269920000 38.41
1436269980000 38.41
1436270040000 38.41
1436270100000 38.38
1436270160000 38.39
1436270220000 38.46
1436270280000 38.45
1436270340000 38.45
1436270400000 38.41
1436270460000 38.38
1436270520000 38.3715
1436270580000 38.38
1436270640000 38.39
1436270700000 38.39
1436270760000 38.39
1436270820000 38.39
1436270880000 38.37
1436270940000 38.37
1436271000000 38.38
1436271060000 38.38
1436271120000 38.36
1436271180000 38.37
1436271240000 38.3756
1436271300000 38.38
1436271360000 38.38
1436271420000 38.37
1436271480000 38.37
1436271540000 38.3701
1436271600000 38.37
1436271660000 38.37
1436271720000 38.37
1436271780000 38.37
1436271840000 38.36
1436271900000 38.36
1436271960000 38.38
1436272020000 38.3707
1436272080000 38.37
1436272140000 38.375
1436272200000 38.36
1436272260000 38.36
1436272320000 38.37
1436272380000 38.37
1436272440000 38.36
1436272500000 38.3825
1436272560000 38.41
1436272620000 38.43
1436272680000 38.43
1436272740000 38.42
1436272800000 38.41
1436272860000 38.42
1436272920000 38.42
1436272980000 38.42
1436273040000 38.4
1436273100000 38.4
1436273160000 38.395
1436273220000 38.4
1436273280000 38.4
1436273340000 38.4
1436273400000 38.4
1436273460000 38.4
1436273520000 38.4
1436273580000 38.37
1436273640000 38.365
1436273700000 38.37
1436273760000 38.37
1436273820000 38.37
1436273880000 38.37
1436273940000 38.39
1436274000000 38.4
1436274060000 38.47
1436274120000 38.47
1436274180000 38.46
1436274240000 38.48
1436274300000 38.4899
1436274360000 38.49
1436274480000 38.49
1436274540000 38.49
1436274600000 38.49
1436274660000 38.47
1436274720000 38.49
1436274780000 38.53
1436274840000 38.51
1436274900000 38.51
1436274960000 38.5
1436275020000 38.4701
1436275080000 38.47
1436275140000 38.44
1436275200000 38.45
1436275260000 38.42
1436275320000 38.4399
1436275380000 38.44
1436275440000 38.45
1436275500000 38.45
1436275560000 38.45
1436275620000 38.45
1436275680000 38.45
1436275740000 38.45
1436275800000 38.45
1436275860000 38.45
1436275920000 38.43
1436275980000 38.41
1436276040000 38.41
1436276100000 38.431
1436276160000 38.41
1436276220000 38.42
1436276280000 38.45
1436276340000 38.44
1436276400000 38.44
1436276460000 38.44
1436276520000 38.44
1436276580000 38.45
1436276640000 38.45
1436276700000 38.47
1436276760000 38.4699
1436276820000 38.47
1436276880000 38.47
1436276940000 38.47
1436277000000 38.48
1436277060000 38.46
1436277120000 38.46
1436277180000 38.43
1436277240000 38.44
1436277300000 38.44
1436277360000 38.44
1436277420000 38.43
1436277480000 38.42
1436277540000 38.41
1436277600000 38.42
1436277660000 38.42
1436277720000 38.41
1436277780000 38.41
1436277900000 38.41
1436278020000 38.41
1436278080000 38.41
1436278140000 38.42
1436278200000 38.42
1436278260000 38.42
1436278320000 38.43
1436278380000 38.43
1436278440000 38.43
1436278500000 38.42
1436278560000 38.425
1436278620000 38.45
1436278680000 38.45
1436278740000 38.45
1436278800000 38.42
1436278860000 38.45
1436278920000 38.44
1436278980000 38.445
1436279040000 38.45
1436279100000 38.46
1436279160000 38.46
1436279220000 38.47
1436279340000 38.47
1436279400000 38.48
1436279460000 38.48
1436279520000 38.48
1436279580000 38.5
1436279640000 38.52
1436279700000 38.505
1436279760000 38.53
1436279820000 38.53
1436279880000 38.53
1436279940000 38.575
1436280000000 38.57
1436280060000 38.6099
1436280120000 38.66
1436280180000 38.64
1436280240000 38.66
1436280300000 38.68
1436280360000 38.65
1436280420000 38.66
1436280480000 38.66
1436280540000 38.66
1436280600000 38.66
1436280660000 38.68
1436280720000 38.67
1436280780000 38.68
1436280840000 38.68
1436280900000 38.68
1436280960000 38.675
1436281020000 38.7
1436281080000 38.71
1436281140000 38.77
1436281200000 38.78
1436281260000 38.77
1436281320000 38.765
1436281380000 38.78
1436281440000 38.785
1436281500000 38.79
1436281560000 38.77
1436281620000 38.73
1436281680000 38.72
