1436261400000 36.45
1436261820000 36.17
1436262060000 36.23
1436262180000 36.21
1436262240000 36.17
1436262300000 36.15
1436262360000 36.04
1436262420000 36.035
1436262720000 36.02
1436262840000 35.94
1436263020000 35.91
1436263080000 35.9
1436263200000 35.81
1436263260000 35.79
1436263320000 35.88
1436263380000 35.84
1436263500000 35.87
1436263620000 35.84
1436263680000 35.84
1436263800000 35.85
1436263860000 35.88
1436263920000 35.95
1436263980000 35.95
1436264040000 35.93
1436264100000 35.89
1436264280000 35.91
1436264340000 36.01
1436264460000 35.97
1436264520000 35.97
1436264580000 36.01
1436264640000 35.96
1436264760000 35.91
1436264940000 35.89
1436265000000 35.82
1436265060000 35.81
1436265180000 35.76
1436265300000 35.73
1436265360000 35.8
1436265420000 35.77
1436265480000 35.76
1436265540000 35.76
1436265780000 35.72
1436265840000 35.755
1436265960000 35.69
1436266200000 35.64
1436266260000 35.66
1436266320000 35.74
1436266380000 35.76
1436266440000 35.86
1436266500000 35.83
1436266560000 35.76
1436266620000 35.78
1436266680000 35.76
1436266740000 35.74
1436266800000 35.71
1436266860000 35.68
1436267040000 35.66
1436267100000 35.69
1436267220000 35.76
1436267280000 35.76
1436267400000 35.76
1436267460000 35.77
1436267520000 35.76
1436267580000 35.76
1436267640000 35.79
1436267760000 35.81
1436267820000 35.8
1436267880000 35.8
1436268000000 35.79
1436268060000 35.76
1436268240000 35.77
1436268480000 35.77
1436268540000 35.75
1436268660000 35.77
1436268840000 35.73
1436268900000 35.69
1436269020000 35.76
1436269140000 35.81
1436269260000 35.76
1436269320000 35.76
1436269500000 35.8
1436269620000 35.8
1436269680000 35.8
1436269800000 35.8
1436269860000 35.81
1436269920000 35.785
1436270040000 35.76
1436270100000 35.78
1436270160000 35.88
1436270220000 35.94
1436270280000 35.92
1436270400000 35.89
1436270460000 35.86
1436270520000 35.81
1436270820000 35.86
1436271300000 35.83
1436271660000 35.8597
1436271720000 35.83
1436271900000 35.84
1436272020000 35.85
1436272260000 35.87
1436272320000 35.9
1436272380000 35.93
1436272440000 35.91
1436272500000 35.86
1436272680000 35.89
1436272860000 35.9
1436272980000 35.89
1436273040000 35.88
1436273100000 35.91
1436273220000 35.91
1436273460000 35.88
1436273640000 35.91
1436273760000 35.91
1436273880000 35.96
1436274120000 35.9601
1436274240000 35.97
1436274300000 35.93
1436274360000 35.88
1436274420000 35.82
1436274480000 35.85
1436274540000 35.85
1436274660000 35.9
1436274780000 35.99
1436274840000 35.94
1436274900000 35.99
1436274960000 35.92
1436275020000 35.89
1436275200000 35.95
1436275260000 35.95
1436275440000 35.96
1436275620000 35.965
1436275740000 35.97
1436275800000 35.98
1436276040000 35.98
1436276100000 35.97
1436276160000 35.98
1436276220000 35.96
1436276640000 35.97
1436276700000 35.97
1436276820000 35.95
1436277000000 35.97
1436277180000 35.98
1436277420000 35.935
1436277840000 35.9
1436278440000 35.9399
1436278500000 35.92
1436278560000 35.89
1436278620000 35.89
1436278740000 35.895
1436278860000 35.83
1436278920000 35.79
1436278980000 35.78
1436279280000 35.81
1436279520000 35.8
1436279880000 35.86
1436279940000 35.88
1436280060000 35.9
1436280120000 35.92
1436280180000 35.9
1436280420000 35.97
1436280540000 35.98
1436280780000 35.99
1436280840000 36.03
1436280900000 35.99
1436281020000 36.0
1436281080000 36.08
1436281140000 36.15
1436281260000 36.15
1436281320000 36.12
1436281380000 36.11
1436281440000 36.13
1436281500000 36.12
