1436261400000 2.3
1436261580000 2.29
1436261700000 2.32
1436261820000 2.3299
1436261880000 2.36
1436261940000 2.368
1436262060000 2.36
1436262180000 2.38
1436262240000 2.39
1436262300000 2.4
1436262360000 2.42
1436262420000 2.46
1436262480000 2.487
1436262540000 2.461
1436262600000 2.44
1436262660000 2.448
1436262900000 2.4
1436262960000 2.4
1436263020000 2.4
1436263080000 2.3999
1436263200000 2.3909
1436263260000 2.394
1436263380000 2.3909
1436263440000 2.4
1436263500000 2.41
1436263560000 2.41
1436263620000 2.42
1436263680000 2.42
1436263740000 2.42
1436263800000 2.44
1436263860000 2.44
1436263920000 2.4709
1436263980000 2.4709
1436264040000 2.48
1436264100000 2.51
1436264160000 2.522
1436264220000 2.52
1436264280000 2.482
1436264340000 2.501
1436264400000 2.51
1436264460000 2.486
1436264520000 2.4401
1436264640000 2.47
1436264760000 2.47
1436264820000 2.46
1436264880000 2.47
1436264940000 2.49
1436265240000 2.4799
1436265300000 2.49
1436265540000 2.483
1436265720000 2.485
1436265780000 2.475
1436265840000 2.4575
1436265900000 2.468
1436265960000 2.4145
1436266020000 2.425
1436266200000 2.4393
1436266380000 2.46
1436266620000 2.4667
1436266680000 2.469
1436266740000 2.4645
1436266860000 2.469
1436267040000 2.469
1436267160000 2.465
1436267220000 2.45
1436267340000 2.44
1436267400000 2.46
1436267520000 2.4573
1436267760000 2.45
1436268000000 2.459
1436268060000 2.455
1436268120000 2.45
1436268180000 2.45
1436268360000 2.45
1436268540000 2.42
1436268720000 2.43
1436268840000 2.41
1436268900000 2.41
1436268960000 2.34
1436269140000 2.34
1436269260000 2.3799
1436269320000 2.37
1436269500000 2.38
1436269620000 2.3798
1436269680000 2.3701
1436269860000 2.37
1436269980000 2.375
1436270160000 2.37
1436270280000 2.397
1436270340000 2.3942
1436270400000 2.39
1436270700000 2.395
1436270820000 2.39
1436271000000 2.39
1436271060000 2.39
1436271660000 2.38
1436271780000 2.38
1436271960000 2.3801
1436272020000 2.385
1436272080000 2.39
1436272260000 2.39
1436272320000 2.407
1436272440000 2.405
1436272620000 2.405
1436272740000 2.4
1436272860000 2.4
1436273220000 2.4099
1436273280000 2.405
1436273340000 2.44
1436273400000 2.44
1436273460000 2.47
1436273520000 2.4699
1436273640000 2.47
1436273760000 2.49
1436273880000 2.5
1436273940000 2.49
1436274000000 2.49
1436274060000 2.49
1436274120000 2.4999
1436274180000 2.48
1436274240000 2.48
1436274300000 2.47
1436274360000 2.46
1436274420000 2.42
1436274540000 2.42
1436274660000 2.42
1436274780000 2.43
1436275080000 2.44
1436275200000 2.45
1436275320000 2.45
1436275560000 2.44
1436275980000 2.45
1436276040000 2.45
1436276100000 2.46
1436276220000 2.45
1436276280000 2.45
1436276460000 2.44
1436276580000 2.44
1436276760000 2.45
1436276940000 2.44
1436277180000 2.44
1436277300000 2.458
1436277420000 2.44
1436277540000 2.44
1436277720000 2.44
1436277840000 2.43
1436278020000 2.44
1436278200000 2.4499
1436278260000 2.47
1436278380000 2.47
1436278500000 2.46
1436278680000 2.48
1436278800000 2.49
1436278980000 2.49
1436279100000 2.47
1436279160000 2.4706
1436279220000 2.48
1436279340000 2.4701
1436279400000 2.48
1436279520000 2.48
1436279700000 2.475
1436279760000 2.47
1436279820000 2.4799
1436279880000 2.475
1436279940000 2.47
1436280000000 2.47
1436280240000 2.47
1436280300000 2.4713
1436280360000 2.475
1436280480000 2.47
1436280540000 2.47
1436280600000 2.47
1436280720000 2.4512
1436280780000 2.46
1436280840000 2.46
1436280900000 2.46
1436280960000 2.46
1436281020000 2.46
1436281380000 2.4722
1436281560000 2.475
