1436261400000 29.29
1436261460000 29.43
1436261580000 29.6
1436261640000 29.5
1436261760000 29.435
1436261820000 29.38
1436261880000 29.33
1436261940000 29.36
1436262000000 29.33
1436262060000 29.36
1436262120000 29.31
1436262180000 29.31
1436262300000 29.28
1436262360000 29.25
1436262420000 29.26
1436262480000 29.35
1436262600000 29.35
1436262660000 29.32
1436262720000 29.4
1436262780000 29.336
1436262900000 29.3
1436262960000 29.27
1436263020000 29.23
1436263080000 29.0794
1436263140000 29.05
1436263200000 29.15
1436263260000 29.14
1436263320000 29.18
1436263380000 29.19
1436263440000 29.16
1436263500000 29.14
1436263560000 29.04
1436263620000 29.03
1436263680000 29.03
1436263740000 28.95
1436263800000 29.08
1436263860000 29.24
1436263920000 29.21
1436263980000 29.18
1436264040000 29.12
1436264160000 29.13
1436264220000 29.1101
1436264340000 29.24
1436264460000 29.15
1436264640000 29.15
1436264700000 29.04
1436264820000 29.09
1436264880000 29.0518
1436264940000 29.17
1436265000000 29.1
1436265060000 28.98
1436265120000 28.99
1436265180000 29.01
1436265240000 29.01
1436265300000 28.96
1436265360000 28.83
1436265420000 28.84
1436265480000 28.76
1436265540000 28.74
1436265600000 28.7
1436265660000 28.65
1436265720000 28.68
1436265780000 28.615
1436265840000 28.6
1436265960000 28.72
1436266080000 28.93
1436266140000 28.89
1436266200000 28.91
1436266260000 28.66
1436266320000 28.8
1436266380000 28.94
1436266440000 28.67
1436266500000 28.68
1436266560000 28.7
1436266680000 28.76
1436266740000 28.7
1436266800000 28.655
1436266860000 28.58
1436266920000 28.59
1436266980000 28.56
1436267100000 28.56
1436267160000 28.52
1436267220000 28.54
1436267280000 28.59
1436267340000 28.56
1436267400000 28.67
1436267460000 28.64
1436267520000 28.65
1436267640000 28.74
1436267700000 28.75
1436267760000 28.79
1436267820000 28.79
1436267880000 28.771
1436267940000 28.77
1436268000000 28.77
1436268060000 28.77
1436268120000 28.63
1436268180000 28.6601
1436268240000 28.684
1436268360000 28.72
1436268420000 28.71
1436268480000 28.79
1436268540000 28.76
1436268660000 28.66
1436268720000 28.68
1436268780000 28.67
1436268840000 28.67
1436268900000 28.62
1436268960000 28.59
1436269080000 28.56
1436269140000 28.64
1436269200000 28.72
1436269320000 28.78
1436269380000 28.81
1436269440000 29.02
1436269500000 28.925
1436269560000 28.99
1436269620000 28.95
1436269680000 28.98
1436269860000 29.05
1436269920000 29.015
1436269980000 28.87
1436270040000 28.93
1436270100000 28.84
1436270160000 28.95
1436270220000 28.99
1436270280000 28.99
1436270400000 28.93
1436270460000 28.96
1436270520000 28.92
1436270580000 28.85
1436270640000 28.75
1436270700000 28.76
1436270760000 28.72
1436270940000 28.73
1436271060000 28.65
1436271180000 28.7141
1436271360000 28.67
1436271600000 28.72
1436271660000 28.74
1436271720000 28.84
1436271780000 28.82
1436271840000 28.81
1436271900000 28.78
1436271960000 28.73
1436272080000 28.77
1436272140000 28.72
1436272200000 28.71
1436272260000 28.78
1436272320000 28.73
1436272380000 28.69
1436272440000 28.7
1436272560000 28.69
1436272740000 28.73
1436272800000 28.81
1436272920000 28.85
1436272980000 28.91
1436273100000 28.86
1436273160000 28.96
1436273220000 28.99
1436273280000 28.9301
1436273340000 28.99
1436273400000 28.97
1436273460000 28.99
1436273520000 29.098
1436273640000 29.16
1436273700000 29.13
1436273880000 29.17
1436273940000 29.2044
1436274060000 29.23
1436274120000 29.13
1436274180000 29.1695
1436274360000 29.11
1436274480000 29.04
1436274660000 29.19
1436274720000 29.24
1436274780000 29.25
1436274840000 29.12
1436274900000 29.16
1436274960000 29.09
1436275020000 29.16
1436275200000 29.14
1436275260000 29.17
1436275440000 29.19
1436275500000 29.17
1436275560000 29.19
1436275800000 29.13
1436275920000 29.19
1436276160000 29.2
1436276220000 29.2
1436276340000 29.1802
1436276580000 29.18
1436276640000 29.18
1436276760000 29.19
1436276820000 29.22
1436276880000 29.21
1436276940000 29.1801
1436277060000 29.18
1436277120000 29.17
1436277240000 29.17
1436277300000 29.1912
1436277420000 29.27
1436277480000 29.18
1436277540000 29.18
1436277600000 29.27
1436277660000 29.29
1436277720000 29.24
1436277780000 29.29
1436277840000 29.28
1436277900000 29.28
1436277960000 29.29
1436278200000 29.35
1436278260000 29.37
1436278320000 29.42
1436278380000 29.33
1436278440000 29.39
1436278500000 29.4
1436278560000 29.34
1436278620000 29.34
1436278680000 29.38
1436278800000 29.25
1436278860000 29.22
1436278980000 29.17
1436279040000 29.23
1436279100000 29.19
1436279220000 29.11
1436279280000 29.14
1436279460000 29.24
1436279520000 29.23
1436279580000 29.24
1436279700000 29.24
1436279760000 29.2807
1436279880000 29.25
1436280000000 29.3
1436280060000 29.33
1436280120000 29.29
1436280180000 29.35
1436280240000 29.36
1436280420000 29.37
1436280480000 29.37
1436280540000 29.23
1436280660000 29.2406
1436280780000 29.29
1436280900000 29.24
1436281020000 29.3
1436281080000 29.36
1436281140000 29.42
1436281200000 29.38
1436281320000 29.47
1436281440000 29.36
1436281500000 29.43
1436281560000 29.34
