1436261400000 144.5
1436261460000 144.26
1436261520000 144.71
1436261580000 144.71
1436261700000 144.92
1436261820000 144.7
1436261880000 144.57
1436261940000 144.91
1436262000000 144.8
1436262060000 144.72
1436262120000 144.74
1436262180000 144.77
1436262240000 144.36
1436262300000 144.88
1436262360000 144.87
1436262420000 144.74
1436262480000 144.33
1436262540000 144.67
1436262600000 144.51
1436262660000 144.6445
1436262720000 144.54
1436262780000 144.72
1436262840000 144.76
1436262900000 144.75
1436262960000 144.63
1436263020000 144.49
1436263080000 144.275
1436263140000 144.25
1436263200000 144.36
1436263260000 144.2801
1436263320000 144.25
1436263380000 144.34
1436263440000 144.2375
1436263500000 144.29
1436263560000 144.33
1436263620000 144.26
1436263680000 144.07
1436263740000 144.13
1436263800000 144.29
1436263860000 144.41
1436263920000 144.35
1436263980000 144.42
1436264040000 144.49
1436264100000 144.285
1436264220000 144.24
1436264280000 144.18
1436264340000 144.19
1436264400000 144.0
1436264460000 144.01
1436264520000 144.06
1436264580000 144.19
1436264640000 144.055
1436264700000 144.01
1436264760000 144.01
1436264820000 144.0
1436264880000 143.93
1436264940000 143.88
1436265000000 143.86
1436265060000 143.865
1436265120000 143.82
1436265180000 143.83
1436265240000 143.76
1436265300000 143.76
1436265360000 143.72
1436265420000 143.75
1436265480000 143.74
1436265540000 143.72
1436265600000 143.51
1436265660000 143.535
1436265720000 143.48
1436265780000 143.42
1436265840000 143.31
1436265900000 143.47
1436265960000 143.48
1436266080000 143.66
1436266140000 143.56
1436266200000 143.47
1436266260000 143.57
1436266320000 143.63
1436266440000 143.7425
1436266500000 143.75
1436266560000 143.67
1436266620000 143.79
1436266680000 143.61
1436266740000 143.68
1436266800000 143.65
1436266860000 143.605
1436266920000 143.65
1436266980000 143.57
1436267040000 143.48
1436267100000 143.49
1436267160000 143.45
1436267220000 143.49
1436267280000 143.45
1436267400000 143.52
1436267460000 143.46
1436267520000 143.6
1436267580000 143.47
1436267640000 143.47
1436267700000 143.41
1436267760000 143.49
1436267820000 143.51
1436267880000 143.46
1436267940000 143.42
1436268000000 143.44
1436268060000 143.3
1436268120000 143.22
1436268180000 143.2875
1436268240000 143.3
1436268300000 143.17
1436268360000 143.11
1436268420000 143.085
1436268480000 143.12
1436268540000 143.02
1436268600000 142.93
1436268660000 143.04
1436268720000 143.095
1436268780000 143.085
1436268840000 143.08
1436268900000 143.014
1436269020000 143.15
1436269080000 143.19
1436269140000 143.33
1436269200000 143.32
1436269260000 143.43
1436269320000 143.41
1436269380000 143.52
1436269440000 143.69
1436269500000 143.62
1436269560000 143.56
1436269620000 143.44
1436269680000 143.48
1436269740000 143.59
1436269800000 143.57
1436269860000 143.52
1436269920000 143.345
1436269980000 143.37
1436270100000 143.4
1436270160000 143.54
1436270220000 143.79
1436270280000 143.74
1436270340000 143.73
1436270400000 143.68
1436270460000 143.66
1436270520000 143.64
1436270580000 143.7
1436270640000 143.79
1436270700000 143.74
1436270760000 143.63
1436270820000 143.62
1436270940000 143.55
1436271000000 143.55
1436271060000 143.36
1436271180000 143.36
1436271240000 143.3
1436271300000 143.48
1436271360000 143.51
1436271420000 143.43
1436271480000 143.445
1436271540000 143.55
1436271600000 143.585
1436271660000 143.65
1436271720000 143.6
1436271840000 143.55
1436271900000 143.47
1436271960000 143.56
1436272020000 143.54
1436272080000 143.55
1436272200000 143.46
1436272380000 143.545
1436272440000 143.615
1436272500000 143.64
1436272560000 143.55
1436272680000 143.64
1436272740000 143.65
1436272800000 143.72
1436272860000 143.68
1436272920000 143.68
1436272980000 143.67
1436273040000 143.59
1436273100000 143.7
1436273160000 143.69
1436273220000 143.77
1436273280000 143.75
1436273340000 143.73
1436273400000 143.69
1436273520000 143.78
1436273580000 143.725
1436273640000 143.68
1436273700000 143.78
1436273760000 143.75
1436273820000 143.705
1436273880000 143.88
1436273940000 143.82
1436274000000 143.775
1436274060000 143.74
1436274120000 143.76
1436274180000 143.66
1436274240000 143.7
1436274300000 143.75
1436274360000 143.68
1436274420000 143.62
1436274480000 143.62
1436274540000 143.77
1436274660000 143.79
1436274720000 143.84
1436274780000 143.96
1436274840000 143.88
1436274900000 143.93
1436274960000 143.87
1436275020000 143.78
1436275080000 143.7
1436275140000 143.67
1436275200000 143.82
1436275260000 143.71
1436275320000 143.715
1436275380000 143.75
1436275440000 143.82
1436275500000 143.82
1436275560000 143.86
1436275620000 143.84
1436275680000 143.87
1436275740000 143.95
1436275800000 143.95
1436275860000 143.88
1436275920000 143.77
1436275980000 143.75
1436276040000 143.74
1436276100000 143.8
1436276160000 143.865
1436276220000 143.76
1436276340000 143.72
1436276400000 143.78
1436276460000 143.67
1436276520000 143.68
1436276580000 143.81
1436276640000 143.8
1436276700000 143.76
1436276760000 143.69
1436276820000 143.73
1436276880000 143.74
1436276940000 143.81
1436277000000 143.8
1436277060000 143.72
1436277120000 143.71
1436277240000 143.75
1436277360000 143.79
1436277420000 143.84
1436277480000 143.75
1436277540000 143.68
1436277600000 143.7575
1436277720000 143.77
1436277780000 143.75
1436277840000 143.75
1436277900000 143.79
1436277960000 143.75
1436278020000 143.75
1436278080000 143.74
1436278140000 143.69
1436278200000 143.84
1436278260000 143.78
1436278320000 143.76
1436278380000 143.81
1436278440000 143.81
1436278560000 143.69
1436278620000 143.7
1436278680000 143.71
1436278740000 143.6
1436278800000 143.49
1436278860000 143.55
1436278920000 143.45
1436278980000 143.46
1436279040000 143.515
1436279100000 143.51
1436279160000 143.61
1436279220000 143.61
1436279280000 143.63
1436279340000 143.63
1436279400000 143.65
1436279460000 143.6325
1436279520000 143.73
1436279580000 143.78
1436279640000 143.88
1436279700000 143.85
1436279760000 143.84
1436279820000 143.84
1436279880000 143.95
1436280000000 144.09
1436280060000 144.13
1436280120000 144.26
1436280180000 144.23
1436280240000 144.33
1436280300000 144.36
1436280360000 144.365
1436280420000 144.42
1436280480000 144.33
1436280540000 144.36
1436280600000 144.27
1436280660000 144.27
1436280720000 144.33
1436280840000 144.47
1436280900000 144.43
1436280960000 144.43
1436281020000 144.46
1436281080000 144.47
1436281140000 144.69
1436281200000 144.67
1436281260000 144.66
1436281320000 144.69
1436281380000 144.62
1436281440000 144.58
1436281500000 144.67
1436281560000 144.62
