1436261400000 25.96
1436261640000 26.015
1436262240000 25.95
1436262600000 25.86
1436263560000 25.83
1436263800000 25.93
1436264100000 25.89
1436264280000 25.8
1436264340000 25.87
1436264460000 25.78
1436264880000 25.76
1436265120000 25.65
1436265600000 25.51
1436265960000 25.47
1436266080000 25.48
1436266140000 25.382
1436266200000 25.47
1436266260000 25.38
1436266380000 25.5
1436266440000 25.55
1436266980000 25.605
1436267520000 25.475
1436267640000 25.47
1436267700000 25.47
1436267760000 25.5075
1436267820000 25.57
1436267880000 25.51
1436267940000 25.43
1436268000000 25.43
1436268060000 25.45
1436268120000 25.445
1436268360000 25.45
1436268420000 25.39
1436268540000 25.37
1436268840000 25.32
1436268960000 25.23
1436269140000 25.34
1436269200000 25.38
1436269260000 25.38
1436269320000 25.38
1436269380000 25.38
1436269440000 25.47
1436269560000 25.49
1436269740000 25.45
1436269860000 25.49
1436270160000 25.49
1436270220000 25.49
1436270460000 25.46
1436270640000 25.5
1436270700000 25.493
1436270760000 25.49
1436271360000 25.46
1436271420000 25.38
1436271540000 25.38
1436271600000 25.32
1436271660000 25.38
1436272680000 25.44
1436272740000 25.43
1436272800000 25.43
1436272860000 25.43
1436272920000 25.43
1436273100000 25.43
1436273220000 25.43
1436273340000 25.43
1436273520000 25.39
1436274480000 25.29
1436275260000 25.4
1436275740000 25.435
1436276340000 25.46
1436276640000 25.47
1436276700000 25.49
1436276760000 25.41
1436276820000 25.48
1436276880000 25.45
1436277180000 25.4975
1436277240000 25.475
1436277420000 25.43
1436277840000 25.5
1436277900000 25.5
1436278020000 25.48
1436278500000 25.49
1436278620000 25.5
1436278680000 25.47
1436278740000 25.42
1436278800000 25.4
1436278860000 25.43
1436279280000 25.41
1436279880000 25.32
1436280120000 25.35
1436280180000 25.49
1436280240000 25.5
1436280720000 25.46
1436280780000 25.52
1436280840000 25.55
1436281020000 25.55
1436281080000 25.56
1436281560000 25.54
