1436261400000 70.54
1436261580000 70.57
1436261940000 70.2
1436262240000 70.29
1436262300000 70.46
1436262360000 70.36
1436262480000 70.44
1436262540000 70.55
1436262960000 70.46
1436263020000 70.43
1436263200000 70.5
1436263260000 70.44
1436263560000 70.44
1436263620000 70.39
1436263680000 70.4175
1436263740000 70.425
1436263800000 70.54
1436263860000 70.62
1436263920000 70.73
1436264040000 70.67
1436264100000 70.55
1436264520000 70.56
1436264580000 70.47
1436264640000 70.42
1436264700000 70.41
1436264760000 70.43
1436264820000 70.43
1436264880000 70.31
1436264940000 70.36
1436265000000 70.48
1436265120000 70.34
1436265180000 70.35
1436265240000 70.2
1436265300000 70.24
1436265360000 70.26
1436265420000 70.19
1436265480000 70.19
1436265540000 70.13
1436265600000 70.15
1436265660000 70.08
1436265780000 69.9
1436265840000 69.98
1436265960000 70.03
1436266020000 69.97
1436266080000 70.08
1436266140000 70.03
1436266320000 70.02
1436266440000 70.09
1436266620000 70.15
1436266740000 70.1
1436266920000 70.07
1436266980000 69.98
1436267100000 69.94
1436267160000 69.9
1436267280000 69.86
1436267400000 69.87
1436267760000 69.86
1436267820000 69.95
1436267880000 69.91
1436268000000 69.82
1436268060000 69.71
1436268180000 69.76
1436268240000 69.7
1436268420000 69.61
1436268540000 69.57
1436268600000 69.55
1436268660000 69.62
1436268720000 69.59
1436268840000 69.52
1436269020000 69.55
1436269080000 69.59
1436269140000 69.64
1436269200000 69.73
1436269260000 69.695
1436269320000 69.7
1436269380000 69.7
1436269440000 69.74
1436269500000 69.71
1436269560000 69.7
1436269680000 69.72
1436269800000 69.78
1436270100000 69.87
1436270160000 69.95
1436270220000 70.08
1436270280000 70.15
1436270340000 70.29
1436270460000 70.08
1436270820000 70.07
1436271000000 69.96
1436271060000 69.9032
1436271180000 69.87
1436271360000 69.83
1436271480000 69.74
1436271720000 69.75
1436271900000 69.83
1436271960000 69.84
1436272020000 69.875
1436272080000 69.875
1436272140000 69.85
1436272260000 69.82
1436272320000 69.85
1436272380000 69.85
1436272440000 69.86
1436272500000 69.9
1436272560000 69.91
1436272620000 69.91
1436272680000 69.96
1436272800000 70.03
1436272980000 70.06
1436273100000 70.06
1436273160000 70.06
1436273220000 70.06
1436273280000 70.0975
1436273580000 70.15
1436273640000 70.15
1436273820000 70.215
1436274000000 70.31
1436274060000 70.31
1436274120000 70.345
1436274180000 70.26
1436274240000 70.15
1436274300000 70.16
1436274360000 70.1
1436274420000 70.05
1436274480000 70.02
1436274540000 70.02
1436274660000 70.04
1436274720000 70.09
1436274780000 70.18
1436274840000 70.24
1436274900000 70.2
1436274960000 70.11
1436275380000 70.13
1436275440000 70.19
1436275680000 70.24
1436275800000 70.25
1436275860000 70.24
1436276040000 70.25
1436276160000 70.229
1436276280000 70.23
1436276400000 70.23
1436276520000 70.27
1436276640000 70.27
1436276880000 70.21
1436277000000 70.2
1436277060000 70.18
1436277120000 70.0901
1436277300000 70.09
1436277900000 70.07
1436278020000 70.12
1436278140000 70.12
1436278260000 70.09
1436278380000 70.12
1436278440000 70.07
1436278500000 70.06
1436278620000 70.03
1436278680000 70.02
1436278740000 69.96
1436278980000 69.93
1436279280000 69.97
1436279340000 69.95
1436279460000 70.0
1436279520000 70.01
1436279580000 70.05
1436279640000 70.02
1436279700000 69.99
1436279760000 70.0
1436279880000 70.005
1436279940000 70.06
1436280000000 70.09
1436280060000 70.1
1436280180000 70.21
1436280240000 70.25
1436280360000 70.24
1436280420000 70.24
1436280480000 70.22
1436280540000 70.23
1436280660000 70.23
1436280720000 70.245
1436280780000 70.245
1436280900000 70.245
1436280960000 70.21
1436281020000 70.26
1436281080000 70.255
1436281140000 70.305
1436281200000 70.37
1436281320000 70.51
1436281500000 70.61
