1436261400000 30.54
1436261580000 30.72
1436261700000 30.54
1436261820000 30.35
1436262180000 30.38
1436262300000 30.39
1436262360000 30.39
1436262420000 30.37
1436262600000 30.38
1436262720000 30.37
1436262780000 30.37
1436262840000 30.37
1436262960000 30.28
1436263020000 30.33
1436263320000 30.145
1436263620000 30.17
1436263680000 30.17
1436263980000 30.24
1436264040000 30.25
1436264100000 30.21
1436264400000 30.165
1436264580000 30.12
1436264760000 30.05
1436264820000 30.03
1436264880000 30.015
1436265120000 29.975
1436265180000 29.95
1436265240000 29.93
1436265420000 29.94
1436265480000 29.96
1436265540000 29.93
1436265660000 29.84
1436265840000 29.8
1436265900000 29.85
1436265960000 29.81
1436266020000 29.86
1436266080000 29.85
1436266200000 29.84
1436266440000 29.79
1436266500000 29.765
1436266560000 29.67
1436266740000 29.67
1436266800000 29.6618
1436266860000 29.65
1436266920000 29.62
1436267220000 29.675
1436267280000 29.7
1436267400000 29.74
1436267520000 29.76
1436267580000 29.79
1436267820000 29.84
1436267880000 29.86
1436268060000 29.8
1436268420000 29.73
1436268480000 29.74
1436268540000 29.66
1436268600000 29.72
1436268780000 29.68
1436268840000 29.65
1436268900000 29.635
1436268960000 29.64
1436269080000 29.72
1436269140000 29.74
1436269260000 29.765
1436269320000 29.79
1436269380000 29.85
1436269560000 29.89
1436269860000 29.82
1436269980000 29.82
1436270160000 29.98
1436270220000 30.0
1436270280000 30.02
1436270400000 30.02
1436270460000 29.94
1436270640000 29.95
1436270700000 29.96
1436271120000 29.94
1436271300000 29.9
1436271420000 29.93
1436271480000 29.87
1436271600000 29.85
1436271960000 29.81
1436272140000 29.84
1436272200000 29.85
1436272380000 29.92
1436272500000 29.93
1436272620000 29.96
1436272740000 29.96
1436272920000 29.99
1436273100000 30.01
1436273220000 30.05
1436273400000 30.03
1436273640000 30.01
1436273700000 30.07
1436273820000 30.05
1436273880000 30.1
1436274000000 30.18
1436274240000 30.09
1436274360000 30.04
1436274660000 30.06
1436274900000 30.14
1436275200000 30.1
1436275440000 30.09
1436275560000 30.06
1436276040000 30.07
1436276280000 30.08
1436276340000 30.085
1436276640000 30.1
1436276700000 30.15
1436276820000 30.13
1436277480000 30.1
1436277600000 30.102
1436277720000 30.06
1436278200000 30.02
1436278320000 30.07
1436278740000 30.04
1436279220000 29.97
1436279280000 29.97
1436279400000 29.97
1436279520000 29.92
1436279700000 29.89
1436279760000 29.87
1436279820000 29.85
1436279880000 29.86
1436280000000 29.91
1436280180000 29.98
1436280420000 30.02
1436280480000 30.03
1436280720000 30.02
1436281080000 30.09
1436281140000 30.12
1436281260000 30.2
1436281380000 30.1201
1436281560000 30.11
