1436261400000 17.16
1436261460000 17.16
1436261640000 17.19
1436262000000 17.19
1436262120000 17.17
1436262600000 17.15
1436262720000 17.162
1436263080000 17.13
1436263140000 17.07
1436263740000 17.06
1436263920000 17.09
1436263980000 17.08
1436264040000 17.07
1436264280000 17.06
1436264340000 17.08
1436264460000 17.08
1436264520000 17.08
1436264580000 17.07
1436265000000 17.06
1436265300000 17.04
1436265360000 17.04
1436265540000 17.02
1436265600000 17.03
1436265660000 17.02
1436265720000 17.0
1436265780000 17.01
1436265960000 17.03
1436266320000 17.02
1436266440000 17.06
1436266500000 17.05
1436266560000 17.04
1436268060000 17.04
1436268120000 17.01
1436268240000 17.0094
1436268420000 17.0
1436268720000 16.96
1436268840000 16.94
1436269140000 16.91
1436269260000 16.91
1436269380000 16.91
1436269440000 16.93
1436269500000 16.89
1436270160000 16.96
1436270220000 16.95
1436271060000 16.93
1436272380000 16.97
1436272440000 16.99
1436272500000 16.94
1436272920000 16.99
1436273160000 16.95
1436273880000 16.96
1436274960000 16.98
1436275140000 16.99
1436275200000 16.95
1436275920000 16.96
1436276580000 16.93
1436276640000 16.94
1436276760000 16.93
1436276880000 17.0
1436277360000 16.96
1436278860000 16.88
1436279220000 16.9
1436280180000 16.91
1436280420000 16.95
1436280780000 16.96
1436280960000 16.97
1436281080000 16.96
1436281140000 16.96
1436281200000 16.95
1436281440000 16.95
