1436261400000 9.42
1436261640000 9.4
1436264820000 9.38
1436264940000 9.4
1436265660000 9.346
1436266800000 9.32
1436267220000 9.34
1436268480000 9.3699
1436269080000 9.33
1436270220000 9.355
1436270640000 9.37
1436271480000 9.37
1436271600000 9.39
1436271720000 9.3905
1436272140000 9.42
1436273640000 9.41
1436273820000 9.41
1436273940000 9.435
1436274840000 9.45
1436275080000 9.4382
1436275440000 9.44
1436275500000 9.4656
1436275620000 9.4625
1436275800000 9.4401
1436275860000 9.47
1436276400000 9.47
1436276880000 9.48
1436277300000 9.48
1436277720000 9.51
1436278080000 9.5
1436278440000 9.5
1436278560000 9.5
1436278740000 9.49
1436279160000 9.48
1436279340000 9.47
1436280060000 9.45
1436280180000 9.45
1436281020000 9.48
