1436261400000 1.63
1436261820000 1.62
1436261940000 1.59
1436262540000 1.57
1436262600000 1.55
1436262660000 1.55
1436263260000 1.5282
1436264040000 1.55
1436264160000 1.53
1436264220000 1.53
1436264280000 1.53
1436264340000 1.535
1436264460000 1.53
1436264520000 1.533
1436264700000 1.53
1436265540000 1.5041
1436265600000 1.5
1436265660000 1.49
1436265780000 1.5099
1436266260000 1.4846
1436266680000 1.4877
1436266860000 1.49
1436266980000 1.51
1436267220000 1.5049
1436267760000 1.5
1436267820000 1.49
1436268360000 1.49
1436268540000 1.481
1436268600000 1.48
1436268660000 1.49
1436269140000 1.4801
1436269320000 1.4998
1436270040000 1.5
1436270280000 1.49
1436270460000 1.4899
1436270640000 1.4899
1436270940000 1.4899
1436271000000 1.487
1436271120000 1.4889
1436271180000 1.4899
1436271300000 1.49
1436271360000 1.49
1436271420000 1.5
1436271540000 1.5
1436272020000 1.4999
1436272380000 1.495
1436272500000 1.495
1436272740000 1.495
1436272800000 1.495
1436272920000 1.5
1436273040000 1.5
1436273100000 1.5
1436273160000 1.515
1436273580000 1.515
1436273700000 1.52
1436273760000 1.52
1436273820000 1.53
1436273940000 1.55
1436274120000 1.54
1436274180000 1.53
1436274300000 1.5301
1436274360000 1.4975
1436274420000 1.4901
1436274480000 1.5
1436274540000 1.5
1436274720000 1.5
1436274840000 1.495
1436274900000 1.5
1436275080000 1.5
1436275200000 1.5
1436275440000 1.505
1436275500000 1.49
1436275560000 1.5
1436275680000 1.51
1436275920000 1.52
1436275980000 1.52
1436276160000 1.52
1436276220000 1.51
1436276280000 1.52
1436276580000 1.52
1436276640000 1.52
1436276940000 1.5289
1436277000000 1.52
1436277240000 1.53
1436277360000 1.535
1436277420000 1.52
1436277600000 1.52
1436277840000 1.53
1436277960000 1.53
1436278080000 1.53
1436278140000 1.53
1436278200000 1.5201
1436278260000 1.53
1436278500000 1.53
1436278620000 1.5235
1436278740000 1.53
1436278800000 1.5299
1436278860000 1.53
1436278920000 1.53
1436279100000 1.525
1436279400000 1.515
1436279520000 1.51
1436279700000 1.52
1436279760000 1.525
1436279820000 1.52
1436279880000 1.53
1436279940000 1.54
1436280060000 1.535
1436280180000 1.54
1436280360000 1.544
1436280420000 1.545
1436280480000 1.55
1436280540000 1.545
1436280660000 1.545
1436280780000 1.55
1436280840000 1.57
1436280960000 1.56
1436281020000 1.57
1436281140000 1.56
1436281200000 1.565
1436281260000 1.575
1436281320000 1.58
1436281380000 1.57
1436281500000 1.575
1436281560000 1.58
