1436261400000 22.87
1436261460000 23.44
1436261580000 23.34
1436261640000 22.86
1436261700000 22.91
1436261760000 22.96
1436261820000 22.95
1436261880000 22.99
1436261940000 23.205
1436262000000 23.11
1436262060000 22.54
1436262240000 22.5101
1436262300000 22.645
1436262360000 22.59
1436262420000 22.59
1436262480000 22.62
1436262540000 22.38
1436262600000 22.39
1436262720000 22.36
1436262780000 22.27
1436262840000 22.2625
1436262900000 22.35
1436262960000 22.37
1436263020000 22.435
1436263080000 22.345
1436263140000 22.42
1436263200000 22.32
1436263260000 22.25
1436263320000 22.22
1436263380000 22.14
1436263440000 22.1297
1436263500000 21.98
1436263560000 22.01
1436263620000 21.95
1436263680000 21.91
1436263740000 21.78
1436263800000 21.78
1436263860000 21.835
1436263920000 21.83
1436263980000 22.0
1436264040000 22.0005
1436264100000 21.96
1436264160000 21.78
1436264220000 21.75
1436264340000 21.7401
1436264520000 21.91
1436264640000 21.75
1436264700000 21.74
1436264760000 21.76
1436264820000 21.755
1436264940000 21.78
1436265000000 21.71
1436265060000 21.78
1436265120000 21.81
1436265180000 21.83
1436265300000 21.83
1436265360000 21.83
1436265420000 21.87
1436265540000 21.9
1436265600000 21.94
1436265660000 21.91
1436265720000 21.63
1436265840000 21.69
1436265900000 21.76
1436266080000 21.79
1436266140000 21.87
1436266200000 21.92
1436266260000 21.97
1436266320000 21.99
1436266380000 21.97
1436266440000 21.96
1436266500000 21.94
1436266560000 21.89
1436266740000 21.91
1436266800000 21.91
1436266860000 21.82
1436266920000 21.81
1436266980000 21.76
1436267100000 21.8
1436267160000 21.79
1436267220000 21.63
1436267280000 21.65
1436267340000 21.71
1436267400000 21.69
1436267460000 21.77
1436267520000 21.727
1436267580000 21.7
1436267700000 21.77
1436267760000 21.82
1436267820000 21.8
1436267880000 21.75
1436267940000 21.755
1436268000000 21.75
1436268060000 21.82
1436268120000 21.76
1436268180000 21.701
1436268240000 21.7
1436268300000 21.74
1436268360000 21.75
1436268420000 21.69
1436268480000 21.71
1436268600000 21.76
1436268660000 21.735
1436268720000 21.76
1436268780000 21.724
1436268840000 21.76
1436268960000 21.73
1436269020000 21.73
1436269080000 21.72
1436269140000 21.72
1436269200000 21.735
1436269260000 21.88
1436269320000 21.83
1436269380000 21.83
1436269440000 21.87
1436269500000 21.97
1436269560000 21.98
1436269620000 21.97
1436269680000 21.95
1436269740000 21.95
1436269800000 22.0095
1436269860000 21.99
1436269980000 21.89
1436270040000 21.825
1436270160000 21.84
1436270280000 21.93
1436270340000 21.9
1436270400000 21.86
1436270460000 21.94
1436270520000 21.99
1436270580000 22.0
1436270640000 22.02
1436270700000 21.95
1436270760000 21.94
1436270820000 21.97
1436270880000 21.97
1436270940000 21.855
1436271000000 21.84
1436271060000 21.85
1436271120000 21.9
1436271180000 21.86
1436271240000 21.81
1436271300000 21.795
1436271360000 21.89
1436271480000 21.875
1436271540000 21.94
1436271600000 21.94
1436271660000 21.89
1436271780000 21.786
1436271900000 21.94
1436272080000 21.91
1436272140000 21.94
1436272200000 21.88
1436272260000 21.83
1436272320000 21.84
1436272380000 21.87
1436272440000 21.94
1436272500000 21.87
1436272560000 21.88
1436272740000 22.02
1436272800000 22.0
1436272860000 21.89
1436272920000 22.0
1436272980000 22.07
1436273100000 22.07
1436273160000 22.0
1436273220000 21.95
1436273280000 21.99
1436273340000 22.0
1436273400000 21.96
1436273580000 21.93
1436273640000 21.909
1436273700000 21.918
1436273820000 21.93
1436273880000 21.94
1436273940000 22.02
1436274000000 22.0
1436274120000 21.927
1436274180000 21.97
1436274240000 22.0
1436274360000 22.0
1436274600000 21.9948
1436274660000 22.01
1436274720000 21.97
1436274780000 22.04
1436274840000 22.07
1436274900000 22.08
1436274960000 21.945
1436275200000 21.94
1436275260000 21.94
1436275320000 21.94
1436275380000 21.91
1436275440000 21.89
1436275500000 21.93
1436275560000 21.95
1436275620000 21.95
1436275680000 21.98
1436275740000 22.0
1436275800000 22.03
1436275860000 21.96
1436275980000 21.985
1436276040000 21.98
1436276100000 22.01
1436276160000 22.005
1436276220000 22.015
1436276280000 21.95
1436276340000 21.89
1436276400000 22.0
1436276460000 21.95
1436276520000 21.88
1436276580000 21.93
1436276640000 21.9
1436276700000 21.92
1436276760000 21.9
1436276880000 21.9
1436276940000 21.89
1436277000000 21.86
1436277060000 21.92
1436277180000 21.946
1436277240000 21.95
1436277300000 21.92
1436277360000 21.86
1436277480000 21.86
1436277540000 21.91
1436277600000 21.9
1436277720000 21.829
1436277840000 21.91
1436277900000 21.86
1436277960000 21.86
1436278020000 21.84
1436278080000 21.89
1436278140000 21.9
1436278200000 21.94
1436278320000 21.95
1436278380000 21.925
1436278440000 21.895
1436278500000 21.87
1436278560000 21.76
1436278620000 21.749
1436278680000 21.8299
1436278740000 21.795
1436278800000 21.77
1436278860000 21.69
1436278920000 21.65
1436278980000 21.73
1436279100000 21.68
1436279160000 21.657
1436279220000 21.65
1436279280000 21.7
1436279340000 21.71
1436279400000 21.73
1436279460000 21.76
1436279520000 21.75
1436279580000 21.67
1436279640000 21.63
1436279700000 21.64
1436279760000 21.71
1436279820000 21.68
1436279880000 21.69
1436279940000 21.69
1436280060000 21.73
1436280120000 21.82
1436280180000 21.8
1436280240000 21.83
1436280420000 21.85
1436280480000 21.83
1436280540000 21.84
1436280660000 21.82
1436280720000 21.88
1436280840000 21.89
1436280900000 21.84
1436280960000 21.88
1436281020000 21.88
1436281080000 21.94
1436281200000 22.0
1436281260000 22.01
1436281320000 22.0
1436281560000 21.98
