1436261400000 37.18
1436262480000 36.93
1436262900000 36.86
1436262960000 36.88
1436263020000 36.92
1436263080000 37.03
1436263140000 36.92
1436264160000 36.94
1436265480000 36.84
1436266020000 36.66
1436266080000 36.68
1436266380000 36.74
1436266980000 36.81
1436267580000 36.69
1436267940000 36.79
1436268300000 36.67
1436268660000 36.74
1436268900000 36.65
1436268960000 36.65
1436269140000 36.68
1436269320000 36.65
1436269380000 36.7
1436269500000 36.73
1436269680000 36.75
1436270280000 36.83
1436270460000 36.83
1436270520000 36.78
1436270820000 36.81
1436271180000 36.77
1436271360000 36.91
1436271420000 36.82
1436271840000 36.83
1436272260000 36.91
1436272500000 36.94
1436272620000 37.09
1436272980000 36.99
1436273040000 36.93
1436273220000 36.94
1436273640000 36.99
1436273820000 36.96
1436273940000 37.04
1436274000000 37.04
1436274240000 37.1
1436274360000 36.91
1436274420000 36.87
1436274480000 37.02
1436274540000 36.96
1436275020000 36.98
1436275200000 37.0
1436275800000 36.89
1436276160000 36.94
1436276460000 36.99
1436276580000 37.0
1436276640000 37.14
1436276820000 37.03
1436277000000 37.03
1436277180000 36.91
1436277360000 36.91
1436277540000 37.01
1436277720000 37.05
1436278020000 36.99
1436278200000 37.02
1436278560000 36.92
1436278680000 37.05
1436278740000 36.95
1436278800000 36.84
1436278860000 36.84
1436279280000 36.88
1436279400000 36.84
1436279640000 36.85
1436279880000 36.85
1436280060000 36.81
1436280120000 36.87
1436280180000 36.92
1436280240000 36.92
1436280360000 36.97
1436280420000 37.0
1436280480000 36.96
1436280540000 37.04
1436280600000 36.95
1436280660000 36.85
1436281080000 37.06
1436281140000 37.2
1436281200000 37.19
1436281380000 37.15
