1436261400000 70.51
1436261460000 70.61
1436261640000 70.63
1436261820000 70.47
1436262000000 70.71
1436262180000 70.22
1436262240000 70.63
1436262300000 70.565
1436262360000 70.9
1436262420000 70.92
1436262480000 70.98
1436262540000 70.95
1436262600000 70.52
1436262660000 70.65
1436262720000 70.69
1436262780000 70.71
1436262900000 70.73
1436262960000 70.94
1436263020000 71.1
1436263080000 70.87
1436263140000 70.945
1436263200000 70.62
1436263260000 70.6
1436263320000 70.88
1436263380000 71.04
1436263440000 71.0
1436263500000 71.01
1436263560000 71.36
1436263620000 71.5
1436263680000 71.43
1436263740000 71.41
1436263800000 71.42
1436263860000 71.49
1436263920000 71.79
1436263980000 71.53
1436264040000 71.7
1436264100000 71.67
1436264160000 71.61
1436264220000 71.62
1436264280000 71.64
1436264340000 71.6
1436264400000 71.78
1436264460000 71.9
1436264520000 71.95
1436264580000 71.93
1436264640000 71.9
1436264700000 71.88
1436264760000 71.95
1436264820000 71.86
1436264880000 71.75
1436265000000 71.77
1436265060000 71.97
1436265120000 71.91
1436265240000 71.97
1436265300000 71.95
1436265360000 71.92
1436265420000 71.98
1436265480000 71.95
1436265540000 71.9
1436265600000 71.87
1436265660000 71.73
1436265840000 71.59
1436265900000 71.5
1436265960000 71.57
1436266020000 71.55
1436266080000 71.55
1436266200000 71.5
1436266320000 71.46
1436266380000 71.56
1436266440000 71.55
1436266500000 71.55
1436266620000 71.545
1436266680000 71.55
1436266740000 71.56
1436266800000 71.56
1436266980000 71.51
1436267100000 71.63
1436267160000 71.63
1436267220000 71.84
1436267340000 71.84
1436267400000 71.84
1436267580000 71.84
1436267640000 71.82
1436267700000 71.88
1436267760000 71.8602
1436267820000 71.98
1436267880000 71.96
1436268120000 71.87
1436268240000 71.87
1436268300000 71.99
1436268420000 71.99
1436268480000 72.15
1436268540000 72.07
1436268600000 71.63
1436268660000 71.7
1436268720000 71.9
1436268780000 71.98
1436268840000 71.84
1436268900000 71.975
1436268960000 71.91
1436269020000 71.99
1436269080000 72.15
1436269140000 72.14
1436269200000 72.5
1436269260000 72.72
1436269320000 72.59
1436269380000 72.45
1436269440000 72.43
1436269500000 72.545
1436269560000 72.43
1436269620000 72.42
1436269680000 72.43
1436269740000 72.69
1436269800000 72.62
1436269860000 72.44
1436269920000 72.48
1436269980000 72.55
1436270040000 72.55
1436270100000 72.62
1436270160000 72.52
1436270280000 72.655
1436270340000 72.51
1436270400000 72.5
1436270460000 72.67
1436270520000 72.54
1436270580000 72.5
1436270640000 72.5
1436270700000 72.45
1436270760000 72.355
1436270820000 72.4
1436270940000 72.57
1436271120000 72.3
1436271180000 72.34
1436271240000 72.43
1436271300000 72.385
1436271360000 72.73
1436271420000 72.6
1436271480000 72.55
1436271600000 72.73
1436271660000 72.5
1436271720000 72.47
1436271840000 72.65
1436271900000 72.45
1436272260000 72.41
1436272380000 72.31
1436272500000 72.41
1436272560000 72.38
1436272620000 72.405
1436272680000 72.405
1436272740000 72.545
1436272860000 72.565
1436272980000 72.47
1436273040000 72.575
1436273100000 72.565
1436273160000 72.43
1436273280000 72.455
1436273340000 72.44
1436273400000 72.32
1436273460000 72.41
1436273520000 72.425
1436273580000 72.26
1436273640000 72.43
1436273700000 72.4
1436273760000 72.36
1436273820000 72.35
1436273880000 72.3
1436273940000 72.26
1436274000000 72.2
1436274180000 72.32
1436274240000 72.21
1436274300000 72.3
1436274420000 72.32
1436274480000 72.29
1436274540000 72.17
1436274600000 72.28
1436274660000 72.32
1436274720000 72.32
1436274840000 72.33
1436274900000 72.3
1436275020000 72.39
1436275080000 72.49
1436275200000 72.36
1436275320000 72.16
1436275560000 72.13
1436275800000 72.175
1436275860000 72.14
1436275920000 71.945
1436275980000 72.065
1436276040000 72.03
1436276100000 71.965
1436276160000 72.085
1436276220000 72.03
1436276340000 71.9
1436276400000 71.56
1436276520000 71.64
1436276700000 71.82
1436276760000 71.905
1436276820000 72.09
1436276880000 71.91
1436276940000 71.86
1436277000000 71.785
1436277060000 71.77
1436277180000 71.79
1436277240000 71.79
1436277300000 71.66
1436277420000 71.56
1436277540000 71.75
1436277660000 71.76
1436277720000 71.76
1436277780000 71.7
1436277840000 71.76
1436277900000 71.95
1436278020000 71.94
1436278080000 72.02
1436278140000 72.1
1436278260000 72.12
1436278320000 72.15
1436278620000 72.17
1436278680000 72.065
1436278860000 71.54
1436279040000 71.6287
1436279100000 71.66
1436279280000 71.87
1436279520000 71.97
1436279700000 72.11
1436279820000 72.11
1436279880000 72.01
1436280060000 72.11
1436280180000 72.345
1436280240000 72.37
1436280300000 72.43
1436280420000 72.37
1436280480000 72.39
1436280660000 72.43
1436280960000 72.52
1436281020000 72.53
1436281080000 72.5
1436281140000 72.505
1436281260000 72.68
1436281320000 72.79
1436281380000 72.77
1436281440000 72.72
1436281560000 72.68
