1436261400000 34.98
1436261520000 34.92
1436263080000 34.9
1436264520000 34.98
1436264580000 34.9
1436264640000 35.025
1436264700000 34.725
1436264760000 34.72
1436265720000 34.0567
1436266740000 34.14
1436268360000 34.23
1436268480000 33.75
1436269500000 34.135
1436269860000 34.05
1436271720000 34.15
1436271960000 34.22
1436272380000 34.14
1436272560000 34.11
1436272740000 34.11
1436272800000 34.17
1436273040000 34.11
1436273100000 34.11
1436273160000 34.095
1436273220000 34.19
1436273280000 34.29
1436273340000 34.29
1436273400000 34.28
1436273880000 34.13
1436273940000 34.29
1436274000000 34.3
1436274060000 34.39
1436274120000 34.47
1436275380000 34.22
1436275500000 34.325
1436275560000 34.52
1436275800000 34.2514
1436276340000 34.1
1436276640000 34.22
1436276700000 34.03
1436276760000 34.23
1436276880000 34.35
1436277120000 34.12
1436277240000 34.05
1436277300000 34.2
1436277360000 34.19
1436277480000 34.23
1436277540000 34.365
1436277600000 34.395
1436277780000 34.31
1436277900000 34.35
1436278560000 34.36
1436278680000 34.27
1436279880000 34.39
1436279940000 34.52
1436280180000 34.57
1436280600000 35.05
1436281560000 34.86
1436281620000 34.7915
1436281680000 34.8604
