1436261400000 70.75
1436261460000 71.05
1436261520000 71.14
1436261640000 71.13
1436261700000 70.78
1436261760000 71.04
1436261820000 71.25
1436261880000 71.25
1436261940000 71.71
1436262000000 71.69
1436262060000 71.62
1436262120000 71.52
1436262180000 71.48
1436262240000 71.295
1436262360000 71.34
1436262480000 71.165
1436262540000 71.12
1436262600000 71.06
1436262660000 71.055
1436262720000 71.01
1436262840000 71.08
1436262900000 71.28
1436263080000 71.23
1436263140000 71.06
1436263200000 71.03
1436263320000 71.02
1436263380000 71.08
1436263440000 70.72
1436263560000 70.82
1436263620000 70.84
1436263680000 70.84
1436263740000 70.72
1436263800000 70.71
1436263860000 70.96
1436263980000 70.95
1436264040000 70.87
1436264100000 70.89
1436264160000 70.8622
1436264220000 70.89
1436264340000 71.06
1436264400000 70.87
1436264460000 70.9
1436264520000 70.82
1436264580000 70.68
1436264640000 70.84
1436264700000 70.675
1436264820000 70.715
1436264880000 70.75
1436264940000 70.75
1436265000000 70.75
1436265060000 70.74
1436265120000 70.77
1436265180000 70.8
1436265240000 70.59
1436265360000 70.75
1436265420000 70.73
1436265480000 70.72
1436265540000 70.72
1436265600000 70.73
1436265660000 70.74
1436265720000 70.52
1436265780000 70.56
1436265840000 70.3101
1436265960000 70.29
1436266020000 70.4
1436266080000 70.26
1436266200000 70.23
1436266260000 70.17
1436266380000 70.17
1436266560000 70.23
1436266680000 70.07
1436266740000 70.02
1436266860000 70.11
1436266920000 70.13
1436267100000 70.27
1436267160000 70.3
1436267280000 70.16
1436267340000 70.24
1436267460000 70.28
1436267580000 70.55
1436267640000 70.61
1436267760000 70.51
1436267880000 70.56
1436267940000 70.66
1436268060000 70.52
1436268480000 70.37
1436268540000 70.43
1436268600000 70.44
1436268780000 70.44
1436268900000 70.25
1436269140000 70.31
1436269320000 70.34
1436269380000 70.36
1436269500000 70.45
1436269680000 70.395
1436269740000 70.51
1436269800000 70.41
1436269920000 70.39
1436269980000 70.38
1436270040000 70.47
1436270100000 70.41
1436270160000 70.42
1436270400000 70.72
1436270520000 70.65
1436270760000 70.69
1436271240000 70.53
1436271300000 70.51
1436271360000 70.5
1436271720000 70.56
1436272260000 70.53
1436272320000 70.71
1436272500000 70.71
1436272740000 70.74
1436272980000 70.72
1436273040000 70.62
1436273160000 70.66
1436273400000 70.55
1436273880000 70.64
1436274120000 70.65
1436274180000 70.6
1436274240000 70.67
1436274480000 70.64
1436274660000 70.69
1436274720000 70.69
1436274840000 70.695
1436274900000 70.57
1436274960000 70.66
1436275020000 70.74
1436275080000 70.5
1436275140000 70.64
1436275200000 70.72
1436275260000 70.72
1436275320000 70.75
1436275380000 70.77
1436275500000 70.695
1436275620000 70.77
1436275740000 70.735
1436275920000 70.81
1436276040000 70.75
1436276460000 70.745
1436276520000 70.79
1436276700000 70.82
1436276820000 70.78
1436276940000 70.84
1436277000000 70.88
1436277120000 70.82
1436277240000 70.78
1436277300000 70.75
1436277420000 70.76
1436277660000 70.81
1436277900000 70.725
1436277960000 70.77
1436278200000 70.59
1436278320000 70.64
1436278380000 70.73
1436278500000 70.745
1436278560000 70.725
1436278680000 70.725
1436278740000 70.725
1436278800000 70.645
1436278860000 70.65
1436278920000 70.7
1436279160000 70.77
1436279460000 70.76
1436279700000 70.675
1436279880000 70.7
1436280000000 70.7
1436280060000 70.85
1436280300000 71.03
1436280420000 71.01
1436280480000 70.945
1436280540000 70.97
1436280660000 70.78
1436280720000 70.74
1436280840000 70.85
1436280900000 70.885
1436281020000 70.85
1436281080000 70.88
1436281380000 71.07
1436281440000 71.05
1436281500000 71.01
