1436262060000 39.18
1436262300000 39.17
1436262660000 39.07
1436263680000 39.04
1436266500000 38.93
1436266560000 38.86
1436268840000 38.69
1436269440000 38.75
1436269980000 38.62
1436270040000 38.58
1436270160000 38.57
1436270280000 38.56
1436270340000 38.4
1436270520000 38.5
1436270640000 38.41
1436270700000 38.57
1436270820000 38.43
1436270880000 38.57
1436270940000 38.57
1436271000000 38.65
1436271060000 38.45
1436271120000 38.66
1436271180000 38.74
1436271240000 38.6
1436271300000 38.81
1436272380000 39.0
1436273700000 38.8
1436274060000 39.28
1436275140000 39.3
1436275800000 39.02
1436275860000 39.02
1436277000000 39.13
1436277060000 39.0
1436277180000 39.01
1436277660000 39.165
1436277900000 38.96
1436278080000 39.08
1436278380000 39.16
1436278440000 39.13
1436278500000 39.1
1436278560000 38.94
1436280480000 39.2
1436280780000 39.11
1436281500000 39.55
