1436261400000 9.94
1436261520000 10.04
1436261700000 10.0
1436261820000 9.93
1436261880000 9.93
1436262180000 9.9701
1436262420000 10.07
1436262840000 10.06
1436263200000 10.05
1436263620000 10.0
1436263740000 9.99
1436263860000 9.98
1436264160000 9.91
1436264220000 9.95
1436264400000 9.96
1436264460000 9.95
1436264520000 9.95
1436264700000 9.97
1436264760000 9.95
1436264820000 9.98
1436264940000 9.99
1436265000000 9.995
1436265120000 9.99
1436265180000 10.0
1436265300000 10.0
1436265540000 9.97
1436265660000 9.98
1436266080000 9.97
1436266260000 9.98
1436266500000 9.98
1436266860000 9.94
1436267160000 9.94
1436267220000 9.95
1436267400000 9.95
1436267520000 9.95
1436268000000 9.98
1436268300000 9.98
1436268900000 9.93
1436270820000 9.9765
1436270880000 9.918
1436271120000 9.94
1436272680000 9.976
1436274120000 9.96
1436274180000 9.97
1436274720000 9.97
1436274960000 9.96
1436275200000 9.945
1436275260000 9.94
1436275680000 9.95
1436276460000 9.9699
1436276700000 9.99
1436276820000 9.98
1436276880000 10.0199
1436276940000 10.01
1436277000000 10.02
1436277060000 10.02
1436277300000 10.01
1436277480000 10.01
1436278740000 10.04
1436278800000 10.03
1436279160000 9.97
1436281380000 10.025
1436281500000 10.01
