1436261400000 33.61
1436261460000 33.425
1436261520000 33.52
1436261580000 33.3
1436261640000 33.37
1436261700000 33.54
1436261760000 33.49
1436261820000 33.57
1436261880000 33.67
1436261940000 33.912
1436262000000 33.78
1436262060000 33.7
1436262120000 33.665
1436262180000 33.785
1436262240000 33.949
1436262300000 33.92
1436262360000 34.0903
1436262420000 34.01
1436262480000 34.06
1436262540000 34.1531
1436262600000 34.065
1436262660000 33.905
1436262720000 33.98
1436262780000 34.13
1436262840000 34.0156
1436262900000 33.98
1436262960000 33.9
1436263020000 33.87
1436263080000 33.69
1436263140000 33.65
1436263200000 33.67
1436263260000 33.68
1436263320000 33.61
1436263380000 33.6232
1436263440000 33.6
1436263500000 33.59
1436263560000 33.58
1436263620000 33.51
1436263680000 33.5
1436263740000 33.4918
1436263800000 33.69
1436263860000 33.77
1436263920000 33.67
1436263980000 33.55
1436264040000 33.4999
1436264100000 33.41
1436264160000 33.43
1436264220000 33.4956
1436264280000 33.47
1436264340000 33.48
1436264400000 33.38
1436264460000 33.4
1436264520000 33.351
1436264580000 33.36
1436264640000 33.35
1436264700000 33.2254
1436264760000 33.18
1436264820000 33.17
1436264880000 33.19
1436264940000 33.2001
1436265000000 33.3133
1436265060000 33.22
1436265120000 33.22
1436265180000 33.24
1436265240000 33.2
1436265300000 33.15
1436265360000 33.01
1436265420000 33.07
1436265480000 33.0
1436265540000 32.89
1436265600000 32.86
1436265660000 32.8709
1436265720000 32.8092
1436265780000 32.8001
1436265840000 32.68
1436265900000 32.85
1436265960000 32.82
1436266020000 33.01
1436266080000 33.04
1436266140000 32.92
1436266200000 32.97
1436266260000 32.965
1436266320000 33.148
1436266380000 33.26
1436266440000 33.259
1436266500000 33.31
1436266560000 33.142
1436266620000 33.21
1436266680000 33.2258
1436266740000 33.08
1436266800000 33.05
1436266860000 32.89
1436266920000 32.88
1436266980000 32.75
1436267040000 32.79
1436267100000 32.76
1436267160000 32.75
1436267220000 32.6599
1436267280000 32.68
1436267340000 32.65
1436267400000 32.71
1436267460000 32.62
1436267520000 32.6299
1436267580000 32.67
1436267640000 32.645
1436267700000 32.71
1436267760000 32.64
1436267820000 32.61
1436267880000 32.61
1436267940000 32.6
1436268000000 32.56
1436268060000 32.56
1436268120000 32.5242
1436268180000 32.54
1436268240000 32.74
1436268300000 32.62
1436268360000 32.625
1436268420000 32.745
1436268480000 32.59
1436268540000 32.64
1436268600000 32.66
1436268660000 32.63
1436268720000 32.655
1436268780000 32.66
1436268840000 32.61
1436268900000 32.6
1436268960000 32.6
1436269020000 32.61
1436269080000 32.5
1436269140000 32.54
1436269200000 32.61
1436269260000 32.5105
1436269320000 32.52
1436269380000 32.614
1436269440000 32.64
1436269500000 32.61
1436269560000 32.515
1436269620000 32.51
1436269680000 32.51
1436269740000 32.52
1436269800000 32.55
1436269860000 32.65
1436269920000 32.64
1436269980000 32.5702
1436270040000 32.645
1436270100000 32.88
1436270160000 32.8
1436270220000 32.84
1436270280000 32.8425
1436270340000 32.81
1436270400000 32.87
1436270460000 32.93
1436270520000 32.8875
1436270580000 32.89
1436270640000 32.911
1436270700000 32.96
1436270760000 32.95
1436270820000 32.93
1436270880000 32.9374
1436270940000 33.02
1436271000000 33.03
1436271060000 32.914
1436271120000 32.93
1436271180000 32.938
1436271240000 32.93
1436271300000 32.925
1436271360000 32.955
1436271420000 32.93
1436271480000 32.915
1436271540000 32.87
1436271600000 32.91
1436271660000 32.955
1436271720000 33.07
1436271780000 33.11
1436271840000 33.13
1436271900000 33.083
1436271960000 33.1
1436272020000 33.1299
1436272080000 33.12
1436272140000 33.08
1436272200000 33.018
1436272260000 33.06
1436272320000 33.02
1436272380000 32.98
1436272440000 33.02
1436272500000 33.04
1436272560000 32.99
1436272620000 33.03
1436272680000 33.045
1436272740000 33.14
1436272800000 33.3099
1436272860000 33.32
1436272920000 33.42
1436272980000 33.3425
1436273040000 33.412
1436273100000 33.49
1436273160000 33.5
1436273220000 33.42
1436273280000 33.5
1436273340000 33.48
1436273400000 33.47
1436273460000 33.43
1436273520000 33.5
1436273580000 33.5
1436273640000 33.5
1436273700000 33.52
1436273760000 33.66
1436273820000 33.61
1436273880000 33.75
1436273940000 33.77
1436274000000 33.8
1436274060000 33.83
1436274120000 33.855
1436274180000 33.69
1436274240000 33.67
1436274300000 33.63
1436274360000 33.607
1436274420000 33.67
1436274480000 33.7
1436274540000 33.8
1436274600000 33.79
1436274660000 33.84
1436274720000 33.82
1436274780000 33.82
1436274840000 33.82
1436274900000 33.97
1436274960000 33.99
1436275020000 33.81
1436275080000 33.86
1436275140000 33.91
1436275200000 33.98
1436275260000 33.91
1436275320000 33.951
1436275380000 33.94
1436275440000 33.97
1436275500000 33.98
1436275560000 33.89
1436275620000 33.88
1436275680000 33.87
1436275740000 33.87
1436275800000 33.88
1436275860000 33.84
1436275920000 33.83
1436275980000 33.88
1436276040000 33.86
1436276100000 33.86
1436276160000 33.86
1436276220000 33.87
1436276280000 33.87
1436276340000 33.89
1436276400000 33.89
1436276460000 33.7299
1436276520000 33.798
1436276580000 33.8342
1436276640000 33.84
1436276700000 33.85
1436276760000 33.83
1436276820000 33.79
1436276880000 33.775
1436276940000 33.7905
1436277000000 33.78
1436277060000 33.75
1436277120000 33.675
1436277180000 33.67
1436277240000 33.655
1436277300000 33.714
1436277360000 33.72
1436277420000 33.83
1436277480000 33.83
1436277540000 33.81
1436277600000 33.84
1436277660000 33.83
1436277720000 33.83
1436277780000 33.79
1436277840000 33.84
1436277900000 33.85
1436277960000 33.81
1436278020000 33.76
1436278080000 33.72
1436278140000 33.74
1436278200000 33.82
1436278260000 33.8
1436278320000 33.805
1436278380000 33.84
1436278440000 33.83
1436278500000 33.78
1436278560000 33.705
1436278620000 33.67
1436278680000 33.66
1436278740000 33.68
1436278800000 33.525
1436278860000 33.54
1436278920000 33.5
1436278980000 33.41
1436279040000 33.48
1436279100000 33.51
1436279160000 33.55
1436279220000 33.6
1436279280000 33.57
1436279340000 33.56
1436279400000 33.57
1436279460000 33.56
1436279520000 33.605
1436279580000 33.605
1436279640000 33.66
1436279700000 33.66
1436279760000 33.675
1436279820000 33.705
1436279880000 33.68
1436279940000 33.75
1436280000000 33.74
1436280060000 33.72
1436280120000 33.74
1436280180000 33.75
1436280240000 33.77
1436280300000 33.81
1436280360000 33.85
1436280420000 33.85
1436280480000 33.835
1436280540000 33.81
1436280600000 33.83
1436280660000 33.805
1436280720000 33.83
1436280780000 33.83
1436280840000 33.85
1436280900000 33.84
1436280960000 33.76
1436281020000 33.75
1436281080000 33.76
1436281140000 33.85
1436281200000 33.8
1436281260000 33.85
1436281320000 33.79
1436281380000 33.76
1436281440000 33.63
1436281500000 33.71
1436281560000 33.71
