1436261400000 80.01
1436261700000 79.41
1436262060000 79.42
1436262120000 79.5
1436262180000 79.33
1436262240000 79.33
1436262300000 79.3
1436262360000 79.2
1436262420000 79.1701
1436262480000 79.27
1436262540000 79.22
1436262600000 79.18
1436262660000 79.0711
1436262720000 79.02
1436262840000 78.97
1436262900000 79.015
1436263020000 78.88
1436263080000 78.96
1436263140000 78.92
1436263260000 78.91
1436263320000 78.91
1436263380000 78.83
1436263440000 78.81
1436263500000 78.81
1436263620000 78.8
1436263680000 78.63
1436263740000 78.57
1436263800000 78.68
1436263860000 78.72
1436263920000 78.63
1436263980000 78.63
1436264040000 78.63
1436264100000 78.58
1436264160000 78.435
1436264220000 78.39
1436264280000 78.31
1436264340000 78.29
1436264400000 78.3252
1436264460000 78.31
1436264520000 78.24
1436264580000 78.24
1436264640000 78.26
1436264700000 78.25
1436264760000 78.26
1436264820000 78.23
1436264880000 78.01
1436264940000 78.0
1436265000000 77.98
1436265060000 77.93
1436265120000 77.9699
1436265180000 77.933
1436265240000 77.85
1436265300000 77.885
1436265360000 77.795
1436265420000 77.7818
1436265480000 77.78
1436265540000 77.86
1436265600000 77.72
1436265660000 77.75
1436265720000 77.66
1436265780000 77.71
1436265840000 77.67
1436265900000 77.76
1436265960000 77.74
1436266020000 78.015
1436266080000 77.97
1436266140000 78.1
1436266200000 78.15
1436266260000 78.1499
1436266320000 78.2899
1436266380000 78.25
1436266440000 78.385
1436266500000 78.2625
1436266560000 78.2
1436266620000 78.16
1436266680000 78.18
1436266740000 78.065
1436266800000 78.12
1436266860000 78.08
1436266920000 78.01
1436266980000 78.0
1436267040000 77.91
1436267100000 77.92
1436267160000 77.94
1436267220000 77.9
1436267280000 77.93
1436267340000 77.94
1436267400000 77.99
1436267460000 78.06
1436267520000 78.11
1436267580000 78.03
1436267640000 78.005
1436267700000 78.02
1436267760000 78.04
1436267880000 78.11
1436267940000 78.11
1436268000000 78.2699
1436268060000 78.26
1436268120000 78.08
1436268180000 78.23
1436268240000 78.27
1436268300000 78.24
1436268360000 78.15
1436268420000 78.19
1436268480000 78.28
1436268540000 78.14
1436268600000 78.05
1436268660000 77.94
1436268720000 78.01
1436268780000 77.97
1436268840000 77.85
1436268900000 77.85
1436268960000 77.82
1436269020000 77.88
1436269080000 77.89
1436269140000 78.01
1436269200000 78.18
1436269260000 78.14
1436269320000 78.26
1436269380000 78.28
1436269440000 78.28
1436269500000 78.38
1436269560000 78.35
1436269620000 78.38
1436269680000 78.55
1436269740000 78.5155
1436269800000 78.48
1436269860000 78.47
1436269920000 78.44
1436269980000 78.46
1436270040000 78.41
1436270100000 78.43
1436270160000 78.42
1436270220000 78.62
1436270280000 78.57
1436270340000 78.54
1436270400000 78.58
1436270460000 78.63
1436270520000 78.68
1436270580000 78.75
1436270640000 78.8
1436270700000 78.84
1436270760000 78.77
1436270820000 78.78
1436270880000 78.835
1436270940000 78.81
1436271000000 78.79
1436271060000 78.72
1436271120000 78.695
1436271180000 78.65
1436271240000 78.655
1436271300000 78.68
1436271360000 78.73
1436271420000 78.76
1436271480000 78.73
1436271600000 78.705
1436271660000 78.73
1436271720000 78.72
1436271780000 78.76
1436271840000 78.73
1436271900000 78.76
1436271960000 78.76
1436272020000 78.78
1436272080000 78.82
1436272140000 78.86
1436272260000 78.81
1436272320000 78.77
1436272380000 78.82
1436272440000 78.84
1436272500000 78.9
1436272560000 78.88
1436272620000 78.87
1436272680000 78.9
1436272740000 78.94
1436272800000 78.93
1436272860000 78.91
1436272920000 78.91
1436272980000 78.92
1436273040000 78.85
1436273100000 78.905
1436273160000 78.97
1436273220000 79.01
1436273280000 78.99
1436273340000 79.02
1436273400000 79.05
1436273520000 79.06
1436273580000 79.02
1436273640000 79.09
1436273700000 79.029
1436273760000 79.09
1436273820000 79.09
1436273880000 79.12
1436273940000 79.17
1436274000000 79.18
1436274060000 79.18
1436274120000 79.13
1436274180000 79.09
1436274240000 79.1
1436274360000 79.13
1436274420000 79.05
1436274480000 79.05
1436274540000 79.12
1436274600000 79.15
1436274660000 79.165
1436274720000 79.29
1436274780000 79.4
1436274840000 79.39
1436274900000 79.47
1436274960000 79.39
1436275020000 79.38
1436275080000 79.42
1436275140000 79.38
1436275200000 79.425
1436275260000 79.42
1436275320000 79.375
1436275380000 79.37
1436275440000 79.37
1436275560000 79.405
1436275620000 79.41
1436275680000 79.425
1436275740000 79.4
1436275800000 79.39
1436275860000 79.36
1436275920000 79.24
1436275980000 79.21
1436276040000 79.23
1436276100000 79.23
1436276160000 79.23
1436276220000 79.2
1436276280000 79.15
1436276340000 79.16
1436276400000 79.12
1436276460000 79.09
1436276520000 79.15
1436276580000 79.15
1436276640000 79.21
1436276700000 79.345
1436276760000 79.33
1436276820000 79.29
1436276880000 79.3
1436276940000 79.26
1436277060000 79.24
1436277120000 79.2501
1436277180000 79.24
1436277240000 79.2301
1436277300000 79.23
1436277360000 79.28
1436277420000 79.25
1436277480000 79.23
1436277540000 79.22
1436277600000 79.16
1436277660000 79.15
1436277720000 79.15
1436277780000 79.12
1436277840000 79.075
1436277900000 79.04
1436277960000 78.99
1436278020000 78.96
1436278080000 78.94
1436278140000 78.935
1436278200000 79.02
1436278320000 79.065
1436278380000 79.04
1436278440000 79.03
1436278500000 79.02
1436278560000 79.03
1436278620000 79.12
1436278680000 79.15
1436278740000 79.08
1436278800000 79.0
1436278860000 78.88
1436278920000 78.77
1436278980000 78.76
1436279040000 78.77
1436279100000 78.84
1436279160000 78.89
1436279220000 78.855
1436279280000 78.85
1436279340000 78.82
1436279460000 78.87
1436279520000 78.95
1436279580000 79.03
1436279640000 79.03
1436279760000 79.12
1436279820000 79.12
1436279880000 79.09
1436280000000 79.22
1436280060000 79.28
1436280120000 79.39
1436280180000 79.43
1436280240000 79.51
1436280300000 79.51
1436280360000 79.51
1436280420000 79.51
1436280480000 79.53
1436280540000 79.495
1436280600000 79.54
1436280660000 79.57
1436280720000 79.6
1436280780000 79.51
1436280840000 79.53
1436280900000 79.48
1436280960000 79.48
1436281080000 79.64
1436281140000 79.73
1436281200000 79.7
1436281260000 79.71
1436281320000 79.69
1436281380000 79.67
1436281440000 79.67
1436281500000 79.66
1436281560000 79.58
