1436261400000 61.32
1436261880000 61.34
1436261940000 61.41
1436262000000 61.47
1436262120000 61.52
1436262180000 61.47
1436262360000 61.38
1436262480000 61.43
1436262600000 61.34
1436262720000 61.3
1436262780000 61.22
1436262900000 61.34
1436263020000 61.14
1436263080000 61.03
1436263320000 61.08
1436263440000 61.32
1436263500000 61.29
1436263620000 61.23
1436263740000 61.12
1436263800000 61.04
1436263920000 61.2
1436263980000 61.27
1436264040000 61.28
1436264100000 61.26
1436264160000 61.18
1436264220000 61.19
1436264280000 61.15
1436264340000 61.17
1436264400000 61.16
1436264460000 61.16
1436264520000 61.14
1436264700000 61.13
1436265000000 60.85
1436265060000 60.86
1436265240000 60.68
1436265300000 60.69
1436265360000 60.68
1436265480000 60.6
1436265540000 60.64
1436265720000 60.62
1436265780000 60.5
1436265840000 60.5
1436265900000 60.57
1436265960000 60.55
1436266020000 60.71
1436266080000 60.74
1436266140000 60.82
1436266200000 60.7
1436266380000 60.68
1436266440000 60.8
1436266740000 60.63
1436266860000 60.57
1436266980000 60.64
1436267040000 60.55
1436267220000 60.51
1436267340000 60.51
1436267400000 60.55
1436267460000 60.58
1436267580000 60.55
1436267640000 60.56
1436267700000 60.52
1436267820000 60.52
1436267880000 60.53
1436268060000 60.5
1436268120000 60.41
1436268180000 60.37
1436268240000 60.41
1436268300000 60.43
1436268360000 60.43
1436268420000 60.42
1436268540000 60.21
1436268600000 60.3
1436268660000 60.43
1436268720000 60.48
1436268780000 60.47
1436268840000 60.57
1436268900000 60.51
1436269020000 60.51
1436269080000 60.58
1436269140000 60.6
1436269200000 60.8
1436269380000 60.83
1436269440000 60.81
1436269740000 60.73
1436269800000 60.8
1436269860000 60.74
1436269980000 60.64
1436270160000 60.71
1436270220000 60.96
1436270280000 60.95
1436270340000 60.8
1436270400000 60.9
1436270640000 60.8
1436270700000 60.8
1436270940000 60.71
1436271000000 60.66
1436271180000 60.61
1436271240000 60.54
1436271300000 60.64
1436271360000 60.54
1436271420000 60.53
1436271540000 60.54
1436271600000 60.57
1436271660000 60.58
1436271720000 60.53
1436271840000 60.52
1436271900000 60.51
1436271960000 60.51
1436272020000 60.5
1436272200000 60.5
1436272260000 60.54
1436272560000 60.74
1436272680000 60.64
1436272740000 60.75
1436272920000 60.75
1436273040000 60.82
1436273100000 60.89
1436273220000 60.84
1436273280000 60.87
1436273400000 60.81
1436273460000 60.8
1436273580000 60.8
1436273640000 60.89
1436273760000 61.01
1436273820000 61.05
1436273880000 61.05
1436274060000 61.19
1436274120000 61.11
1436274180000 61.12
1436274240000 61.08
1436274300000 61.155
1436274360000 61.05
1436274420000 61.05
1436274540000 61.07
1436274600000 61.1
1436274720000 61.14
1436274960000 61.24
1436275080000 61.09
1436275200000 61.02
1436275260000 61.0
1436275380000 61.09
1436275500000 61.12
1436275560000 61.18
1436275620000 61.13
1436275740000 61.08
1436275800000 61.07
1436275980000 61.11
1436276220000 61.09
1436276280000 61.17
1436276340000 61.09
1436276400000 61.12
1436276460000 61.02
1436276580000 60.98
1436276640000 61.08
1436276700000 61.18
1436276760000 61.14
1436276820000 61.14
1436276880000 61.17
1436276940000 61.14
1436277000000 61.15
1436277060000 61.12
1436277120000 60.9613
1436277180000 61.07
1436277240000 61.18
1436277540000 61.14
1436277720000 61.18
1436277840000 61.17
1436278020000 61.14
1436278140000 61.12
1436278200000 61.15
1436278320000 61.16
1436278380000 61.13
1436278440000 61.12
1436278500000 61.03
1436278560000 61.08
1436278680000 61.07
1436278740000 60.99
1436278800000 60.98
1436278920000 60.95
1436279040000 60.98
1436279100000 60.98
1436279160000 60.99
1436279220000 61.035
1436279280000 61.08
1436279340000 61.05
1436279400000 61.08
1436279460000 61.04
1436279520000 61.05
1436279580000 61.1
1436279700000 61.23
1436279760000 61.22
1436279820000 61.12
1436280000000 61.15
1436280060000 61.15
1436280120000 61.31
1436280180000 61.35
1436280240000 61.41
1436280300000 61.48
1436280360000 61.435
1436280420000 61.45
1436280480000 61.48
1436280540000 61.48
1436280600000 61.475
1436280660000 61.53
1436280780000 61.515
1436280900000 61.5
1436280960000 61.48
1436281020000 61.5
1436281080000 61.49
1436281140000 61.72
1436281200000 61.69
1436281260000 61.68
1436281440000 61.65
1436281500000 61.59
1436281560000 61.58
