1436261400000 373.26
1436261460000 372.66
1436261520000 372.95
1436261580000 372.94
1436261640000 373.25
1436261700000 372.78
1436261760000 372.74
1436261820000 372.06
1436261880000 372.08
1436261940000 372.9
1436262000000 372.49
1436262060000 372.823
1436262120000 372.5
1436262180000 373.0
1436262240000 373.02
1436262300000 372.86
1436262360000 372.53
1436262420000 372.53
1436262480000 372.88
1436262540000 372.99
1436262600000 372.39
1436262660000 372.07
1436262720000 372.28
1436262780000 373.07
1436262840000 373.28
1436262900000 373.0
1436262960000 372.776
1436263020000 372.9
1436263080000 372.06
1436263140000 371.73
1436263200000 372.048
1436263260000 371.55
1436263320000 371.397
1436263380000 371.92
1436263440000 371.61
1436263500000 371.46
1436263560000 371.34
1436263620000 371.28
1436263680000 370.32
1436263740000 370.28
1436263800000 370.67
1436263860000 371.57
1436263920000 371.32
1436263980000 371.3
1436264040000 371.36
1436264100000 370.95
1436264160000 370.75
1436264220000 370.57
1436264280000 370.71
1436264340000 370.85
1436264400000 370.53
1436264460000 370.55
1436264520000 371.02
1436264580000 371.12
1436264640000 370.87
1436264700000 370.96
1436264760000 370.61
1436264820000 370.66
1436264880000 370.49
1436264940000 370.61
1436265000000 370.62
1436265060000 370.03
1436265120000 369.714
1436265180000 370.083
1436265240000 369.64
1436265300000 369.55
1436265360000 369.0
1436265420000 369.133
1436265480000 368.52
1436265540000 368.29
1436265600000 367.35
1436265660000 367.05
1436265720000 366.62
1436265780000 366.16
1436265840000 366.19
1436265900000 366.54
1436265960000 366.69
1436266020000 368.245
1436266080000 368.268
1436266140000 368.48
1436266200000 368.31
1436266260000 367.88
1436266320000 368.27
1436266380000 368.59
1436266440000 368.96
1436266500000 369.41
1436266560000 368.91
1436266620000 369.13
1436266680000 368.79
1436266740000 368.78
1436266800000 368.78
1436266860000 368.07
1436266920000 368.169
1436266980000 368.0
1436267040000 368.33
1436267100000 368.28
1436267160000 368.12
1436267220000 368.315
1436267280000 368.26
1436267340000 368.66
1436267400000 368.39
1436267460000 368.68
1436267520000 369.07
1436267580000 369.19
1436267640000 368.84
1436267700000 368.9
1436267760000 368.95
1436267820000 368.94
1436267880000 368.73
1436267940000 368.53
1436268000000 368.546
1436268060000 368.4
1436268120000 368.07
1436268180000 368.09
1436268240000 368.17
1436268300000 368.185
1436268360000 367.918
1436268420000 368.15
1436268480000 368.34
1436268540000 367.8
1436268600000 367.7
1436268660000 367.39
1436268720000 367.429
1436268780000 367.3
1436268840000 366.79
1436268900000 366.55
1436268960000 366.51
1436269020000 366.65
1436269080000 367.21
1436269140000 367.7
1436269200000 367.88
1436269260000 368.22
1436269320000 368.32
1436269380000 368.61
1436269440000 368.72
1436269500000 368.59
1436269560000 368.22
1436269620000 368.05
1436269680000 368.16
1436269740000 368.17
1436269800000 367.875
1436269860000 367.99
1436269920000 367.7
1436269980000 367.68
1436270040000 367.91
1436270100000 367.97
1436270160000 368.46
1436270220000 369.173
1436270280000 368.97
1436270340000 368.83
1436270400000 368.97
1436270460000 368.61
1436270520000 368.45
1436270580000 368.69
1436270640000 369.11
1436270700000 369.05
1436270760000 368.74
1436270820000 368.52
1436270880000 368.565
1436270940000 368.5
1436271000000 368.42
1436271060000 367.99
1436271120000 367.64
1436271180000 367.77
1436271240000 367.85
1436271300000 367.885
1436271360000 368.19
1436271420000 368.045
1436271480000 368.1
1436271540000 368.35
1436271600000 368.27
1436271660000 368.37
1436271720000 368.53
1436271780000 368.56
1436271840000 368.47
1436271900000 368.56
1436271960000 368.655
1436272020000 368.9
1436272080000 368.99
1436272140000 368.88
1436272200000 368.725
1436272260000 368.832
1436272320000 369.15
1436272380000 369.2
1436272440000 369.718
1436272500000 369.99
1436272560000 369.68
1436272620000 369.99
1436272680000 369.851
1436272740000 370.15
1436272800000 370.15
1436272860000 370.04
1436272920000 370.21
1436272980000 370.46
1436273040000 370.42
1436273100000 370.655
1436273160000 370.67
1436273220000 370.84
1436273280000 371.02
1436273340000 370.94
1436273400000 370.91
1436273460000 370.83
1436273520000 370.95
1436273580000 370.73
1436273640000 370.849
1436273700000 371.11
1436273760000 371.05
1436273820000 370.87
1436273880000 371.28
1436273940000 371.61
1436274000000 371.41
1436274060000 371.43
1436274120000 371.42
1436274180000 370.72
1436274240000 370.89
1436274300000 370.995
1436274360000 370.69
1436274420000 370.17
1436274480000 370.32
1436274540000 370.9
1436274600000 370.98
1436274660000 371.17
1436274720000 371.41
1436274780000 371.695
1436274840000 371.67
1436274900000 371.89
1436274960000 371.67
1436275020000 371.22
1436275080000 371.1
1436275140000 371.27
1436275200000 371.55
1436275260000 370.99
1436275380000 371.42
1436275440000 371.57
1436275500000 371.41
1436275560000 371.14
1436275620000 371.07
1436275680000 371.32
1436275740000 371.31
1436275800000 371.55
1436275860000 371.81
1436275920000 371.31
1436275980000 371.43
1436276040000 371.44
1436276100000 371.61
1436276160000 371.84
1436276220000 371.71
1436276280000 371.76
1436276340000 371.76
1436276400000 371.72
1436276460000 371.36
1436276520000 371.34
1436276580000 371.5
1436276640000 371.638
1436276700000 371.96
1436276760000 371.905
1436276820000 371.86
1436276880000 371.58
1436276940000 372.01
1436277000000 371.7
1436277060000 371.355
1436277120000 371.27
1436277180000 371.68
1436277240000 371.47
1436277300000 371.43
1436277360000 371.44
1436277420000 371.592
1436277480000 371.53
1436277540000 371.38
1436277600000 371.64
1436277660000 371.53
1436277720000 371.43
1436277780000 371.41
1436277840000 371.39
1436277900000 371.34
1436277960000 371.237
1436278020000 371.32
1436278080000 371.1
1436278140000 371.29
1436278200000 371.24
1436278260000 371.24
1436278320000 371.22
1436278380000 371.12
1436278440000 370.99
1436278500000 370.62
1436278560000 370.33
1436278620000 370.318
1436278680000 370.22
1436278740000 369.83
1436278800000 369.64
1436278860000 369.44
1436278920000 368.91
1436278980000 368.55
1436279040000 368.7
1436279100000 368.92
1436279160000 369.03
1436279220000 369.115
1436279280000 369.25
1436279340000 369.47
1436279400000 369.29
1436279460000 369.42
1436279520000 369.63
1436279580000 369.92
1436279640000 369.86
1436279700000 369.98
1436279760000 370.23
1436279820000 370.2
1436279880000 370.25
1436279940000 370.59
1436280000000 370.55
1436280060000 370.92
1436280120000 371.54
1436280180000 371.37
1436280240000 371.53
1436280300000 371.594
1436280360000 371.7
1436280420000 372.15
1436280480000 372.0
1436280540000 371.97
1436280600000 371.93
1436280660000 371.83
1436280720000 372.0
1436280780000 371.9
1436280840000 372.195
1436280900000 372.12
1436280960000 371.98
1436281020000 372.36
1436281080000 372.36
1436281140000 373.15
1436281200000 373.01
1436281260000 372.9
1436281320000 372.53
1436281380000 372.588
1436281440000 372.435
1436281500000 372.87
1436281560000 372.54
