1436261400000 41.98
1436261760000 41.6
1436261940000 41.5001
1436262000000 41.76
1436262120000 41.66
1436262180000 41.6
1436262300000 41.32
1436262420000 41.59
1436262480000 41.54
1436263020000 41.4
1436263080000 41.38
1436263140000 41.24
1436263500000 41.01
1436263560000 41.22
1436263860000 41.18
1436264040000 41.31
1436264100000 41.3
1436264340000 41.03
1436264460000 40.9701
1436264520000 41.2
1436264880000 41.0
1436265360000 41.14
1436265420000 41.14
1436265480000 41.14
1436265840000 41.06
1436265900000 40.98
1436266020000 41.05
1436266140000 41.03
1436266320000 41.02
1436266440000 41.07
1436266500000 41.12
1436267040000 40.95
1436267100000 41.06
1436267160000 41.1
1436267220000 41.06
1436267460000 41.1
1436267640000 41.17
1436269140000 41.18
1436269320000 41.185
1436269440000 41.18
1436269500000 41.18
1436269620000 41.15
1436269920000 41.0542
1436270040000 41.07
1436270100000 41.07
1436270160000 41.15
1436270220000 41.15
1436271120000 41.15
1436271300000 41.02
1436271360000 41.12
1436271540000 41.12
1436272200000 41.13
1436272260000 41.15
1436272560000 41.09
1436272800000 41.28
1436273160000 41.29
1436273220000 41.32
1436273880000 41.39
1436274060000 41.31
1436274660000 41.49
1436274840000 41.54
1436275080000 41.54
1436275320000 41.66
1436275560000 41.61
1436276160000 41.72
1436276340000 41.775
1436276400000 41.84
1436276640000 41.83
1436277720000 41.8
1436278860000 41.81
1436278920000 41.84
1436279880000 41.9
1436280720000 41.97
1436281140000 42.16
1436281320000 42.16
