1404705600000 13.82
1404792000000 12.9
1404878400000 12.01
1404964800000 12.13
1405051200000 11.92
1405310400000 12.47
1405396800000 12.0
1405483200000 11.89
1405569600000 11.06
1405656000000 11.72
1405915200000 11.72
1406001600000 11.81
1406088000000 11.87
1406174400000 11.47
1406260800000 11.55
1406520000000 11.91
1406606400000 11.85
1406692800000 11.67
1406779200000 11.49
1406865600000 11.92
1407124800000 12.36
1407211200000 12.25
1407297600000 12.43
1407384000000 12.25
1407470400000 12.58
1407729600000 12.82
1407816000000 11.37
1407902400000 11.76
1407988800000 11.45
1408075200000 11.39
1408334400000 11.33
1408420800000 11.38
1408507200000 11.12
1408593600000 10.7
1408680000000 10.61
1408939200000 11.45
1409025600000 11.04
1409112000000 10.86
1409198400000 10.45
1409284800000 11.44
1409630400000 11.07
1409716800000 10.77
1409803200000 10.83
1409889600000 10.73
1410148800000 10.68
1410235200000 10.51
1410321600000 10.8
1410408000000 10.8
1410494400000 10.45
1410753600000 9.7
1410840000000 10.02
1410926400000 9.95
1411012800000 9.78
1411099200000 9.08
1411358400000 8.25
1411444800000 7.6
1411531200000 6.94
1411617600000 6.43
1411704000000 6.52
1411963200000 7.11
1412049600000 7.03
1412136000000 6.06
1412222400000 6.26
1412308800000 6.3
1412568000000 6.27
1412654400000 6.03
1412740800000 6.32
1412827200000 6.0
1412913600000 5.83
1413172800000 6.18
1413259200000 6.5
1413345600000 6.98
1413432000000 7.58
1413518400000 7.04
1413777600000 7.29
1413864000000 7.35
1413950400000 6.9
1414036800000 7.19
1414123200000 7.215
1414382400000 7.22
1414468800000 7.78
1414555200000 7.67
1414641600000 7.66
1414728000000 7.77
1414990800000 7.43
1415077200000 7.33
1415163600000 7.38
1415250000000 7.5
1415336400000 7.53
1415595600000 7.7
1415682000000 7.53
1415768400000 7.67
1415854800000 7.64
1415941200000 7.59
1416200400000 7.22
1416286800000 7.23
1416373200000 6.88
1416459600000 7.01
1416546000000 6.93
1416805200000 6.96
1416891600000 6.89
1416978000000 6.78
1417150800000 6.6
1417410000000 7.0
1417496400000 6.73
1417582800000 6.32
1417669200000 6.295
1417755600000 6.28
1418014800000 5.95
1418101200000 5.7
1418187600000 5.61
1418274000000 5.47
1418360400000 5.19
1418619600000 5.27
1418706000000 5.41
1418792400000 5.97
1418878800000 6.15
1418965200000 6.49
1419224400000 6.26
1419310800000 5.92
1419397200000 5.74
1419570000000 6.27
1419829200000 6.38
1419915600000 6.25
1420002000000 6.43
1420174800000 6.4
1420434000000 6.36
1420520400000 5.45
1420606800000 5.55
1420693200000 5.73
1420779600000 5.67
1421038800000 5.52
1421125200000 5.97
1421211600000 5.83
1421298000000 5.63
1421384400000 5.74
1421730000000 5.72
1421816400000 5.41
1421902800000 5.18
1421989200000 5.15
1422248400000 5.17
1422334800000 5.37
1422421200000 5.21
1422507600000 5.64
1422594000000 5.07
1422853200000 5.14
1422939600000 5.23
1423026000000 5.2
1423112400000 5.24
1423198800000 5.21
1423458000000 5.24
1423544400000 5.27
1423630800000 5.24
1423717200000 5.25
1423803600000 5.27
1424149200000 5.58
1424235600000 5.31
1424322000000 5.32
1424408400000 5.36
1424667600000 5.23
1424754000000 5.11
1424840400000 5.14
1424926800000 5.7
1425013200000 5.43
1425272400000 5.43
1425358800000 5.31
1425445200000 5.31
1425531600000 5.62
1425618000000 6.61
1425873600000 7.21
1425960000000 7.43
1426046400000 7.07
1426132800000 7.32
1426219200000 7.63
1426478400000 8.46
1426564800000 8.46
1426651200000 8.61
1426737600000 8.1
1426824000000 7.71
1427083200000 8.01
1427169600000 8.36
1427256000000 8.02
1427342400000 7.81
1427428800000 7.94
1427688000000 16.42
1427774400000 16.43
1427860800000 16.47
1427947200000 16.46
1428292800000 16.5
1428379200000 16.5
1428465600000 16.48
1428552000000 16.5
1428638400000 16.49
1428897600000 16.5
1428984000000 16.49
1429070400000 16.49
1429156800000 16.5
1429243200000 16.47
1429502400000 16.49
1429588800000 16.49
1429675200000 16.47
1429761600000 16.5
1429848000000 16.48
1430107200000 16.5
1430193600000 16.48
1430280000000 16.48
1430366400000 16.52
1430452800000 16.55
