1436261400000 2.54
1436261580000 2.5305
1436261700000 2.5436
1436261760000 2.54
1436261880000 2.52
1436261940000 2.52
1436262060000 2.52
1436262120000 2.5
1436262180000 2.45
1436262240000 2.45
1436262300000 2.47
1436262540000 2.47
1436262720000 2.4809
1436262840000 2.484
1436263140000 2.47
1436263200000 2.45
1436263320000 2.44
1436263380000 2.43
1436263560000 2.43
1436263800000 2.44
1436263920000 2.43
1436263980000 2.421
1436264040000 2.4299
1436264100000 2.43
1436264160000 2.427
1436264280000 2.43
1436264340000 2.4252
1436264400000 2.42
1436264520000 2.42
1436264580000 2.42
1436264640000 2.42
1436264760000 2.43
1436264820000 2.42
1436264880000 2.41
1436264940000 2.41
1436265000000 2.41
1436265060000 2.4
1436265120000 2.4012
1436265240000 2.4042
1436265300000 2.4
1436265360000 2.3899
1436265420000 2.3501
1436265480000 2.33
1436265540000 2.3399
1436265600000 2.33
1436265660000 2.32
1436265720000 2.335
1436265780000 2.35
1436265900000 2.33
1436265960000 2.293
1436266020000 2.3
1436266080000 2.2979
1436266140000 2.3
1436266260000 2.2999
1436266320000 2.299
1436266440000 2.2999
1436266500000 2.3
1436266620000 2.2999
1436266680000 2.2901
1436266740000 2.2946
1436266800000 2.2979
1436266920000 2.2936
1436266980000 2.29
1436267160000 2.29
1436267220000 2.2988
1436267340000 2.2972
1436267460000 2.29
1436267520000 2.2901
1436267580000 2.3
1436267640000 2.2921
1436267700000 2.2914
1436267820000 2.2912
1436267880000 2.29
1436267940000 2.29
1436268000000 2.2899
1436268060000 2.29
1436268120000 2.29
1436268180000 2.29
1436268240000 2.289
1436268300000 2.289
1436268480000 2.2801
1436268540000 2.283
1436268660000 2.289
1436268720000 2.289
1436268780000 2.29
1436268900000 2.2899
1436268960000 2.28
1436269140000 2.287
1436269560000 2.28
1436269620000 2.29
1436269920000 2.3
1436269980000 2.3199
1436270040000 2.32
1436270100000 2.33
1436270160000 2.3063
1436270220000 2.338
1436270280000 2.338
1436270340000 2.35
1436270400000 2.335
1436270460000 2.34
1436270520000 2.3301
1436270580000 2.3362
1436270640000 2.3321
1436270700000 2.33
1436270760000 2.34
1436270940000 2.3315
1436271120000 2.3399
1436271300000 2.34
1436271360000 2.34
1436271480000 2.35
1436272020000 2.34
1436272080000 2.36
1436272140000 2.36
1436272260000 2.36
1436272320000 2.37
1436272740000 2.36
1436272860000 2.37
1436273100000 2.37
1436273160000 2.3611
1436273340000 2.37
1436273400000 2.361
1436273520000 2.3686
1436273580000 2.37
1436273700000 2.37
1436273760000 2.38
1436273820000 2.3999
1436274000000 2.3901
1436274180000 2.3901
1436274240000 2.4
1436274480000 2.3999
1436274660000 2.4
1436274720000 2.4
1436274780000 2.4
1436275020000 2.42
1436275140000 2.4201
1436275380000 2.43
1436275440000 2.43
1436275920000 2.43
1436275980000 2.4201
1436276280000 2.42
1436276340000 2.43
1436276700000 2.425
1436277060000 2.43
1436277600000 2.43
1436277660000 2.4
1436278800000 2.37
1436278980000 2.3701
1436279040000 2.3701
1436279220000 2.371
1436279340000 2.38
1436280180000 2.39
1436280240000 2.39
1436280300000 2.4
1436280360000 2.4
1436280420000 2.39
1436280480000 2.41
1436280540000 2.4101
1436280600000 2.415
1436280720000 2.4102
1436281080000 2.42
1436281140000 2.42
1436281260000 2.427
1436281440000 2.4247
