1436261400000 10.5
1436261580000 10.5
1436261640000 10.44
1436262060000 10.4499
1436263200000 10.4082
1436263500000 10.39
1436263740000 10.4037
1436264100000 10.3901
1436264340000 10.39
1436264400000 10.39
1436264460000 10.4
1436265480000 10.36
1436265540000 10.34
1436265840000 10.3243
1436266200000 10.3182
1436267160000 10.3199
1436267340000 10.3199
1436267400000 10.3199
1436267460000 10.3199
1436267580000 10.3199
1436267940000 10.3091
1436268780000 10.3
1436268960000 10.306
1436269620000 10.3111
1436269680000 10.3
1436269800000 10.301
1436269920000 10.301
1436269980000 10.3
1436270040000 10.3
1436270160000 10.31
1436270220000 10.31
1436270640000 10.3145
1436270700000 10.31
1436270940000 10.295
1436271600000 10.3399
1436272320000 10.3399
1436272680000 10.33
1436273700000 10.38
1436274720000 10.3501
1436275200000 10.4423
1436275800000 10.44
1436275860000 10.44
1436277420000 10.4254
1436277900000 10.4711
1436278020000 10.435
1436279340000 10.4067
1436279520000 10.38
1436281500000 10.5141
