1436261400000 68.03
1436261460000 67.69
1436261580000 67.8
1436261640000 67.775
1436261700000 67.74
1436261760000 67.74
1436261820000 67.255
1436261940000 67.62
1436262120000 67.78
1436262240000 67.76
1436262300000 67.87
1436262360000 67.91
1436262420000 67.85
1436262480000 67.96
1436262600000 67.95
1436262660000 67.68
1436262720000 67.65
1436262780000 67.755
1436262840000 67.64
1436262900000 67.43
1436262960000 67.56
1436263020000 67.56
1436263080000 67.59
1436263140000 67.49
1436263200000 67.56
1436263260000 67.56
1436263320000 67.49
1436263380000 67.66
1436263440000 67.54
1436263500000 67.54
1436263620000 67.52
1436263740000 67.5
1436263860000 67.58
1436263920000 67.6
1436264040000 67.56
1436264160000 67.475
1436264220000 67.53
1436264340000 67.59
1436264460000 67.55
1436264520000 67.57
1436264580000 67.58
1436264700000 67.5505
1436264760000 67.4766
1436264820000 67.57
1436264880000 67.47
1436264940000 67.39
1436265000000 67.31
1436265060000 67.27
1436265120000 67.25
1436265180000 67.27
1436265240000 67.18
1436265360000 67.09
1436265420000 67.04
1436265480000 67.04
1436265540000 66.95
1436265600000 66.84
1436265660000 66.79
1436265720000 66.84
1436265780000 66.72
1436265840000 66.71
1436265900000 66.732
1436265960000 66.9
1436266020000 67.1
1436266140000 67.07
1436266320000 67.03
1436266380000 67.1
1436266440000 67.17
1436266500000 67.28
1436266800000 67.0
1436266860000 66.93
1436266920000 66.89
1436266980000 66.8512
1436267040000 66.93
1436267100000 67.0349
1436267220000 66.94
1436267520000 67.06
1436267580000 67.06
1436267640000 66.97
1436267700000 67.13
1436267760000 67.05
1436267820000 67.09
1436267940000 66.92
1436268000000 66.9101
1436268060000 66.785
1436268120000 66.645
1436268180000 66.71
1436268240000 66.73
1436268300000 66.74
1436268480000 66.74
1436268540000 66.68
1436268600000 66.64
1436268660000 66.64
1436268720000 66.73
1436268780000 66.57
1436268840000 66.51
1436268900000 66.4759
1436268960000 66.46
1436269020000 66.49
1436269080000 66.57
1436269140000 66.65
1436269200000 66.77
1436269260000 66.88
1436269320000 66.78
1436269380000 66.8185
1436269440000 66.93
1436269500000 66.94
1436269740000 66.805
1436269800000 66.85
1436269920000 66.78
1436269980000 66.84
1436270040000 66.87
1436270100000 66.93
1436270160000 66.95
1436270220000 67.01
1436270280000 67.0
1436270340000 67.02
1436270400000 67.02
1436270520000 66.94
1436270760000 66.835
1436271000000 66.81
1436271060000 66.61
1436271180000 66.56
1436271240000 66.663
1436271300000 66.67
1436271420000 66.77
1436271480000 66.83
1436271600000 66.9
1436271720000 66.92
1436271900000 66.91
1436271960000 66.94
1436272020000 66.89
1436272080000 66.91
1436272140000 66.89
1436272260000 66.92
1436272320000 66.93
1436272380000 66.91
1436272440000 66.98
1436272500000 67.02
1436272560000 66.96
1436272740000 66.98
1436272800000 67.09
1436272860000 67.05
1436272920000 67.05
1436273040000 67.08
1436273160000 67.11
1436273220000 67.08
1436273340000 67.1
1436273400000 67.09
1436273460000 67.0899
1436273520000 67.041
1436273580000 66.92
1436273640000 66.95
1436273700000 67.03
1436273820000 67.07
1436273940000 67.19
1436274000000 67.19
1436274060000 67.2
1436274120000 67.16
1436274180000 67.07
1436274240000 67.19
1436274360000 67.09
1436274420000 67.03
1436274480000 67.02
1436274540000 66.96
1436274600000 67.07
1436274660000 67.16
1436274720000 67.18
1436274780000 67.15
1436274840000 67.15
1436274900000 67.205
1436274960000 67.17
1436275140000 67.11
1436275200000 67.01
1436275260000 67.0
1436275320000 67.12
1436275440000 67.14
1436275500000 67.14
1436275560000 67.03
1436275620000 67.075
1436275680000 67.04
1436275740000 67.13
1436275800000 67.14
1436275860000 67.065
1436275920000 67.03
1436275980000 67.05
1436276040000 67.08
1436276100000 67.16
1436276160000 67.15
1436276220000 67.175
1436276280000 67.16
1436276400000 67.15
1436276460000 67.02
1436276520000 67.03
1436276580000 66.96
1436276640000 66.89
1436276700000 67.05
1436276760000 67.0057
1436276880000 66.99
1436276940000 66.955
1436277000000 66.97
1436277060000 66.94
1436277120000 66.88
1436277180000 66.94
1436277240000 66.95
1436277300000 66.96
1436277360000 66.98
1436277420000 66.97
1436277480000 66.97
1436277540000 66.95
1436277600000 66.81
1436277660000 66.85
1436277720000 66.87
1436277780000 66.81
1436277840000 66.87
1436277900000 66.89
1436277960000 66.9
1436278020000 66.94
1436278140000 66.92
1436278200000 66.97
1436278260000 66.95
1436278320000 66.95
1436278440000 67.0
1436278500000 66.97
1436278560000 66.94
1436278620000 66.95
1436278680000 66.95
1436278740000 66.92
1436278800000 66.92
1436278860000 66.94
1436278920000 66.95
1436278980000 66.94
1436279040000 66.94
1436279160000 66.99
1436279220000 66.98
1436279280000 66.99
1436279340000 66.97
1436279400000 66.95
1436279460000 66.945
1436279520000 66.95
1436279580000 67.01
1436279640000 66.9617
1436279700000 66.94
1436279820000 66.93
1436279880000 66.92
1436280000000 66.91
1436280060000 67.015
1436280120000 66.97
1436280180000 67.01
1436280300000 66.93
1436280360000 66.95
1436280420000 67.01
1436280480000 66.96
1436280540000 66.97
1436280600000 66.96
1436280660000 66.97
1436280720000 66.99
1436280780000 66.9924
1436280840000 67.0
1436280900000 66.96
1436280960000 66.96
1436281020000 66.97
1436281080000 67.0
1436281140000 67.0
1436281200000 67.0242
1436281260000 66.99
1436281320000 66.99
1436281380000 66.95
1436281440000 66.98
1436281500000 67.01
