1436261400000 82.63
1436261580000 82.7849
1436261700000 82.5
1436261760000 82.5699
1436261820000 82.2648
1436261880000 82.2758
1436261940000 82.4108
1436262120000 82.22
1436262240000 82.2
1436262360000 82.46
1436262420000 82.05
1436262600000 82.4555
1436262720000 82.39
1436262900000 82.51
1436262960000 82.78
1436263020000 82.53
1436263260000 82.35
1436263500000 82.35
1436263860000 82.3367
1436263920000 82.28
1436264280000 82.16
1436264340000 82.01
1436264520000 81.8
1436264640000 81.62
1436264700000 81.92
1436264760000 81.75
1436264820000 81.7601
1436264880000 81.79
1436264940000 81.852
1436265000000 82.05
1436265060000 82.6027
1436265120000 82.4682
1436265180000 82.82
1436265240000 81.9649
1436265660000 81.9712
1436265960000 81.84
1436266020000 81.84
1436266140000 81.8676
1436266200000 81.81
1436266320000 81.3
1436266380000 81.2185
1436266440000 81.6036
1436266500000 81.87
1436266560000 81.4633
1436266620000 81.64
1436266680000 81.98
1436266740000 81.93
1436266860000 81.91
1436267100000 81.7
1436267400000 81.57
1436267520000 81.1451
1436267640000 81.57
1436267880000 81.5332
1436268000000 81.62
1436268180000 81.619
1436268360000 81.6034
1436268480000 81.3445
1436268600000 81.7
1436269020000 81.7
1436269320000 81.863
1436269380000 81.91
1436269560000 82.39
1436269740000 82.04
1436269980000 82.2
1436270100000 81.9945
1436270220000 82.42
1436270280000 82.3399
1436270340000 82.27
1436270400000 82.05
1436270520000 82.3
1436271060000 82.15
1436271120000 82.28
1436271180000 82.42
1436271300000 82.4249
1436271420000 82.43
1436271480000 82.42
1436271600000 82.4849
1436271720000 82.16
1436272020000 82.3944
1436272260000 82.3669
1436272380000 82.4949
1436272680000 82.478
1436272800000 82.5
1436273100000 82.4098
1436273520000 82.2866
1436273820000 82.72
1436273880000 82.7457
1436274120000 82.72
1436274300000 82.63
1436274360000 82.88
1436274480000 82.7418
1436274660000 82.7
1436274720000 82.95
1436274780000 83.2
1436274900000 83.1748
1436274960000 82.861
1436275020000 82.82
1436275080000 83.5
1436275140000 83.35
1436275260000 83.235
1436275320000 83.4057
1436275500000 83.42
1436275620000 83.67
1436275740000 83.99
1436275860000 84.31
1436275980000 84.31
1436276040000 84.14
1436276100000 84.19
1436276160000 84.2
1436276220000 84.34
1436276280000 83.96
1436276340000 84.15
1436276400000 84.124
1436276520000 84.12
1436276580000 84.3455
1436276760000 84.02
1436276820000 84.41
1436276940000 84.4
1436277060000 84.41
1436277120000 84.16
1436277180000 84.07
1436277240000 83.8
1436277300000 83.89
1436277360000 84.29
1436277420000 84.51
1436277480000 84.2
1436277600000 83.775
1436277660000 83.35
1436277720000 83.51
1436277780000 83.4749
1436277900000 84.04
1436277960000 83.67
1436278020000 83.65
1436278080000 83.504
1436278140000 83.49
1436278200000 83.7
1436278320000 83.49
1436278380000 83.38
1436278440000 83.26
1436278740000 83.35
1436278800000 83.4
1436278860000 83.25
1436278920000 83.02
1436278980000 83.19
1436279100000 83.4
1436279160000 83.5
1436279460000 83.47
1436279580000 83.48
1436279820000 83.48
1436280180000 83.592
1436280540000 84.13
1436280660000 83.664
1436280720000 83.9621
1436281140000 83.8
1436281200000 83.752
1436281260000 83.98
1436281380000 83.94
1436281500000 83.9797
