1436261400000 29.29
1436261580000 29.184
1436263260000 29.22
1436263320000 29.21
1436263380000 29.23
1436263680000 29.15
1436263740000 29.12
1436264580000 29.1185
1436265540000 29.02
1436265720000 29.03
1436265900000 29.05
1436265960000 29.05
1436266380000 29.06
1436266560000 29.06
1436266740000 29.064
1436266980000 29.08
1436267040000 29.06
1436267100000 29.04
1436267160000 29.04
1436267220000 29.05
1436267280000 29.06
1436267340000 29.06
1436267400000 29.06
1436267760000 29.08
1436268000000 29.02
1436268060000 29.06
1436268120000 29.06
1436268180000 29.06
1436268240000 29.06
1436268300000 29.05
1436268360000 29.04
1436268420000 29.05
1436268480000 29.05
1436268540000 29.04
1436268600000 29.06
1436268660000 29.06
1436268720000 29.06
1436268780000 29.04
1436268840000 29.04
1436268900000 29.03
1436268960000 29.03
1436269020000 29.05
1436269080000 29.04
1436269140000 29.05
1436269200000 29.06
1436269440000 29.05
1436269500000 29.06
1436269920000 29.1
1436269980000 29.1
1436270040000 29.075
1436270520000 29.0901
1436270700000 29.14
1436271420000 29.11
1436271600000 29.11
1436271720000 29.14
1436272260000 29.14
1436272380000 29.14
1436272560000 29.1159
1436272680000 29.15
1436272800000 29.17
1436273100000 29.17
1436273160000 29.19
1436273220000 29.2
1436273400000 29.19
1436273520000 29.195
1436273640000 29.2
1436273700000 29.21
1436273760000 29.2
1436273940000 29.23
1436274000000 29.1806
1436274180000 29.21
1436274240000 29.21
1436274480000 29.1664
1436276760000 29.29
1436276820000 29.2897
1436276880000 29.289
1436277540000 29.2553
1436277600000 29.28
1436277780000 29.2401
1436277900000 29.285
1436277960000 29.2745
1436278200000 29.2702
1436278440000 29.26
1436278500000 29.2679
1436278740000 29.22
1436278800000 29.26
1436278860000 29.22
1436279100000 29.24
1436279940000 29.27
1436280180000 29.32
1436280240000 29.3001
1436280360000 29.35
1436280540000 29.35
1436280780000 29.35
1436280840000 29.3138
1436280900000 29.3499
1436281500000 29.343
