1436261400000 4.7
1436261460000 4.73
1436261580000 4.73
1436261700000 4.68
1436262180000 4.68
1436262360000 4.68
1436262840000 4.69
1436262960000 4.68
1436263560000 4.69
1436264220000 4.69
1436264820000 4.68
1436265240000 4.68
1436265300000 4.68
1436265360000 4.68
1436265420000 4.68
1436265480000 4.68
1436265540000 4.68
1436265600000 4.68
1436265660000 4.68
1436265720000 4.68
1436265780000 4.68
1436265840000 4.68
1436265900000 4.6801
1436265960000 4.68
1436266020000 4.67
1436266140000 4.66
1436266260000 4.66
1436266320000 4.65
1436266560000 4.64
1436266860000 4.65
1436266920000 4.64
1436266980000 4.63
1436267040000 4.63
1436268360000 4.64
1436268720000 4.63
1436268900000 4.63
1436268960000 4.63
1436269020000 4.63
1436269080000 4.63
1436269440000 4.63
1436269740000 4.63
1436270100000 4.63
1436270160000 4.63
1436270220000 4.63
1436270400000 4.63
1436270580000 4.63
1436270700000 4.64
1436270760000 4.63
1436271060000 4.63
1436272200000 4.64
1436272500000 4.64
1436272740000 4.65
1436272920000 4.65
1436273340000 4.66
1436273400000 4.65
1436273700000 4.65
1436273820000 4.65
1436273880000 4.645
1436273940000 4.64
1436274900000 4.64
1436275200000 4.64
1436275380000 4.645
1436275680000 4.63
1436276940000 4.66
1436277240000 4.64
1436277360000 4.63
1436277840000 4.65
1436277900000 4.65
1436278260000 4.66
1436278320000 4.66
1436278440000 4.66
1436278620000 4.66
1436278860000 4.6699
1436278920000 4.66
1436279100000 4.67
1436279340000 4.69
1436279520000 4.69
1436280300000 4.69
1436280540000 4.69
1436280600000 4.695
1436280720000 4.7
1436281080000 4.7
1436281140000 4.695
1436281320000 4.69
1436281560000 4.69
