1436261400000 18.39
1436261640000 18.33
1436261820000 18.25
1436261940000 18.24
1436262000000 18.24
1436262120000 18.23
1436262240000 18.23
1436262300000 18.275
1436262360000 18.26
1436262420000 18.26
1436262540000 18.29
1436262600000 18.32
1436262900000 18.3
1436262960000 18.29
1436263020000 18.31
1436263140000 18.24
1436263200000 18.25
1436263380000 18.24
1436263500000 18.26
1436263680000 18.24
1436263800000 18.24
1436264040000 18.25
1436264100000 18.23
1436264160000 18.21
1436264400000 18.19
1436264520000 18.2
1436264700000 18.17
1436264820000 18.09
1436265060000 18.11
1436265180000 18.05
1436265300000 18.05
1436265360000 18.06
1436265420000 18.07
1436265540000 18.08
1436265600000 18.06
1436265720000 18.04
1436265900000 18.06
1436265960000 18.08
1436266080000 18.12
1436266140000 18.13
1436266200000 18.15
1436266260000 18.14
1436266320000 18.19
1436266380000 18.21
1436266440000 18.22
1436266500000 18.24
1436266560000 18.25
1436266620000 18.27
1436266680000 18.24
1436266740000 18.21
1436266800000 18.21
1436266860000 18.21
1436266980000 18.24
1436267100000 18.23
1436267160000 18.23
1436267220000 18.24
1436267280000 18.245
1436267400000 18.25
1436267520000 18.25
1436267580000 18.24
1436267700000 18.26
1436267760000 18.2547
1436267940000 18.2201
1436268000000 18.23
1436268060000 18.22
1436268240000 18.22
1436268300000 18.21
1436268420000 18.21
1436268540000 18.19
1436268600000 18.16
1436268720000 18.1601
1436268780000 18.16
1436268840000 18.14
1436268900000 18.14
1436268960000 18.12
1436269080000 18.16
1436269140000 18.19
1436269260000 18.21
1436269320000 18.24
1436269440000 18.24
1436269500000 18.23
1436269560000 18.22
1436269620000 18.22
1436269680000 18.19
1436269740000 18.19
1436269800000 18.19
1436269980000 18.2
1436270040000 18.19
1436270160000 18.21
1436270220000 18.28
1436270280000 18.32
1436270400000 18.28
1436270580000 18.26
1436270700000 18.22
1436270820000 18.21
1436270880000 18.24
1436270940000 18.18
1436271240000 18.17
1436271360000 18.18
1436271420000 18.17
1436271540000 18.17
1436271720000 18.167
1436271960000 18.15
1436272020000 18.16
1436272140000 18.155
1436272200000 18.14
1436272260000 18.16
1436272440000 18.19
1436272500000 18.17
1436272620000 18.2004
1436272740000 18.22
1436272800000 18.21
1436272980000 18.21
1436273100000 18.21
1436273160000 18.26
1436273220000 18.26
1436273280000 18.32
1436273400000 18.28
1436273460000 18.32
1436273580000 18.31
1436273640000 18.34
1436273880000 18.35
1436274000000 18.35
1436274060000 18.39
1436274120000 18.37
1436274180000 18.35
1436274240000 18.37
1436274300000 18.37
1436274360000 18.36
1436274420000 18.345
1436274480000 18.32
1436274540000 18.29
1436274660000 18.29
1436274840000 18.34
1436274900000 18.36
1436274960000 18.39
1436275020000 18.3382
1436275080000 18.35
1436275140000 18.37
1436275740000 18.35
1436275800000 18.35
1436275860000 18.36
1436275920000 18.29
1436276100000 18.29
1436276400000 18.29
1436276640000 18.32
1436276940000 18.32
1436277000000 18.32
1436277060000 18.32
1436277300000 18.32
1436277360000 18.315
1436277420000 18.32
1436277660000 18.32
1436277720000 18.315
1436277900000 18.3
1436277960000 18.3001
1436278200000 18.3
1436278260000 18.31
1436278320000 18.32
1436278380000 18.3
1436278440000 18.2987
1436278500000 18.29
1436278560000 18.29
1436278620000 18.29
1436278680000 18.29
1436278740000 18.27
1436278800000 18.28
1436278920000 18.278
1436278980000 18.28
1436279040000 18.27
1436279100000 18.27
1436279400000 18.23
1436279460000 18.264
1436279520000 18.27
1436279580000 18.29
1436279820000 18.27
1436279940000 18.27
1436280000000 18.25
1436280060000 18.3
1436280180000 18.31
1436280420000 18.36
1436280600000 18.33
1436280720000 18.34
1436280780000 18.34
1436280840000 18.34
1436280900000 18.35
1436281020000 18.37
1436281080000 18.37
1436281260000 18.44
1436281380000 18.42
1436281440000 18.42
1436281500000 18.42
1436281560000 18.44
