1436261400000 2.16
1436261880000 2.09
1436262180000 2.06
1436262300000 2.02
1436262480000 2.07
1436262780000 2.06
1436262840000 2.09
1436264400000 2.06
1436264520000 2.07
1436264820000 2.06
1436265060000 2.09
1436265840000 2.07
1436266200000 2.06
1436266320000 2.0603
1436266380000 2.08
1436266500000 2.08
1436267340000 2.07
1436267400000 2.08
1436267820000 2.09
1436267940000 2.0901
1436268300000 2.0901
1436268540000 2.095
1436269080000 2.1
1436269260000 2.1
1436269500000 2.1
1436270340000 2.11
1436270460000 2.1
1436270700000 2.0901
1436270820000 2.1
1436271360000 2.095
1436271420000 2.1
1436271480000 2.095
1436271540000 2.09
1436271600000 2.09
1436271780000 2.1
1436271840000 2.14
1436271900000 2.14
1436272140000 2.14
1436272200000 2.18
1436272260000 2.19
1436272320000 2.19
1436272500000 2.18
1436272680000 2.17
1436272740000 2.18
1436272800000 2.18
1436273100000 2.19
1436273580000 2.19
1436273640000 2.18
1436273760000 2.19
1436273820000 2.19
1436273880000 2.2
1436274360000 2.18
1436274420000 2.18
1436274480000 2.18
1436274540000 2.17
1436274600000 2.19
1436274660000 2.19
1436274840000 2.17
1436274960000 2.16
1436275020000 2.16
1436275140000 2.15
1436275440000 2.16
1436275680000 2.17
1436275800000 2.17
1436275860000 2.18
1436276520000 2.17
1436276580000 2.19
1436277120000 2.19
1436277180000 2.18
1436277300000 2.17
1436277900000 2.1201
1436278380000 2.13
1436278860000 2.13
1436279160000 2.13
1436279280000 2.16
1436279520000 2.17
1436280120000 2.16
1436280360000 2.16
1436281080000 2.17
1436281380000 2.16
1436281440000 2.17
