1436261400000 12.32
1436261640000 12.29
1436261700000 12.21
1436261760000 12.185
1436261820000 12.2
1436261940000 12.21
1436262000000 12.16
1436262060000 12.19
1436262300000 12.19
1436262540000 12.2
1436262600000 12.21
1436262660000 12.2
1436262720000 12.21
1436262780000 12.23
1436262840000 12.23
1436262960000 12.21
1436263020000 12.2
1436263140000 12.15
1436263260000 12.15
1436263320000 12.16
1436263380000 12.2
1436263560000 12.18
1436263620000 12.22
1436263680000 12.2
1436263740000 12.16
1436263800000 12.17
1436263860000 12.18
1436263920000 12.19
1436264100000 12.18
1436264280000 12.18
1436264340000 12.18
1436264400000 12.16
1436264460000 12.16
1436264520000 12.17
1436264580000 12.19
1436264640000 12.16
1436264700000 12.17
1436264760000 12.17
1436264820000 12.16
1436264880000 12.1238
1436264940000 12.12
1436265000000 12.12
1436265240000 12.12
1436265360000 12.11
1436265420000 12.1
1436265600000 12.08
1436265720000 12.08
1436265780000 12.05
1436265840000 12.06
1436265960000 12.09
1436266020000 12.14
1436266080000 12.12
1436266380000 12.14
1436266440000 12.16
1436266740000 12.14
1436266980000 12.11
1436267220000 12.07
1436267280000 12.08
1436267400000 12.06
1436267580000 12.1
1436267700000 12.09
1436267880000 12.12
1436268060000 12.09
1436268720000 12.06
1436268780000 12.02
1436268840000 12.01
1436268900000 12.0045
1436268960000 12.0
1436269020000 12.0
1436269140000 12.02
1436269200000 12.04
1436269320000 12.06
1436269440000 12.09
1436269620000 12.1
1436269860000 12.1
1436269920000 12.1
1436269980000 12.1
1436270100000 12.0804
1436270160000 12.08
1436270340000 12.11
1436270520000 12.142
1436270700000 12.12
1436270760000 12.134
1436271120000 12.09
1436271360000 12.1
1436271480000 12.08
1436271540000 12.08
1436271660000 12.09
1436271840000 12.09
1436272080000 12.1
1436273040000 12.14
1436273100000 12.13
1436273220000 12.16
1436273280000 12.18
1436273520000 12.2
1436273580000 12.18
1436273940000 12.2
1436274240000 12.23
1436274300000 12.22
1436274480000 12.19
1436274540000 12.19
1436274720000 12.22
1436274780000 12.25
1436274840000 12.29
1436274900000 12.27
1436274960000 12.25
1436275260000 12.25
1436275320000 12.25
1436275380000 12.25
1436275440000 12.26
1436275740000 12.27
1436275920000 12.25
1436276220000 12.251
1436276400000 12.23
1436276460000 12.25
1436276520000 12.2665
1436276580000 12.26
1436276760000 12.284
1436276880000 12.26
1436277000000 12.285
1436277060000 12.28
1436277120000 12.28
1436277180000 12.28
1436277240000 12.28
1436277360000 12.28
1436277420000 12.28
1436277540000 12.28
1436277720000 12.28
1436277840000 12.28
1436277900000 12.28
1436277960000 12.29
1436278020000 12.27
1436278080000 12.28
1436278320000 12.306
1436278620000 12.31
1436278680000 12.27
1436278740000 12.275
1436278800000 12.275
1436278920000 12.28
1436278980000 12.28
1436279040000 12.28
1436279100000 12.28
1436279220000 12.28
1436279340000 12.28
1436279520000 12.28
1436279580000 12.26
1436279640000 12.28
1436279700000 12.31
1436279760000 12.295
1436279820000 12.32
1436279880000 12.31
1436279940000 12.33
1436280120000 12.33
1436280180000 12.36
1436280240000 12.36
1436280300000 12.44
1436280420000 12.4
1436280600000 12.4
1436280660000 12.39
1436280840000 12.395
1436280960000 12.39
1436281080000 12.42
1436281140000 12.47
1436281260000 12.45
1436281320000 12.45
1436281440000 12.46
1436281500000 12.43
1436281560000 12.45
