1436261400000 4.02
1436261460000 4.0
1436261520000 4.017
1436261580000 4.011
1436261640000 3.99
1436261700000 3.98
1436261760000 3.98
1436261820000 3.97
1436261940000 3.96
1436262000000 3.965
1436262180000 3.96
1436262300000 3.95
1436262360000 3.95
1436262420000 3.97
1436262540000 3.96
1436262600000 3.97
1436262660000 3.97
1436262720000 3.99
1436262840000 3.98
1436262900000 3.98
1436262960000 3.96
1436263020000 3.97
1436263080000 3.97
1436263140000 3.96
1436263200000 3.96
1436263260000 3.97
1436263320000 3.9699
1436263380000 3.9725
1436263440000 3.97
1436263500000 3.98
1436263560000 3.976
1436263620000 3.97
1436263680000 3.96
1436263740000 3.96
1436263800000 3.9601
1436263860000 3.96
1436263980000 3.96
1436264040000 3.97
1436264100000 3.975
1436264160000 3.97
1436264280000 3.98
1436264340000 3.98
1436264460000 3.98
1436264580000 3.98
1436264640000 3.9801
1436264700000 3.97
1436264880000 3.97
1436265000000 3.96
1436265120000 3.97
1436265180000 3.97
1436265240000 3.98
1436265540000 3.95
1436265600000 3.93
1436265660000 3.93
1436265720000 3.91
1436265840000 3.91
1436265900000 3.92
1436265960000 3.92
1436266020000 3.94
1436266080000 3.93
1436266140000 3.93
1436266200000 3.939
1436266320000 3.9499
1436266380000 3.96
1436266440000 3.97
1436266500000 3.9754
1436266560000 3.96
1436266800000 3.96
1436266860000 3.9448
1436266980000 3.95
1436267100000 3.94
1436267160000 3.936
1436267220000 3.94
1436267280000 3.93
1436267520000 3.96
1436267580000 3.97
1436267640000 3.97
1436267700000 3.96
1436267760000 3.96
1436267820000 3.95
1436268000000 3.95
1436268060000 3.95
1436268120000 3.93
1436268180000 3.92
1436268240000 3.92
1436268300000 3.92
1436268360000 3.92
1436268420000 3.93
1436268600000 3.9221
1436268720000 3.93
1436268780000 3.93
1436268840000 3.92
1436268900000 3.91
1436268960000 3.91
1436269020000 3.92
1436269080000 3.9258
1436269140000 3.94
1436269200000 3.94
1436269320000 3.948
1436269380000 3.9555
1436269440000 3.9599
1436269500000 3.97
1436269740000 3.96
1436269860000 3.95
1436269920000 3.93
1436269980000 3.94
1436270040000 3.94
1436270100000 3.95
1436270160000 3.95
1436270220000 3.96
1436270280000 3.96
1436270340000 3.96
1436270460000 3.95
1436270520000 3.94
1436270580000 3.95
1436270700000 3.95
1436270880000 3.95
1436271000000 3.95
1436271060000 3.94
1436271120000 3.94
1436271720000 3.93
1436271780000 3.93
1436271840000 3.94
1436271900000 3.93
1436271960000 3.94
1436272020000 3.93
1436272260000 3.9417
1436272380000 3.952
1436272500000 3.96
1436272560000 3.95
1436272620000 3.96
1436272680000 3.95
1436272740000 3.96
1436272860000 3.95
1436272920000 3.96
1436272980000 3.95
1436273040000 3.95
1436273100000 3.95
1436273160000 3.963
1436273340000 3.96
1436273520000 3.96
1436273640000 3.97
1436273700000 3.97
1436273880000 3.98
1436274000000 3.97
1436274120000 3.97
1436274180000 3.96
1436274240000 3.97
1436274360000 3.97
1436274420000 3.96
1436274480000 3.96
1436274540000 3.97
1436274600000 3.9628
1436274660000 3.96
1436274720000 3.98
1436274780000 3.98
1436275080000 3.98
1436275140000 3.97
1436275200000 3.97
1436275260000 3.95
1436275320000 3.96
1436275560000 3.97
1436275620000 3.97
1436275800000 3.98
1436275920000 3.97
1436275980000 3.97
1436276040000 3.97
1436276280000 3.97
1436276340000 3.97
1436276400000 3.965
1436276460000 3.965
1436276640000 3.97
1436276700000 3.98
1436276760000 3.97
1436276820000 3.97
1436276940000 3.97
1436277000000 3.97
1436277120000 3.96
1436277180000 3.97
1436277240000 3.98
1436277300000 3.97
1436277360000 3.97
1436277540000 3.97
1436277780000 3.97
1436277900000 3.96
1436277960000 3.96
1436278140000 3.96
1436278260000 3.96
1436278440000 3.96
1436278500000 3.965
1436278560000 3.955
1436278680000 3.955
1436278740000 3.955
1436278800000 3.95
1436278860000 3.94
1436278920000 3.941
1436279040000 3.92
1436279100000 3.91
1436279220000 3.93
1436279520000 3.94
1436279640000 3.94
1436279700000 3.94
1436279880000 3.94
1436280000000 3.95
1436280060000 3.96
1436280180000 3.96
1436280300000 3.96
1436280420000 3.97
1436280480000 3.97
1436280540000 3.97
1436280660000 3.965
1436280720000 3.97
1436280900000 3.97
1436280960000 3.97
1436281020000 3.9701
1436281080000 3.98
1436281140000 3.98
1436281200000 3.98
1436281260000 3.98
1436281320000 3.97
1436281380000 3.975
1436281440000 3.975
1436281500000 3.97
1436281560000 3.975
