1436261760000 8.2
1436263740000 8.15
1436265120000 8.14
1436267820000 8.22
1436268960000 8.24
1436270940000 8.31
1436272800000 8.26
1436274240000 8.25
1436274360000 8.23
1436274660000 8.2
1436278440000 8.16
1436279940000 8.22
1436280300000 8.22
1436280360000 8.23
1436280420000 8.22
1436280480000 8.2
1436280540000 8.2
1436280660000 8.2
1436280720000 8.2
1436280840000 8.2
1436281020000 8.18
1436281080000 8.19
1436281200000 8.19
1436281260000 8.18
1436281380000 8.18
1436281440000 8.18
1436281500000 8.18
