1433323800000 0.0299
1433323860000 0.0298
1433323920000 0.0299
1433323980000 0.028
1433324220000 0.025
1433324280000 0.025
1433324520000 0.0251
1433324580000 0.0252
1433324700000 0.0244
1433324760000 0.0248
1433324940000 0.0249
1433325000000 0.025
1433325060000 0.0251
1433325120000 0.0229
1433325180000 0.0231
1433325240000 0.0233
1433325360000 0.0235
1433325420000 0.0235
1433325540000 0.0235
1433325600000 0.0236
1433325660000 0.0236
1433325720000 0.0236
1433325780000 0.0236
1433325840000 0.0236
1433325960000 0.024
1433326080000 0.0248
1433326140000 0.024
1433326200000 0.024
1433326320000 0.0241
1433326380000 0.024
1433326680000 0.024
1433326800000 0.0237
1433327040000 0.0229
1433327280000 0.023
1433327400000 0.0224
1433327760000 0.0237
1433327880000 0.0224
1433327940000 0.0224
1433328060000 0.0223
1433328120000 0.0223
1433328180000 0.024
1433328360000 0.0223
1433328540000 0.0223
1433328600000 0.0224
1433328660000 0.0223
1433328720000 0.0223
1433328780000 0.0223
1433328900000 0.0224
1433329020000 0.0223
1433329080000 0.0223
1433329140000 0.0224
1433329260000 0.0223
1433329320000 0.0223
1433329380000 0.0222
1433329440000 0.0221
1433329500000 0.0222
1433329560000 0.0222
1433329980000 0.0217
1433330160000 0.0214
1433330280000 0.0222
1433330340000 0.0221
1433330400000 0.0221
1433330580000 0.0213
1433330760000 0.0221
1433330880000 0.0213
1433330940000 0.0213
1433331060000 0.0214
1433331120000 0.0213
1433331360000 0.0215
1433331540000 0.0215
1433331660000 0.0218
1433331720000 0.0218
1433331780000 0.0229
1433331900000 0.0218
1433332080000 0.0218
1433332200000 0.0218
1433332740000 0.0228
1433332920000 0.0229
1433333040000 0.0231
1433333160000 0.023
1433333220000 0.0239
1433333280000 0.0238
1433333340000 0.022
1433333400000 0.0238
1433334060000 0.023
1433334120000 0.0229
1433334180000 0.0238
1433334240000 0.0238
1433334360000 0.022
1433334420000 0.022
1433334480000 0.0219
1433334540000 0.022
1433335260000 0.022
1433335500000 0.022
1433335620000 0.022
1433335860000 0.0219
1433335980000 0.0218
1433336100000 0.0218
1433336160000 0.0218
1433336460000 0.0219
1433336580000 0.0218
1433336760000 0.0218
1433336820000 0.0218
1433336880000 0.0246
1433337060000 0.0245
1433337120000 0.0245
1433337240000 0.0245
1433337540000 0.024
1433338200000 0.0228
1433338260000 0.0213
1433339040000 0.0223
1433339400000 0.0246
1433340120000 0.0239
1433340180000 0.0236
1433340480000 0.0237
1433340840000 0.0238
1433340900000 0.0245
1433340960000 0.0244
1433341200000 0.0237
1433341740000 0.0237
1433342220000 0.0237
1433342400000 0.0237
1433343120000 0.0241
1433343180000 0.0223
1433343480000 0.0245
1433343600000 0.0223
1433343780000 0.0244
1433343900000 0.0249
1433344020000 0.024
1433344260000 0.0241
1433344560000 0.0259
1433344740000 0.024
1433344860000 0.0259
1433344920000 0.0265
1433344980000 0.0259
1433345040000 0.0259
1433345100000 0.024
1433345220000 0.0258
1433345280000 0.027
1433345340000 0.026
1433345400000 0.024
1433345580000 0.025
1433345640000 0.024
1433345820000 0.0249
1433345940000 0.0241
1433346000000 0.024
1433346060000 0.024
1433346180000 0.024
1433346240000 0.0223
1433346300000 0.0223
1433346360000 0.0219
1433346480000 0.0221
1433346540000 0.0225
1433346600000 0.0219
1433346660000 0.022
1433346720000 0.0234
1433346780000 0.022
1433346960000 0.0239
1433347080000 0.022
1433347140000 0.024
1433348940000 0.024
