1436261400000 9.42
1436261460000 9.53
1436261520000 9.58
1436261640000 9.6
1436261700000 9.53
1436261760000 9.42
1436261820000 9.37
1436261880000 9.3699
1436261940000 9.33
1436262060000 9.41
1436262120000 9.46
1436262180000 9.51
1436262240000 9.46
1436262300000 9.5
1436262360000 9.5
1436262480000 9.46
1436262540000 9.455
1436262660000 9.44
1436262720000 9.45
1436262780000 9.455
1436262840000 9.465
1436263140000 9.43
1436263440000 9.43
1436263500000 9.43
1436263920000 9.45
1436263980000 9.45
1436264040000 9.47
1436264100000 9.47
1436264160000 9.47
1436264220000 9.42
1436264280000 9.39
1436264340000 9.39
1436264400000 9.39
1436264460000 9.38
1436264520000 9.375
1436264580000 9.43
1436264640000 9.42
1436264700000 9.44
1436264820000 9.43
1436264880000 9.43
1436264940000 9.42
1436265000000 9.41
1436265060000 9.37
1436265120000 9.34
1436265180000 9.33
1436265240000 9.33
1436265360000 9.36
1436265540000 9.37
1436265600000 9.38
1436265660000 9.37
1436265840000 9.32
1436265900000 9.32
1436265960000 9.33
1436266020000 9.38
1436266080000 9.4
1436266140000 9.39
1436266200000 9.4
1436266260000 9.35
1436266320000 9.4
1436266380000 9.38
1436266440000 9.4
1436266500000 9.39
1436266560000 9.37
1436266620000 9.37
1436266680000 9.399
1436266740000 9.38
1436266800000 9.38
1436266860000 9.38
1436266920000 9.39
1436267040000 9.39
1436267100000 9.44
1436267160000 9.43
1436267220000 9.42
1436267280000 9.41
1436267340000 9.44
1436267640000 9.42
1436267700000 9.43
1436267760000 9.44
1436268000000 9.4399
1436268120000 9.43
1436268180000 9.43
1436268300000 9.4399
1436268360000 9.42
1436268600000 9.44
1436268840000 9.42
1436269140000 9.39
1436269200000 9.41
1436269320000 9.42
1436269380000 9.435
1436269440000 9.44
1436269500000 9.43
1436269560000 9.45
1436269620000 9.45
1436269680000 9.46
1436269800000 9.45
1436269920000 9.44
1436270160000 9.45
1436270220000 9.46
1436270400000 9.46
1436270580000 9.47
1436270640000 9.47
1436270700000 9.47
1436270820000 9.45
1436270880000 9.45
1436271060000 9.45
1436271180000 9.455
1436271420000 9.41
1436271480000 9.4
1436271540000 9.41
1436271960000 9.42
1436272140000 9.4
1436272320000 9.42
1436272440000 9.42
1436272500000 9.43
1436272620000 9.44
1436272740000 9.4601
1436272800000 9.47
1436272920000 9.47
1436273160000 9.45
1436273220000 9.47
1436273460000 9.47
1436273580000 9.47
1436273640000 9.47
1436273700000 9.47
1436273760000 9.46
1436273820000 9.45
1436274180000 9.455
1436274240000 9.455
1436274360000 9.44
1436274420000 9.445
1436274540000 9.44
1436274660000 9.45
1436274780000 9.455
1436274840000 9.45
1436274900000 9.46
1436274960000 9.48
1436275140000 9.472
1436275200000 9.48
1436275260000 9.48
1436275320000 9.49
1436275380000 9.49
1436275440000 9.495
1436275620000 9.51
1436275740000 9.51
1436276280000 9.5
1436276520000 9.51
1436276640000 9.51
1436276760000 9.53
1436276880000 9.54
1436276940000 9.53
1436277000000 9.52
1436277060000 9.51
1436277420000 9.51
1436277540000 9.49
1436277600000 9.51
1436277780000 9.51
1436277840000 9.5
1436277900000 9.5
1436278020000 9.5
1436278080000 9.5
1436278140000 9.5
1436278200000 9.5
1436278320000 9.5
1436278380000 9.5
1436278440000 9.51
1436278560000 9.5
1436278620000 9.49
1436278680000 9.46
1436279040000 9.43
1436279100000 9.4295
1436279340000 9.43
1436279400000 9.43
1436279460000 9.42
1436279520000 9.43
1436279580000 9.43
1436279700000 9.44
1436279760000 9.43
1436279820000 9.4
1436280000000 9.43
1436280060000 9.43
1436280180000 9.43
1436280240000 9.4301
1436280300000 9.43
1436280420000 9.43
1436280480000 9.43
1436280540000 9.42
1436280600000 9.42
1436280660000 9.425
1436280720000 9.42
1436280780000 9.44
1436280840000 9.44
1436281020000 9.43
1436281080000 9.44
1436281140000 9.48
1436281200000 9.49
1436281320000 9.5
1436281380000 9.51
1436281440000 9.51
1436281500000 9.54
1436281560000 9.54
