1436261400000 46.52
1436261640000 46.33
1436261700000 46.15
1436261760000 46.11
1436261820000 46.22
1436262060000 46.25
1436262120000 46.24
1436262240000 46.26
1436262480000 46.22
1436262840000 46.29
1436262900000 46.43
1436263620000 46.17
1436263680000 46.13
1436263740000 46.12
1436264280000 46.05
1436264820000 46.03
1436265000000 45.88
1436265720000 45.79
1436265780000 45.825
1436265840000 45.82
1436265900000 45.79
1436265960000 45.761
1436266020000 45.85
1436266080000 45.8
1436266140000 45.75
1436266200000 45.69
1436266260000 45.82
1436266800000 45.85
1436267040000 45.7051
1436267280000 45.7
1436267460000 45.81
1436267700000 45.8
1436267880000 45.875
1436268000000 45.85
1436268300000 45.83
1436268540000 45.77
1436268840000 45.69
1436268900000 45.78
1436269140000 45.77
1436269380000 45.89
1436269680000 45.83
1436269980000 45.8421
1436270040000 45.88
1436270100000 45.94
1436270160000 45.97
1436270220000 45.92
1436270400000 45.93
1436270640000 46.02
1436270820000 45.91
1436270880000 45.91
1436271060000 45.88
1436271240000 45.88
1436271420000 45.88
1436271480000 45.95
1436271540000 45.92
1436271600000 45.8801
1436271960000 46.01
1436272020000 46.01
1436272080000 45.95
1436272320000 45.96
1436272500000 45.97
1436272680000 46.01
1436272860000 45.94
1436273160000 45.98
1436273640000 46.1
1436273700000 46.14
1436273820000 46.14
1436273880000 46.15
1436274060000 46.12
1436274240000 46.21
1436274360000 46.2
1436274720000 46.17
1436274960000 46.09
1436275200000 46.13
1436275440000 46.12
1436275800000 46.09
1436275980000 46.07
1436276280000 46.02
1436276640000 46.12
1436276820000 46.01
1436277000000 46.0
1436277420000 45.98
1436277540000 45.95
1436278320000 45.89
1436278740000 45.96
1436278860000 45.89
1436279160000 45.79
1436279700000 45.84
1436279880000 45.85
1436280000000 45.89
1436280060000 45.78
1436280180000 45.93
1436280420000 46.005
1436280480000 46.1
1436281020000 46.12
1436281080000 46.13
1436281140000 46.24
1436281200000 46.2001
1436281260000 46.17
1436281440000 46.14
1436281500000 46.14
