1436261400000 30.57
1436261520000 30.57
1436261580000 30.56
1436261640000 30.57
1436261760000 30.54
1436261820000 30.54
1436261880000 30.5
1436261940000 30.54
1436262000000 30.52
1436262060000 30.52
1436262120000 30.51
1436262180000 30.52
1436262240000 30.53
1436262360000 30.5101
1436262420000 30.55
1436262480000 30.5401
1436262540000 30.55
1436262600000 30.55
1436262660000 30.54
1436262720000 30.55
1436262780000 30.55
1436262840000 30.55
1436262900000 30.55
1436262960000 30.54
1436263020000 30.54
1436263200000 30.509
1436263260000 30.51
1436263320000 30.51
1436263380000 30.51
1436263440000 30.51
1436263500000 30.51
1436263560000 30.51
1436263620000 30.47
1436263800000 30.46
1436263860000 30.5
1436263920000 30.49
1436263980000 30.47
1436264040000 30.47
1436264100000 30.44
1436264160000 30.42
1436264220000 30.45
1436264280000 30.46
1436264340000 30.44
1436264400000 30.46
1436264460000 30.47
1436264520000 30.452
1436264640000 30.44
1436264700000 30.45
1436264760000 30.44
1436264820000 30.44
1436264940000 30.42
1436265000000 30.42
1436265060000 30.39
1436265120000 30.39
1436265180000 30.38
1436265240000 30.3649
1436265300000 30.37
1436265360000 30.3701
1436265420000 30.4
1436265480000 30.4
1436265600000 30.34
1436265720000 30.34
1436265840000 30.32
1436265960000 30.35
1436266020000 30.38
1436266140000 30.38
1436266320000 30.4
1436266440000 30.4
1436266500000 30.39
1436266560000 30.399
1436266620000 30.4
1436266680000 30.3699
1436266740000 30.37
1436266800000 30.37
1436266860000 30.33
1436266920000 30.37
1436266980000 30.365
1436267040000 30.36
1436267160000 30.3301
1436267280000 30.35
1436267400000 30.37
1436267520000 30.38
1436267580000 30.38
1436267700000 30.3701
1436267760000 30.39
1436267820000 30.4
1436267880000 30.4
1436267940000 30.37
1436268000000 30.34
1436268060000 30.34
1436268120000 30.35
1436268180000 30.37
1436268300000 30.38
1436268480000 30.36
1436268540000 30.36
1436268600000 30.33
1436268660000 30.3501
1436268720000 30.35
1436268780000 30.35
1436268840000 30.35
1436269020000 30.35
1436269080000 30.38
1436269140000 30.39
1436269200000 30.41
1436269260000 30.42
1436269320000 30.41
1436269440000 30.43
1436269500000 30.42
1436269620000 30.41
1436269800000 30.41
1436269860000 30.4
1436270040000 30.42
1436270100000 30.41
1436270160000 30.45
1436270220000 30.47
1436270280000 30.44
1436270580000 30.46
1436270640000 30.46
1436270700000 30.45
1436270760000 30.4499
1436270820000 30.44
1436271000000 30.4501
1436271120000 30.4201
1436271180000 30.42
1436271360000 30.46
1436271480000 30.425
1436271660000 30.42
1436271720000 30.42
1436271780000 30.419
1436271840000 30.42
1436271900000 30.43
1436271960000 30.43
1436272020000 30.44
1436272080000 30.44
1436272200000 30.44
1436272260000 30.4649
1436272320000 30.48
1436272380000 30.48
1436272500000 30.47
1436272620000 30.48
1436272680000 30.48
1436272740000 30.5
1436272800000 30.51
1436272860000 30.47
1436272920000 30.48
1436272980000 30.48
1436273040000 30.45
1436273100000 30.47
1436273160000 30.49
1436273280000 30.48
1436273400000 30.48
1436273460000 30.472
1436273520000 30.48
1436273640000 30.47
1436273700000 30.49
1436273820000 30.49
1436273880000 30.5
1436273940000 30.5049
1436274060000 30.51
1436274120000 30.48
1436274180000 30.48
1436274240000 30.4601
1436274300000 30.48
1436274420000 30.46
1436274480000 30.46
1436274540000 30.47
1436274600000 30.48
1436274660000 30.48
1436274720000 30.52
1436274780000 30.54
1436274840000 30.52
1436274900000 30.52
1436274960000 30.5
1436275080000 30.5
1436275140000 30.5
1436275200000 30.5
1436275320000 30.49
1436275440000 30.5
1436275500000 30.51
1436275560000 30.52
1436275620000 30.52
1436275680000 30.53
1436275740000 30.5392
1436275800000 30.54
1436275860000 30.54
1436275980000 30.49
1436276040000 30.5
1436276100000 30.51
1436276280000 30.52
1436276340000 30.52
1436276400000 30.51
1436276520000 30.51
1436276640000 30.56
1436276700000 30.56
1436276760000 30.55
1436276820000 30.5
1436276940000 30.54
1436277000000 30.55
1436277060000 30.51
1436277180000 30.52
1436277240000 30.52
1436277300000 30.52
1436277360000 30.52
1436277420000 30.56
1436277660000 30.55
1436277720000 30.54
1436277780000 30.51
1436277840000 30.53
1436277900000 30.52
1436277960000 30.52
1436278020000 30.53
1436278080000 30.49
1436278140000 30.5
1436278200000 30.52
1436278320000 30.54
1436278380000 30.53
1436278500000 30.51
1436278560000 30.51
1436278680000 30.49
1436278800000 30.44
1436278860000 30.43
1436278920000 30.39
1436278980000 30.39
1436279100000 30.4
1436279160000 30.39
1436279220000 30.39
1436279280000 30.41
1436279400000 30.42
1436279520000 30.42
1436279580000 30.45
1436279640000 30.43
1436279700000 30.43
1436279760000 30.43
1436279820000 30.44
1436279880000 30.44
1436279940000 30.48
1436280000000 30.49
1436280060000 30.5
1436280120000 30.52
1436280180000 30.52
1436280360000 30.55
1436280420000 30.55
1436280480000 30.54
1436280540000 30.539
1436280600000 30.54
1436280780000 30.54
1436280840000 30.5599
1436280900000 30.55
1436280960000 30.56
1436281020000 30.56
1436281080000 30.58
1436281140000 30.6
1436281200000 30.59
1436281260000 30.61
1436281320000 30.6
1436281380000 30.61
1436281440000 30.6
1436281500000 30.61
1436281560000 30.58
