1436261400000 10.66
1436261640000 10.52
1436261700000 10.59
1436261760000 10.54
1436261820000 10.54
1436261880000 10.53
1436261940000 10.52
1436262000000 10.53
1436262120000 10.59
1436262240000 10.62
1436262300000 10.605
1436262360000 10.56
1436262420000 10.54
1436262540000 10.55
1436262600000 10.55
1436262660000 10.54
1436262720000 10.53
1436262780000 10.55
1436262840000 10.55
1436262900000 10.55
1436262960000 10.535
1436263020000 10.54
1436263080000 10.47
1436263140000 10.45
1436263200000 10.49
1436263260000 10.465
1436263320000 10.47
1436263380000 10.5
1436263440000 10.5
1436263500000 10.53
1436263560000 10.5
1436263620000 10.49
1436263680000 10.51
1436263740000 10.5
1436263800000 10.52
1436263860000 10.54
1436263920000 10.52
1436263980000 10.52
1436264040000 10.49
1436264100000 10.47
1436264220000 10.47
1436264280000 10.49
1436264340000 10.5
1436264460000 10.46
1436264580000 10.52
1436264640000 10.5
1436264700000 10.48
1436264760000 10.46
1436264820000 10.445
1436264880000 10.44
1436264940000 10.48
1436265000000 10.46
1436265060000 10.42
1436265120000 10.42
1436265180000 10.4676
1436265240000 10.42
1436265360000 10.37
1436265420000 10.36
1436265540000 10.36
1436265600000 10.32
1436265660000 10.31
1436265720000 10.28
1436265780000 10.28
1436265840000 10.29
1436265900000 10.34
1436265960000 10.35
1436266020000 10.4
1436266080000 10.42
1436266200000 10.45
1436266320000 10.42
1436266380000 10.46
1436266440000 10.49
1436266500000 10.5
1436266560000 10.43
1436266620000 10.47
1436266740000 10.44
1436266800000 10.42
1436266920000 10.385
1436266980000 10.4
1436267040000 10.39
1436267100000 10.39
1436267160000 10.39
1436267220000 10.4
1436267280000 10.41
1436267400000 10.44
1436267460000 10.46
1436267520000 10.39
1436267580000 10.4
1436267640000 10.38
1436267700000 10.37
1436267760000 10.36
1436267820000 10.35
1436267880000 10.33
1436267940000 10.34
1436268060000 10.33
1436268120000 10.3
1436268180000 10.33
1436268240000 10.32
1436268300000 10.3
1436268360000 10.32
1436268420000 10.33
1436268480000 10.31
1436268540000 10.3
1436268600000 10.3
1436268720000 10.3
1436268780000 10.29
1436268840000 10.26
1436268960000 10.25
1436269020000 10.27
1436269140000 10.36
1436269200000 10.36
1436269320000 10.35
1436269380000 10.36
1436269500000 10.37
1436269560000 10.355
1436269680000 10.36
1436269740000 10.36
1436269800000 10.37
1436269860000 10.37
1436269980000 10.35
1436270100000 10.38
1436270160000 10.39
1436270220000 10.4
1436270280000 10.36
1436270400000 10.35
1436270520000 10.34
1436270580000 10.36
1436270640000 10.38
1436270700000 10.37
1436270820000 10.3596
1436270940000 10.34
1436271000000 10.36
1436271060000 10.34
1436271120000 10.33
1436271300000 10.36
1436271360000 10.38
1436271420000 10.37
1436271480000 10.4
1436271600000 10.39
1436271660000 10.39
1436271720000 10.4
1436271840000 10.4
1436271900000 10.39
1436271960000 10.38
1436272020000 10.39
1436272140000 10.39
1436272260000 10.4
1436272320000 10.39
1436272380000 10.38
1436272500000 10.4
1436272560000 10.38
1436272620000 10.395
1436272680000 10.39
1436272740000 10.39
1436272800000 10.39
1436272860000 10.39
1436272920000 10.4
1436272980000 10.39
1436273040000 10.4
1436273160000 10.38
1436273220000 10.38
1436273280000 10.4
1436273340000 10.37
1436273400000 10.385
1436273460000 10.38
1436273520000 10.39
1436273580000 10.4
1436273640000 10.4
1436273700000 10.39
1436273760000 10.37
1436273820000 10.39
1436273880000 10.4
1436273940000 10.37
1436274000000 10.38
1436274120000 10.4
1436274180000 10.38
1436274240000 10.39
1436274300000 10.37
1436274360000 10.37
1436274420000 10.33
1436274480000 10.37
1436274600000 10.4
1436274660000 10.38
1436274720000 10.4
1436274780000 10.38
1436274840000 10.39
1436274960000 10.38
1436275020000 10.4
1436275080000 10.4
1436275200000 10.4
1436275320000 10.4
1436275380000 10.39
1436275440000 10.41
1436275560000 10.41
1436275620000 10.41
1436275680000 10.41
1436275740000 10.41
1436275800000 10.43
1436275860000 10.43
1436275920000 10.41
1436275980000 10.47
1436276040000 10.47
1436276160000 10.47
1436276220000 10.46
1436276340000 10.46
1436276400000 10.45
1436276460000 10.42
1436276580000 10.41
1436276640000 10.42
1436276880000 10.44
1436276940000 10.44
1436277000000 10.41
1436277060000 10.4
1436277120000 10.38
1436277360000 10.41
1436277420000 10.43
1436277480000 10.41
1436277540000 10.43
1436277600000 10.42
1436277720000 10.41
1436277960000 10.4001
1436278020000 10.4
1436278080000 10.39
1436278140000 10.42
1436278260000 10.38
1436278320000 10.36
1436278380000 10.37
1436278440000 10.36
1436278560000 10.33
1436278620000 10.32
1436278680000 10.32
1436278740000 10.32
1436278860000 10.3
1436278920000 10.28
1436278980000 10.27
1436279040000 10.27
1436279160000 10.27
1436279280000 10.3
1436279340000 10.32
1436279400000 10.31
1436279460000 10.3
1436279520000 10.315
1436279580000 10.33
1436279640000 10.32
1436279700000 10.33
1436279760000 10.34
1436279820000 10.35
1436279880000 10.335
1436280000000 10.345
1436280060000 10.335
1436280120000 10.35
1436280180000 10.36
1436280300000 10.35
1436280360000 10.365
1436280420000 10.365
1436280480000 10.38
1436280540000 10.37
1436280600000 10.37
1436280660000 10.36
1436280720000 10.37
1436280780000 10.355
1436280840000 10.39
1436280900000 10.37
1436280960000 10.37
1436281020000 10.39
1436281080000 10.41
1436281140000 10.44
1436281200000 10.46
1436281260000 10.44
1436281320000 10.42
1436281440000 10.415
1436281500000 10.43
1436281560000 10.4
