1436261400000 21.1
1436261460000 21.1043
1436261520000 21.078
1436261640000 21.06
1436261700000 20.93
1436261760000 20.83
1436261820000 20.81
1436261880000 20.81
1436261940000 20.83
1436262000000 20.81
1436262060000 20.83
1436262120000 20.83
1436262300000 20.84
1436262360000 20.82
1436262420000 20.82
1436262600000 20.81
1436262660000 20.79
1436262720000 20.79
1436262840000 20.78
1436262900000 20.73
1436263020000 20.7
1436263080000 20.66
1436263140000 20.64
1436263200000 20.586
1436263260000 20.572
1436263320000 20.5784
1436263380000 20.55
1436263440000 20.5799
1436263500000 20.4916
1436263560000 20.4828
1436263620000 20.45
1436263680000 20.4
1436263740000 20.4
1436263800000 20.4
1436263860000 20.44
1436263920000 20.4434
1436263980000 20.43
1436264040000 20.39
1436264100000 20.33
1436264160000 20.32
1436264220000 20.32
1436264280000 20.3
1436264340000 20.29
1436264400000 20.28
1436264460000 20.33
1436264520000 20.26
1436264580000 20.24
1436264640000 20.2
1436264700000 20.18
1436264760000 20.172
1436264820000 20.13
1436264880000 20.12
1436264940000 20.19
1436265000000 20.23
1436265060000 20.19
1436265120000 20.2
1436265180000 20.21
1436265240000 20.13
1436265300000 20.12
1436265360000 20.06
1436265420000 20.1
1436265480000 20.04
1436265540000 19.92
1436265600000 19.95
1436265660000 19.97
1436265720000 19.91
1436265780000 19.84
1436265840000 19.7914
1436265900000 19.8
1436265960000 19.8
1436266020000 19.8
1436266080000 19.8
1436266140000 19.8
1436266200000 19.99
1436266260000 20.03
1436266320000 20.02
1436266380000 20.03
1436266440000 19.991
1436266500000 20.05
1436266560000 20.1
1436266620000 20.13
1436266680000 20.16
1436266740000 20.09
1436266800000 20.0699
1436266860000 20.01
1436266920000 20.02
1436266980000 20.05
1436267040000 20.07
1436267100000 20.06
1436267160000 20.091
1436267220000 20.15
1436267280000 20.15
1436267340000 20.16
1436267400000 20.15
1436267460000 20.16
1436267520000 20.17
1436267580000 20.21
1436267640000 20.15
1436267700000 20.1699
1436267760000 20.16
1436267820000 20.2188
1436267880000 20.19
1436267940000 20.15
1436268000000 20.14
1436268060000 20.15
1436268120000 20.12
1436268180000 20.15
1436268240000 20.17
1436268300000 20.17
1436268360000 20.11
1436268420000 20.1399
1436268480000 20.14
1436268540000 20.12
1436268600000 20.05
1436268660000 20.13
1436268720000 20.11
1436268780000 20.1
1436268840000 20.05
1436268900000 20.01
1436268960000 20.02
1436269020000 20.01
1436269080000 20.03
1436269140000 20.07
1436269200000 20.07
1436269260000 20.095
1436269320000 20.09
1436269380000 20.085
1436269440000 20.0904
1436269500000 20.09
1436269560000 20.04
1436269620000 20.03
1436269680000 20.03
1436269740000 20.0
1436269800000 20.01
1436269860000 20.01
1436269920000 19.99
1436269980000 19.99
1436270040000 20.0076
1436270100000 20.03
1436270160000 20.04
1436270220000 20.12
1436270280000 20.11
1436270340000 20.092
1436270400000 20.08
1436270460000 20.042
1436270520000 20.0499
1436270580000 20.05
1436270640000 20.06
1436270700000 20.07
1436270760000 20.06
1436270820000 20.05
1436270880000 20.0399
1436270940000 20.03
1436271000000 20.015
1436271060000 19.98
1436271120000 19.965
1436271180000 19.98
1436271240000 19.99
1436271300000 20.0
1436271360000 19.997
1436271420000 20.01
1436271480000 20.02
1436271540000 20.02
1436271600000 20.05
1436271660000 20.05
1436271720000 20.07
1436271780000 20.07
1436271840000 20.07
1436271900000 20.06
1436271960000 20.08
1436272020000 20.105
1436272080000 20.11
1436272140000 20.12
1436272200000 20.12
1436272260000 20.15
1436272320000 20.16
1436272380000 20.16
1436272440000 20.19
1436272500000 20.23
1436272560000 20.22
1436272620000 20.25
1436272680000 20.23
1436272740000 20.23
1436272800000 20.25
1436272860000 20.23
1436272920000 20.24
1436272980000 20.28
1436273040000 20.28
1436273100000 20.245
1436273160000 20.2993
1436273220000 20.29
1436273280000 20.2999
1436273340000 20.31
1436273400000 20.3
1436273460000 20.3076
1436273520000 20.3
1436273580000 20.3108
1436273640000 20.32
1436273700000 20.36
1436273760000 20.34
1436273820000 20.33
1436273880000 20.36
1436273940000 20.37
1436274000000 20.3525
1436274060000 20.32
1436274120000 20.32
1436274180000 20.23
1436274240000 20.23
1436274300000 20.23
1436274360000 20.23
1436274420000 20.2199
1436274480000 20.22
1436274540000 20.26
1436274600000 20.31
1436274660000 20.32
1436274720000 20.34
1436274780000 20.38
1436274840000 20.39
1436274900000 20.3988
1436274960000 20.37
1436275020000 20.32
1436275080000 20.3298
1436275140000 20.312
1436275200000 20.36
1436275260000 20.35
1436275320000 20.349
1436275380000 20.35
1436275440000 20.38
1436275500000 20.38
1436275560000 20.38
1436275620000 20.3778
1436275680000 20.4
1436275740000 20.41
1436275800000 20.44
1436275860000 20.4499
1436275920000 20.41
1436275980000 20.43
1436276040000 20.43
1436276100000 20.45
1436276160000 20.465
1436276220000 20.46
1436276280000 20.46
1436276340000 20.44
1436276400000 20.45
1436276460000 20.448
1436276520000 20.45
1436276580000 20.46
1436276640000 20.48
1436276700000 20.52
1436276760000 20.53
1436276820000 20.51
1436276880000 20.497
1436276940000 20.505
1436277000000 20.53
1436277060000 20.52
1436277120000 20.51
1436277180000 20.5299
1436277240000 20.54
1436277300000 20.54
1436277360000 20.57
1436277420000 20.58
1436277480000 20.58
1436277540000 20.57
1436277600000 20.58
1436277660000 20.58
1436277720000 20.575
1436277780000 20.56
1436277840000 20.565
1436277900000 20.565
1436277960000 20.5401
1436278020000 20.545
1436278080000 20.54
1436278140000 20.53
1436278200000 20.52
1436278260000 20.51
1436278320000 20.515
1436278380000 20.51
1436278440000 20.5036
1436278500000 20.48
1436278560000 20.48
1436278620000 20.46
1436278680000 20.43
1436278740000 20.4
1436278800000 20.36
1436278860000 20.36
1436278920000 20.35
1436278980000 20.342
1436279040000 20.37
1436279100000 20.37
1436279160000 20.38
1436279220000 20.39
1436279280000 20.38
1436279340000 20.39
1436279400000 20.39
1436279460000 20.39
1436279520000 20.39
1436279580000 20.43
1436279640000 20.43
1436279700000 20.43
1436279820000 20.465
1436279880000 20.47
1436280000000 20.49
1436280060000 20.54
1436280120000 20.55
1436280180000 20.54
1436280240000 20.55
1436280300000 20.5799
1436280360000 20.56
1436280420000 20.57
1436280480000 20.57
1436280540000 20.57
1436280600000 20.57
1436280660000 20.5799
1436280720000 20.58
1436280780000 20.59
1436280840000 20.62
1436280900000 20.62
1436280960000 20.61
1436281020000 20.63
1436281080000 20.64
1436281140000 20.68
1436281200000 20.69
1436281260000 20.71
1436281320000 20.69
1436281380000 20.68
1436281440000 20.68
1436281500000 20.7
1436281560000 20.66
