1436261400000 44.0
1436261460000 44.02
1436261520000 43.97
1436261580000 44.02
1436261700000 44.14
1436261880000 44.15
1436261940000 44.154
1436262120000 44.16
1436262180000 44.19
1436262240000 44.2
1436262360000 44.18
1436262480000 44.15
1436262540000 44.05
1436262600000 44.0999
1436262720000 43.91
1436262780000 43.95
1436262900000 44.03
1436263020000 43.96
1436263380000 43.83
1436263500000 43.68
1436263560000 43.67
1436263620000 43.63
1436263740000 43.42
1436263800000 43.66
1436263860000 43.69
1436263920000 43.5999
1436263980000 43.4
1436264040000 43.46
1436264100000 43.43
1436264160000 43.38
1436264280000 43.39
1436264340000 43.234
1436264400000 43.24
1436264460000 42.98
1436264640000 43.04
1436264700000 43.04
1436264760000 43.02
1436264820000 42.94
1436264940000 42.84
1436265000000 42.84
1436265060000 42.5401
1436265120000 42.72
1436265360000 42.63
1436265420000 42.45
1436265540000 42.45
1436265660000 42.33
1436265720000 42.31
1436265780000 42.155
1436265840000 42.15
1436265900000 42.3
1436265960000 42.25
1436266020000 42.31
1436266080000 42.41
1436266140000 42.395
1436266260000 42.4799
1436266320000 42.469
1436266380000 42.46
1436266440000 42.46
1436266500000 42.5032
1436266560000 42.41
1436266620000 42.45
1436266680000 42.4
1436266740000 42.43
1436266800000 42.3301
1436266860000 42.18
1436266980000 42.11
1436267040000 42.1
1436267100000 42.1869
1436267280000 42.23
1436267400000 42.31
1436267460000 42.3
1436267520000 42.37
1436267580000 42.38
1436267700000 42.47
1436267760000 42.47
1436267880000 42.31
1436267940000 42.3556
1436268060000 42.315
1436268240000 42.24
1436268300000 42.37
1436268480000 42.23
1436268540000 42.23
1436268600000 42.09
1436268660000 42.03
1436268780000 42.1
1436268840000 42.0
1436268900000 41.61
1436269020000 41.788
1436269080000 41.76
1436269140000 41.69
1436269260000 41.9
1436269320000 41.9084
1436269440000 41.98
1436269500000 41.94
1436269560000 42.015
1436269620000 42.07
1436269740000 42.1099
1436269800000 42.015
1436269860000 42.08
1436269920000 41.95
1436269980000 42.0
1436270100000 41.98
1436270160000 41.86
1436270220000 41.98
1436270400000 42.08
1436270460000 42.105
1436270700000 42.1
1436270760000 42.04
1436270880000 42.03
1436270940000 41.87
1436271000000 41.78
1436271120000 42.12
1436271180000 42.3
1436271240000 42.305
1436271300000 42.3999
1436271360000 42.4
1436271420000 42.6199
1436271540000 42.55
1436271600000 42.51
1436271660000 42.5297
1436271720000 42.415
1436271840000 42.38
1436271900000 42.42
1436271960000 42.25
1436272260000 42.37
1436272380000 42.47
1436272500000 42.62
1436272560000 42.52
1436272680000 42.34
1436272800000 42.4499
1436272920000 42.435
1436272980000 42.59
1436273040000 42.445
1436273100000 42.54
1436273160000 42.54
1436273220000 42.53
1436273280000 42.52
1436273400000 42.5
1436273460000 42.485
1436273520000 42.4425
1436273640000 42.5
1436273820000 42.49
1436273880000 42.48
1436274000000 42.48
1436274060000 42.505
1436274120000 42.46
1436274180000 42.38
1436274240000 42.3
1436274300000 42.27
1436274360000 42.39
1436274420000 42.39
1436274480000 42.2712
1436274540000 42.2925
1436274660000 42.3
1436274720000 42.31
1436274780000 42.38
1436274840000 42.335
1436274900000 42.465
1436274960000 42.475
1436275020000 42.51
1436275080000 42.405
1436275140000 42.41
1436275260000 42.345
1436275380000 42.24
1436275440000 42.24
1436275500000 42.335
1436275560000 42.32
1436275620000 42.25
1436275680000 42.335
1436275860000 42.3
1436275920000 42.36
1436275980000 42.42
1436276040000 42.55
1436276100000 42.66
1436276160000 42.67
1436276220000 42.675
1436276280000 42.69
1436276400000 42.71
1436276460000 42.76
1436276580000 42.76
1436276640000 42.75
1436276760000 42.87
1436276880000 42.88
1436276940000 42.89
1436277060000 42.96
1436277120000 42.83
1436277180000 42.8
1436277240000 42.81
1436277300000 42.8
1436277360000 42.7155
1436277420000 42.79
1436277660000 42.99
1436277720000 42.91
1436278020000 42.9
1436278080000 42.8
1436278140000 42.81
1436278200000 42.77
1436278260000 42.82
1436278320000 42.8
1436278500000 42.925
1436278560000 43.0
1436278620000 42.9
1436278680000 42.95
1436278740000 42.8227
1436278800000 42.76
1436278860000 42.78
1436278920000 42.76
1436278980000 42.77
1436279160000 42.935
1436279220000 42.97
1436279280000 42.895
1436279340000 42.9
1436279400000 42.98
1436279460000 42.93
1436279520000 43.04
1436279580000 43.11
1436279700000 43.22
1436279820000 43.23
1436280060000 43.13
1436280120000 43.25
1436280180000 43.25
1436280360000 43.24
1436280420000 43.23
1436280480000 43.25
1436280540000 43.25
1436280660000 43.12
1436280720000 43.16
1436280780000 43.115
1436280840000 43.11
1436280900000 43.12
1436281020000 43.18
1436281080000 43.19
1436281140000 43.23
1436281200000 43.24
1436281320000 43.42
1436281380000 43.39
1436281500000 43.28
