1436261400000 24.47
1436261580000 24.37
1436261640000 24.39
1436261700000 24.32
1436261760000 24.6
1436261880000 24.44
1436262000000 24.57
1436262240000 24.46
1436262360000 24.44
1436262480000 24.45
1436262600000 24.435
1436262720000 24.37
1436262780000 24.46
1436262840000 24.36
1436262900000 24.335
1436262960000 24.3892
1436263020000 24.31
1436263080000 24.26
1436263200000 24.33
1436263380000 24.295
1436263620000 24.26
1436263680000 24.1401
1436263740000 24.18
1436263800000 24.2
1436263920000 24.24
1436263980000 24.2
1436264040000 24.204
1436264100000 24.19
1436264160000 24.18
1436264220000 24.19
1436264280000 24.21
1436264340000 24.22
1436264460000 24.14
1436264580000 24.12
1436264700000 24.12
1436264820000 24.05
1436264880000 24.04
1436264940000 24.09
1436265000000 24.07
1436265060000 24.03
1436265180000 24.03
1436265240000 24.03
1436265360000 23.93
1436265420000 23.94
1436265540000 23.92
1436265600000 23.86
1436265660000 23.95
1436265720000 23.895
1436265780000 23.9
1436265840000 23.98
1436265960000 23.98
1436266020000 24.0722
1436266080000 24.14
1436266320000 24.11
1436266380000 24.16
1436266500000 24.18
1436266620000 24.17
1436266680000 24.1646
1436266740000 24.15
1436266920000 24.11
1436266980000 24.11
1436267160000 24.1
1436267220000 24.05
1436267280000 24.06
1436267520000 24.09
1436267760000 24.075
1436267820000 24.11
1436267880000 24.11
1436267940000 24.11
1436268060000 24.11
1436268120000 24.11
1436268300000 24.09
1436268360000 24.08
1436268480000 24.11
1436268540000 24.08
1436268660000 24.055
1436268780000 24.025
1436268840000 23.975
1436268960000 24.009
1436269020000 24.02
1436269140000 24.08
1436269200000 24.15
1436269440000 24.15
1436269500000 24.12
1436269740000 24.08
1436269800000 24.05
1436269980000 24.06
1436270160000 24.16
1436270220000 24.19
1436270280000 24.125
1436270400000 24.1
1436270520000 24.095
1436270580000 24.075
1436270640000 24.1
1436270880000 24.07
1436271000000 24.05
1436271060000 24.03
1436271120000 24.04
1436271180000 24.07
1436271360000 24.06
1436271420000 24.03
1436271480000 24.02
1436271540000 24.04
1436271660000 24.055
1436271840000 24.13
1436271900000 24.09
1436272140000 24.08
1436272200000 24.08
1436272440000 24.13
1436272500000 24.13
1436272560000 24.13
1436272620000 24.155
1436272680000 24.16
1436272740000 24.19
1436273040000 24.2
1436273100000 24.21
1436273220000 24.23
1436273340000 24.25
1436273400000 24.24
1436273460000 24.28
1436273520000 24.26
1436273640000 24.32
1436273760000 24.27
1436273820000 24.3
1436273880000 24.35
1436274000000 24.29
1436274060000 24.33
1436274120000 24.37
1436274180000 24.28
1436274240000 24.34
1436274300000 24.29
1436274360000 24.264
1436274420000 24.18
1436274480000 24.19
1436274540000 24.25
1436274600000 24.28
1436274660000 24.26
1436274780000 24.34
1436274840000 24.36
1436274900000 24.37
1436274960000 24.31
1436275080000 24.28
1436275200000 24.29
1436275260000 24.25
1436275380000 24.25
1436275440000 24.29
1436275560000 24.25
1436275800000 24.26
1436276040000 24.3
1436276640000 24.26
1436276700000 24.29
1436276760000 24.26
1436276880000 24.26
1436276940000 24.28
1436277000000 24.25
1436277180000 24.24
1436277660000 24.2335
1436277720000 24.23
1436277780000 24.24
1436278200000 24.19
1436278440000 24.22
1436278560000 24.14
1436278620000 24.12
1436278680000 24.11
1436278740000 24.149
1436278800000 24.12
1436278860000 24.1229
1436278920000 24.135
1436279160000 24.15
1436279220000 24.145
1436279280000 24.145
1436279340000 24.15
1436279400000 24.13
1436279520000 24.17
1436279580000 24.19
1436279700000 24.19
1436279760000 24.19
1436279820000 24.195
1436279880000 24.21
1436280000000 24.26
1436280060000 24.22
1436280120000 24.26
1436280180000 24.33
1436280240000 24.29
1436280300000 24.28
1436280420000 24.29
1436280660000 24.31
1436280780000 24.31
1436281020000 24.295
1436281080000 24.38
1436281140000 24.38
1436281260000 24.36
1436281440000 24.365
1436281500000 24.36
1436281560000 24.37
