1436261400000 101.08
1436261460000 101.39
1436261520000 101.49
1436261580000 101.6578
1436261640000 102.17
1436261700000 101.86
1436261760000 101.92
1436261820000 102.34
1436261880000 102.32
1436261940000 102.41
1436262000000 102.41
1436262060000 102.39
1436262120000 102.41
1436262180000 102.42
1436262240000 102.25
1436262300000 102.25
1436262360000 102.08
1436262420000 102.14
1436262480000 102.16
1436262540000 102.17
1436262600000 102.1
1436262660000 101.98
1436262720000 102.01
1436262780000 102.02
1436262840000 101.98
1436262900000 101.96
1436262960000 101.87
1436263020000 101.92
1436263080000 101.94
1436263140000 101.86
1436263200000 101.955
1436263260000 101.96
1436263320000 101.89
1436263380000 101.81
1436263440000 101.81
1436263500000 101.7
1436263560000 101.67
1436263620000 101.66
1436263680000 101.65
1436263740000 101.7734
1436263800000 101.81
1436263860000 101.86
1436263920000 101.9
1436263980000 101.85
1436264040000 101.85
1436264100000 101.82
1436264160000 101.86
1436264220000 101.89
1436264280000 101.86
1436264340000 101.86
1436264400000 101.83
1436264460000 101.735
1436264520000 101.91
1436264580000 101.84
1436264640000 101.85
1436264700000 101.85
1436264760000 101.86
1436264820000 101.86
1436264880000 101.74
1436264940000 101.77
1436265000000 101.76
1436265060000 101.68
1436265120000 101.51
1436265180000 101.6
1436265240000 101.59
1436265300000 101.64
1436265360000 101.56
1436265420000 101.57
1436265480000 101.55
1436265540000 101.43
1436265600000 101.44
1436265660000 101.41
1436265720000 101.39
1436265780000 101.43
1436265840000 101.5
1436265900000 101.56
1436265960000 101.52
1436266020000 101.59
1436266080000 101.63
1436266140000 101.68
1436266200000 101.65
1436266260000 101.63
1436266320000 101.73
1436266380000 101.775
1436266440000 101.77
1436266500000 101.83
1436266560000 101.83
1436266620000 101.87
1436266680000 101.77
1436266740000 101.74
1436266800000 101.74
1436266860000 101.59
1436266920000 101.61
1436266980000 101.62
1436267040000 101.56
1436267100000 101.6
1436267160000 101.52
1436267220000 101.53
1436267280000 101.57
1436267340000 101.6
1436267400000 101.62
1436267460000 101.62
1436267520000 101.6
1436267580000 101.65
1436267640000 101.62
1436267700000 101.645
1436267760000 101.605
1436267820000 101.58
1436267880000 101.59
1436267940000 101.6
1436268000000 101.62
1436268060000 101.57
1436268120000 101.58
1436268180000 101.68
1436268240000 101.7
1436268300000 101.67
1436268360000 101.8
1436268420000 101.8
1436268480000 101.86
1436268540000 101.8
1436268600000 101.66
1436268660000 101.57
1436268720000 101.59
1436268780000 101.68
1436268840000 101.62
1436268900000 101.58
1436268960000 101.515
1436269020000 101.6
1436269080000 101.63
1436269140000 101.69
1436269200000 101.71
1436269260000 101.78
1436269320000 101.74
1436269380000 101.88
1436269440000 101.92
1436269500000 101.945
1436269560000 101.925
1436269620000 101.92
1436269680000 101.93
1436269740000 101.915
1436269800000 101.92
1436269860000 101.94
1436269920000 101.95
1436269980000 101.905
1436270040000 101.9
1436270100000 101.92
1436270160000 102.03
1436270220000 102.25
1436270280000 102.16
1436270340000 102.11
1436270400000 102.01
1436270460000 102.03
1436270520000 102.05
1436270580000 102.05
1436270640000 102.05
1436270700000 102.13
1436270760000 102.04
1436270820000 102.02
1436270880000 102.03
1436270940000 102.12
1436271000000 102.16
1436271060000 102.22
1436271120000 102.175
1436271180000 102.27
1436271240000 102.2
1436271300000 102.2
1436271360000 102.22
1436271420000 102.15
1436271480000 102.2
1436271540000 102.375
1436271600000 102.34
1436271660000 102.35
1436271720000 102.34
1436271840000 102.22
1436271900000 102.18
1436271960000 102.215
1436272020000 102.22
1436272080000 102.2262
1436272140000 102.26
1436272200000 102.22
1436272260000 102.19
1436272320000 102.21
1436272380000 102.19
1436272440000 102.22
1436272500000 102.25
1436272560000 102.21
1436272620000 102.25
1436272680000 102.234
1436272740000 102.4
1436272800000 102.38
1436272860000 102.38
1436272920000 102.43
1436272980000 102.42
1436273040000 102.48
1436273100000 102.62
1436273160000 102.7228
1436273220000 102.7
1436273280000 102.73
1436273340000 102.72
1436273400000 102.76
1436273460000 102.71
1436273520000 102.73
1436273580000 102.68
1436273640000 102.63
1436273700000 102.82
1436273760000 102.84
1436273820000 102.82
1436273880000 102.9
1436273940000 102.98
1436274000000 102.96
1436274060000 102.97
1436274120000 102.87
1436274180000 102.77
1436274240000 102.78
1436274300000 102.75
1436274360000 102.7
1436274420000 102.61
1436274480000 102.6
1436274540000 102.7
1436274600000 102.74
1436274660000 102.74
1436274720000 102.87
1436274780000 102.91
1436274840000 102.99
1436274900000 103.04
1436274960000 102.9
1436275020000 102.87
1436275080000 102.795
1436275140000 102.79
1436275200000 102.85
1436275260000 102.84
1436275320000 102.81
1436275380000 102.84
1436275440000 102.89
1436275500000 102.92
1436275560000 102.85
1436275620000 102.885
1436275680000 102.89
1436275740000 102.9
1436275800000 102.95
1436275860000 102.91
1436275920000 102.79
1436275980000 102.85
1436276040000 102.83
1436276100000 102.84
1436276160000 102.86
1436276220000 102.81
1436276280000 102.8
1436276340000 102.84
1436276400000 102.86
1436276460000 102.8
1436276520000 102.765
1436276580000 102.77
1436276640000 102.82
1436276700000 102.84
1436276760000 102.805
1436276820000 102.79
1436276880000 102.73
1436276940000 102.81
1436277000000 102.83
1436277060000 102.79
1436277120000 102.79
1436277180000 102.77
1436277240000 102.78
1436277300000 102.75
1436277360000 102.7336
1436277420000 102.7146
1436277480000 102.66
1436277540000 102.66
1436277600000 102.69
1436277660000 102.7
1436277720000 102.66
1436277780000 102.62
1436277840000 102.62
1436277900000 102.62
1436277960000 102.59
1436278020000 102.59
1436278080000 102.55
1436278140000 102.58
1436278200000 102.6
1436278260000 102.54
1436278320000 102.55
1436278380000 102.55
1436278440000 102.53
1436278500000 102.51
1436278560000 102.55
1436278620000 102.552
1436278680000 102.5266
1436278740000 102.5
1436278800000 102.46
1436278860000 102.44
1436278920000 102.4
1436278980000 102.45
1436279040000 102.5
1436279100000 102.5
1436279160000 102.52
1436279220000 102.5
1436279280000 102.49
1436279340000 102.46
1436279400000 102.48
1436279460000 102.5
1436279520000 102.49
1436279580000 102.59
1436279640000 102.5801
1436279700000 102.6
1436279760000 102.58
1436279820000 102.56
1436279880000 102.51
1436279940000 102.63
1436280000000 102.61
1436280060000 102.71
1436280120000 102.87
1436280180000 102.86
1436280240000 103.0
1436280300000 103.02
1436280360000 103.0
1436280420000 103.01
1436280480000 103.05
1436280540000 102.96
1436280600000 102.96
1436280660000 102.98
1436280720000 102.98
1436280780000 103.0
1436280840000 103.03
1436280900000 103.02
1436280960000 103.03
1436281020000 103.08
1436281080000 103.11
1436281140000 103.3122
1436281200000 103.32
1436281260000 103.37
1436281320000 103.35
1436281380000 103.39
1436281440000 103.38
1436281500000 103.41
1436281560000 103.39
