1436261400000 2.67
1436261520000 2.605
1436261700000 2.6
1436261760000 2.5931
1436261820000 2.57
1436261880000 2.56
1436262060000 2.56
1436262240000 2.54
1436262360000 2.51
1436262420000 2.54
1436262480000 2.54
1436262540000 2.55
1436262960000 2.5501
1436263080000 2.55
1436263140000 2.5
1436263380000 2.5
1436263500000 2.5
1436263560000 2.5
1436263680000 2.5
1436263800000 2.49
1436263860000 2.44
1436264040000 2.45
1436264160000 2.48
1436264400000 2.48
1436264520000 2.49
1436264580000 2.49
1436264820000 2.49
1436264940000 2.45
1436265000000 2.45
1436265060000 2.45
1436265120000 2.45
1436265240000 2.45
1436265300000 2.47
1436265420000 2.48
1436265660000 2.43
1436265720000 2.43
1436265840000 2.43
1436266200000 2.4
1436266380000 2.4
1436266440000 2.37
1436266620000 2.35
1436266980000 2.35
1436267040000 2.359
1436267280000 2.35
1436267460000 2.36
1436267520000 2.32
1436267700000 2.33
1436267760000 2.34
1436268420000 2.377
1436268900000 2.365
1436268960000 2.33
1436269140000 2.37
1436269440000 2.37
1436269560000 2.41
1436270100000 2.41
1436270160000 2.41
1436270340000 2.41
1436270400000 2.41
1436271240000 2.44
1436271300000 2.45
1436271360000 2.46
1436271420000 2.46
1436271600000 2.47
1436271720000 2.48
1436271840000 2.48
1436273160000 2.4801
1436273760000 2.47
1436274240000 2.46
1436274780000 2.46
1436275680000 2.47
1436276280000 2.48
1436277000000 2.48
1436277360000 2.47
1436277480000 2.4701
1436278380000 2.479
1436278680000 2.47
1436279460000 2.46
1436279640000 2.45
1436280240000 2.44
1436280480000 2.4301
1436280780000 2.44
1436280840000 2.44
