1436261400000 5.08
1436261700000 5.15
1436261880000 5.1499
1436261940000 5.14
1436262000000 5.14
1436262180000 5.14
1436262240000 5.1094
1436262360000 5.11
1436262780000 5.11
1436262900000 5.18
1436263020000 5.22
1436263620000 5.18
1436264040000 5.1265
1436264580000 5.1294
1436264700000 5.13
1436264940000 5.17
1436265240000 5.152
1436265360000 5.15
1436265420000 5.18
1436265600000 5.22
1436265780000 5.1755
1436266200000 5.1827
1436266620000 5.19
1436267160000 5.24
1436267280000 5.2
1436268060000 5.2
1436268120000 5.21
1436268420000 5.2001
1436268540000 5.21
1436268840000 5.17
1436269020000 5.1601
1436269680000 5.18
1436269800000 5.18
1436269920000 5.19
1436272440000 5.19
1436272500000 5.2
1436273220000 5.18
1436273520000 5.17
1436274180000 5.18
1436275200000 5.19
1436275620000 5.23
1436275740000 5.26
1436276220000 5.2501
1436276340000 5.22
1436276640000 5.19
1436277000000 5.19
1436277120000 5.17
1436277360000 5.17
1436277720000 5.21
1436278440000 5.21
1436278800000 5.17
1436278860000 5.17
1436280180000 5.2
1436280900000 5.24
1436280960000 5.25
