1436261400000 0.3401
1436261760000 0.3498
1436261820000 0.331
1436262060000 0.3396
1436262240000 0.345
1436262300000 0.331
1436262600000 0.345
1436264820000 0.34
1436264880000 0.34
1436265720000 0.3449
1436266020000 0.34
1436266080000 0.34
1436266500000 0.34
1436266560000 0.34
1436267460000 0.3311
1436268420000 0.3365
1436269080000 0.3332
1436269740000 0.331
1436269800000 0.331
1436269980000 0.331
1436270520000 0.331
1436270580000 0.3327
1436271180000 0.331
1436271300000 0.331
1436271540000 0.331
1436271600000 0.331
1436272740000 0.3377
1436272860000 0.3377
1436273820000 0.331
1436274960000 0.331
1436275080000 0.331
1436276280000 0.33
1436276520000 0.3362
1436277060000 0.33
1436277120000 0.33
1436277540000 0.33
1436278080000 0.33
1436278500000 0.33
1436278980000 0.33
1436279760000 0.3301
1436280360000 0.3339
