1436261400000 6.53
1436261520000 6.51
1436261580000 6.51
1436261640000 6.51
1436261700000 6.51
1436261760000 6.51
1436261820000 6.5
1436261880000 6.51
1436261940000 6.5
1436262060000 6.51
1436262180000 6.51
1436262240000 6.52
1436262360000 6.53
1436262660000 6.53
1436262720000 6.53
1436262780000 6.53
1436262840000 6.53
1436263080000 6.52
1436263140000 6.52
1436263260000 6.53
1436263380000 6.515
1436263560000 6.51
1436263620000 6.53
1436263920000 6.52
1436263980000 6.52
1436264100000 6.51
1436264160000 6.52
1436264280000 6.52
1436264400000 6.52
1436264460000 6.53
1436264940000 6.52
1436265120000 6.5
1436265360000 6.505
1436265420000 6.51
1436265540000 6.51
1436265720000 6.5
1436265840000 6.51
1436265960000 6.51
1436266380000 6.5
1436266800000 6.5
1436266860000 6.5
1436266920000 6.495
1436267040000 6.5
1436267220000 6.5
1436267340000 6.5
1436267400000 6.5
1436267520000 6.51
1436267580000 6.51
1436268060000 6.51
1436268300000 6.51
1436268420000 6.51
1436268540000 6.51
1436268600000 6.51
1436268840000 6.5
1436268900000 6.5
1436269080000 6.5
1436269200000 6.5199
1436269320000 6.51
1436269620000 6.52
1436269800000 6.51
1436269920000 6.52
1436270100000 6.52
1436270160000 6.53
1436270220000 6.54
1436270400000 6.55
1436270460000 6.55
1436271060000 6.53
1436271180000 6.55
1436271540000 6.5325
1436271840000 6.54
1436271960000 6.54
1436272020000 6.54
1436272080000 6.54
1436272140000 6.55
1436272200000 6.55
1436272500000 6.54
1436272620000 6.54
1436272680000 6.54
1436272740000 6.54
1436272800000 6.55
1436272860000 6.54
1436272920000 6.55
1436272980000 6.54
1436273160000 6.54
1436273220000 6.54
1436273340000 6.54
1436273400000 6.54
1436273460000 6.55
1436273640000 6.54
1436273700000 6.55
1436273760000 6.55
1436273820000 6.54
1436273880000 6.55
1436273940000 6.55
1436274000000 6.55
1436274060000 6.55
1436274180000 6.55
1436274240000 6.55
1436274360000 6.54
1436274540000 6.54
1436274600000 6.54
1436274720000 6.54
1436274780000 6.55
1436274840000 6.55
1436274960000 6.55
1436275020000 6.55
1436275080000 6.55
1436275140000 6.539
1436275440000 6.55
1436275500000 6.54
1436275560000 6.55
1436275740000 6.55
1436275800000 6.55
1436275920000 6.55
1436276100000 6.54
1436276280000 6.55
1436276340000 6.54
1436276400000 6.54
1436276520000 6.54
1436276580000 6.545
1436276700000 6.55
1436276760000 6.55
1436276820000 6.56
1436277300000 6.565
1436277360000 6.565
1436277420000 6.565
1436277480000 6.565
1436277600000 6.57
1436277960000 6.58
1436278140000 6.565
1436278200000 6.565
1436278260000 6.5675
1436278380000 6.55
1436278440000 6.565
1436278500000 6.565
1436278560000 6.565
1436278620000 6.55
1436278680000 6.54
1436278860000 6.54
1436279040000 6.5575
1436279100000 6.555
1436279160000 6.5575
1436279220000 6.5575
1436279280000 6.54
1436279340000 6.5392
1436279460000 6.55
1436279520000 6.55
1436279640000 6.5368
1436279880000 6.55
1436279940000 6.55
1436280000000 6.53
1436280060000 6.53
1436280120000 6.57
1436280240000 6.555
1436280300000 6.57
1436280420000 6.59
1436280660000 6.58
1436280720000 6.575
1436280840000 6.5775
1436280900000 6.575
1436280960000 6.5775
1436281020000 6.56
1436281080000 6.575
1436281140000 6.59
1436281200000 6.575
1436281260000 6.585
1436281320000 6.585
1436281380000 6.585
1436281440000 6.58
1436281500000 6.57
