1436261400000 0.962
1436261640000 0.96
1436262060000 0.9697
1436262360000 0.9696
1436262480000 0.9666
1436264460000 0.9501
1436264520000 0.95
1436264580000 0.95
1436264700000 0.9413
1436264940000 0.9335
1436265060000 0.9699
1436265540000 0.93
1436265780000 0.93
1436266080000 0.9301
1436266260000 0.9442
1436266440000 0.9301
1436266680000 0.965
1436266740000 0.97
1436268000000 0.97
1436268600000 0.97
1436268840000 0.9428
1436269140000 0.9699
1436270100000 0.95
1436270160000 0.95
1436270220000 0.9579
1436270580000 0.9362
1436271660000 0.944
1436272260000 0.95
1436272440000 0.97
1436272680000 0.95
1436272800000 0.95
1436272860000 0.95
1436272920000 0.95
1436273880000 0.96
1436274120000 0.95
1436274480000 0.95
1436274600000 0.94
1436274660000 0.95
1436275620000 0.95
1436275740000 0.96
1436276040000 0.96
1436276160000 0.948
1436276220000 0.95
1436276580000 0.97
1436277360000 0.95
1436277600000 0.95
1436277660000 0.95
1436278140000 0.97
1436278320000 0.97
1436278560000 0.96
1436278620000 0.9699
1436278800000 0.9698
1436279040000 0.9695
1436279160000 0.97
1436279280000 0.97
1436279520000 0.97
1436279700000 0.97
1436279880000 0.97
1436279940000 0.9694
1436280000000 0.9698
1436280120000 0.95
1436280180000 0.9668
1436280240000 0.9699
1436280300000 0.97
1436280360000 0.97
1436280660000 0.97
1436280900000 0.9699
1436281140000 0.97
1436281200000 0.9694
1436281260000 0.9694
1436281380000 0.9671
1436281440000 0.9699
1436281500000 0.9699
