1436261400000 76.95
1436262060000 76.82
1436262480000 77.345
1436262540000 77.04
1436262600000 77.33
1436262660000 77.07
1436262840000 77.01
1436262900000 77.03
1436262960000 77.06
1436263140000 77.04
1436263200000 77.015
1436263260000 77.01
1436263860000 77.09
1436263980000 77.01
1436264340000 76.86
1436265720000 76.955
1436265780000 76.77
1436265960000 76.58
1436266800000 76.62
1436266980000 76.56
1436267520000 76.58
1436267940000 76.58
1436268540000 76.5
1436268600000 76.5
1436269080000 76.285
1436269200000 76.2601
1436269920000 76.675
1436270100000 76.66
1436270160000 76.7
1436270220000 76.7901
1436270280000 76.55
1436270460000 76.596
1436270760000 76.76
1436272380000 76.69
1436273760000 76.73
1436273820000 76.83
1436274000000 76.94
1436274300000 76.96
1436274360000 76.75
1436274480000 76.96
1436274900000 76.885
1436274960000 76.84
1436275020000 76.83
1436275200000 76.865
1436276640000 77.0
1436276820000 77.14
1436277180000 76.94
1436277900000 76.93
1436278200000 77.1
1436278440000 76.76
1436280120000 77.0
1436280180000 76.92
1436280420000 76.92
1436281020000 76.92
1436281080000 76.92
