1436261400000 2.06
1436261460000 2.1112
1436261520000 2.158
1436261700000 2.27
1436261760000 2.26
1436261820000 2.3899
1436261880000 2.3704
1436261940000 2.4899
1436262000000 2.7424
1436262060000 2.5
1436262120000 2.57
1436262180000 2.66
1436262240000 2.4501
1436262300000 2.54
1436262360000 2.6048
1436262420000 2.68
1436262480000 2.84
1436262540000 3.03
1436262600000 2.93
1436262660000 3.03
1436262720000 2.99
1436262780000 2.96
1436262840000 2.9506
1436262900000 2.96
1436262960000 2.9
1436263020000 2.88
1436263080000 2.85
1436263140000 2.84
1436263200000 2.85
1436263260000 2.85
1436263320000 2.9
1436263380000 2.91
1436263440000 2.8703
1436263500000 2.84
1436263560000 2.76
1436263620000 2.71
1436263680000 2.7001
1436263740000 2.6801
1436263800000 2.66
1436263860000 2.7
1436263920000 2.73
1436263980000 2.7299
1436264040000 2.65
1436264100000 2.67
1436264160000 2.6701
1436264220000 2.7
1436264280000 2.69
1436264340000 2.69
1436264400000 2.6
1436264460000 2.58
1436264520000 2.594
1436264580000 2.5712
1436264640000 2.58
1436264700000 2.6
1436264760000 2.6399
1436264820000 2.633
1436264880000 2.6306
1436264940000 2.6199
1436265000000 2.6176
1436265060000 2.52
1436265120000 2.5999
1436265180000 2.5999
1436265240000 2.5501
1436265300000 2.54
1436265360000 2.504
1436265420000 2.4899
1436265480000 2.48
1436265540000 2.47
1436265600000 2.4301
1436265720000 2.44
1436265780000 2.41
1436265840000 2.38
1436265900000 2.35
1436265960000 2.35
1436266020000 2.3785
1436266080000 2.4
1436266140000 2.4199
1436266200000 2.41
1436266260000 2.44
1436266320000 2.4376
1436266380000 2.42
1436266440000 2.4001
1436266500000 2.41
1436266620000 2.42
1436266680000 2.42
1436266740000 2.39
1436266800000 2.39
1436266860000 2.46
1436266920000 2.4499
1436266980000 2.45
1436267040000 2.47
1436267100000 2.48
1436267160000 2.5
1436267220000 2.5199
1436267280000 2.51
1436267340000 2.52
1436267400000 2.52
1436267460000 2.52
1436267520000 2.45
1436267640000 2.43
1436267700000 2.44
1436267760000 2.45
1436268000000 2.4706
1436268120000 2.5
1436268180000 2.53
1436268240000 2.48
1436268300000 2.44
1436268360000 2.43
1436268420000 2.4
1436268540000 2.4001
1436268660000 2.426
1436268720000 2.43
1436268900000 2.44
1436268960000 2.42
1436269020000 2.44
1436269080000 2.46
1436269260000 2.4301
1436269620000 2.4278
1436269800000 2.43
1436269860000 2.38
1436269920000 2.34
1436269980000 2.36
1436270100000 2.3572
1436270160000 2.3412
1436270340000 2.36
1436270400000 2.38
1436270460000 2.38
1436270940000 2.3101
1436271000000 2.345
1436271060000 2.3201
1436271240000 2.35
1436271480000 2.39
1436271540000 2.36
1436271960000 2.37
1436272020000 2.35
1436272140000 2.35
1436272260000 2.35
1436272560000 2.3524
1436272620000 2.36
1436272800000 2.36
1436272860000 2.38
1436272920000 2.38
1436272980000 2.38
1436273100000 2.39
1436273160000 2.3
1436273220000 2.34
1436273280000 2.3005
1436273460000 2.3201
1436273520000 2.35
1436273580000 2.3699
1436273700000 2.36
1436273880000 2.36
1436274000000 2.37
1436274420000 2.38
1436274480000 2.38
1436274600000 2.39
1436274660000 2.39
1436274720000 2.45
1436274780000 2.4606
1436274840000 2.5
1436274900000 2.5
1436274960000 2.51
1436275020000 2.5
1436275080000 2.4999
1436275140000 2.4999
1436275260000 2.5
1436275320000 2.48
1436275440000 2.49
1436275500000 2.48
1436275560000 2.47
1436276040000 2.45
1436276100000 2.44
1436276160000 2.42
1436276220000 2.413
1436276280000 2.44
1436276340000 2.4344
1436276580000 2.4103
1436276640000 2.4101
1436276760000 2.422
1436276820000 2.4201
1436277240000 2.43
1436277360000 2.4299
1436277420000 2.43
1436277480000 2.4699
1436277600000 2.4799
1436277720000 2.4699
1436278020000 2.43
1436278080000 2.4416
1436278380000 2.4101
1436278500000 2.4001
1436278740000 2.4
1436278920000 2.4
1436278980000 2.35
1436279040000 2.35
1436279100000 2.415
1436279160000 2.36
1436279220000 2.36
1436279520000 2.3625
1436280120000 2.44
1436280180000 2.41
1436280480000 2.44
1436280720000 2.427
1436280960000 2.4199
1436281080000 2.42
1436281200000 2.38
