1436261400000 83.45
1436261640000 83.03
1436261700000 82.93
1436261760000 82.99
1436261820000 82.93
1436261880000 83.45
1436261940000 83.4
1436262000000 83.2774
1436262120000 83.39
1436262240000 83.3
1436262300000 83.1801
1436262420000 83.22
1436262480000 83.23
1436262540000 83.26
1436262600000 83.285
1436262720000 83.28
1436262840000 83.27
1436262900000 83.245
1436262960000 83.27
1436263020000 83.2
1436263080000 83.12
1436263200000 82.81
1436263260000 82.85
1436263320000 82.85
1436263500000 82.81
1436263620000 82.68
1436263740000 82.285
1436263800000 82.45
1436263860000 82.65
1436263920000 82.63
1436263980000 82.58
1436264040000 82.52
1436264100000 82.46
1436264160000 82.49
1436264220000 82.42
1436264280000 82.425
1436264340000 82.38
1436264400000 82.465
1436264700000 82.42
1436264760000 82.48
1436264820000 82.41
1436264880000 82.4
1436264940000 82.46
1436265000000 82.335
1436265060000 82.23
1436265120000 82.255
1436265180000 82.33
1436265300000 82.25
1436265360000 82.2
1436265420000 82.15
1436265480000 82.12
1436265540000 81.92
1436265660000 81.87
1436265720000 81.71
1436265780000 81.66
1436265840000 81.68
1436265900000 81.85
1436265960000 81.91
1436266020000 81.93
1436266140000 82.09
1436266200000 82.085
1436266380000 82.11
1436266440000 82.2699
1436266500000 82.31
1436266620000 82.3292
1436266740000 82.26
1436266800000 82.12
1436266860000 81.985
1436266920000 82.055
1436267040000 81.99
1436267100000 81.93
1436267160000 81.785
1436267220000 81.82
1436267280000 82.05
1436267340000 82.12
1436267400000 82.2
1436267520000 82.35
1436267700000 82.33
1436267760000 82.41
1436267820000 82.38
1436267940000 82.42
1436268000000 82.33
1436268060000 82.082
1436268120000 82.01
1436268180000 82.005
1436268240000 82.05
1436268300000 82.08
1436268360000 82.0
1436268420000 82.08
1436268480000 82.13
1436268540000 82.06
1436268600000 82.1
1436268660000 82.02
1436268720000 82.03
1436268780000 82.04
1436268840000 81.94
1436268900000 81.88
1436268960000 81.91
1436269020000 81.92
1436269140000 82.03
1436269200000 82.01
1436269260000 82.11
1436269320000 82.09
1436269440000 82.24
1436269560000 82.21
1436269620000 82.24
1436269740000 82.0
1436269800000 82.13
1436269860000 81.97
1436269920000 81.98
1436269980000 81.98
1436270040000 82.05
1436270100000 82.1
1436270160000 82.095
1436270220000 82.28
1436270400000 82.265
1436270460000 82.245
1436270520000 82.13
1436270580000 82.3
1436270640000 82.49
1436270700000 82.51
1436270760000 82.45
1436270820000 82.59
1436270940000 82.515
1436271000000 82.47
1436271060000 82.48
1436271180000 82.34
1436271240000 82.395
1436271300000 82.39
1436271360000 82.47
1436271420000 82.49
1436271480000 82.43
1436271540000 82.51
1436271600000 82.58
1436271720000 82.5
1436271780000 82.54
1436271840000 82.5
1436271900000 82.425
1436271960000 82.45
1436272020000 82.54
1436272080000 82.5
1436272140000 82.48
1436272200000 82.47
1436272260000 82.475
1436272320000 82.63
1436272380000 82.74
1436272440000 82.8
1436272500000 82.83
1436272620000 82.81
1436272800000 82.82
1436272860000 82.8
1436272920000 82.86
1436272980000 82.9
1436273040000 82.85
1436273100000 82.8
1436273160000 82.79
1436273220000 82.86
1436273340000 82.8
1436273400000 82.8
1436273460000 82.81
1436273520000 82.79
1436273580000 82.81
1436273640000 82.81
1436273760000 82.87
1436273880000 82.91
1436274000000 83.03
1436274060000 82.98
1436274120000 82.96
1436274180000 82.76
1436274240000 82.73
1436274360000 82.73
1436274420000 82.55
1436274480000 82.7
1436274540000 82.78
1436274600000 82.8
1436274660000 82.81
1436274720000 82.88
1436274780000 83.0
1436274840000 83.04
1436274900000 83.02
1436274960000 82.96
1436275080000 82.735
1436275140000 82.81
1436275200000 82.85
1436275260000 82.77
1436275320000 82.69
1436275380000 82.69
1436275440000 82.82
1436275620000 82.62
1436275740000 82.79
1436275860000 82.86
1436275920000 82.85
1436275980000 82.76
1436276040000 82.8
1436276100000 82.68
1436276160000 82.8
1436276220000 82.77
1436276280000 82.755
1436276340000 82.8
1436276400000 82.78
1436276460000 82.81
1436276520000 82.74
1436276580000 82.79
1436276640000 82.82
1436276700000 82.845
1436276760000 82.8999
1436276820000 82.93
1436276880000 82.915
1436276940000 82.925
1436277060000 82.87
1436277120000 82.77
1436277240000 82.86
1436277300000 82.91
1436277360000 82.79
1436277420000 82.83
1436277480000 82.83
1436277540000 82.88
1436277720000 82.87
1436277900000 82.79
1436277960000 82.8141
1436278080000 82.68
1436278140000 82.69
1436278200000 82.7
1436278380000 82.6416
1436278440000 82.6775
1436278620000 82.64
1436278680000 82.6
1436278740000 82.5
1436278800000 82.39
1436278860000 82.5
1436278920000 82.55
1436278980000 82.7
1436279040000 82.73
1436279280000 82.725
1436279340000 82.73
1436279400000 82.75
1436279460000 82.8
1436279520000 82.82
1436279580000 82.88
1436279640000 82.83
1436279760000 82.73
1436279820000 82.81
1436279880000 82.815
1436279940000 82.81
1436280000000 82.9
1436280060000 83.01
1436280120000 83.05
1436280180000 83.07
1436280240000 83.2501
1436280300000 83.26
1436280420000 83.24
1436280480000 83.28
1436280540000 83.315
1436280600000 83.23
1436280780000 83.19
1436280840000 83.205
1436280900000 83.3
1436280960000 83.37
1436281020000 83.42
1436281080000 83.42
1436281140000 83.73
1436281200000 83.745
1436281260000 83.818
1436281380000 83.71
1436281440000 83.69
1436281500000 83.665
1436281560000 83.65
