1436261400000 52.69
1436261640000 52.57
1436261760000 52.59
1436262180000 52.12
1436262240000 52.21
1436262360000 52.16
1436262420000 52.25
1436262480000 52.19
1436262600000 52.25
1436262660000 52.2
1436262720000 52.23
1436262840000 52.24
1436262900000 52.29
1436262960000 52.31
1436263020000 52.27
1436263140000 52.19
1436263200000 52.22
1436263680000 52.18
1436263740000 52.07
1436264340000 52.08
1436264700000 52.08
1436265120000 52.02
1436265180000 51.96
1436265360000 51.96
1436265480000 51.86
1436265600000 51.85
1436265960000 51.81
1436266080000 51.875
1436266260000 51.83
1436266380000 51.92
1436266440000 51.89
1436266500000 51.84
1436266680000 51.92
1436266740000 51.91
1436266860000 51.83
1436267100000 51.87
1436267280000 51.7808
1436267460000 51.81
1436267520000 51.83
1436267760000 51.8
1436267940000 51.67
1436268300000 51.72
1436268420000 51.72
1436268540000 51.65
1436268660000 51.6
1436268720000 51.6
1436268780000 51.58
1436269080000 51.47
1436269200000 51.535
1436269260000 51.58
1436269320000 51.5372
1436269380000 51.74
1436269440000 51.78
1436269560000 51.71
1436269860000 51.68
1436270040000 51.67
1436270100000 51.74
1436270160000 51.69
1436270220000 51.93
1436270280000 51.93
1436270580000 51.94
1436270760000 51.9
1436270940000 51.95
1436271060000 51.89
1436271180000 51.94
1436271300000 51.94
1436271360000 51.95
1436271600000 51.99
1436271660000 51.95
1436272200000 51.95
1436272260000 51.95
1436272320000 51.95
1436272380000 52.04
1436272560000 51.95
1436272860000 51.96
1436273100000 52.025
1436273160000 52.08
1436273400000 52.12
1436273460000 52.03
1436273760000 52.0
1436273820000 52.0325
1436273880000 52.0
1436273940000 52.11
1436274000000 52.11
1436274060000 52.055
1436274240000 52.14
1436274300000 52.15
1436274420000 52.12
1436274480000 52.12
1436274540000 52.12
1436274600000 52.06
1436274660000 52.02
1436274720000 52.16
1436274840000 52.18
1436274960000 52.185
1436275260000 52.14
1436275560000 52.11
1436275680000 52.155
1436275740000 52.11
1436275860000 52.12
1436275920000 52.07
1436276160000 52.06
1436276460000 52.05
1436276520000 52.04
1436276580000 52.1
1436276640000 52.07
1436276700000 52.16
1436276760000 52.09
1436276820000 52.14
1436276880000 52.18
1436276940000 52.19
1436277060000 52.2
1436277120000 52.17
1436277300000 52.15
1436277360000 52.1
1436277480000 52.155
1436277540000 52.15
1436277660000 52.15
1436277720000 52.2
1436277780000 52.15
1436277840000 52.2
1436277960000 52.14
1436278200000 52.12
1436278260000 52.12
1436278320000 52.18
1436278560000 52.115
1436278620000 52.16
1436278680000 52.15
1436278740000 52.15
1436278860000 52.15
1436278920000 52.15
1436279040000 52.16
1436279280000 52.16
1436279460000 52.15
1436279520000 52.18
1436279760000 52.14
1436279880000 52.2
1436280000000 52.17
1436280060000 52.14
1436280120000 52.15
1436280180000 52.18
1436280300000 52.15
1436280360000 52.15
1436280420000 52.15
1436280480000 52.13
1436280600000 52.14
1436280660000 52.11
1436280780000 52.15
1436280900000 52.08
1436280960000 52.11
1436281080000 52.18
1436281140000 52.23
1436281200000 52.23
1436281260000 52.23
1436281320000 52.19
1436281500000 52.22
1436281560000 52.16
