1436261400000 48.0
1436261460000 47.9482
1436261520000 47.84
1436261580000 47.9699
1436261640000 47.8
1436261700000 47.41
1436261760000 47.36
1436261820000 47.39
1436261880000 47.433
1436261940000 47.38
1436262000000 47.37
1436262120000 47.36
1436262180000 47.35
1436262240000 47.34
1436262300000 47.33
1436262360000 47.33
1436262420000 47.24
1436262480000 47.25
1436262540000 47.2
1436262600000 47.22
1436262660000 47.2
1436262720000 47.165
1436262780000 47.22
1436262840000 47.26
1436262900000 47.22
1436262960000 47.25
1436263020000 47.255
1436263080000 47.25
1436263140000 47.34
1436263200000 47.36
1436263260000 47.3
1436263320000 47.32
1436263380000 47.31
1436263440000 47.29
1436263500000 47.3
1436263560000 47.3
1436263620000 47.3
1436263680000 47.26
1436263740000 47.33
1436263800000 47.31
1436263920000 47.38
1436263980000 47.35
1436264040000 47.3
1436264100000 47.34
1436264160000 47.31
1436264220000 47.3
1436264280000 47.3
1436264340000 47.36
1436264400000 47.37
1436264460000 47.37
1436264520000 47.41
1436264580000 47.395
1436264640000 47.36
1436264700000 47.36
1436264760000 47.38
1436264820000 47.42
1436264880000 47.4
1436264940000 47.4
1436265000000 47.37
1436265060000 47.4
1436265120000 47.32
1436265180000 47.38
1436265240000 47.37
1436265300000 47.3
1436265360000 47.29
1436265420000 47.3
1436265480000 47.3
1436265540000 47.3
1436265600000 47.29
1436265660000 47.2
1436265720000 47.2
1436265780000 47.19
1436265840000 47.26
1436265900000 47.23
1436265960000 47.21
1436266020000 47.24
1436266080000 47.24
1436266140000 47.24
1436266200000 47.2
1436266260000 47.195
1436266320000 47.28
1436266380000 47.27
1436266440000 47.22
1436266500000 47.25
1436266560000 47.19
1436266620000 47.19
1436266680000 47.25
1436266740000 47.21
1436266800000 47.18
1436266860000 47.07
1436266920000 47.01
1436266980000 46.96
1436267040000 46.98
1436267100000 47.0
1436267160000 46.91
1436267220000 46.89
1436267280000 46.93
1436267340000 46.92
1436267400000 46.92
1436267460000 46.89
1436267520000 46.9
1436267580000 46.95
1436267640000 46.87
1436267700000 46.9
1436267760000 46.96
1436267820000 46.97
1436267880000 46.99
1436268000000 47.0
1436268060000 46.96
1436268120000 46.96
1436268180000 46.96
1436268240000 46.97
1436268300000 46.95
1436268360000 46.95
1436268420000 46.96
1436268480000 46.99
1436268540000 46.96
1436268660000 46.96
1436268720000 46.94
1436268780000 46.95
1436268840000 46.93
1436268900000 46.9
1436268960000 46.85
1436269020000 46.88
1436269080000 46.89
1436269140000 46.94
1436269200000 46.94
1436269260000 46.97
1436269320000 46.96
1436269380000 46.99
1436269440000 46.99
1436269500000 46.96
1436269560000 46.93
1436269620000 46.91
1436269680000 46.93
1436269740000 46.92
1436269860000 46.92
1436269980000 46.85
1436270040000 46.8601
1436270100000 46.88
1436270160000 46.88
1436270220000 46.97
1436270280000 47.02
1436270340000 46.95
1436270400000 46.93
1436270460000 46.83
1436270520000 46.81
1436270580000 46.81
1436270640000 46.82
1436270700000 46.85
1436270760000 46.81
1436270820000 46.76
1436270880000 46.74
1436270940000 46.73
1436271000000 46.69
1436271060000 46.62
1436271120000 46.57
1436271300000 46.55
1436271360000 46.56
1436271420000 46.54
1436271480000 46.55
1436271600000 46.6
1436271720000 46.6
1436271780000 46.6
1436271840000 46.6
1436271900000 46.6
1436271960000 46.6
1436272020000 46.655
1436272080000 46.64
1436272140000 46.65
1436272200000 46.65
1436272260000 46.65
1436272380000 46.69
1436272500000 46.75
1436272560000 46.72
1436272620000 46.81
1436272680000 46.76
1436272740000 46.78
1436272800000 46.7283
1436272860000 46.72
1436272920000 46.74
1436272980000 46.74
1436273040000 46.74
1436273100000 46.74
1436273160000 46.75
1436273220000 46.78
1436273340000 46.78
1436273400000 46.8
1436273460000 46.81
1436273520000 46.79
1436273580000 46.82
1436273640000 46.83
1436273700000 46.86
1436273760000 46.84
1436273820000 46.85
1436273880000 46.835
1436273940000 46.81
1436274000000 46.8
1436274060000 46.88
1436274120000 46.87
1436274180000 46.8
1436274240000 46.85
1436274300000 46.83
1436274360000 46.81
1436274420000 46.75
1436274540000 46.78
1436274600000 46.8
1436274660000 46.82
1436274720000 46.86
1436274780000 46.87
1436274900000 46.9
1436274960000 46.9
1436275020000 46.9
1436275080000 46.91
1436275140000 46.91
1436275200000 46.93
1436275260000 46.89
1436275320000 46.91
1436275380000 46.93
1436275440000 46.97
1436275500000 46.965
1436275560000 46.97
1436275620000 46.94
1436275680000 46.97
1436275740000 46.99
1436275800000 46.99
1436275860000 46.99
1436275920000 46.98
1436275980000 46.99
1436276040000 47.04
1436276100000 47.04
1436276160000 47.1
1436276220000 47.1
1436276280000 47.12
1436276400000 47.12
1436276460000 47.1
1436276520000 47.11
1436276580000 47.1
1436276640000 47.1
1436276700000 47.15
1436276760000 47.12
1436276820000 47.11
1436276880000 47.12
1436276940000 47.11
1436277000000 47.12
1436277060000 47.01
1436277120000 47.02
1436277180000 47.01
1436277240000 46.99
1436277360000 46.97
1436277420000 46.99
1436277480000 46.945
1436277540000 46.93
1436277660000 46.93
1436277720000 46.92
1436277780000 46.88
1436277840000 46.89
1436277900000 46.8
1436277960000 46.79
1436278020000 46.79
1436278080000 46.78
1436278140000 46.78
1436278200000 46.78
1436278260000 46.74
1436278320000 46.71
1436278380000 46.71
1436278440000 46.71
1436278500000 46.69
1436278560000 46.65
1436278620000 46.65
1436278680000 46.65
1436278740000 46.64
1436278800000 46.65
1436278860000 46.67
1436278920000 46.63
1436278980000 46.61
1436279040000 46.62
1436279100000 46.7
1436279160000 46.65
1436279220000 46.62
1436279280000 46.62
1436279340000 46.63
1436279400000 46.62
1436279460000 46.62
1436279520000 46.65
1436279580000 46.67
1436279700000 46.6
1436279760000 46.62
1436279820000 46.61
1436279880000 46.61
1436279940000 46.64
1436280000000 46.63
1436280060000 46.75
1436280180000 46.78
1436280240000 46.8
1436280300000 46.8
1436280360000 46.82
1436280420000 46.81
1436280480000 46.81
1436280600000 46.81
1436280660000 46.79
1436280780000 46.81
1436280840000 46.82
1436280900000 46.8
1436280960000 46.82
1436281020000 46.84
1436281080000 46.91
1436281140000 46.96
1436281200000 46.94
1436281260000 46.99
1436281320000 47.01
1436281380000 47.02
1436281440000 47.03
1436281500000 47.13
1436281560000 47.15
