1436261400000 31.5
1436261460000 31.63
1436261520000 31.6376
1436261580000 31.74
1436261640000 31.68
1436261700000 31.61
1436261760000 31.53
1436261820000 31.51
1436261880000 31.37
1436261940000 31.24
1436262060000 31.15
1436262120000 31.21
1436262180000 31.21
1436262240000 31.18
1436262300000 31.09
1436262360000 31.03
1436262420000 31.04
1436262480000 31.07
1436262540000 31.07
1436262600000 31.06
1436262660000 31.0537
1436262720000 31.06
1436262780000 31.08
1436262840000 31.17
1436262900000 31.11
1436262960000 31.07
1436263020000 31.05
1436263080000 31.02
1436263140000 30.94
1436263200000 30.84
1436263260000 30.96
1436263320000 30.93
1436263380000 30.92
1436263440000 30.98
1436263620000 30.96
1436263680000 30.8228
1436263740000 30.92
1436263800000 30.96
1436263860000 31.06
1436263920000 31.13
1436263980000 31.13
1436264040000 31.18
1436264100000 31.185
1436264160000 31.1772
1436264220000 31.21
1436264280000 31.2095
1436264340000 31.19
1436264400000 31.18
1436264460000 31.17
1436264520000 31.23
1436264640000 31.25
1436264760000 31.2
1436264820000 31.18
1436264880000 31.13
1436264940000 31.15
1436265000000 31.15
1436265060000 31.13
1436265120000 31.11
1436265180000 31.24
1436265240000 31.2
1436265300000 31.22
1436265360000 31.17
1436265420000 31.155
1436265480000 31.13
1436265540000 31.09
1436265600000 31.05
1436265720000 31.0
1436265780000 30.95
1436265840000 30.95
1436265900000 30.9
1436265960000 30.935
1436266020000 30.94
1436266080000 30.945
1436266140000 30.945
1436266200000 30.93
1436266260000 30.9
1436266320000 30.96
1436266380000 30.96
1436266440000 30.97
1436266500000 30.96
1436266680000 30.93
1436266800000 30.89
1436266860000 30.83
1436266980000 30.95
1436267040000 30.9275
1436267160000 30.95
1436267220000 30.94
1436267280000 30.95
1436267400000 30.941
1436267460000 30.95
1436267520000 30.96
1436267580000 30.955
1436267640000 30.97
1436267700000 30.955
1436267760000 30.97
1436267820000 31.02
1436267880000 31.003
1436268000000 30.965
1436268060000 30.95
1436268120000 30.89
1436268180000 30.93
1436268300000 30.925
1436268360000 30.91
1436268480000 30.95
1436268840000 30.92
1436269020000 30.85
1436269140000 30.9
1436269200000 30.94
1436269320000 30.8699
1436269380000 30.935
1436269440000 30.99
1436269500000 30.97
1436269680000 30.98
1436269800000 30.96
1436269860000 30.99
1436270100000 30.9075
1436270160000 31.005
1436270220000 31.09
1436270280000 31.12
1436270340000 31.0744
1436270400000 31.05
1436270460000 31.02
1436270580000 31.035
1436270940000 31.08
1436271000000 31.03
1436271120000 31.07
1436271180000 31.06
1436271240000 31.06
1436271360000 31.0501
1436271420000 31.06
1436271600000 31.03
1436271660000 31.03
1436271840000 31.05
1436271900000 31.01
1436271960000 31.06
1436272020000 31.07
1436272200000 31.0903
1436272380000 31.13
1436272500000 31.16
1436272680000 31.08
1436272740000 31.11
1436272800000 31.14
1436272920000 31.14
1436272980000 31.18
1436273100000 31.17
1436273160000 31.21
1436273280000 31.2247
1436273580000 31.2
1436273640000 31.23
1436273700000 31.23
1436273760000 31.3
1436273880000 31.34
1436274000000 31.35
1436274120000 31.2701
1436274180000 31.26
1436274240000 31.26
1436274300000 31.3
1436274360000 31.29
1436274480000 31.2899
1436274660000 31.29
1436274720000 31.37
1436274780000 31.42
1436274840000 31.43
1436274900000 31.43
1436274960000 31.4
1436275020000 31.3832
1436275140000 31.375
1436275200000 31.38
1436275260000 31.39
1436275320000 31.3501
1436275440000 31.35
1436275500000 31.385
1436275680000 31.36
1436275860000 31.3949
1436275920000 31.36
1436275980000 31.33
1436276040000 31.35
1436276100000 31.36
1436276220000 31.35
1436276280000 31.33
1436276340000 31.37
1436276400000 31.385
1436276460000 31.39
1436276520000 31.375
1436276640000 31.36
1436276700000 31.43
1436276760000 31.38
1436276820000 31.38
1436276940000 31.37
1436277000000 31.44
1436277060000 31.4
1436277120000 31.41
1436277240000 31.43
1436277300000 31.4101
1436277360000 31.43
1436277420000 31.4201
1436277480000 31.42
1436277660000 31.38
1436277840000 31.42
1436277900000 31.4115
1436277960000 31.41
1436278020000 31.406
1436278140000 31.43
1436278260000 31.43
1436278320000 31.45
1436278380000 31.45
1436278440000 31.45
1436278500000 31.44
1436278620000 31.46
1436278680000 31.44
1436278740000 31.42
1436278800000 31.35
1436278860000 31.33
1436278920000 31.33
1436279160000 31.36
1436279280000 31.3601
1436279400000 31.37
1436279460000 31.36
1436279520000 31.34
1436279580000 31.37
1436279640000 31.38
1436279700000 31.37
1436279760000 31.37
1436279880000 31.3247
1436280000000 31.36
1436280060000 31.37
1436280120000 31.35
1436280180000 31.37
1436280240000 31.42
1436280300000 31.43
1436280360000 31.5
1436280420000 31.5
1436280540000 31.51
1436280600000 31.5
1436280720000 31.48
1436280780000 31.4
1436280840000 31.47
1436280900000 31.43
1436280960000 31.495
1436281020000 31.51
1436281080000 31.57
1436281140000 31.63
1436281200000 31.64
1436281260000 31.64
1436281320000 31.6
1436281380000 31.51
1436281440000 31.51
1436281500000 31.51
1436281560000 31.5
