1404705600000 0.5
1405051200000 0.5001
1405310400000 0.4
1405569600000 0.45
1405656000000 0.471
1406260800000 0.7
1406520000000 0.68
1406606400000 0.6535
1406692800000 0.68
1407124800000 0.68
1407384000000 0.68
1407470400000 0.386
1407729600000 0.5
1407816000000 0.4
1407902400000 0.6
1407988800000 0.5
1408334400000 0.5
1408420800000 0.59
1408507200000 0.5989
1408680000000 0.57
1408939200000 0.62
1409025600000 0.5894
1409198400000 0.63
1409284800000 0.68
1409630400000 0.61
1409803200000 0.52
1411617600000 0.5201
1412136000000 0.44
1412568000000 0.4
1413259200000 0.28
1413950400000 0.4783
1414036800000 0.3564
1414555200000 0.68
1414641600000 0.63
1414990800000 0.63
1415163600000 0.68
1415336400000 0.69
1415682000000 0.65
1416546000000 0.4548
1416805200000 0.59
1416891600000 0.61
1417755600000 0.4
1418014800000 0.54
1418187600000 0.54
1418274000000 0.3901
1418878800000 0.39
1419224400000 0.39
1419310800000 0.39
1419570000000 0.36
1419829200000 0.45
1420002000000 0.52
1420520400000 0.38
1420779600000 0.22
1421038800000 0.24
1421298000000 0.25
1421816400000 0.17
1421902800000 0.2725
1421989200000 0.29
1422248400000 0.2
1422334800000 0.2
1422421200000 0.1155
1422507600000 0.1301
1422594000000 0.13
1422853200000 0.13
1422939600000 0.13
1423026000000 0.031
1423198800000 0.0355
1423458000000 0.05
1423544400000 0.0316
1423630800000 0.1318
1423717200000 0.1465
1423803600000 0.0441
