1436261880000 4.81
1436261940000 4.82
1436262300000 4.79
1436262420000 4.88
1436262480000 4.8417
1436262540000 4.77
1436262780000 4.7982
1436262840000 4.78
1436262900000 4.7882
1436262960000 4.7782
1436263020000 4.7782
1436263200000 4.7999
1436263260000 4.7999
1436263440000 4.8
1436264100000 4.84
1436264160000 4.81
1436264460000 4.84
1436264700000 4.81
1436264820000 4.82
1436265300000 4.82
1436265720000 4.82
1436265900000 4.81
1436267700000 4.82
1436267880000 4.82
1436267940000 4.78
1436268060000 4.82
1436268120000 4.82
1436268900000 4.83
1436269560000 4.81
1436270280000 4.81
1436271240000 4.81
1436271360000 4.79
1436271600000 4.79
1436271900000 4.87
1436272080000 4.88
1436272800000 4.92
1436273280000 4.95
1436273400000 4.9799
1436273460000 4.99
1436273520000 5.012
1436273580000 5.045
1436273640000 5.07
1436273700000 5.1
1436273760000 5.08
1436273820000 5.09
1436273880000 5.0899
1436273940000 5.11
1436274000000 5.09
1436274060000 5.1004
1436274120000 5.0976
1436274360000 5.11
1436274540000 5.11
1436274780000 5.08
1436274840000 5.11
1436274900000 5.116
1436274960000 5.116
1436275080000 5.0802
1436275140000 5.12
1436275200000 5.1112
1436275260000 5.08
1436275320000 5.13
1436275380000 5.15
1436275440000 5.1699
1436275620000 5.1379
1436275680000 5.16
1436275860000 5.16
1436275920000 5.23
1436275980000 5.21
1436276040000 5.21
1436276100000 5.18
1436276400000 5.2
1436276880000 5.22
1436277000000 5.2
1436277540000 5.2126
1436277660000 5.24
1436277720000 5.18
1436277780000 5.18
1436277900000 5.1566
1436277960000 5.19
1436278080000 5.1636
1436278260000 5.1536
1436278320000 5.17
1436278380000 5.15
1436278440000 5.112
1436278560000 5.134
1436278680000 5.1
1436278800000 5.08
1436279100000 5.08
1436279160000 5.07
1436279400000 5.08
1436279460000 5.06
1436280060000 5.07
1436280660000 5.11
1436281080000 5.14
1436281140000 5.13
1436281320000 5.14
1436281380000 5.13
1436281500000 5.11
