1436267040000 8.28
1436267220000 8.03
1436267520000 8.11
1436267580000 8.07
1436267700000 8.11
1436267760000 8.11
1436267820000 8.12
1436267880000 8.31
1436268180000 8.25
1436268360000 8.27
1436268960000 8.25
1436269200000 8.27
1436269320000 8.21
1436270700000 8.26
1436270760000 8.25
1436271720000 8.23
1436271780000 8.29
1436272320000 8.3
1436272800000 8.29
1436272860000 8.25
1436273400000 8.25
1436273940000 8.25
1436274000000 8.17
1436274060000 8.03
1436274120000 8.11
1436274180000 8.14
1436274240000 8.14
1436274300000 8.14
1436274360000 8.14
1436274420000 8.14
1436274480000 8.15
1436274840000 8.15
1436274960000 8.16
1436275020000 8.17
1436275440000 8.3
1436275500000 8.28
1436275860000 8.25
1436275920000 8.2
1436276040000 8.19
1436276820000 8.25
1436277720000 8.25
1436278800000 8.25
1436278860000 8.24
1436279640000 8.23
1436280240000 8.24
1436280420000 8.24
1436280600000 8.24
