1436261400000 34.75
1436261760000 34.69
1436261880000 34.65
1436261940000 34.7199
1436262000000 34.685
1436262060000 34.73
1436262300000 34.73
1436262360000 34.75
1436262420000 34.83
1436262480000 34.93
1436262540000 35.09
1436262600000 35.02
1436262720000 35.04
1436262900000 35.0
1436263020000 34.98
1436263140000 34.87
1436263320000 34.8
1436263560000 34.68
1436263620000 34.675
1436263680000 34.64
1436263920000 34.71
1436263980000 34.7
1436264040000 34.74
1436264100000 34.74
1436264160000 34.74
1436264460000 34.735
1436264520000 34.71
1436264640000 34.7
1436264700000 34.675
1436264760000 34.675
1436264820000 34.68
1436264940000 34.62
1436265000000 34.61
1436265060000 34.65
1436265120000 34.61
1436265180000 34.63
1436265240000 34.615
1436265300000 34.57
1436265360000 34.605
1436265420000 34.605
1436265540000 34.575
1436265600000 34.57
1436265660000 34.49
1436265720000 34.475
1436265780000 34.46
1436265840000 34.43
1436265900000 34.465
1436265960000 34.46
1436266080000 34.59
1436266140000 34.57
1436266200000 34.6
1436266260000 34.56
1436266320000 34.54
1436266440000 34.6
1436266500000 34.59
1436266560000 34.56
1436266680000 34.6
1436266740000 34.547
1436266800000 34.54
1436266860000 34.48
1436266920000 34.5
1436266980000 34.53
1436267040000 34.53
1436267160000 34.5387
1436267220000 34.5
1436267460000 34.5
1436267520000 34.57
1436267580000 34.5402
1436267760000 34.58
1436267820000 34.55
1436267880000 34.55
1436267940000 34.54
1436268060000 34.49
1436268120000 34.46
1436268180000 34.47
1436268240000 34.46
1436268300000 34.41
1436268420000 34.44
1436268480000 34.445
1436268540000 34.435
1436268660000 34.44
1436268720000 34.475
1436268780000 34.475
1436268840000 34.475
1436268900000 34.405
1436268960000 34.37
1436269020000 34.4
1436269080000 34.43
1436269140000 34.47
1436269200000 34.48
1436269260000 34.48
1436269320000 34.51
1436269380000 34.53
1436269440000 34.55
1436269500000 34.54
1436269800000 34.51
1436269860000 34.48
1436269920000 34.46
1436269980000 34.46
1436270100000 34.52
1436270160000 34.53
1436270220000 34.67
1436270400000 34.64
1436270460000 34.54
1436270520000 34.54
1436270640000 34.565
1436270940000 34.59
1436271000000 34.55
1436271060000 34.59
1436271120000 34.58
1436271360000 34.62
1436271660000 34.62
1436271720000 34.58
1436271780000 34.6
1436271960000 34.61
1436272020000 34.57
1436272260000 34.61
1436272320000 34.63
1436272500000 34.65
1436272620000 34.678
1436272680000 34.68
1436272740000 34.7
1436272920000 34.7186
1436272980000 34.7
1436273100000 34.75
1436273160000 34.75
1436273280000 34.78
1436273340000 34.8299
1436273400000 34.8
1436273460000 34.95
1436273520000 34.9
1436273820000 34.95
1436273880000 34.96
1436274120000 34.96
1436274180000 34.93
1436274240000 34.94
1436274360000 34.92
1436274420000 34.87
1436274480000 34.87
1436274660000 34.85
1436274720000 34.91
1436274780000 34.99
1436274840000 34.99
1436274900000 34.97
1436275020000 34.91
1436275200000 34.86
1436275260000 34.84
1436275380000 34.82
1436275440000 34.82
1436275500000 34.88
1436275560000 34.82
1436275620000 34.82
1436275800000 34.88
1436275860000 34.91
1436275920000 34.89
1436276100000 34.86
1436276220000 34.86
1436276280000 34.9
1436276340000 34.935
1436276400000 35.02
1436276640000 35.05
1436276700000 35.04
1436276940000 35.03
1436277120000 35.0
1436277180000 35.0
1436277240000 34.97
1436277360000 34.95
1436277420000 34.95
1436277540000 34.96
1436277600000 34.99
1436277720000 35.0
1436277840000 35.01
1436277900000 35.0
1436277960000 34.98
1436278020000 34.97
1436278080000 34.97
1436278140000 34.97
1436278260000 34.99
1436278320000 34.985
1436278440000 34.98
1436278500000 34.94
1436278560000 34.93
1436278620000 34.91
1436278680000 34.87
1436278740000 34.8
1436278800000 34.82
1436278860000 34.85
1436278920000 34.82
1436279100000 34.83
1436279160000 34.86
1436279220000 34.87
1436279340000 34.81
1436279460000 34.86
1436279520000 34.86
1436279580000 34.87
1436279760000 34.89
1436279880000 34.89
1436279940000 34.89
1436280000000 34.9
1436280060000 34.91
1436280180000 34.97
1436280240000 34.97
1436280300000 34.78
1436280360000 34.64
1436280420000 34.7
1436280480000 34.68
1436280600000 34.65
1436280900000 34.61
1436280960000 34.66
1436281020000 34.67
1436281080000 34.69
1436281140000 34.755
1436281200000 34.74
1436281260000 34.8
1436281320000 34.735
1436281380000 34.71
1436281440000 34.685
1436281500000 34.76
1436281560000 34.75
