1436261400000 55.57
1436261460000 55.5
1436261520000 55.65
1436261580000 55.76
1436261640000 55.86
1436261700000 55.89
1436261760000 55.56
1436261820000 55.49
1436261880000 55.55
1436261940000 55.64
1436262000000 55.52
1436262060000 55.55
1436262120000 55.52
1436262180000 55.51
1436262240000 55.27
1436262300000 55.16
1436262360000 55.12
1436262420000 54.84
1436262480000 54.8
1436262540000 54.83
1436262600000 54.77
1436262660000 54.66
1436262720000 54.545
1436262780000 55.02
1436262840000 54.995
1436262900000 55.06
1436262960000 55.01
1436263020000 55.0
1436263080000 54.76
1436263140000 54.71
1436263200000 54.85
1436263260000 54.84
1436263320000 54.701
1436263380000 54.96
1436263440000 55.0899
1436263500000 55.15
1436263560000 55.24
1436263620000 55.2
1436263680000 54.835
1436263740000 54.7701
1436263800000 54.92
1436263860000 54.95
1436263920000 54.9592
1436263980000 54.93
1436264040000 54.95
1436264100000 54.9
1436264160000 54.86
1436264220000 54.87
1436264280000 54.91
1436264340000 54.9201
1436264400000 54.85
1436264460000 54.82
1436264520000 54.95
1436264580000 54.9
1436264640000 55.09
1436264700000 55.06
1436264760000 55.0124
1436264820000 55.06
1436264880000 54.95
1436264940000 54.94
1436265000000 54.93
1436265060000 54.815
1436265120000 54.66
1436265180000 54.64
1436265240000 54.55
1436265300000 54.52
1436265360000 54.45
1436265420000 54.35
1436265480000 54.1606
1436265540000 54.11
1436265600000 53.9063
1436265660000 53.9
1436265720000 53.84
1436265780000 53.61
1436265840000 53.64
1436265900000 53.74
1436265960000 53.67
1436266020000 53.9401
1436266080000 53.9799
1436266140000 53.99
1436266200000 54.02
1436266260000 53.9
1436266320000 53.97
1436266380000 53.96
1436266440000 54.069
1436266500000 54.17
1436266560000 53.97
1436266620000 53.89
1436266680000 53.9
1436266740000 53.85
1436266800000 53.82
1436266860000 53.7
1436266920000 53.67
1436266980000 53.6999
1436267040000 53.79
1436267100000 53.87
1436267160000 53.91
1436267220000 53.91
1436267280000 53.89
1436267340000 53.99
1436267400000 54.0
1436267460000 54.08
1436267520000 54.168
1436267580000 54.1401
1436267640000 54.1
1436267700000 54.17
1436267760000 54.15
1436267820000 54.25
1436267880000 54.1301
1436267940000 54.065
1436268000000 53.96
1436268060000 53.98
1436268120000 53.89
1436268180000 53.84
1436268240000 53.92
1436268300000 53.96
1436268360000 53.94
1436268420000 53.96
1436268480000 54.02
1436268540000 54.0
1436268600000 53.9639
1436268660000 53.93
1436268720000 54.0
1436268780000 53.91
1436268840000 53.85
1436268900000 53.69
1436268960000 53.69
1436269020000 53.77
1436269080000 53.9196
1436269140000 53.99
1436269200000 54.19
1436269260000 54.205
1436269320000 54.18
1436269380000 54.22
1436269440000 54.34
1436269500000 54.31
1436269560000 54.2393
1436269620000 54.28
1436269680000 54.2925
1436269740000 54.19
1436269800000 54.08
1436269860000 54.03
1436269920000 54.02
1436269980000 54.0
1436270040000 54.19
1436270100000 54.19
1436270160000 54.1803
1436270220000 54.446
1436270280000 54.31
1436270340000 54.38
1436270400000 54.42
1436270460000 54.3868
1436270520000 54.33
1436270580000 54.35
1436270640000 54.44
1436270700000 54.58
1436270760000 54.5
1436270820000 54.45
1436270880000 54.41
1436270940000 54.4
1436271000000 54.33
1436271060000 54.23
1436271120000 54.1232
1436271180000 54.25
1436271240000 54.22
1436271300000 54.3
1436271360000 54.41
1436271420000 54.41
1436271480000 54.44
1436271540000 54.43
1436271600000 54.37
1436271660000 54.4399
1436271720000 54.57
1436271780000 54.4808
1436271840000 54.47
1436271900000 54.49
1436271960000 54.42
1436272020000 54.47
1436272080000 54.53
1436272140000 54.47
1436272200000 54.48
1436272260000 54.54
1436272320000 54.58
1436272380000 54.61
1436272440000 54.82
1436272500000 54.85
1436272560000 54.82
1436272620000 54.92
1436272680000 54.88
1436272740000 54.89
1436272800000 54.9
1436272860000 54.88
1436272920000 54.8905
1436272980000 54.9499
1436273040000 54.9
1436273100000 54.98
1436273160000 54.95
1436273220000 54.99
1436273280000 55.08
1436273340000 55.14
1436273400000 55.02
1436273460000 55.04
1436273520000 55.1336
1436273580000 55.03
1436273640000 55.08
1436273700000 55.09
1436273760000 54.9332
1436273820000 55.01
1436273880000 55.05
1436273940000 55.12
1436274000000 55.05
1436274060000 55.12
1436274120000 55.08
1436274180000 54.96
1436274240000 55.07
1436274300000 55.06
1436274360000 55.06
1436274420000 54.88
1436274480000 54.88
1436274540000 55.09
1436274600000 55.01
1436274660000 55.04
1436274720000 55.11
1436274780000 55.11
1436274840000 55.08
1436274900000 55.12
1436274960000 55.12
1436275020000 55.02
1436275080000 55.0655
1436275140000 55.09
1436275200000 55.17
1436275260000 55.06
1436275320000 55.06
1436275380000 55.09
1436275440000 55.14
1436275500000 55.1099
1436275560000 55.0034
1436275620000 54.94
1436275680000 54.96
1436275740000 54.9025
1436275800000 54.97
1436275860000 54.97
1436275920000 54.83
1436275980000 54.84
1436276040000 54.852
1436276100000 54.94
1436276160000 54.9609
1436276220000 54.97
1436276280000 54.89
1436276340000 54.885
1436276400000 54.61
1436276460000 54.65
1436276520000 54.61
1436276580000 54.63
1436276640000 54.65
1436276700000 54.78
1436276760000 54.74
1436276820000 54.77
1436276880000 54.7301
1436276940000 54.71
1436277000000 54.68
1436277060000 54.6
1436277120000 54.64
1436277180000 54.7
1436277240000 54.74
1436277300000 54.77
1436277360000 54.795
1436277420000 54.8
1436277480000 54.7765
1436277540000 54.77
1436277600000 54.77
1436277660000 54.68
1436277720000 54.7356
1436277780000 54.67
1436277840000 54.715
1436277900000 54.72
1436277960000 54.74
1436278020000 54.77
1436278080000 54.7704
1436278140000 54.77
1436278200000 54.81
1436278260000 54.81
1436278320000 54.81
1436278380000 54.7
1436278440000 54.78
1436278500000 54.69
1436278560000 54.6
1436278620000 54.647
1436278680000 54.68
1436278740000 54.61
1436278800000 54.52
1436278860000 54.46
1436278920000 54.31
1436278980000 54.25
1436279040000 54.29
1436279100000 54.33
1436279160000 54.3799
1436279220000 54.456
1436279280000 54.48
1436279340000 54.56
1436279400000 54.5401
1436279460000 54.5401
1436279520000 54.543
1436279580000 54.5999
1436279640000 54.66
1436279700000 54.63
1436279760000 54.71
1436279820000 54.71
1436279880000 54.72
1436279940000 54.74
1436280000000 54.72
1436280060000 54.76
1436280120000 54.83
1436280180000 54.8
1436280240000 54.75
1436280300000 54.75
1436280360000 54.81
1436280420000 54.85
1436280480000 54.875
1436280540000 54.91
1436280600000 54.9
1436280660000 54.8054
1436280720000 54.8201
1436280780000 54.84
1436280840000 54.86
1436280900000 54.828
1436280960000 54.77
1436281020000 54.79
1436281080000 54.74
1436281140000 54.91
1436281200000 54.88
1436281260000 54.91
1436281320000 54.885
1436281380000 54.86
1436281440000 54.83
1436281500000 54.88
1436281560000 54.91
1436281620000 54.86
1436281680000 54.83
