1436261400000 18.37
1436261520000 18.55
1436261640000 18.47
1436261700000 18.35
1436261820000 18.31
1436261880000 18.285
1436262000000 18.48
1436262060000 18.51
1436262120000 18.505
1436262240000 18.5
1436262300000 18.66
1436262360000 18.67
1436262420000 18.64
1436262480000 18.7
1436262540000 18.73
1436262600000 18.73
1436262660000 18.65
1436262720000 18.58
1436262780000 18.58
1436262840000 18.61
1436262900000 18.54
1436262960000 18.46
1436263080000 18.4001
1436263140000 18.38
1436263200000 18.41
1436263260000 18.42
1436263320000 18.48
1436263440000 18.446
1436263500000 18.45
1436263560000 18.45
1436263620000 18.4
1436263740000 18.36
1436263800000 18.36
1436263860000 18.35
1436263920000 18.38
1436263980000 18.36
1436264040000 18.34
1436264100000 18.3449
1436264160000 18.35
1436264220000 18.365
1436264280000 18.36
1436264340000 18.36
1436264460000 18.3518
1436264520000 18.33
1436264580000 18.36
1436264700000 18.33
1436264820000 18.31
1436264880000 18.3
1436264940000 18.33
1436265000000 18.34
1436265060000 18.35
1436265240000 18.32
1436265300000 18.28
1436265360000 18.26
1436265420000 18.25
1436265600000 18.23
1436265660000 18.21
1436265720000 18.172
1436265780000 18.21
1436265960000 18.15
1436266020000 18.171
1436266080000 18.18
1436266140000 18.18
1436266200000 18.18
1436266260000 18.16
1436266320000 18.14
1436266380000 18.15
1436266440000 18.12
1436266500000 18.18
1436266560000 18.17
1436266740000 18.18
1436266800000 18.14
1436266860000 18.12
1436266920000 18.12
1436266980000 18.0676
1436267100000 18.07
1436267160000 18.06
1436267280000 18.06
1436267400000 18.09
1436267460000 18.1
1436267580000 18.11
1436267640000 18.16
1436267700000 18.2
1436267760000 18.22
1436267820000 18.23
1436267880000 18.158
1436267940000 18.14
1436268060000 18.17
1436268120000 18.15
1436268240000 18.11
1436268300000 18.08
1436268360000 18.054
1436268420000 18.04
1436268540000 18.08
1436268660000 18.05
1436268720000 18.04
1436268780000 17.99
1436268840000 17.97
1436268900000 17.95
1436268960000 17.88
1436269080000 17.91
1436269140000 17.88
1436269200000 18.01
1436269260000 18.06
1436269320000 18.09
1436269440000 18.02
1436269500000 18.02
1436269680000 18.05
1436269740000 18.07
1436269800000 18.08
1436269860000 18.06
1436269920000 18.05
1436269980000 18.03
1436270160000 18.1
1436270220000 18.22
1436270340000 18.22
1436270400000 18.23
1436270520000 18.18
1436270760000 18.16
1436270940000 18.15
1436271120000 18.14
1436271180000 18.1331
1436271360000 18.1048
1436271480000 18.13
1436271540000 18.12
1436271600000 18.14
1436271660000 18.115
1436271720000 18.129
1436271780000 18.09
1436271840000 18.14
1436271900000 18.1493
1436272080000 18.16
1436272320000 18.21
1436272380000 18.27
1436272500000 18.26
1436272560000 18.28
1436272620000 18.29
1436272680000 18.3
1436272740000 18.35
1436272800000 18.365
1436273040000 18.36
1436273100000 18.37
1436273160000 18.37
1436273220000 18.37
1436273280000 18.385
1436273340000 18.425
1436273400000 18.425
1436273460000 18.425
1436273520000 18.43
1436273640000 18.445
1436273700000 18.441
1436273760000 18.46
1436273820000 18.46
1436273940000 18.45
1436274000000 18.42
1436274120000 18.4268
1436274180000 18.38
1436274240000 18.36
1436274360000 18.37
1436274420000 18.36
1436274540000 18.3728
1436274600000 18.4119
1436274660000 18.44
1436274720000 18.43
1436274780000 18.45
1436274840000 18.5
1436274900000 18.48
1436274960000 18.5
1436275020000 18.46
1436275080000 18.47
1436275200000 18.42
1436275380000 18.44
1436275440000 18.45
1436275500000 18.45
1436275680000 18.4999
1436275980000 18.45
1436276040000 18.4
1436276100000 18.4
1436276160000 18.4
1436276220000 18.39
1436276460000 18.41
1436276520000 18.4
1436276580000 18.3775
1436276700000 18.395
1436276760000 18.39
1436276880000 18.39
1436277000000 18.39
1436277240000 18.44
1436277300000 18.4
1436277480000 18.36
1436277540000 18.37
1436277660000 18.38
1436277720000 18.38
1436277840000 18.41
1436277900000 18.4
1436277960000 18.3701
1436278080000 18.404
1436278260000 18.39
1436278380000 18.38
1436278500000 18.39
1436278560000 18.4
1436278620000 18.4
1436278680000 18.4
1436278740000 18.38
1436278860000 18.4
1436278920000 18.4
1436279160000 18.43
1436279220000 18.45
1436279280000 18.47
1436279400000 18.45
1436279460000 18.475
1436279580000 18.48
1436279700000 18.48
1436279760000 18.42
1436279880000 18.42
1436279940000 18.48
1436280000000 18.48
1436280060000 18.5
1436280120000 18.479
1436280180000 18.485
1436280240000 18.5
1436280300000 18.49
1436280360000 18.48
1436280420000 18.5
1436280840000 18.47
1436280960000 18.455
1436281080000 18.5
1436281140000 18.5
1436281260000 18.5
1436281320000 18.49
1436281440000 18.47
1436281500000 18.49
