1436261400000 480.44
1436261640000 477.525
1436261700000 477.16
1436261820000 476.26
1436261880000 476.836
1436262000000 477.53
1436262660000 478.76
1436262720000 479.32
1436262780000 480.65
1436262840000 479.96
1436262960000 479.3
1436263200000 477.54
1436263260000 477.37
1436263320000 477.42
1436263380000 477.53
1436263500000 477.81
1436263620000 476.7
1436263680000 476.0
1436263740000 476.0
1436263800000 476.1
1436263860000 475.66
1436264100000 475.78
1436264280000 475.04
1436264340000 475.5
1436264400000 474.72
1436264460000 475.63
1436264700000 475.92
1436264940000 476.0
1436265000000 476.52
1436265060000 475.17
1436265120000 475.03
1436265300000 474.6
1436265480000 474.33
1436265540000 474.31
1436265660000 473.06
1436265720000 473.4
1436265780000 472.13
1436265840000 472.02
1436265900000 472.02
1436265960000 471.59
1436266020000 472.74
1436266080000 473.568
1436266140000 473.31
1436266200000 472.82
1436266260000 472.33
1436266320000 473.221
1436266380000 473.62
1436266440000 473.93
1436266560000 473.46
1436266620000 473.47
1436266680000 473.71
1436266740000 473.505
1436266800000 474.0
1436266920000 474.015
1436267040000 474.085
1436267160000 474.0
1436267220000 473.97
1436267280000 473.85
1436267460000 473.99
1436267520000 474.76
1436267580000 475.21
1436267700000 474.4
1436267880000 474.3
1436267940000 474.03
1436268000000 473.67
1436268060000 473.37
1436268180000 473.4
1436268360000 473.23
1436268420000 473.38
1436268540000 473.27
1436268660000 472.26
1436268720000 472.6
1436268840000 472.28
1436268960000 471.9
1436269020000 472.1
1436269080000 472.92
1436269200000 473.42
1436269320000 474.28
1436269680000 474.69
1436269740000 474.85
1436269800000 474.71
1436269920000 474.92
1436269980000 475.53
1436270040000 474.98
1436270160000 475.13
1436270220000 477.0
1436270340000 475.86
1436270460000 476.23
1436270760000 477.2
1436270820000 476.23
1436270880000 476.64
1436271000000 476.15
1436271060000 475.3
1436271180000 475.36
1436271360000 475.91
1436271600000 476.39
1436271720000 476.98
1436271780000 477.08
1436271960000 476.12
1436272260000 476.04
1436272380000 476.23
1436272440000 476.07
1436272500000 476.51
1436272800000 476.67
1436272980000 476.42
1436273100000 477.09
1436273160000 477.92
1436273220000 477.85
1436273280000 478.15
1436273340000 478.3
1436273400000 478.34
1436273520000 478.33
1436273580000 477.73
1436273640000 477.78
1436273700000 478.45
1436273760000 478.6
1436273820000 478.88
1436273880000 478.88
1436274000000 479.11
1436274060000 479.2
1436274180000 478.34
1436274360000 478.02
1436274420000 478.31
1436274660000 479.15
1436274720000 478.88
1436274780000 479.74
1436274840000 479.98
1436274900000 480.06
1436274960000 479.12
1436275200000 478.58
1436275440000 478.61
1436275800000 478.96
1436275980000 478.87
1436276040000 478.88
1436276100000 479.0
1436276220000 479.57
1436276400000 479.11
1436276520000 479.12
1436276640000 478.74
1436276820000 479.74
1436276880000 479.8
1436277000000 479.38
1436277060000 478.69
1436277180000 478.49
1436277240000 478.89
1436277420000 478.785
1436277540000 479.01
1436277840000 479.06
1436277960000 478.785
1436278080000 478.49
1436278140000 478.25
1436278200000 478.49
1436278620000 478.48
1436278680000 477.94
1436278740000 477.33
1436278920000 476.62
1436278980000 476.47
1436279100000 477.29
1436279160000 477.08
1436279340000 477.322
1436279460000 477.72
1436279520000 477.65
1436279640000 478.19
1436279700000 478.44
1436279820000 478.25
1436280060000 479.41
1436280180000 480.09
1436280300000 480.34
1436280420000 480.13
1436280480000 480.255
1436280540000 480.42
1436280660000 480.6
1436280720000 480.52
1436280780000 480.57
1436280840000 480.575
1436280900000 480.18
1436281140000 480.63
1436281260000 481.44
1436281320000 480.49
1436281380000 480.49
1436281500000 480.622
