1404705600000 42.61
1404792000000 40.73
1404878400000 42.17
1404964800000 41.65
1405051200000 42.83
1405310400000 43.94
1405396800000 42.83
1405483200000 41.56
1405569600000 40.59
1405656000000 41.7
1405915200000 43.31
1406001600000 45.14
1406088000000 46.4
1406174400000 45.93
1406260800000 45.5
1406520000000 44.35
1406606400000 45.57
1406692800000 45.72
1406779200000 43.87
1406865600000 44.07
1407124800000 45.27
1407211200000 44.75
1407297600000 44.24
1407384000000 43.43
1407470400000 43.08
1407729600000 44.71
1407816000000 45.49
1407902400000 52.059
1407988800000 51.54
1408075200000 51.4
1408334400000 53.31
1408420800000 54.53
1408507200000 54.1
1408593600000 53.21
1408680000000 53.8
1408939200000 72.85
1409025600000 72.98
1409112000000 73.18
1409198400000 73.21
1409284800000 73.45
1409630400000 73.49
1409716800000 73.37
1409803200000 73.48
1409889600000 73.49
1410148800000 73.52
1410235200000 73.5
1410321600000 73.74
1410408000000 73.7
1410494400000 73.78
1410753600000 73.65
1410840000000 73.74
1410926400000 73.74
1411012800000 73.7
1411099200000 73.85
1411358400000 73.74
1411444800000 73.88
1411531200000 73.9
1411617600000 73.91
1411704000000 73.89
