1436261400000 33.51
1436261880000 33.27
1436261940000 33.27
1436262060000 33.27
1436262180000 33.33
1436262240000 33.38
1436262300000 33.42
1436262360000 33.36
1436262420000 33.39
1436262540000 33.45
1436262780000 33.58
1436262840000 33.575
1436262900000 33.54
1436263020000 33.47
1436263140000 33.45
1436263260000 33.43
1436263320000 33.42
1436263380000 33.4
1436263440000 33.42
1436263800000 33.45
1436263920000 33.42
1436263980000 33.42
1436264040000 33.4
1436264100000 33.34
1436264160000 33.3227
1436264220000 33.325
1436264280000 33.325
1436264460000 33.25
1436264520000 33.2
1436264580000 33.16
1436264640000 33.18
1436264700000 33.14
1436264760000 33.105
1436264820000 33.06
1436264880000 33.03
1436264940000 33.03
1436265000000 33.0
1436265060000 32.96
1436265120000 33.01
1436265180000 33.01
1436265240000 33.0
1436265300000 33.01
1436265360000 32.99
1436265420000 32.95
1436265480000 32.96
1436265540000 32.95
1436265600000 32.91
1436265660000 32.91
1436265720000 32.87
1436265780000 32.84
1436265840000 32.86
1436265960000 32.88
1436266020000 32.88
1436266080000 32.92
1436266140000 32.92
1436266200000 32.9
1436266260000 32.8
1436266320000 32.84
1436266380000 32.82
1436266440000 32.84
1436266500000 32.845
1436266560000 32.82
1436266620000 32.825
1436266680000 32.81
1436266740000 32.835
1436266800000 32.81
1436266860000 32.82
1436266920000 32.84
1436266980000 32.84
1436267040000 32.85
1436267100000 32.792
1436267160000 32.84
1436267220000 32.82
1436267280000 32.86
1436267340000 32.84
1436267400000 32.86
1436267520000 32.87
1436267580000 32.87
1436267640000 32.86
1436267700000 32.87
1436267760000 32.88
1436267880000 32.86
1436267940000 32.85
1436268000000 32.86
1436268060000 32.85
1436268120000 32.84
1436268180000 32.87
1436268360000 32.88
1436268420000 32.815
1436268480000 32.79
1436268540000 32.79
1436268600000 32.79
1436268660000 32.79
1436268780000 32.75
1436268840000 32.73
1436268900000 32.695
1436268960000 32.7
1436269020000 32.71
1436269080000 32.73
1436269140000 32.69
1436269200000 32.68
1436269260000 32.7
1436269320000 32.74
1436269380000 32.8
1436269440000 32.81
1436269500000 32.8
1436269560000 32.84
1436269620000 32.82
1436269740000 32.88
1436269800000 32.9
1436269860000 32.94
1436269920000 32.885
1436269980000 32.88
1436270040000 32.9
1436270100000 32.9
1436270160000 32.9
1436270220000 32.89
1436270280000 32.9
1436270340000 32.89
1436270400000 32.88
1436270460000 32.83
1436270520000 32.8
1436270580000 32.8
1436270640000 32.75
1436270700000 32.7
1436270760000 32.62
1436270820000 32.65
1436270880000 32.65
1436270940000 32.59
1436271000000 32.57
1436271060000 32.58
1436271120000 32.55
1436271180000 32.53
1436271300000 32.52
1436271360000 32.52
1436271420000 32.54
1436271600000 32.57
1436271660000 32.55
1436271720000 32.54
1436271780000 32.55
1436271840000 32.55
1436271900000 32.55
1436271960000 32.57
1436272020000 32.58
1436272080000 32.605
1436272140000 32.6
1436272200000 32.58
1436272260000 32.61
1436272320000 32.64
1436272380000 32.65
1436272440000 32.66
1436272500000 32.7
1436272560000 32.69
1436272620000 32.71
1436272680000 32.69
1436272740000 32.65
1436272800000 32.63
1436272860000 32.63
1436272920000 32.61
1436272980000 32.61
1436273040000 32.61
1436273160000 32.615
1436273220000 32.63
1436273280000 32.665
1436273340000 32.665
1436273400000 32.655
1436273460000 32.64
1436273520000 32.65
1436273580000 32.65
1436273640000 32.65
1436273700000 32.66
1436273820000 32.67
1436273880000 32.7
1436274060000 32.69
1436274120000 32.71
1436274180000 32.68
1436274240000 32.66
1436274300000 32.69
1436274360000 32.67
1436274420000 32.65
1436274480000 32.62
1436274540000 32.65
1436274600000 32.64
1436274660000 32.66
1436274720000 32.69
1436274840000 32.72
1436274900000 32.7899
1436274960000 32.72
1436275020000 32.68
1436275080000 32.69
1436275140000 32.74
1436275200000 32.74
1436275260000 32.715
1436275320000 32.71
1436275380000 32.71
1436275440000 32.745
1436275500000 32.73
1436275560000 32.72
1436275620000 32.73
1436275740000 32.73
1436275800000 32.725
1436275860000 32.73
1436275920000 32.7
1436275980000 32.69
1436276040000 32.67
1436276100000 32.68
1436276160000 32.66
1436276220000 32.67
1436276340000 32.66
1436276400000 32.66
1436276460000 32.6
1436276520000 32.61
1436276580000 32.64
1436276640000 32.65
1436276700000 32.67
1436276760000 32.64
1436276820000 32.64
1436276880000 32.645
1436276940000 32.645
1436277000000 32.65
1436277060000 32.605
1436277120000 32.61
1436277180000 32.6
1436277240000 32.58
1436277300000 32.57
1436277360000 32.58
1436277420000 32.58
1436277480000 32.55
1436277540000 32.48
1436277600000 32.49
1436277660000 32.49
1436277720000 32.51
1436277780000 32.44
1436277840000 32.48
1436277900000 32.37
1436277960000 32.41
1436278020000 32.39
1436278080000 32.37
1436278140000 32.28
1436278200000 32.24
1436278260000 32.32
1436278320000 32.33
1436278380000 32.33
1436278440000 32.305
1436278500000 32.26
1436278560000 32.29
1436278620000 32.23
1436278680000 32.15
1436278740000 32.15
1436278800000 32.04
1436278860000 32.12
1436278920000 32.14
1436278980000 32.08
1436279040000 32.08
1436279100000 32.13
1436279220000 32.19
1436279280000 32.3
1436279340000 32.38
1436279400000 32.37
1436279460000 32.38
1436279520000 32.44
1436279580000 32.43
1436279640000 32.47
1436279700000 32.39
1436279760000 32.41
1436279820000 32.39
1436279880000 32.405
1436279940000 32.36
1436280000000 32.29
1436280060000 32.29
1436280120000 32.33
1436280180000 32.38
1436280240000 32.41
1436280300000 32.39
1436280360000 32.42
1436280420000 32.44
1436280480000 32.49
1436280600000 32.51
1436280660000 32.56
1436280720000 32.585
1436280780000 32.62
1436280840000 32.64
1436280900000 32.645
1436280960000 32.66
1436281020000 32.69
1436281080000 32.72
1436281140000 32.79
1436281200000 32.8183
1436281260000 32.83
1436281320000 32.85
1436281440000 32.81
1436281500000 32.86
1436281560000 32.82
