1436261400000 5.99
1436261700000 5.98
1436262180000 5.93
1436262240000 5.93
1436262300000 5.93
1436262360000 5.93
1436262480000 5.92
1436262540000 5.93
1436262720000 5.94
1436262780000 5.94
1436262840000 5.93
1436263020000 5.93
1436263080000 5.93
1436263140000 5.93
1436263200000 5.93
1436263260000 5.98
1436263320000 6.04
1436263620000 5.98
1436263740000 5.98
1436263860000 5.99
1436263980000 5.99
1436264580000 6.0
1436264700000 5.99
1436265000000 5.98
1436265060000 5.98
1436265120000 5.99
1436265180000 5.99
1436265300000 5.985
1436265360000 5.985
1436265420000 5.99
1436265540000 5.985
1436265600000 5.99
1436265660000 5.985
1436265720000 5.99
1436265780000 5.995
1436265840000 5.98
1436265900000 5.97
1436265960000 5.98
1436266200000 5.99
1436266260000 5.98
1436266320000 5.98
1436266380000 5.98
1436266500000 5.98
1436266920000 5.96
1436267220000 5.96
1436267460000 5.96
1436267520000 5.98
1436267580000 5.97
1436267640000 5.97
1436267700000 5.97
1436267820000 5.98
1436267880000 5.96
1436268060000 5.96
1436268120000 5.95
1436268180000 5.95
1436268240000 5.95
1436268600000 5.94
1436268900000 5.95
1436268960000 5.95
1436269020000 5.95
1436269080000 5.95
1436269200000 5.95
1436269680000 5.94
1436270040000 5.95
1436270160000 5.96
1436270460000 5.97
1436270640000 5.97
1436270760000 5.97
1436271060000 5.97
1436271540000 5.97
1436271600000 5.97
1436271660000 5.97
1436271720000 5.97
1436271840000 5.97
1436271960000 5.98
1436272200000 5.98
1436272260000 5.98
1436272560000 5.97
1436273220000 5.98
1436273280000 5.98
1436273640000 5.99
1436273940000 5.9801
1436274540000 5.9801
1436274720000 5.98
1436274780000 6.0
1436275200000 6.0
1436275500000 5.99
1436275620000 5.99
1436275920000 5.98
1436276100000 5.98
1436276160000 5.98
1436276220000 5.98
1436276280000 5.98
1436276340000 5.98
1436276400000 5.98
1436276460000 5.97
1436276520000 5.97
1436277120000 5.97
1436277180000 5.97
1436277420000 5.97
1436277540000 5.95
1436277720000 5.98
1436278320000 5.96
1436278440000 5.98
1436278740000 5.9701
1436278800000 5.985
1436279220000 5.9701
1436279280000 5.97
1436279460000 5.97
1436279760000 5.97
1436279820000 5.97
1436280060000 5.97
1436280240000 5.97
1436280780000 5.98
1436281140000 5.97
1436281200000 6.01
1436281320000 6.01
1436281380000 6.01
1436281440000 6.01
1436281500000 6.02
