1436261400000 9.85
1436261460000 9.85
1436261520000 9.85
1436261580000 9.82
1436261640000 9.75
1436261700000 9.81
1436261760000 9.81
1436261820000 9.52
1436261880000 9.6
1436261940000 9.56
1436262000000 9.53
1436262060000 9.6
1436262120000 9.57
1436262180000 9.542
1436262240000 9.55
1436262300000 9.51
1436262360000 9.45
1436262420000 9.42
1436262480000 9.45
1436262540000 9.43
1436262600000 9.4202
1436262660000 9.36
1436262720000 9.391
1436262780000 9.4
1436262840000 9.34
1436262900000 9.35
1436262960000 9.34
1436263020000 9.32
1436263080000 9.2
1436263140000 9.17
1436263200000 9.1879
1436263260000 9.18
1436263320000 9.2663
1436263380000 9.2524
1436263440000 9.35
1436263500000 9.28
1436263560000 9.28
1436263620000 9.36
1436263680000 9.35
1436263740000 9.35
1436263800000 9.3316
1436263860000 9.44
1436263920000 9.41
1436263980000 9.4
1436264040000 9.4
1436264100000 9.36
1436264160000 9.35
1436264220000 9.36
1436264280000 9.36
1436264340000 9.36
1436264400000 9.34
1436264460000 9.34
1436264520000 9.34
1436264580000 9.33
1436264640000 9.33
1436264700000 9.32
1436264760000 9.31
1436264820000 9.28
1436264880000 9.3
1436264940000 9.28
1436265000000 9.26
1436265060000 9.23
1436265180000 9.21
1436265240000 9.18
1436265300000 9.16
1436265360000 9.15
1436265420000 9.16
1436265480000 9.1
1436265540000 9.03
1436265600000 9.02
1436265660000 8.89
1436265720000 8.918
1436265780000 8.91
1436265840000 8.91
1436265900000 8.93
1436265960000 8.91
1436266020000 8.9154
1436266080000 8.93
1436266140000 8.93
1436266200000 8.94
1436266260000 8.99
1436266320000 9.0
1436266380000 8.995
1436266440000 9.005
1436266500000 9.02
1436266560000 9.02
1436266620000 9.01
1436266680000 9.0
1436266740000 9.01
1436266800000 9.0
1436266860000 8.9901
1436266920000 8.9999
1436266980000 9.0
1436267100000 9.0
1436267160000 8.99
1436267340000 8.9721
1436267400000 8.96
1436267460000 8.96
1436267520000 8.96
1436267700000 8.95
1436267760000 8.9579
1436267820000 8.95
1436267880000 8.95
1436267940000 8.96
1436268060000 8.94
1436268120000 8.935
1436268240000 8.94
1436268300000 8.9301
1436268360000 8.92
1436268420000 8.92
1436268480000 8.912
1436268540000 8.915
1436268600000 8.909
1436268660000 8.89
1436268720000 8.8412
1436268780000 8.845
1436268840000 8.8499
1436268900000 8.845
1436268960000 8.845
1436269020000 8.83
1436269080000 8.86
1436269140000 8.86
1436269200000 8.8601
1436269260000 8.855
1436269320000 8.85
1436269380000 8.83
1436269440000 8.795
1436269500000 8.799
1436269560000 8.799
1436269620000 8.8
1436269680000 8.81
1436269740000 8.8095
1436269800000 8.81
1436269860000 8.805
1436269920000 8.81
1436269980000 8.82
1436270040000 8.82
1436270100000 8.82
1436270160000 8.835
1436270220000 8.84
1436270280000 8.88
1436270340000 8.875
1436270400000 8.89
1436270460000 8.81
1436270580000 8.8
1436270640000 8.7988
1436270760000 8.79
1436270820000 8.8
1436270880000 8.8
1436270940000 8.835
1436271000000 8.85
1436271060000 8.85
1436271180000 8.85
1436271240000 8.85
1436271300000 8.845
1436271360000 8.845
1436271420000 8.87
1436271480000 8.89
1436271540000 8.875
1436271600000 8.88
1436271660000 8.88
1436271720000 8.88
1436271780000 8.88
1436271840000 8.875
1436271900000 8.88
1436271960000 8.885
1436272020000 8.89
1436272080000 8.89
1436272140000 8.89
1436272200000 8.89
1436272260000 8.89
1436272320000 8.9
1436272380000 8.9088
1436272440000 8.91
1436272500000 8.93
1436272560000 8.94
1436272620000 8.94
1436272680000 8.93
1436272740000 8.9379
1436272800000 8.94
1436272860000 8.94
1436272920000 8.93
1436273100000 8.93
1436273160000 8.93
1436273220000 8.97
1436273340000 8.97
1436273400000 8.97
1436273460000 8.97
1436273520000 8.97
1436273580000 8.95
1436273640000 8.96
1436273700000 8.96
1436273760000 8.96
1436273820000 8.96
1436273880000 8.96
1436273940000 8.96
1436274000000 8.96
1436274060000 8.96
1436274180000 8.9501
1436274240000 8.93
1436274300000 8.9099
1436274360000 8.91
1436274420000 8.91
1436274480000 8.89
1436274540000 8.8921
1436274660000 8.89
1436274720000 8.8901
1436274780000 8.89
1436274840000 8.88
1436274900000 8.8625
1436274960000 8.8499
1436275020000 8.85
1436275080000 8.85
1436275200000 8.8897
1436275260000 8.86
1436275320000 8.87
1436275380000 8.87
1436275500000 8.87
1436275560000 8.86
1436275620000 8.83
1436275740000 8.84
1436275800000 8.835
1436275860000 8.84
1436275920000 8.85
1436275980000 8.85
1436276040000 8.845
1436276100000 8.85
1436276160000 8.85
1436276280000 8.85
1436276340000 8.845
1436276400000 8.85
1436276520000 8.8488
1436276580000 8.85
1436276640000 8.85
1436276700000 8.842
1436276760000 8.849
1436276820000 8.85
1436276940000 8.85
1436277000000 8.84
1436277060000 8.85
1436277120000 8.85
1436277240000 8.84
1436277300000 8.85
1436277360000 8.84
1436277420000 8.85
1436277480000 8.85
1436277540000 8.85
1436277600000 8.85
1436277660000 8.84
1436277720000 8.84
1436277840000 8.84
1436277900000 8.84
1436277960000 8.84
1436278020000 8.84
1436278140000 8.84
1436278200000 8.84
1436278380000 8.84
1436278440000 8.84
1436278560000 8.84
1436278620000 8.84
1436278680000 8.84
1436278740000 8.84
1436278800000 8.84
1436278860000 8.84
1436278920000 8.84
1436278980000 8.84
1436279040000 8.84
1436279100000 8.84
1436279160000 8.84
1436279220000 8.84
1436279280000 8.84
1436279340000 8.84
1436279400000 8.84
1436279460000 8.84
1436279520000 8.84
1436279580000 8.84
1436279640000 8.84
1436279700000 8.84
1436279760000 8.84
1436279820000 8.84
1436279880000 8.84
1436279940000 8.84
1436280000000 8.8301
1436280060000 8.835
1436280120000 8.84
1436280180000 8.84
1436280240000 8.841
1436280300000 8.85
1436280360000 8.85
1436280420000 8.85
1436280480000 8.85
1436280540000 8.85
1436280600000 8.845
1436280660000 8.8
1436280720000 8.81
1436280780000 8.8
1436280840000 8.81
1436280900000 8.81
1436280960000 8.81
1436281020000 8.81
1436281080000 8.81
1436281140000 8.805
1436281200000 8.785
1436281260000 8.74
1436281320000 8.73
1436281380000 8.66
1436281440000 8.6501
1436281500000 8.65
1436281560000 8.676
