1436261400000 7.7
1436261460000 7.6
1436261520000 7.59
1436261580000 7.61
1436261640000 7.6
1436261700000 7.61
1436261760000 7.6
1436261820000 7.61
1436261880000 7.6
1436261940000 7.61
1436262000000 7.63
1436262060000 7.62
1436262180000 7.64
1436262300000 7.63
1436262360000 7.6
1436262420000 7.64
1436262480000 7.61
1436262540000 7.63
1436262600000 7.61
1436262660000 7.6
1436262720000 7.585
1436262780000 7.575
1436262840000 7.57
1436262900000 7.585
1436262960000 7.5601
1436263020000 7.56
1436263080000 7.525
1436263140000 7.4608
1436263200000 7.49
1436263260000 7.49
1436263320000 7.46
1436263380000 7.46
1436263440000 7.46
1436263500000 7.455
1436263560000 7.455
1436263620000 7.451
1436263680000 7.4438
1436263740000 7.435
1436263800000 7.431
1436263860000 7.44
1436263920000 7.4399
1436263980000 7.44
1436264040000 7.44
1436264100000 7.43
1436264160000 7.425
1436264220000 7.42
1436264280000 7.405
1436264340000 7.41
1436264400000 7.39
1436264460000 7.38
1436264520000 7.374
1436264580000 7.3799
1436264640000 7.37
1436264700000 7.36
1436264760000 7.33
1436264820000 7.3012
1436264880000 7.261
1436264940000 7.265
1436265000000 7.265
1436265060000 7.26
1436265120000 7.26
1436265180000 7.26
1436265240000 7.2299
1436265300000 7.23
1436265360000 7.235
1436265420000 7.23
1436265480000 7.22
1436265540000 7.21
1436265600000 7.2
1436265660000 7.205
1436265720000 7.21
1436265780000 7.2
1436265840000 7.16
1436265900000 7.19
1436265960000 7.199
1436266020000 7.23
1436266080000 7.25
1436266140000 7.2744
1436266200000 7.2701
1436266260000 7.24
1436266320000 7.24
1436266380000 7.245
1436266440000 7.265
1436266500000 7.22
1436266560000 7.19
1436266620000 7.19
1436266680000 7.17
1436266740000 7.16
1436266800000 7.15
1436266860000 7.15
1436266920000 7.14
1436266980000 7.13
1436267040000 7.1397
1436267100000 7.08
1436267160000 7.0819
1436267220000 7.1
1436267280000 7.04
1436267340000 6.97
1436267400000 6.9697
1436267460000 6.9563
1436267520000 6.9599
1436267580000 6.96
1436267640000 6.9795
1436267700000 6.985
1436267760000 6.9962
1436267820000 6.99
1436267880000 6.9901
1436267940000 7.0
1436268000000 7.0
1436268060000 6.9906
1436268120000 6.9938
1436268180000 6.98
1436268240000 6.97
1436268300000 6.94
1436268360000 6.841
1436268420000 6.79
1436268480000 6.83
1436268540000 6.82
1436268600000 6.81
1436268660000 6.81
1436268720000 6.81
1436268780000 6.8
1436268840000 6.77
1436268900000 6.71
1436268960000 6.76
1436269020000 6.76
1436269080000 6.74
1436269140000 6.73
1436269200000 6.7497
1436269260000 6.7399
1436269320000 6.735
1436269380000 6.725
1436269440000 6.73
1436269500000 6.78
1436269560000 6.8363
1436269620000 6.82
1436269680000 6.83
1436269740000 6.83
1436269800000 6.83
1436269860000 6.825
1436269920000 6.83
1436269980000 6.83
1436270040000 6.85
1436270100000 6.85
1436270160000 6.88
1436270220000 6.91
1436270280000 6.905
1436270340000 6.92
1436270400000 6.87
1436270460000 6.8601
1436270520000 6.875
1436270580000 6.88
1436270640000 6.89
1436270700000 6.89
1436270760000 6.891
1436270820000 6.905
1436270880000 6.9091
1436270940000 6.9
1436271000000 6.9
1436271060000 6.87
1436271120000 6.875
1436271180000 6.87
1436271240000 6.82
1436271300000 6.82
1436271360000 6.8201
1436271420000 6.8201
1436271480000 6.82
1436271540000 6.825
1436271600000 6.829
1436271660000 6.835
1436271720000 6.84
1436271780000 6.84
1436271840000 6.84
1436271900000 6.84
1436271960000 6.87
1436272020000 6.89
1436272200000 6.87
1436272260000 6.895
1436272320000 6.895
1436272380000 6.89
1436272440000 6.93
1436272500000 6.93
1436272560000 6.94
1436272620000 6.975
1436272680000 6.96
1436272740000 6.9798
1436272800000 6.99
1436272860000 7.01
1436272920000 6.985
1436272980000 6.99
1436273040000 6.99
1436273100000 6.99
1436273160000 6.9899
1436273220000 6.99
1436273280000 6.99
1436273340000 7.0
1436273400000 6.99
1436273460000 6.99
1436273520000 6.9999
1436273580000 7.0
1436273640000 7.0
1436273700000 7.02
1436273760000 7.03
1436273820000 7.03
1436273880000 7.05
1436273940000 7.06
1436274000000 7.0399
1436274060000 7.03
1436274120000 7.0294
1436274180000 7.08
1436274240000 7.08
1436274300000 7.08
1436274360000 7.07
1436274420000 7.07
1436274480000 7.06
1436274540000 7.0499
1436274600000 7.04
1436274660000 7.04
1436274720000 7.06
1436274780000 7.071
1436274840000 7.08
1436274900000 7.1
1436274960000 7.12
1436275020000 7.08
1436275080000 7.065
1436275140000 7.065
1436275200000 7.065
1436275260000 7.07
1436275320000 7.07
1436275380000 7.07
1436275440000 7.065
1436275500000 7.09
1436275560000 7.1
1436275680000 7.095
1436275740000 7.0986
1436275800000 7.1
1436275860000 7.12
1436275920000 7.11
1436275980000 7.0989
1436276100000 7.095
1436276160000 7.095
1436276220000 7.0933
1436276280000 7.05
1436276340000 7.05
1436276400000 7.055
1436276460000 7.0401
1436276520000 7.02
1436276580000 7.025
1436276640000 6.96
1436276700000 6.97
1436276760000 6.97
1436276820000 6.96
1436276880000 6.98
1436276940000 7.01
1436277000000 7.04
1436277060000 7.0399
1436277120000 7.035
1436277180000 7.035
1436277240000 7.0299
1436277300000 7.0101
1436277360000 6.99
1436277420000 6.9898
1436277480000 6.9858
1436277540000 7.0
1436277600000 6.99
1436277660000 7.0
1436277720000 7.004
1436277780000 7.005
1436277840000 7.005
1436277900000 7.0
1436277960000 6.9999
1436278020000 7.0
1436278080000 6.995
1436278140000 6.995
1436278200000 6.995
1436278260000 6.995
1436278320000 6.99
1436278380000 6.99
1436278440000 7.0
1436278500000 6.9901
1436278560000 7.0
1436278620000 6.9904
1436278680000 6.995
1436278740000 6.99
1436278800000 6.99
1436278860000 6.985
1436278920000 6.985
1436278980000 6.98
1436279040000 6.99
1436279100000 6.965
1436279160000 6.97
1436279220000 6.9659
1436279280000 6.9601
1436279340000 6.935
1436279400000 6.931
1436279460000 6.93
1436279520000 6.94
1436279580000 6.95
1436279640000 6.91
1436279700000 6.92
1436279820000 6.92
1436279880000 6.915
1436279940000 6.94
1436280000000 6.9355
1436280060000 6.94
1436280120000 6.95
1436280180000 6.9496
1436280240000 6.97
1436280300000 7.0
1436280360000 6.9999
1436280420000 6.995
1436280480000 7.02
1436280540000 7.02
1436280600000 7.015
1436280660000 7.015
1436280720000 7.015
1436280780000 7.015
1436280840000 7.015
1436280900000 7.01
1436280960000 7.025
1436281020000 7.025
1436281080000 7.035
1436281140000 7.045
1436281200000 7.05
1436281260000 7.07
1436281320000 7.045
1436281380000 7.0256
1436281440000 7.02
1436281500000 7.02
1436281560000 7.027
