1404792000000 10.45
1404878400000 10.94
1404964800000 10.42
1405310400000 10.59
1405396800000 10.55
1405483200000 10.5501
1405569600000 10.55
1405656000000 10.55
1405915200000 10.55
1406001600000 10.55
1406088000000 10.6
1406260800000 9.93
1406520000000 10.26
1406606400000 10.73
1406692800000 10.5
1406779200000 10.49
1406865600000 10.5
1407124800000 10.4501
1407211200000 10.451
1407384000000 10.46
1407470400000 10.45
1407729600000 10.4
1407816000000 10.42
1407902400000 10.4
1407988800000 10.4
1408075200000 10.4
1408507200000 10.42
1408593600000 10.38
1408680000000 10.35
1409284800000 10.35
1409630400000 10.35
1409716800000 10.24
1409803200000 10.2
1409889600000 10.35
1410148800000 10.55
1410235200000 10.75
1410321600000 10.75
1410408000000 10.65
1410753600000 10.7
1410840000000 10.7
1411012800000 10.6501
1411099200000 10.98
1411358400000 11.01
1411444800000 10.75
1411531200000 10.21
1411617600000 10.85
1411704000000 10.9
1411963200000 10.75
1412049600000 10.79
1412308800000 11.0
1412568000000 11.93
1412654400000 10.96
1412827200000 11.87
1412913600000 11.2499
1413172800000 10.94
1413259200000 10.75
1413345600000 11.2
1413432000000 11.8204
1413518400000 11.05
1413864000000 11.544
1413950400000 11.0
1414036800000 10.71
1414123200000 10.45
1414468800000 10.75
1414555200000 10.52
1414728000000 10.7
1414990800000 8.85
1415077200000 10.5001
1415250000000 10.61
1415336400000 11.69
1415595600000 11.91
1415682000000 11.9
1415768400000 11.75
1416200400000 11.05
1416286800000 12.24
1416373200000 12.24
1416805200000 11.5
1416891600000 12.0
1416978000000 11.785
1417150800000 12.2
1417496400000 12.22
1417669200000 12.24
1418706000000 11.25
1418792400000 11.4
1418878800000 11.3
1418965200000 12.2601
1419829200000 12.39
1419915600000 12.27
1420002000000 12.28
1420520400000 12.24
1420606800000 12.05
1420693200000 12.24
1421038800000 11.35
1421125200000 11.75
1421384400000 12.0
1421902800000 11.155
1422248400000 11.1
1422334800000 11.25
1422421200000 11.1
1422507600000 11.0
1422939600000 11.2
1423026000000 11.0
1423198800000 10.84
1423458000000 10.57
1423544400000 10.5
1423717200000 10.5
1424149200000 10.4001
1424322000000 10.65
1424408400000 10.4375
1424754000000 10.65
1424840400000 10.78
1424926800000 10.7501
1425013200000 10.5035
1425272400000 10.68
1425445200000 10.57
1425531600000 10.7
1425618000000 10.59
1425873600000 10.61
1425960000000 10.61
1426046400000 10.65
1426219200000 10.6001
1427083200000 10.5601
1427256000000 10.56
1427342400000 10.56
1427428800000 10.88
1427774400000 11.0
1427860800000 10.85
1428292800000 10.66
1428379200000 10.84
1428465600000 10.88
1428638400000 10.6101
1428897600000 11.0501
1428984000000 10.95
1429070400000 11.7
1429156800000 11.69
1429243200000 11.3
1429502400000 11.14
1429588800000 11.18
1429675200000 11.33
1429848000000 11.38
1430107200000 11.33
1430193600000 11.21
1430280000000 11.15
1430366400000 11.17
1430452800000 11.11
1430712000000 11.3499
1430798400000 11.63
1430884800000 11.46
1430971200000 11.47
1431403200000 11.6166
1431576000000 11.9
1431921600000 11.52
1432094400000 11.45
1432180800000 11.9
1432267200000 11.01
1432612800000 11.1
1432872000000 11.7699
1433131200000 12.3
1433217600000 12.5
1433476800000 12.6
1433736000000 12.81
1433822400000 12.85
1433908800000 12.85
1433995200000 12.99
1434081600000 12.99
1434427200000 14.89
1434513600000 14.89
1434686400000 11.7
1435032000000 13.0
1435118400000 12.85
1435291200000 12.9
1435636800000 11.73
1435809600000 12.065
