1436261400000 81.94
1436261460000 81.97
1436261520000 82.32
1436261580000 82.37
1436261640000 82.55
1436261700000 82.52
1436261760000 82.21
1436261820000 82.22
1436261940000 82.17
1436262000000 82.15
1436262060000 82.15
1436262120000 82.32
1436262180000 82.3
1436262240000 82.26
1436262300000 82.24
1436262360000 82.09
1436262420000 82.235
1436262480000 82.205
1436262540000 82.32
1436262600000 82.29
1436262660000 82.3
1436262720000 82.38
1436262780000 82.45
1436262840000 82.53
1436262960000 82.535
1436263020000 82.47
1436263080000 82.4699
1436263140000 82.4
1436263200000 82.43
1436263260000 82.37
1436263320000 82.39
1436263380000 82.37
1436263440000 82.35
1436263500000 82.34
1436263560000 82.33
1436263620000 82.32
1436263680000 82.28
1436263740000 82.29
1436263800000 82.39
1436263860000 82.37
1436263920000 82.4
1436263980000 82.39
1436264040000 82.37
1436264100000 82.27
1436264160000 82.2
1436264220000 82.26
1436264280000 82.3
1436264340000 82.34
1436264400000 82.29
1436264460000 82.29
1436264520000 82.34
1436264580000 82.26
1436264640000 82.24
1436264700000 82.25
1436264760000 82.21
1436264820000 82.21
1436264880000 82.19
1436264940000 82.19
1436265000000 82.18
1436265060000 82.03
1436265120000 82.03
1436265180000 82.06
1436265240000 82.03
1436265300000 82.06
1436265360000 81.95
1436265420000 81.98
1436265480000 82.01
1436265540000 82.0
1436265600000 81.92
1436265660000 81.92
1436265720000 81.91
1436265780000 81.86
1436265840000 81.9
1436265900000 81.9
1436265960000 81.95
1436266020000 82.04
1436266080000 82.06
1436266140000 82.12
1436266200000 81.99
1436266260000 81.97
1436266320000 81.97
1436266380000 82.06
1436266440000 82.1
1436266500000 82.19
1436266560000 82.14
1436266620000 82.23
1436266680000 82.16
1436266740000 82.11
1436266800000 82.12
1436266860000 82.05
1436266920000 82.06
1436266980000 82.12
1436267040000 82.11
1436267100000 82.1
1436267160000 82.06
1436267220000 82.08
1436267280000 82.1
1436267340000 82.11
1436267400000 82.1
1436267460000 82.12
1436267520000 82.19
1436267580000 82.17
1436267640000 82.09
1436267700000 82.09
1436267760000 82.21
1436267820000 82.27
1436267880000 82.28
1436267940000 82.24
1436268000000 82.24
1436268060000 82.23
1436268120000 82.22
1436268180000 82.26
1436268240000 82.31
1436268300000 82.29
1436268360000 82.29
1436268420000 82.3
1436268480000 82.35
1436268540000 82.25
1436268600000 82.22
1436268660000 82.23
1436268720000 82.21
1436268780000 82.18
1436268840000 82.17
1436268900000 82.06
1436268960000 82.0
1436269020000 82.0764
1436269080000 82.13
1436269140000 82.18
1436269200000 82.18
1436269260000 82.25
1436269320000 82.26
1436269380000 82.32
1436269440000 82.35
1436269500000 82.37
1436269560000 82.33
1436269620000 82.25
1436269740000 82.29
1436269800000 82.29
1436269860000 82.25
1436269920000 82.19
1436269980000 82.13
1436270040000 82.1
1436270100000 82.04
1436270160000 82.14
1436270220000 82.33
1436270280000 82.37
1436270340000 82.32
1436270400000 82.27
1436270460000 82.27
1436270520000 82.27
1436270580000 82.33
1436270640000 82.34
1436270700000 82.31
1436270760000 82.25
1436270820000 82.28
1436270880000 82.27
1436270940000 82.3
1436271000000 82.35
1436271060000 82.27
1436271120000 82.3
1436271180000 82.2905
1436271240000 82.28
1436271300000 82.32
1436271360000 82.34
1436271480000 82.3
1436271540000 82.33
1436271600000 82.37
1436271660000 82.4
1436271720000 82.42
1436271780000 82.39
1436271840000 82.31
1436271900000 82.35
1436271960000 82.41
1436272020000 82.37
1436272080000 82.39
1436272140000 82.41
1436272200000 82.39
1436272260000 82.37
1436272320000 82.44
1436272380000 82.425
1436272440000 82.445
1436272500000 82.46
1436272560000 82.46
1436272620000 82.43
1436272680000 82.42
1436272740000 82.39
1436272800000 82.37
1436272860000 82.354
1436272920000 82.34
1436272980000 82.32
1436273040000 82.38
1436273100000 82.43
1436273160000 82.4
1436273220000 82.43
1436273280000 82.49
1436273400000 82.56
1436273460000 82.52
1436273520000 82.47
1436273580000 82.48
1436273640000 82.55
1436273700000 82.65
1436273760000 82.61
1436273820000 82.62
1436273880000 82.69
1436273940000 82.73
1436274000000 82.7056
1436274060000 82.7
1436274120000 82.67
1436274180000 82.68
1436274240000 82.69
1436274300000 82.69
1436274360000 82.69
1436274420000 82.68
1436274480000 82.65
1436274540000 82.66
1436274600000 82.59
1436274660000 82.63
1436274720000 82.75
1436274780000 82.86
1436274840000 82.86
1436274900000 82.89
1436274960000 82.79
1436275020000 82.65
1436275080000 82.72
1436275140000 82.73
1436275200000 82.695
1436275260000 82.72
1436275320000 82.67
1436275380000 82.65
1436275440000 82.73
1436275500000 82.76
1436275560000 82.72
1436275620000 82.73
1436275680000 82.76
1436275740000 82.81
1436275800000 82.84
1436275860000 82.82
1436275920000 82.75
1436275980000 82.78
1436276040000 82.78
1436276100000 82.8
1436276160000 82.82
1436276280000 82.83
1436276340000 82.805
1436276400000 82.82
1436276520000 82.79
1436276580000 82.81
1436276640000 82.84
1436276700000 82.946
1436276760000 82.87
1436276820000 82.84
1436276880000 82.84
1436276940000 82.86
1436277000000 82.85
1436277060000 82.81
1436277120000 82.79
1436277180000 82.75
1436277240000 82.71
1436277360000 82.75
1436277420000 82.78
1436277540000 82.77
1436277600000 82.77
1436277660000 82.83
1436277720000 82.805
1436277780000 82.77
1436277840000 82.77
1436277900000 82.78
1436277960000 82.79
1436278020000 82.77
1436278080000 82.73
1436278140000 82.77
1436278200000 82.8
1436278260000 82.78
1436278320000 82.76
1436278380000 82.73
1436278440000 82.6966
1436278500000 82.63
1436278560000 82.6
1436278620000 82.6
1436278680000 82.6
1436278740000 82.59
1436278800000 82.51
1436278860000 82.47
1436278920000 82.51
1436278980000 82.5
1436279040000 82.52
1436279100000 82.56
1436279160000 82.56
1436279220000 82.52
1436279280000 82.49
1436279340000 82.38
1436279400000 82.39
1436279460000 82.39
1436279520000 82.39
1436279580000 82.41
1436279640000 82.42
1436279700000 82.44
1436279760000 82.43
1436279820000 82.4
1436279880000 82.39
1436279940000 82.4
1436280000000 82.43
1436280060000 82.52
1436280120000 82.66
1436280180000 82.63
1436280240000 82.7671
1436280300000 82.74
1436280360000 82.78
1436280420000 82.82
1436280480000 82.86
1436280600000 82.79
1436280660000 82.78
1436280720000 82.8099
1436280780000 82.78
1436280840000 82.81
1436280900000 82.8
1436280960000 82.83
1436281020000 82.8
1436281080000 82.84
1436281140000 82.97
1436281200000 82.96
1436281260000 83.02
1436281320000 83.02
1436281380000 83.01
1436281440000 83.04
1436281500000 83.075
1436281560000 83.08
