1436261400000 51.29
1436261580000 51.25
1436261880000 51.2
1436262000000 51.28
1436262300000 51.33
1436262600000 51.3655
1436262660000 51.66
1436263020000 51.66
1436263680000 51.62
1436263740000 51.63
1436264040000 51.37
1436264580000 51.57
1436265360000 51.36
1436265600000 51.36
1436265660000 51.35
1436266440000 51.4368
1436266500000 51.56
1436266980000 51.46
1436267040000 51.4
1436267100000 51.44
1436267160000 51.41
1436267220000 51.44
1436267760000 51.44
1436268780000 51.35
1436268840000 51.35
1436269140000 51.46
1436269200000 51.5
1436269320000 51.45
1436269440000 51.54
1436269500000 51.6
1436269740000 51.48
1436269860000 51.89
1436270160000 51.8
1436270340000 52.26
1436270520000 52.08
1436271420000 52.21
1436271480000 52.19
1436271660000 51.83
1436271720000 51.87
1436271780000 52.0
1436271840000 51.94
1436271900000 51.93
1436271960000 51.94
1436272320000 51.84
1436273820000 51.76
1436274180000 51.92
1436274240000 51.93
1436274480000 52.07
1436274540000 52.23
1436274660000 52.21
1436274780000 52.47
1436274840000 52.52
1436275140000 52.63
1436275560000 52.57
1436276100000 52.5
1436276760000 52.25
1436277000000 52.23
1436277120000 52.64
1436277240000 52.85
1436278260000 52.61
1436278320000 52.9
1436278620000 53.2
1436278860000 53.16
1436279100000 53.09
1436279880000 53.11
1436280300000 53.28
1436280360000 53.27
1436280480000 53.42
1436280840000 53.2801
1436281140000 53.41
1436281200000 53.48
1436281380000 53.74
1436281560000 53.68
