1405310400000 48.73
1405483200000 48.8148
1405656000000 48.72
1406001600000 48.79
1406088000000 48.73
1406260800000 48.8
1406779200000 48.7326
1407124800000 48.79
1407211200000 48.83
1407297600000 48.76
1407384000000 48.72
1407470400000 48.62
1407729600000 48.7
1407902400000 48.74
1407988800000 48.7005
1408075200000 48.71
1408334400000 48.76
1408420800000 48.81
1408507200000 49.0
1408593600000 48.85
1408939200000 49.0101
1409025600000 48.94
1409112000000 48.8701
1409198400000 48.7
1409284800000 48.9501
1409630400000 49.06
1409716800000 49.04
1409803200000 49.09
1409889600000 49.11
1410148800000 49.28
1410235200000 49.22
1410321600000 49.34
1410408000000 49.5
1410494400000 49.67
1410753600000 49.6593
1410840000000 49.56
1410926400000 49.73
1411012800000 49.83
1411099200000 49.87
1411531200000 49.7399
1411617600000 49.51
1412049600000 49.77
1412136000000 49.76
1412308800000 49.68
1412654400000 49.48
1413259200000 49.29
1413345600000 48.72
1413432000000 48.8
1413777600000 48.9
1414382400000 49.1
1414641600000 49.26
1414728000000 49.77
1414990800000 50.04
1415077200000 49.9399
1415163600000 50.23
1415250000000 50.22
1415336400000 50.22
1415682000000 50.0
1415768400000 49.9999
1415854800000 50.385
1415941200000 50.4899
1416200400000 50.53
1416373200000 50.65
1416459600000 50.64
1416546000000 50.6
1416805200000 50.66
1416891600000 50.2489
1416978000000 50.49
1417150800000 50.64
1417410000000 50.5231
1417582800000 50.55
1417669200000 50.49
1417755600000 50.87
1418014800000 50.85
1418101200000 50.434
1418274000000 50.51
1418360400000 50.03
1418619600000 50.25
1418706000000 50.05
1418965200000 48.98
1419224400000 49.4354
1419310800000 49.346
1419397200000 49.5
1419570000000 49.18
1419829200000 48.531
1420434000000 49.2899
1420520400000 49.11
1420606800000 49.2
1420779600000 49.04
1421125200000 48.9
1421211600000 48.71
1421298000000 48.67
1421384400000 48.73
1421730000000 48.86
1421816400000 48.881
1421902800000 49.08
1421989200000 48.88
1422507600000 48.741
1423026000000 49.0
1423544400000 49.4599
1423630800000 49.57
1424235600000 49.4
1425013200000 48.905
1425358800000 48.9001
1425531600000 49.34
1426046400000 49.31
1428292800000 48.61
1428379200000 48.94
1428552000000 49.2
1429070400000 48.62
1429502400000 48.765
1429588800000 48.805
1430798400000 48.9901
1431576000000 49.06
1432094400000 49.5999
1432267200000 51.0
1432699200000 49.85
1434427200000 49.699
1435291200000 49.51
1435550400000 49.39
