1436261400000 5.15
1436261460000 5.18
1436261640000 5.16
1436261700000 5.15
1436261760000 5.15
1436261820000 5.14
1436262000000 5.15
1436262060000 5.16
1436262180000 5.16
1436262300000 5.15
1436262360000 5.155
1436262420000 5.16
1436262480000 5.16
1436262600000 5.15
1436262900000 5.16
1436263020000 5.15
1436263080000 5.15
1436263140000 5.15
1436263200000 5.15
1436263380000 5.15
1436263440000 5.16
1436263500000 5.15
1436263560000 5.155
1436263620000 5.15
1436263680000 5.15
1436263740000 5.15
1436263800000 5.15
1436263860000 5.15
1436263920000 5.15
1436263980000 5.15
1436264040000 5.155
1436264100000 5.15
1436264160000 5.15
1436264220000 5.15
1436264280000 5.15
1436264340000 5.15
1436264400000 5.15
1436264460000 5.15
1436264580000 5.15
1436264640000 5.15
1436264700000 5.15
1436264760000 5.15
1436264820000 5.15
1436264880000 5.15
1436264940000 5.15
1436265000000 5.15
1436265060000 5.15
1436265120000 5.15
1436265180000 5.15
1436265240000 5.15
1436265300000 5.15
1436265360000 5.15
1436265420000 5.15
1436265480000 5.15
1436265540000 5.15
1436265600000 5.15
1436265660000 5.15
1436265720000 5.15
1436265780000 5.15
1436265840000 5.15
1436265900000 5.155
1436265960000 5.155
1436266020000 5.165
1436266080000 5.17
1436266140000 5.16
1436266200000 5.16
1436266260000 5.17
1436266380000 5.16
1436266440000 5.16
1436266620000 5.17
1436266680000 5.17
1436266800000 5.17
1436266860000 5.15
1436266920000 5.15
1436266980000 5.155
1436267040000 5.15
1436267100000 5.1525
1436267160000 5.15
1436267220000 5.15
1436267280000 5.15
1436267340000 5.15
1436267400000 5.15
1436267460000 5.15
1436267520000 5.15
1436267580000 5.15
1436267640000 5.15
1436267700000 5.15
1436267760000 5.15
1436267820000 5.15
1436267880000 5.14
1436267940000 5.15
1436268000000 5.14
1436268060000 5.14
1436268120000 5.141
1436268180000 5.14
1436268300000 5.15
1436268360000 5.15
1436268420000 5.15
1436268480000 5.15
1436268540000 5.15
1436268660000 5.15
1436268720000 5.15
1436268780000 5.16
1436268840000 5.15
1436269140000 5.155
1436269320000 5.17
1436269380000 5.19
1436269440000 5.19
1436269500000 5.18
1436269560000 5.185
1436269620000 5.19
1436269680000 5.185
1436269740000 5.185
1436269800000 5.19
1436269860000 5.185
1436269920000 5.19
1436269980000 5.18
1436270040000 5.19
1436270100000 5.2
1436270160000 5.2
1436270220000 5.21
1436270280000 5.22
1436270400000 5.21
1436270520000 5.205
1436270700000 5.21
1436270940000 5.21
1436271000000 5.2
1436271060000 5.2
1436271120000 5.21
1436271180000 5.21
1436271240000 5.21
1436271300000 5.2
1436271480000 5.21
1436271540000 5.21
1436271660000 5.21
1436271720000 5.21
1436271780000 5.21
1436271840000 5.21
1436272080000 5.21
1436272140000 5.21
1436272200000 5.21
1436272320000 5.22
1436272380000 5.2101
1436272500000 5.22
1436272560000 5.21
1436272620000 5.21
1436272680000 5.22
1436272740000 5.22
1436272920000 5.24
1436273100000 5.24
1436273160000 5.24
1436273220000 5.24
1436273280000 5.25
1436273340000 5.25
1436273520000 5.25
1436273640000 5.25
1436273820000 5.26
1436273880000 5.26
1436273940000 5.27
1436274000000 5.27
1436274180000 5.265
1436274240000 5.27
1436274360000 5.2545
1436274420000 5.235
1436274480000 5.24
1436274660000 5.25
1436274720000 5.25
1436274780000 5.25
1436274960000 5.25
1436275020000 5.24
1436275080000 5.23
1436275200000 5.23
1436275260000 5.24
1436275380000 5.23
1436275440000 5.23
1436275620000 5.25
1436275920000 5.24
1436276040000 5.24
1436276280000 5.25
1436276580000 5.25
1436276640000 5.25
1436276700000 5.25
1436276760000 5.26
1436276820000 5.255
1436276880000 5.245
1436276940000 5.245
1436277120000 5.24
1436277300000 5.23
1436277360000 5.23
1436277480000 5.23
1436277540000 5.235
1436277600000 5.23
1436277660000 5.24
1436277720000 5.24
1436277840000 5.23
1436277900000 5.23
1436278080000 5.23
1436278140000 5.23
1436278200000 5.23
1436278260000 5.23
1436278320000 5.23
1436278380000 5.23
1436278440000 5.23
1436278500000 5.23
1436278560000 5.22
1436278620000 5.23
1436278680000 5.225
1436278740000 5.22
1436278800000 5.21
1436278860000 5.21
1436278920000 5.205
1436279040000 5.2
1436279100000 5.21
1436279220000 5.2
1436279340000 5.2
1436279400000 5.2
1436279520000 5.2
1436279580000 5.21
1436279640000 5.21
1436279700000 5.21
1436279760000 5.21
1436279820000 5.21
1436279880000 5.21
1436279940000 5.21
1436280000000 5.21
1436280060000 5.21
1436280180000 5.22
1436280240000 5.23
1436280300000 5.225
1436280420000 5.23
1436280480000 5.225
1436280540000 5.225
1436280600000 5.23
1436280660000 5.23
1436280720000 5.23
1436280840000 5.22
1436280900000 5.23
1436281020000 5.23
1436281080000 5.24
1436281140000 5.25
1436281200000 5.26
1436281320000 5.25
1436281440000 5.26
1436281500000 5.2525
