1436261400000 111.35
1436262000000 111.74
1436262060000 111.59
1436262120000 111.44
1436262180000 111.43
1436262480000 112.1
1436262660000 112.08
1436262720000 112.075
1436262780000 112.18
1436262960000 111.95
1436263020000 111.84
1436263080000 112.07
1436263140000 111.75
1436263260000 112.17
1436263320000 112.15
1436263380000 111.94
1436263440000 112.04
1436263560000 111.94
1436264220000 112.075
1436264280000 112.23
1436264340000 112.16
1436264580000 112.35
1436264760000 111.89
1436264820000 112.15
1436264880000 112.15
1436265000000 112.0325
1436265360000 112.12
1436265420000 112.115
1436265480000 112.125
1436265720000 112.27
1436265780000 112.08
1436265960000 111.92
1436266020000 112.055
1436266080000 112.05
1436266200000 112.05
1436266260000 111.93
1436266560000 112.11
1436267520000 112.06
1436267640000 112.05
1436267940000 112.03
1436268180000 111.72
1436268540000 111.97
1436268720000 111.49
1436269020000 111.56
1436269380000 111.87
1436269440000 111.91
1436270160000 112.06
1436270220000 112.195
1436270280000 112.02
1436271840000 112.3
1436272440000 112.07
1436272620000 112.03
1436274840000 112.66
1436274900000 112.335
1436275440000 112.57
1436275560000 112.5
1436275860000 112.09
1436276340000 112.34
1436276400000 112.35
1436276940000 112.3806
1436277360000 112.51
1436277540000 112.51
1436277900000 112.69
1436277960000 112.575
1436278200000 112.575
1436278440000 112.595
1436278560000 112.68
1436278620000 112.595
1436278680000 112.6
1436278800000 112.49
1436279220000 112.65
1436279520000 112.41
1436279880000 112.63
1436280060000 112.9
1436280120000 113.52
1436280360000 113.48
1436280420000 113.54
1436280480000 113.43
1436280600000 113.5
1436280660000 113.31
1436281020000 113.56
1436281140000 113.75
1436281380000 113.81
1436281500000 113.81
1436281560000 113.76
