1436261400000 65.59
1436261760000 65.5
1436261820000 65.49
1436261880000 65.51
1436261940000 65.48
1436262000000 65.47
1436262060000 65.48
1436262120000 65.4
1436262180000 65.36
1436262240000 65.39
1436262300000 65.42
1436262360000 65.45
1436262420000 65.47
1436262480000 65.4
1436262600000 65.4
1436262660000 65.36
1436262720000 65.38
1436262840000 65.43
1436262900000 65.43
1436262960000 65.39
1436263020000 65.43
1436263080000 65.3
1436263140000 65.28
1436263200000 65.28
1436263260000 65.34
1436263380000 65.38
1436263440000 65.32
1436263500000 65.27
1436263560000 65.3149
1436263620000 65.23
1436263680000 65.25
1436263740000 65.24
1436263800000 65.36
1436263860000 65.27
1436263920000 65.34
1436263980000 65.35
1436264040000 65.36
1436264100000 65.32
1436264160000 65.35
1436264220000 65.392
1436264280000 65.4
1436264460000 65.42
1436264520000 65.42
1436264580000 65.39
1436264640000 65.41
1436264700000 65.38
1436264760000 65.375
1436264820000 65.36
1436264880000 65.31
1436264940000 65.355
1436265000000 65.365
1436265060000 65.38
1436265120000 65.4
1436265180000 65.39
1436265240000 65.38
1436265300000 65.33
1436265360000 65.33
1436265420000 65.305
1436265480000 65.28
1436265540000 65.25
1436265600000 65.205
1436265660000 65.11
1436265720000 65.09
1436265780000 65.1
1436265840000 65.13
1436265900000 65.09
1436265960000 65.15
1436266020000 65.2
1436266080000 65.19
1436266200000 65.243
1436266320000 65.23
1436266440000 65.25
1436266500000 65.26
1436266560000 65.2
1436266620000 65.3
1436266740000 65.27
1436266800000 65.22
1436266860000 65.22
1436266920000 65.25
1436266980000 65.25
1436267040000 65.255
1436267100000 65.24
1436267160000 65.23
1436267220000 65.24
1436267280000 65.25
1436267340000 65.24
1436267460000 65.26
1436267520000 65.255
1436267580000 65.2874
1436267640000 65.26
1436267700000 65.2225
1436267760000 65.25
1436267820000 65.25
1436267880000 65.24
1436267940000 65.2302
1436268000000 65.25
1436268060000 65.23
1436268180000 65.21
1436268300000 65.2
1436268480000 65.19
1436268540000 65.16
1436268600000 65.06
1436268660000 65.08
1436268720000 65.12
1436268780000 65.15
1436268840000 65.13
1436268900000 65.13
1436268960000 65.1
1436269020000 65.1
1436269080000 65.15
1436269200000 65.13
1436269260000 65.17
1436269320000 65.14
1436269440000 65.18
1436269500000 65.16
1436269560000 65.11
1436269620000 65.13
1436269680000 65.15
1436269740000 65.13
1436269800000 65.13
1436269860000 65.135
1436270100000 65.13
1436270160000 65.2
1436270220000 65.31
1436270280000 65.26
1436270340000 65.24
1436270400000 65.21
1436270460000 65.12
1436270520000 65.13
1436270580000 65.17
1436270700000 65.22
1436270760000 65.17
1436270820000 65.18
1436271000000 65.15
1436271060000 65.13
1436271120000 65.15
1436271180000 65.15
1436271240000 65.15
1436271300000 65.16
1436271420000 65.155
1436271480000 65.13
1436271600000 65.13
1436271720000 65.18
1436271840000 65.19
1436271960000 65.185
1436272020000 65.18
1436272140000 65.195
1436272260000 65.24
1436272320000 65.23
1436272380000 65.23
1436272440000 65.25
1436272500000 65.27
1436272560000 65.2643
1436272680000 65.25
1436272740000 65.33
1436272800000 65.32
1436273100000 65.34
1436273160000 65.41
1436273220000 65.39
1436273520000 65.38
1436273580000 65.35
1436273640000 65.4
1436273700000 65.45
1436273760000 65.45
1436273880000 65.47
1436274000000 65.49
1436274060000 65.47
1436274180000 65.44
1436274240000 65.36
1436274300000 65.43
1436274360000 65.39
1436274480000 65.4
1436274540000 65.38
1436274600000 65.405
1436274660000 65.41
1436274720000 65.45
1436274780000 65.55
1436274840000 65.595
1436274960000 65.53
1436275020000 65.5
1436275140000 65.4892
1436275200000 65.52
1436275260000 65.51
1436275380000 65.52
1436275440000 65.55
1436275500000 65.5238
1436275560000 65.51
1436275620000 65.525
1436275680000 65.54
1436275800000 65.575
1436275860000 65.56
1436275920000 65.51
1436275980000 65.46
1436276040000 65.41
1436276100000 65.43
1436276160000 65.47
1436276220000 65.44
1436276280000 65.45
1436276340000 65.49
1436276400000 65.47
1436276460000 65.44
1436276580000 65.5
1436276640000 65.55
1436276700000 65.54
1436276760000 65.53
1436276880000 65.498
1436276940000 65.49
1436277000000 65.51
1436277060000 65.5
1436277180000 65.51
1436277300000 65.48
1436277360000 65.49
1436277420000 65.49
1436277540000 65.47
1436277600000 65.49
1436277660000 65.49
1436277720000 65.48
1436277840000 65.48
1436277900000 65.47
1436278020000 65.51
1436278080000 65.49
1436278140000 65.505
1436278200000 65.555
1436278260000 65.56
1436278380000 65.5492
1436278440000 65.54
1436278500000 65.5
1436278560000 65.47
1436278620000 65.41
1436278680000 65.38
1436278740000 65.35
1436278800000 65.35
1436278860000 65.35
1436278920000 65.35
1436278980000 65.31
1436279040000 65.36
1436279100000 65.37
1436279220000 65.35
1436279340000 65.36
1436279400000 65.385
1436279520000 65.35
1436279640000 65.37
1436279760000 65.3675
1436279880000 65.4
1436279940000 65.4
1436280000000 65.44
1436280060000 65.52
1436280120000 65.53
1436280180000 65.63
1436280240000 65.63
1436280360000 65.65
1436280420000 65.71
1436280480000 65.66
1436280540000 65.69
1436280600000 65.685
1436280660000 65.645
1436280720000 65.65
1436280780000 65.67
1436280900000 65.68
1436280960000 65.69
1436281020000 65.725
1436281080000 65.79
1436281140000 65.86
1436281200000 65.8325
1436281260000 65.83
1436281320000 65.79
1436281380000 65.79
1436281440000 65.74
1436281500000 65.74
1436281560000 65.74
