1436261400000 15.09
1436261640000 15.05
1436261700000 15.07
1436261760000 15.06
1436261880000 15.02
1436261940000 15.03
1436262120000 15.04
1436262300000 15.06
1436262420000 15.02
1436262840000 15.02
1436263020000 15.01
1436263140000 15.0
1436263200000 15.0
1436263260000 15.0299
1436263380000 15.03
1436263500000 15.01
1436263560000 15.0
1436263620000 15.0
1436263860000 15.02
1436264040000 15.01
1436264400000 14.99
1436264640000 14.99
1436264700000 15.0
1436264760000 15.0
1436264820000 15.0
1436265240000 14.96
1436265300000 14.91
1436265360000 14.91
1436265420000 14.91
1436265480000 14.91
1436265540000 14.91
1436265660000 14.88
1436265960000 14.87
1436266020000 14.84
1436266260000 14.87
1436266320000 14.85
1436266440000 14.87
1436266500000 14.87
1436266620000 14.875
1436266680000 14.85
1436266800000 14.85
1436266860000 14.85
1436266920000 14.83
1436266980000 14.79
1436267040000 14.79
1436267100000 14.77
1436267160000 14.78
1436267340000 14.79
1436267520000 14.79
1436267580000 14.79
1436267640000 14.8348
1436267700000 14.86
1436267880000 14.87
1436267940000 14.8636
1436268060000 14.85
1436268120000 14.8
1436268180000 14.81
1436268360000 14.81
1436268480000 14.81
1436268540000 14.8
1436268600000 14.8
1436268840000 14.79
1436269140000 14.8
1436269200000 14.87
1436269320000 14.87
1436269440000 14.9
1436269560000 14.92
1436269680000 14.93
1436269740000 14.94
1436269860000 14.94
1436269980000 14.9151
1436270040000 14.9205
1436270100000 14.925
1436270280000 14.98
1436270340000 14.97
1436270400000 14.96
1436270580000 14.95
1436270880000 14.98
1436271000000 14.96
1436271180000 14.96
1436271360000 14.955
1436271480000 14.96
1436271540000 14.95
1436271840000 14.96
1436271960000 14.97
1436272020000 15.0
1436272380000 15.01
1436272620000 15.01
1436272740000 15.01
1436273220000 15.02
1436273280000 15.03
1436273700000 15.04
1436273820000 15.04
1436273880000 15.04
1436273940000 15.0396
1436274120000 15.06
1436274300000 15.065
1436274360000 15.05
1436274660000 15.06
1436274840000 15.0528
1436275080000 15.079
1436275140000 15.085
1436275260000 15.09
1436275380000 15.07
1436275500000 15.085
1436275740000 15.085
1436275800000 15.07
1436275860000 15.05
1436275920000 15.03
1436275980000 15.02
1436276040000 14.97
1436276580000 14.97
1436276700000 15.0
1436276820000 14.99
1436276880000 14.99
1436276940000 14.99
1436277000000 15.0
1436277060000 14.98
1436277120000 14.98
1436277300000 14.98
1436277360000 14.953
1436277600000 14.95
1436277660000 14.94
1436277900000 14.95
1436278020000 14.94
1436278140000 14.95
1436278200000 14.95
1436278740000 14.94
1436278860000 14.88
1436278920000 14.845
1436278980000 14.86
1436279040000 14.86
1436279220000 14.81
1436279340000 14.8258
1436279400000 14.83
1436279460000 14.835
1436279520000 14.84
1436279700000 14.85
1436279880000 14.87
1436279940000 14.88
1436280060000 14.89
1436280420000 14.95
1436280480000 14.89
1436280720000 14.89
1436280780000 14.89
1436280900000 14.87
1436281080000 14.88
1436281320000 14.89
1436281380000 14.85
1436281440000 14.84
1436281500000 14.88
1436281560000 14.93
1436281620000 14.91
