1436261400000 0.2
1436261820000 0.2053
1436261880000 0.2
1436262360000 0.2
1436263020000 0.21
1436264700000 0.2047
1436265060000 0.2047
1436265240000 0.2003
1436265540000 0.196
1436267100000 0.2
1436267220000 0.204
1436267280000 0.2045
1436267520000 0.2
1436268000000 0.2044
1436268060000 0.2001
1436268420000 0.2044
1436268600000 0.2
1436269080000 0.2045
1436269200000 0.2008
1436270400000 0.2075
1436271960000 0.2003
1436272140000 0.2019
1436272620000 0.2002
1436273160000 0.2015
1436273280000 0.2021
1436274060000 0.2074
1436274420000 0.2001
1436275380000 0.2
1436277060000 0.2038
1436278260000 0.2038
1436278500000 0.2038
1436278680000 0.2001
1436279820000 0.2049
1436281020000 0.205
