1436261520000 23.59
1436261580000 23.66
1436261760000 24.73
1436263020000 23.25
1436263080000 23.32
1436263500000 23.15
1436263560000 23.1
1436263620000 23.21
1436263680000 23.52
1436263740000 23.39
1436263800000 23.6
1436263860000 23.56
1436263920000 23.49
1436263980000 23.6
1436264040000 23.33
1436264100000 23.45
1436264220000 23.34
1436264400000 23.27
1436266080000 23.27
1436266140000 23.3
1436266260000 23.39
1436266380000 23.37
1436266500000 23.24
1436266560000 23.21
1436266740000 23.2
1436266800000 23.29
1436266920000 23.39
1436266980000 23.5
1436267040000 23.37
1436267160000 23.31
1436267400000 23.26
1436267520000 23.27
1436267640000 23.35
1436273160000 23.6
1436273820000 23.78
1436274300000 23.79
1436275200000 24.0
1436276100000 23.65
1436276160000 23.76
1436276580000 23.89
1436277120000 24.05
1436281080000 24.33
