1436261400000 4.91
1436261640000 4.89
1436261700000 4.9
1436261820000 4.86
1436262000000 4.83
1436262060000 4.835
1436262180000 4.82
1436262420000 4.8136
1436262540000 4.813
1436262720000 4.81
1436263020000 4.814
1436263560000 4.85
1436264040000 4.87
1436264340000 4.83
1436265000000 4.83
1436265420000 4.8301
1436265720000 4.836
1436266980000 4.8466
1436267100000 4.85
1436267520000 4.86
1436268360000 4.9595
1436269020000 4.95
1436271660000 4.98
1436272380000 5.0
1436275800000 4.97
1436277900000 4.94
1436277960000 4.95
1436278020000 4.94
1436278080000 4.97
1436278140000 4.94
1436278680000 4.93
1436281260000 4.921
