1436261400000 83.25
1436261520000 82.7
1436261760000 82.62
1436261880000 82.28
1436261940000 82.33
1436262000000 81.87
1436262180000 82.21
1436262240000 82.25
1436262300000 82.21
1436262540000 82.39
1436262600000 82.37
1436262720000 82.21
1436262780000 82.24
1436262840000 82.36
1436262900000 82.21
1436263020000 81.99
1436263080000 81.82
1436263200000 81.91
1436263260000 81.88
1436263320000 81.68
1436263500000 81.68
1436263560000 81.63
1436263620000 81.52
1436263800000 81.56
1436263860000 81.65
1436263920000 81.6
1436263980000 81.61
1436264040000 81.58
1436264100000 81.48
1436264160000 81.59
1436264220000 81.59
1436264340000 81.62
1436264460000 81.51
1436264760000 81.43
1436264880000 81.31
1436264940000 81.38
1436265000000 81.39
1436265060000 81.39
1436265120000 81.28
1436265180000 81.36
1436265300000 81.35
1436265360000 81.29
1436265540000 81.34
1436265600000 81.3
1436265720000 81.23
1436265780000 81.35
1436265960000 81.42
1436266020000 81.35
1436266080000 81.36
1436266140000 81.33
1436266200000 81.28
1436266260000 81.24
1436266320000 81.31
1436266440000 81.44
1436266500000 81.4
1436266560000 81.39
1436266740000 81.37
1436266800000 81.36
1436266920000 81.35
1436266980000 81.36
1436267280000 81.36
1436267460000 81.42
1436267520000 81.425
1436267640000 81.43
1436267700000 81.46
1436267760000 81.47
1436267820000 81.45
1436267880000 81.37
1436268000000 81.38
1436268060000 81.38
1436268120000 81.37
1436268240000 81.395
1436268480000 81.37
1436268540000 81.32
1436268600000 81.27
1436268780000 81.23
1436268960000 81.12
1436269020000 81.09
1436269080000 81.08
1436269200000 81.22
1436269320000 81.31
1436269380000 81.4
1436269740000 81.44
1436269800000 81.43
1436269860000 81.39
1436269920000 81.41
1436269980000 81.46
1436270040000 81.5
1436270160000 81.73
1436270220000 81.9
1436270700000 81.82
1436270820000 81.8
1436270880000 81.79
1436271240000 81.81
1436271540000 81.77
1436271600000 81.84
1436271660000 81.84
1436271720000 81.82
1436271960000 81.79
1436272020000 81.91
1436272260000 82.02
1436272380000 82.04
1436272440000 82.03
1436272500000 81.93
1436272560000 81.81
1436272680000 81.82
1436272740000 81.92
1436272860000 81.96
1436272980000 82.09
1436273220000 82.17
1436273520000 82.16
1436273580000 81.94
1436273640000 82.01
1436273760000 82.02
1436273880000 82.07
1436274180000 81.85
1436274360000 81.92
1436274420000 81.78
1436274480000 81.6
1436274540000 81.6
1436274600000 81.67
1436274660000 81.72
1436274720000 81.809
1436274780000 81.87
1436275200000 81.83
1436275260000 81.77
1436275560000 81.79
1436275620000 81.83
1436275680000 81.86
1436275740000 81.86
1436275920000 81.81
1436276040000 81.89
1436276100000 81.86
1436276160000 81.88
1436276220000 81.875
1436276400000 81.87
1436276460000 81.88
1436276520000 81.93
1436276820000 82.105
1436276880000 82.15
1436276940000 82.19
1436277000000 82.23
1436277060000 82.13
1436277240000 82.08
1436277300000 82.06
1436277360000 82.07
1436277600000 82.14
1436277780000 82.1
1436277960000 82.09
1436278020000 82.09
1436278140000 82.13
1436278200000 82.19
1436278260000 82.19
1436278500000 82.21
1436278620000 82.2
1436278680000 82.19
1436278860000 82.1
1436278920000 82.04
1436279100000 81.97
1436279280000 81.97
1436279340000 82.01
1436279460000 82.01
1436279520000 82.01
1436279580000 82.15
1436279640000 82.1
1436279760000 82.06
1436279820000 81.96
1436279880000 82.17
1436279940000 82.11
1436280060000 82.23
1436280120000 82.21
1436280180000 82.22
1436280300000 82.32
1436280360000 82.34
1436280420000 82.39
1436280540000 82.55
1436280600000 82.56
1436280660000 82.57
1436280780000 82.61
1436280840000 82.58
1436281020000 82.57
1436281080000 82.63
1436281140000 82.67
1436281260000 82.81
1436281320000 82.82
1436281440000 82.72
1436281500000 82.79
1436281560000 82.7
