1436261520000 0.49
1436262660000 0.463
1436262900000 0.48
1436263080000 0.4631
1436263320000 0.49
1436264160000 0.49
1436264820000 0.47
1436265120000 0.4655
1436265240000 0.4631
1436265540000 0.4641
1436265720000 0.4635
1436265780000 0.4631
1436265840000 0.4667
1436266080000 0.4632
1436266140000 0.4631
1436266200000 0.4631
1436266260000 0.4631
1436266320000 0.4631
1436266680000 0.4632
1436266800000 0.4631
1436266860000 0.4631
1436266920000 0.4631
1436267100000 0.4633
1436267160000 0.4631
1436267220000 0.4631
1436267280000 0.4631
1436267340000 0.4631
1436267400000 0.4664
1436267460000 0.4662
1436267520000 0.466
1436267580000 0.466
1436267640000 0.4631
1436267700000 0.4631
1436268060000 0.461
1436268360000 0.4698
1436268540000 0.47
1436268900000 0.4701
1436268960000 0.4798
1436271060000 0.4797
1436271480000 0.4796
1436271600000 0.47
1436271660000 0.47
1436272200000 0.47
1436272320000 0.47
1436272380000 0.4746
1436272440000 0.4798
1436272800000 0.47
1436273100000 0.47
1436273400000 0.48
1436273460000 0.473
1436273580000 0.4744
1436273700000 0.4703
1436273760000 0.4704
1436273820000 0.47
1436274120000 0.47
1436274180000 0.4704
1436274600000 0.4747
1436275260000 0.48
1436276100000 0.48
1436276520000 0.475
1436276580000 0.475
1436276640000 0.475
1436277480000 0.47
1436277600000 0.4731
1436277720000 0.4703
1436277840000 0.473
1436277960000 0.4701
1436278200000 0.4724
1436278260000 0.4724
1436278800000 0.47
1436278920000 0.47
1436278980000 0.47
1436279160000 0.47
1436280540000 0.4794
1436281380000 0.47
