1436261400000 5.75
1436261640000 5.74
1436261700000 5.74
1436261760000 5.74
1436261880000 5.732
1436262000000 5.74
1436262120000 5.74
1436262240000 5.74
1436262300000 5.75
1436262420000 5.745
1436262480000 5.745
1436262840000 5.745
1436263200000 5.745
1436263260000 5.745
1436263320000 5.745
1436263380000 5.735
1436263500000 5.74
1436263560000 5.73
1436263920000 5.72
1436264340000 5.69
1436264520000 5.7
1436264700000 5.67
1436264760000 5.665
1436264820000 5.67
1436265060000 5.66
1436265360000 5.65
1436265540000 5.67
1436266020000 5.65
1436266320000 5.66
1436267220000 5.6849
1436267820000 5.685
1436267880000 5.69
1436268060000 5.695
1436268300000 5.69
1436268600000 5.68
1436269080000 5.6501
1436269320000 5.67
1436269500000 5.6577
1436269680000 5.6501
1436269800000 5.6583
1436269860000 5.651
1436269920000 5.66
1436270280000 5.6501
1436270460000 5.67
1436270880000 5.67
1436271300000 5.67
1436271420000 5.65
1436272260000 5.65
1436272380000 5.65
1436272500000 5.65
1436272620000 5.645
1436272800000 5.65
1436272920000 5.65
1436273280000 5.652
1436273400000 5.67
1436273520000 5.67
1436273580000 5.67
1436273640000 5.6675
1436273880000 5.67
1436274000000 5.66
1436274540000 5.6753
1436274660000 5.66
1436275440000 5.68
1436275500000 5.653
1436275560000 5.665
1436275680000 5.67
1436276040000 5.69
1436276400000 5.69
1436276760000 5.68
1436276880000 5.67
1436277060000 5.68
1436277660000 5.67
1436277840000 5.67
1436277900000 5.66
1436278140000 5.66
1436278200000 5.6663
1436278260000 5.65
1436278320000 5.66
1436278380000 5.665
1436278440000 5.65
1436278680000 5.65
1436278920000 5.64
1436279040000 5.645
1436279220000 5.64
1436279460000 5.64
1436279580000 5.65
1436279880000 5.63
1436280120000 5.635
1436280420000 5.63
1436280780000 5.635
1436280840000 5.65
1436280900000 5.64
1436281080000 5.645
1436281140000 5.645
1436281200000 5.64
1436281260000 5.64
1436281320000 5.6442
1436281380000 5.6442
1436281500000 5.65
1436281560000 5.64
