1436261400000 22.39
1436261520000 22.41
1436261700000 22.42
1436261760000 22.38
1436262120000 22.32
1436262240000 22.39
1436262360000 22.36
1436262720000 22.41
1436262780000 22.44
1436262840000 22.43
1436263320000 22.38
1436263440000 22.38
1436263740000 22.375
1436264040000 22.38
1436264100000 22.355
1436264460000 22.34
1436264580000 22.31
1436264760000 22.28
1436264940000 22.25
1436265000000 22.17
1436265060000 22.185
1436265120000 22.17
1436265420000 22.15
1436265660000 22.06
1436265720000 22.07
1436265960000 22.07
1436266020000 22.13
1436266080000 22.21
1436266380000 22.2
1436266440000 22.24
1436266620000 22.22
1436266740000 22.28
1436266800000 22.21
1436266980000 22.13
1436267100000 22.13
1436267280000 22.12
1436267580000 22.12
1436267640000 22.09
1436267940000 22.15
1436268000000 22.1
1436268060000 22.1
1436268180000 22.05
1436268360000 22.0
1436268540000 22.0
1436268600000 21.96
1436268780000 21.96
1436268840000 21.96
1436268900000 21.89
1436269020000 21.94
1436269140000 21.96
1436269380000 22.03
1436269440000 22.12
1436269560000 22.11
1436269860000 22.1
1436269980000 22.05
1436270100000 22.05
1436270160000 22.11
1436270220000 22.16
1436270400000 22.17
1436271300000 22.1
1436271540000 22.15
1436271660000 22.1
1436271780000 22.06
1436272080000 22.09
1436272260000 22.07
1436272440000 22.08
1436272500000 22.12
1436272680000 22.15
1436272740000 22.17
1436272920000 22.2
1436273040000 22.2
1436273220000 22.27
1436273520000 22.239
1436273640000 22.27
1436273700000 22.31
1436273760000 22.3
1436273820000 22.34
1436273880000 22.34
1436274180000 22.35
1436274240000 22.35
1436274300000 22.38
1436274360000 22.36
1436274540000 22.35
1436274720000 22.35
1436275140000 22.38
1436275560000 22.34
1436275680000 22.32
1436275740000 22.37
1436276040000 22.37
1436276160000 22.37
1436276220000 22.34
1436276640000 22.36
1436276760000 22.43
1436277240000 22.42
1436277300000 22.37
1436277660000 22.3
1436277780000 22.31
1436278680000 22.3
1436278740000 22.28
1436279040000 22.23
1436279340000 22.23
1436279520000 22.21
1436279580000 22.23
1436279640000 22.28
1436279880000 22.28
1436279940000 22.32
1436280060000 22.33
1436280120000 22.3
1436280180000 22.37
1436280420000 22.42
1436280540000 22.42
1436280780000 22.39
1436280840000 22.41
1436280960000 22.38
1436281080000 22.42
1436281140000 22.46
1436281260000 22.47
1436281320000 22.47
1436281440000 22.47
1436281500000 22.37
1436281560000 22.37
