1404705600000 8.26
1404792000000 8.26
1404878400000 8.2
1404964800000 8.08
1405051200000 7.28
1405310400000 7.26
1405396800000 7.12
1405483200000 7.26
1405569600000 7.11
1405656000000 7.12
1405915200000 7.13
1406001600000 7.26
1406088000000 7.21
1406174400000 7.22
1406260800000 7.17
1406520000000 7.11
1406606400000 7.11
1406692800000 7.15
1406779200000 7.18
1406865600000 7.31
1407124800000 7.29
1407211200000 7.95
1407297600000 7.77
1407384000000 7.63
1407470400000 7.77
1407729600000 8.03
1407816000000 7.89
1407902400000 7.88
1407988800000 7.92
1408075200000 7.85
1408334400000 7.88
1408420800000 7.95
1408507200000 7.92
1408593600000 7.91
1408680000000 7.84
1408939200000 7.88
1409025600000 8.03
1409112000000 8.01
1409198400000 7.8
1409284800000 7.93
1409630400000 7.84
1409716800000 7.9
1409803200000 7.85
1409889600000 7.9
1410148800000 7.83
1410235200000 7.98
1410321600000 7.71
1410408000000 7.8
1410494400000 7.65
1410753600000 7.69
1410840000000 7.77
1410926400000 7.82
1411012800000 7.72
1411099200000 7.68
1411358400000 7.5
1411444800000 7.6
1411531200000 7.75
1411617600000 7.6
1411704000000 7.66
1411963200000 7.74
1412049600000 7.74
1412136000000 7.46
1412222400000 7.66
1412308800000 7.81
1412568000000 7.83
1412654400000 7.79
1412740800000 7.78
1412827200000 5.86
1412913600000 5.84
1413172800000 5.92
1413259200000 5.92
1413345600000 5.98
1413432000000 6.06
1413518400000 6.07
1413777600000 6.05
1413864000000 6.04
1413950400000 6.06
1414036800000 6.03
1414123200000 5.97
1414382400000 5.98
1414468800000 6.24
1414555200000 6.27
1414641600000 6.25
1414728000000 6.35
1414990800000 6.44
1415077200000 6.33
1415163600000 6.29
1415250000000 6.3
1415336400000 6.28
1415595600000 6.33
1415682000000 6.33
1415768400000 6.4
1415854800000 6.36
1415941200000 6.43
1416200400000 6.45
1416286800000 6.55
1416373200000 6.41
1416459600000 6.61
1416546000000 6.68
1416805200000 6.79
1416891600000 6.82
1416978000000 6.78
1417150800000 6.7
1417410000000 6.7
1417496400000 6.85
1417582800000 6.81
1417669200000 6.9
1417755600000 6.86
1418014800000 6.77
1418101200000 6.76
1418187600000 6.74
1418274000000 6.65
1418360400000 6.56
1418619600000 6.44
1418706000000 6.44
1418792400000 6.62
1418878800000 6.94
1418965200000 6.79
1419224400000 6.78
1419310800000 6.94
1419397200000 7.15
1419570000000 7.21
1419829200000 7.28
1419915600000 7.07
1420002000000 7.03
1420174800000 6.95
1420434000000 6.93
1420520400000 6.74
1420606800000 6.7
1420693200000 6.77
1420779600000 6.86
1421038800000 6.81
1421125200000 6.99
1421211600000 6.94
1421298000000 6.89
1421384400000 6.89
1421730000000 6.85
1421816400000 6.84
1421902800000 6.98
1421989200000 7.06
1422248400000 6.81
1422334800000 6.8
1422421200000 6.75
1422507600000 7.0
1422594000000 6.89
1422853200000 7.07
1422939600000 7.35
1423026000000 7.25
1423112400000 7.28
1423198800000 7.19
1423458000000 7.04
1423544400000 6.97
1423630800000 7.0
1423717200000 7.0
1423803600000 6.99
1424149200000 6.88
1424235600000 6.89
1424322000000 6.9
1424408400000 6.79
1424667600000 6.79
1424754000000 6.84
1424840400000 6.84
1424926800000 6.89
1425013200000 6.82
1425272400000 6.92
1425358800000 6.79
1425445200000 6.75
1425531600000 6.83
1425618000000 6.95
1425873600000 6.88
1425960000000 6.73
1426046400000 7.12
1426132800000 7.3
1426219200000 7.44
1426478400000 7.4
1426564800000 7.35
1426651200000 7.3
1426737600000 7.42
1426824000000 7.55
1427083200000 7.62
1427169600000 7.5
1427256000000 10.95
1427342400000 10.93
1427428800000 10.92
1427688000000 10.95
1427774400000 10.95
1427860800000 10.93
1427947200000 10.93
1428292800000 10.95
1428379200000 10.93
1428465600000 10.93
1428552000000 10.95
1428638400000 10.95
1428897600000 10.94
1428984000000 10.95
1429070400000 11.01
1429156800000 11.01
1429243200000 11.0
1429502400000 11.03
1429588800000 11.03
1429675200000 11.02
1429761600000 11.03
1429848000000 11.02
1430107200000 11.01
1430193600000 11.02
1430280000000 11.01
1430366400000 11.03
1430452800000 11.0
1430712000000 11.02
1430798400000 11.0
1430884800000 10.99
1430971200000 10.99
1431057600000 11.02
1431316800000 11.01
1431403200000 10.99
1431489600000 11.01
1431576000000 11.0
1431662400000 11.0
1431921600000 11.01
1432008000000 11.01
1432094400000 10.99
1432180800000 11.01
