1436261400000 28.19
1436261640000 28.14
1436261700000 28.088
1436261880000 28.09
1436261940000 28.15
1436262300000 28.1
1436262360000 28.18
1436262480000 28.26
1436262720000 28.2
1436262960000 28.145
1436263080000 28.14
1436263140000 28.14
1436263260000 28.14
1436263380000 28.145
1436263500000 28.145
1436263560000 28.125
1436263620000 28.12
1436263680000 28.085
1436263740000 28.1
1436263980000 28.15
1436264040000 28.09
1436264100000 28.07
1436264160000 28.08
1436264220000 28.08
1436264280000 28.06
1436264340000 28.13
1436264520000 28.146
1436264640000 28.1297
1436264760000 28.13
1436264820000 28.1
1436264940000 28.096
1436265000000 28.095
1436265060000 28.06
1436265120000 28.04
1436265360000 28.07
1436265600000 28.07
1436265660000 28.07
1436265780000 28.05
1436265960000 28.08
1436266020000 28.1
1436266140000 28.1035
1436266200000 28.06
1436266320000 28.1
1436266380000 28.15
1436266440000 28.16
1436266500000 28.22
1436266740000 28.17
1436266920000 28.01
1436266980000 28.03
1436267040000 28.06
1436267100000 28.08
1436267280000 28.1
1436267460000 28.12
1436267520000 28.1
1436267580000 28.11
1436267640000 28.17
1436267700000 28.1
1436267880000 28.1
1436267940000 28.06
1436268000000 28.06
1436268060000 28.07
1436268120000 28.06
1436268180000 28.09
1436268240000 28.08
1436268420000 28.1099
1436268540000 28.05
1436268600000 28.045
1436268720000 28.07
1436268780000 28.05
1436268840000 28.027
1436268900000 28.05
1436269020000 28.04
1436269080000 28.08
1436269140000 28.095
1436269260000 28.09
1436269320000 28.02
1436269380000 28.05
1436269500000 28.07
1436269620000 28.05
1436269740000 28.12
1436269860000 28.12
1436269920000 28.11
1436270040000 28.1
1436270100000 28.1
1436270160000 28.1
1436270220000 28.16
1436270280000 28.16
1436270340000 28.1
1436270460000 28.025
1436270520000 28.035
1436270580000 28.01
1436270760000 27.9594
1436270940000 27.93
1436271060000 27.93
1436271240000 27.81
1436271360000 27.81
1436271540000 27.81
1436271660000 27.83
1436271720000 27.89
1436271780000 27.9
1436271900000 27.82
1436271960000 27.82
1436272200000 27.82
1436272260000 27.81
1436272320000 27.82
1436272680000 27.82
1436272740000 27.83
1436272800000 27.84
1436272980000 27.85
1436273040000 27.85
1436273160000 27.85
1436273220000 27.85
1436273520000 27.935
1436273580000 27.97
1436273880000 27.99
1436274000000 28.01
1436274060000 28.02
1436274240000 27.97
1436274360000 27.97
1436274420000 27.93
1436274480000 27.98
1436274540000 28.0
1436274660000 28.0
1436274720000 28.0
1436274780000 28.0
1436274840000 28.0
1436274900000 27.985
1436274960000 27.97
1436275200000 28.0
1436275320000 28.0
1436275560000 27.99
1436275680000 28.0
1436275800000 28.0
1436275860000 27.99
1436275920000 27.935
1436276100000 27.94
1436276160000 27.94
1436276220000 27.97
1436276280000 27.9184
1436276340000 27.96
1436276400000 27.96
1436276520000 27.99
1436276640000 27.99
1436276700000 27.99
1436276760000 27.98
1436276940000 27.93
1436277060000 27.95
1436277120000 27.96
1436277240000 27.96
1436277480000 27.96
1436277600000 27.935
1436277660000 27.98
1436277720000 27.97
1436277960000 27.965
1436278020000 27.98
1436278080000 27.98
1436278200000 27.965
1436278440000 27.975
1436278500000 27.92
1436278560000 27.89
1436278620000 27.97
1436278800000 27.93
1436278920000 27.93
1436278980000 27.93
1436279040000 27.96
1436279160000 28.0
1436279220000 27.955
1436279340000 27.93
1436279460000 27.92
1436279520000 27.93
1436279580000 27.92
1436279640000 27.95
1436279760000 27.965
1436279820000 27.965
1436280060000 27.97
1436280120000 28.0
1436280180000 28.0
1436280420000 28.0
1436280480000 27.99
1436280660000 27.97
1436280720000 27.96
1436280780000 27.965
1436280900000 27.94
1436281020000 27.95
1436281080000 28.0
1436281200000 28.08
1436281320000 28.06
1436281380000 28.02
1436281440000 28.01
1436281560000 28.0
