1436261400000 65.29
1436261460000 65.45
1436261520000 65.4
1436261580000 65.2067
1436261640000 65.03
1436261700000 65.41
1436261760000 65.82
1436261820000 65.415
1436261880000 65.44
1436261940000 65.365
1436262000000 65.21
1436262060000 64.809
1436262120000 65.01
1436262180000 64.75
1436262240000 65.17
1436262300000 65.194
1436262360000 64.98
1436262420000 65.055
1436262480000 65.191
1436262540000 65.45
1436262600000 65.96
1436262660000 65.452
1436262720000 65.5
1436262780000 65.33
1436262840000 65.5
1436262900000 65.4
1436262960000 65.38
1436263020000 65.31
1436263080000 65.11
1436263140000 65.106
1436263200000 65.05
1436263260000 65.06
1436263320000 64.97
1436263380000 64.87
1436263440000 65.0
1436263500000 65.1
1436263560000 64.862
1436263620000 64.97
1436263680000 64.56
1436263740000 64.63
1436263800000 64.58
1436263860000 64.66
1436263920000 64.72
1436263980000 64.7632
1436264040000 64.65
1436264100000 64.6
1436264160000 64.38
1436264220000 64.405
1436264280000 64.365
1436264340000 64.54
1436264400000 64.422
1436264460000 64.52
1436264520000 64.7
1436264580000 64.93
1436264640000 64.66
1436264700000 64.5
1436264760000 64.6499
1436264820000 64.3735
1436264880000 64.3
1436264940000 64.3
1436265000000 64.36
1436265060000 64.0101
1436265120000 64.37
1436265180000 64.14
1436265240000 64.1
1436265300000 64.03
1436265360000 64.05
1436265420000 63.91
1436265480000 63.6511
1436265540000 63.51
1436265600000 63.5
1436265660000 63.57
1436265720000 63.36
1436265780000 63.36
1436265840000 63.49
1436265900000 63.43
1436265960000 63.55
1436266020000 63.76
1436266080000 63.66
1436266140000 63.96
1436266200000 64.05
1436266260000 64.0
1436266320000 64.2
1436266380000 64.04
1436266440000 64.07
1436266500000 64.305
1436266560000 64.1838
1436266620000 64.18
1436266680000 64.1506
1436266740000 64.075
1436266800000 63.82
1436266860000 63.78
1436266920000 63.63
1436266980000 63.5
1436267040000 63.64
1436267100000 63.58
1436267160000 63.7
1436267220000 63.79
1436267280000 63.84
1436267340000 63.83
1436267400000 63.75
1436267460000 63.86
1436267520000 63.95
1436267580000 63.85
1436267640000 63.75
1436267700000 63.71
1436267760000 63.55
1436267820000 63.54
1436267880000 63.41
1436267940000 63.48
1436268000000 63.37
1436268060000 63.43
1436268120000 63.39
1436268180000 63.3
1436268240000 63.245
1436268300000 63.11
1436268360000 63.19
1436268420000 63.0704
1436268480000 63.3
1436268540000 63.1101
1436268600000 63.21
1436268660000 63.0601
1436268720000 63.16
1436268780000 63.189
1436268840000 63.16
1436268900000 63.13
1436268960000 63.2
1436269020000 63.214
1436269080000 63.22
1436269140000 63.33
1436269200000 63.51
1436269260000 63.24
1436269320000 63.3451
1436269380000 63.51
1436269440000 63.53
1436269500000 63.4
1436269560000 63.3
1436269620000 63.3599
1436269680000 63.47
1436269740000 63.55
1436269800000 63.41
1436269860000 63.4
1436269920000 63.38
1436269980000 63.32
1436270040000 63.5
1436270100000 63.48
1436270160000 63.64
1436270220000 63.89
1436270280000 63.8
1436270340000 63.82
1436270400000 63.87
1436270460000 63.8
1436270520000 63.675
1436270580000 63.65
1436270640000 63.9
1436270700000 63.88
1436270760000 63.87
1436270820000 63.8
1436270880000 63.76
1436270940000 63.7999
1436271000000 63.9
1436271060000 63.63
1436271120000 63.575
1436271180000 63.49
1436271240000 63.6
1436271300000 63.83
1436271360000 63.9
1436271480000 63.61
1436271540000 63.68
1436271600000 63.68
1436271660000 63.73
1436271720000 63.75
1436271780000 63.74
1436271840000 63.69
1436271900000 63.6
1436271960000 63.65
1436272020000 63.5567
1436272080000 63.61
1436272140000 63.7
1436272200000 63.45
1436272260000 63.53
1436272320000 63.64
1436272380000 63.71
1436272500000 63.75
1436272560000 63.62
1436272680000 63.71
1436272740000 63.73
1436272800000 63.73
1436272860000 63.72
1436272920000 63.84
1436272980000 63.98
1436273040000 63.78
1436273100000 63.92
1436273160000 63.87
1436273220000 63.89
1436273280000 63.995
1436273400000 64.01
1436273460000 63.99
1436273520000 64.1027
1436273580000 63.98
1436273640000 64.01
1436273760000 64.035
1436273820000 64.06
1436273880000 64.24
1436273940000 64.08
1436274000000 64.1
1436274060000 64.11
1436274120000 64.15
1436274180000 63.96
1436274240000 64.12
1436274300000 64.19
1436274360000 64.05
1436274420000 64.005
1436274480000 64.07
1436274540000 64.2173
1436274660000 64.24
1436274720000 64.42
1436274780000 64.39
1436274840000 64.17
1436274900000 64.25
1436274960000 64.19
1436275020000 63.955
1436275080000 63.87
1436275140000 63.98
1436275200000 64.08
1436275260000 63.93
1436275320000 64.04
1436275380000 64.04
1436275440000 64.18
1436275500000 64.11
1436275560000 63.95
1436275620000 63.91
1436275680000 63.85
1436275740000 63.9
1436275800000 64.0
1436275860000 64.08
1436275920000 64.11
1436275980000 63.94
1436276040000 63.976
1436276160000 63.89
1436276220000 63.71
1436276280000 63.75
1436276400000 63.77
1436276460000 63.74
1436276520000 63.64
1436276580000 63.9799
1436276640000 63.79
1436276700000 63.8508
1436276760000 63.875
1436276820000 63.84
1436276880000 63.77
1436276940000 63.79
1436277000000 63.79
1436277060000 63.69
1436277120000 63.65
1436277180000 63.61
1436277240000 63.8149
1436277300000 63.73
1436277360000 63.74
1436277420000 63.73
1436277480000 63.83
1436277540000 63.82
1436277600000 63.94
1436277660000 63.97
1436277720000 64.07
1436277780000 64.044
1436277840000 64.06
1436277900000 64.39
1436277960000 64.26
1436278020000 63.97
1436278080000 64.12
1436278140000 64.0601
1436278260000 64.14
1436278320000 64.14
1436278380000 64.18
1436278440000 64.22
1436278500000 64.03
1436278560000 63.87
1436278620000 63.7
1436278680000 63.79
1436278740000 63.65
1436278860000 63.635
1436278920000 63.4
1436278980000 63.3
1436279040000 63.32
1436279100000 63.385
1436279160000 63.33
1436279220000 63.28
1436279280000 63.65
1436279340000 63.61
1436279400000 63.61
1436279460000 63.68
1436279520000 63.56
1436279580000 63.77
1436279640000 63.96
1436279700000 63.73
1436279760000 63.695
1436279820000 63.75
1436279880000 63.79
1436279940000 63.83
1436280000000 63.83
1436280060000 64.06
1436280120000 64.25
1436280180000 64.14
1436280240000 63.8925
1436280300000 64.13
1436280360000 64.115
1436280420000 64.23
1436280480000 64.326
1436280540000 64.21
1436280600000 64.21
1436280660000 64.06
1436280720000 64.01
1436280780000 63.89
1436280840000 64.015
1436280900000 64.13
1436280960000 64.0
1436281080000 64.195
1436281140000 64.29
1436281200000 64.25
1436281260000 64.18
1436281320000 63.93
1436281380000 63.99
1436281440000 63.95
1436281500000 64.18
1436281560000 64.1
