1436261400000 8.32
1436261460000 8.31
1436261520000 8.21
1436261580000 8.0801
1436261640000 8.187
1436261700000 8.179
1436261760000 8.1194
1436261820000 8.052
1436261880000 8.0201
1436261940000 7.92
1436262000000 7.8794
1436262060000 7.82
1436262120000 7.83
1436262180000 7.7801
1436262240000 7.6701
1436262300000 7.77
1436262360000 7.68
1436262420000 7.67
1436262480000 7.65
1436262540000 7.64
1436262600000 7.715
1436262660000 7.69
1436262720000 7.693
1436262780000 7.7992
1436262840000 7.7301
1436262900000 7.72
1436262960000 7.7464
1436263020000 7.7819
1436263080000 7.77
1436263140000 7.77
1436263200000 7.7293
1436263260000 7.68
1436263320000 7.7
1436263380000 7.7
1436263440000 7.7
1436263500000 7.7
1436263560000 7.7
1436263620000 7.65
1436263680000 7.64
1436263740000 7.6001
1436263800000 7.55
1436263860000 7.5494
1436263920000 7.58
1436263980000 7.5501
1436264040000 7.5751
1436264100000 7.59
1436264160000 7.5476
1436264220000 7.51
1436264280000 7.5199
1436264340000 7.44
1436264400000 7.385
1436264460000 7.38
1436264520000 7.3899
1436264580000 7.3501
1436264640000 7.28
1436264700000 7.3132
1436264760000 7.3
1436264820000 7.2199
1436264880000 7.2
1436264940000 7.1199
1436265000000 7.1001
1436265060000 7.125
1436265120000 7.0782
1436265180000 7.075
1436265240000 7.08
1436265300000 7.055
1436265360000 7.06
1436265420000 7.05
1436265480000 6.965
1436265540000 6.91
1436265600000 6.9496
1436265660000 6.98
1436265720000 7.0001
1436265780000 6.99
1436265840000 6.96
1436265900000 6.975
1436265960000 7.01
1436266020000 7.09
1436266080000 7.099
1436266140000 7.0299
1436266200000 7.0701
1436266260000 7.1101
1436266320000 7.19
1436266380000 7.18
1436266440000 7.2398
1436266500000 7.287
1436266560000 7.32
1436266620000 7.3799
1436266680000 7.38
1436266740000 7.3355
1436266800000 7.315
1436266860000 7.27
1436266920000 7.21
1436266980000 7.2199
1436267040000 7.22
1436267100000 7.26
1436267160000 7.2305
1436267220000 7.225
1436267280000 7.2549
1436267340000 7.26
1436267400000 7.3065
1436267460000 7.3099
1436267520000 7.285
1436267580000 7.3299
1436267640000 7.3476
1436267700000 7.3449
1436267760000 7.32
1436267880000 7.3144
1436267940000 7.3561
1436268000000 7.34
1436268120000 7.3061
1436268180000 7.3049
1436268240000 7.31
1436268300000 7.32
1436268360000 7.26
1436268480000 7.23
1436268540000 7.27
1436268600000 7.27
1436268660000 7.27
1436268720000 7.2301
1436268780000 7.2404
1436268840000 7.2499
1436268900000 7.22
1436268960000 7.21
1436269020000 7.22
1436269080000 7.25
1436269140000 7.28
1436269200000 7.329
1436269260000 7.33
1436269320000 7.36
1436269380000 7.3808
1436269440000 7.3982
1436269500000 7.3703
1436269560000 7.385
1436269620000 7.38
1436269680000 7.3801
1436269740000 7.3807
1436269800000 7.39
1436269860000 7.39
1436269920000 7.3462
1436269980000 7.34
1436270040000 7.34
1436270100000 7.35
1436270160000 7.38
1436270220000 7.385
1436270280000 7.35
1436270400000 7.35
1436270460000 7.29
1436270520000 7.2585
1436270580000 7.2608
1436270640000 7.288
1436270760000 7.3062
1436270820000 7.3489
1436270880000 7.35
1436270940000 7.3457
1436271060000 7.327
1436271120000 7.3299
1436271180000 7.3297
1436271240000 7.3199
1436271300000 7.3
1436271360000 7.2999
1436271420000 7.29
1436271480000 7.29
1436271600000 7.3095
1436271720000 7.31
1436271780000 7.3323
1436271840000 7.33
1436271900000 7.3401
1436271960000 7.35
1436272020000 7.3462
1436272080000 7.35
1436272140000 7.37
1436272200000 7.3601
1436272320000 7.3396
1436272380000 7.358
1436272440000 7.35
1436272500000 7.37
1436272620000 7.38
1436272680000 7.3501
1436272740000 7.36
1436272800000 7.39
1436272920000 7.386
1436272980000 7.4
1436273040000 7.39
1436273220000 7.36
1436273340000 7.3402
1436273460000 7.36
1436273520000 7.36
1436273640000 7.3688
1436273700000 7.4101
1436273760000 7.4198
1436273820000 7.44
1436273880000 7.4101
1436274000000 7.43
1436274060000 7.43
1436274240000 7.4003
1436274300000 7.41
1436274360000 7.4198
1436274420000 7.4092
1436274480000 7.39
1436274540000 7.3799
1436274600000 7.3703
1436274660000 7.3714
1436274780000 7.39
1436274840000 7.389
1436274900000 7.3834
1436274960000 7.3999
1436275020000 7.39
1436275080000 7.39
1436275140000 7.391
1436275260000 7.3999
1436275380000 7.4
1436275440000 7.4
1436275560000 7.39
1436275620000 7.4
1436275680000 7.3945
1436275740000 7.3955
1436275800000 7.3988
1436275860000 7.4
1436275920000 7.3986
1436276100000 7.3988
1436276160000 7.375
1436276220000 7.3102
1436276280000 7.3304
1436276340000 7.33
1436276400000 7.3
1436276460000 7.27
1436276520000 7.27
1436276580000 7.27
1436276640000 7.29
1436276700000 7.3
1436276760000 7.3
1436276820000 7.28
1436276880000 7.27
1436276940000 7.28
1436277060000 7.2746
1436277120000 7.2896
1436277180000 7.29
1436277240000 7.31
1436277300000 7.3099
1436277360000 7.3001
1436277480000 7.3041
1436277540000 7.3
1436277600000 7.29
1436277660000 7.2892
1436277720000 7.2801
1436277780000 7.2889
1436277900000 7.29
1436277960000 7.29
1436278020000 7.29
1436278080000 7.28
1436278200000 7.275
1436278260000 7.2799
1436278380000 7.2759
1436278440000 7.28
1436278500000 7.283
1436278560000 7.32
1436278620000 7.31
1436278680000 7.32
1436278740000 7.351
1436278800000 7.37
1436278860000 7.38
1436278920000 7.4
1436278980000 7.4
1436279040000 7.3656
1436279100000 7.4217
1436279160000 7.47
1436279220000 7.4579
1436279280000 7.46
1436279340000 7.48
1436279400000 7.48
1436279460000 7.49
1436279520000 7.5092
1436279580000 7.52
1436279640000 7.54
1436279700000 7.5485
1436279760000 7.55
1436279820000 7.55
1436279880000 7.6
1436279940000 7.5703
1436280000000 7.62
1436280060000 7.67
1436280120000 7.67
1436280180000 7.62
1436280240000 7.61
1436280300000 7.62
1436280360000 7.65
1436280420000 7.6699
1436280480000 7.68
1436280540000 7.6992
1436280600000 7.73
1436280660000 7.75
1436280720000 7.7699
1436280780000 7.7955
1436280840000 7.76
1436280900000 7.7017
1436280960000 7.696
1436281020000 7.74
1436281080000 7.77
1436281140000 7.84
1436281200000 7.81
1436281260000 7.7999
1436281320000 7.795
1436281380000 7.7501
1436281440000 7.78
1436281500000 7.7676
1436281560000 7.77
