1436261400000 19.69
1436261700000 19.68
1436261940000 19.68
1436262240000 19.88
1436262720000 19.82
1436262780000 19.85
1436263020000 19.9
1436263140000 19.8
1436263200000 19.86
1436263500000 19.73
1436263560000 19.79
1436263800000 19.635
1436263860000 19.7
1436263980000 19.69
1436264040000 19.79
1436264220000 19.76
1436264340000 19.785
1436264760000 19.69
1436264880000 19.57
1436265060000 19.67
1436265300000 19.66
1436265360000 19.6
1436265480000 19.61
1436265660000 19.53
1436265720000 19.54
1436265780000 19.54
1436265960000 19.55
1436266140000 19.59
1436266200000 19.64
1436266320000 19.75
1436266380000 19.89
1436266740000 19.87
1436266800000 19.79
1436266860000 19.825
1436267100000 19.74
1436267520000 19.7
1436267580000 19.83
1436267700000 19.82
1436267760000 19.97
1436267880000 19.98
1436267940000 20.035
1436268000000 19.96
1436268060000 19.93
1436268120000 19.89
1436268180000 19.8
1436268240000 19.835
1436268360000 19.77
1436268600000 19.75
1436268780000 19.82
1436268900000 19.74
1436269080000 19.64
1436269320000 19.54
1436269680000 19.66
1436269860000 19.66
1436269920000 19.65
1436270100000 19.7
1436270160000 19.77
1436270340000 19.78
1436270580000 19.81
1436270760000 19.75
1436271000000 19.75
1436271120000 19.75
1436271180000 19.75
1436271600000 19.81
1436271900000 19.82
1436271960000 19.86
1436272260000 19.9563
1436272320000 19.95
1436272440000 20.0
1436272680000 19.9018
1436272740000 19.8921
1436273100000 19.94
1436273280000 19.89
1436273880000 19.96
1436273940000 20.11
1436274000000 20.1
1436274120000 20.12
1436274300000 20.1201
1436274360000 20.0
1436274780000 20.005
1436274840000 20.05
1436275080000 20.05
1436275320000 20.04
1436275440000 20.11
1436276040000 20.1848
1436276100000 20.2
1436276220000 20.2
1436276520000 20.17
1436276640000 20.148
1436276820000 20.122
1436276880000 20.114
1436277060000 20.12
1436277240000 20.1101
1436277420000 20.1
1436277480000 20.13
1436277660000 20.05
1436277720000 20.06
1436277840000 20.12
1436278200000 20.14
1436278740000 20.1
1436278800000 20.09
1436278920000 20.11
1436279760000 20.08
1436279880000 20.12
1436280060000 20.225
1436280180000 20.24
1436280240000 20.21
1436280480000 20.18
1436280660000 20.225
1436280720000 20.15
1436280780000 20.2
1436281020000 20.25
1436281080000 20.22
1436281320000 20.24
