1404705600000 60.63
1404792000000 60.66
1404878400000 59.72
1404964800000 59.45
1405051200000 59.79
1405310400000 60.24
1405396800000 59.79
1405483200000 59.99
1405569600000 59.16
1405656000000 59.79
1405915200000 59.52
1406001600000 59.83
1406088000000 58.3
1406174400000 58.33
1406260800000 58.3
1406520000000 58.2
1406606400000 57.76
1406692800000 57.24
1406779200000 53.585
1406865600000 54.72
1407124800000 54.65
1407211200000 54.21
1407297600000 55.37
1407384000000 54.68
1407470400000 55.55
1407729600000 56.02
1407816000000 56.1
1407902400000 56.66
1407988800000 56.91
1408075200000 56.75
1408334400000 57.25
1408420800000 57.28
1408507200000 57.08
1408593600000 57.26
1408680000000 57.22
1408939200000 58.09
1409025600000 58.45
1409112000000 58.41
1409198400000 58.48
1409284800000 58.9
1409630400000 58.55
1409716800000 58.6
1409803200000 58.42
1409889600000 58.82
1410148800000 58.21
1410235200000 58.09
1410321600000 58.16
1410408000000 58.4
1410494400000 57.72
1410753600000 57.87
1410840000000 58.35
1410926400000 57.32
1411012800000 57.44
1411099200000 56.91
1411358400000 56.69
1411444800000 56.05
1411531200000 56.81
1411617600000 56.21
1411704000000 56.37
1411963200000 56.29
1412049600000 56.4
1412136000000 55.83
1412222400000 55.83
1412308800000 56.3
1412568000000 56.305
1412654400000 55.565
1412740800000 56.6
1412827200000 56.23
1412913600000 55.87
1413172800000 55.4
1413259200000 56.04
1413345600000 54.53
1413432000000 54.39
1413518400000 54.99
1413777600000 55.88
1413864000000 56.44
1413950400000 56.56
1414036800000 56.54
1414123200000 56.83
1414382400000 56.92
1414468800000 57.25
1414555200000 56.91
1414641600000 56.16
1414728000000 56.35
1414990800000 56.79
1415077200000 57.12
1415163600000 57.66
1415250000000 58.27
1415336400000 57.87
1415595600000 57.91
1415682000000 57.88
1415768400000 57.46
1415854800000 57.63
1415941200000 57.42
1416200400000 57.985
1416286800000 58.22
1416373200000 58.37
1416459600000 58.53
1416546000000 59.22
1416805200000 58.97
1416891600000 58.94
1416978000000 59.28
1417150800000 60.17
1417410000000 59.92
1417496400000 60.1
1417582800000 60.19
1417669200000 59.7
1417755600000 60.27
1418014800000 60.33
1418101200000 60.3
1418187600000 59.58
1418274000000 60.06
1418360400000 59.22
1418619600000 58.7
1418706000000 58.83
1418792400000 59.56
1418878800000 63.38
1418965200000 63.51
1419224400000 64.31
1419310800000 64.01
1419397200000 63.9
1419570000000 63.93
1419829200000 63.815
1419915600000 63.53
1420002000000 62.66
1420174800000 62.64
1420434000000 61.85
1420520400000 61.86
1420606800000 63.19
1420693200000 63.99
1420779600000 63.785
1421038800000 63.54
1421125200000 62.99
1421211600000 62.76
1421298000000 65.685
1421384400000 65.76
1421730000000 65.93
1421816400000 66.57
1421902800000 67.24
1421989200000 66.72
1422248400000 66.96
1422334800000 66.835
1422421200000 65.74
1422507600000 66.26
1422594000000 65.34
1422853200000 66.21
1422939600000 66.97
1423026000000 67.075
1423112400000 66.935
1423198800000 66.77
1423458000000 66.04
1423544400000 66.89
1423630800000 65.07
1423717200000 66.17
1423803600000 64.415
1424149200000 64.27
1424235600000 64.745
1424322000000 64.17
1424408400000 64.42
1424667600000 63.97
1424754000000 64.08
1424840400000 63.97
1424926800000 63.775
1425013200000 64.06
1425272400000 63.8
1425358800000 63.78
1425445200000 63.185
1425531600000 63.1
1425618000000 62.02
1425873600000 62.16
1425960000000 61.39
1426046400000 60.97
1426132800000 62.02
1426219200000 61.65
1426478400000 62.045
1426564800000 61.7
1426651200000 61.87
1426737600000 61.3
1426824000000 61.94
1427083200000 62.12
1427169600000 61.325
1427256000000 83.17
1427342400000 84.39
1427428800000 89.1
1427688000000 90.61
1427774400000 87.115
1427860800000 90.7
1427947200000 88.95
1428292800000 88.76
1428379200000 89.34
1428465600000 88.38
1428552000000 89.4
1428638400000 89.27
1428897600000 88.37
1428984000000 87.155
1429070400000 86.86
1429156800000 87.05
1429243200000 86.73
1429502400000 87.63
1429588800000 88.47
1429675200000 88.25
1429761600000 88.38
1429848000000 87.57
1430107200000 85.87
1430193600000 85.88
1430280000000 85.08
1430366400000 84.75
1430452800000 84.675
1430712000000 84.29
1430798400000 84.355
1430884800000 83.99
1430971200000 84.51
1431057600000 86.04
1431316800000 86.2
1431403200000 85.03
1431489600000 84.15
1431576000000 85.97
1431662400000 85.44
1431921600000 85.49
1432008000000 85.07
1432094400000 85.45
1432180800000 85.75
1432267200000 85.0
1432612800000 85.0
1432699200000 84.33
1432785600000 85.14
1432872000000 84.45
1433131200000 84.27
1433217600000 84.33
1433304000000 84.26
1433390400000 83.61
1433476800000 83.37
1433736000000 83.35
1433822400000 84.01
1433908800000 84.34
1433995200000 84.51
1434081600000 84.7
1434340800000 84.76
1434427200000 85.2
1434513600000 85.46
1434600000000 86.83
1434686400000 87.2
1434945600000 87.58
1435032000000 87.7
1435118400000 87.3
1435204800000 87.725
1435291200000 86.98
1435550400000 85.675
1435636800000 85.14
1435723200000 88.3
1435809600000 88.19
