1436261400000 6.22
1436261460000 6.2
1436261520000 6.15
1436261640000 6.12
1436261700000 6.11
1436261760000 6.07
1436261820000 6.07
1436261880000 6.12
1436261940000 6.08
1436262000000 6.09
1436262060000 6.09
1436262120000 6.0934
1436262180000 6.1
1436262240000 6.1
1436262300000 6.1
1436262360000 6.09
1436262420000 6.1
1436262480000 6.1
1436262600000 6.09
1436262660000 6.08
1436262720000 6.1014
1436262780000 6.09
1436262840000 6.09
1436262900000 6.09
1436262960000 6.1
1436263020000 6.1
1436263080000 6.1
1436263200000 6.09
1436263260000 6.1
1436263380000 6.1032
1436263440000 6.093
1436263560000 6.1
1436263620000 6.09
1436263680000 6.09
1436263860000 6.09
1436263980000 6.11
1436264040000 6.1224
1436264100000 6.11
1436264220000 6.1
1436264340000 6.1001
1436264520000 6.1264
1436264580000 6.13
1436264640000 6.12
1436264700000 6.11
1436264820000 6.09
1436264940000 6.08
1436265000000 6.1
1436265060000 6.1
1436265120000 6.1
1436265180000 6.11
1436265240000 6.11
1436265300000 6.09
1436265360000 6.08
1436265420000 6.0748
1436265480000 6.08
1436265540000 6.07
1436265660000 6.06
1436265720000 6.05
1436265780000 6.04
1436265840000 6.04
1436265900000 6.03
1436265960000 6.03
1436266020000 6.05
1436266080000 6.06
1436266140000 6.07
1436266320000 6.08
1436266380000 6.08
1436266440000 6.102
1436266500000 6.12
1436266620000 6.099
1436266680000 6.1
1436266740000 6.1
1436266800000 6.08
1436266980000 6.0698
1436267100000 6.06
1436267160000 6.0799
1436267220000 6.0799
1436267340000 6.0799
1436267400000 6.09
1436267520000 6.1
1436267580000 6.12
1436267640000 6.12
1436267700000 6.12
1436267760000 6.12
1436267820000 6.13
1436267880000 6.13
1436267940000 6.1388
1436268000000 6.1301
1436268060000 6.13
1436268120000 6.13
1436268240000 6.12
1436268300000 6.11
1436268360000 6.11
1436268480000 6.12
1436268540000 6.1
1436268600000 6.1
1436268660000 6.11
1436268720000 6.1
1436268780000 6.09
1436268840000 6.08
1436268900000 6.07
1436268960000 6.07
1436269020000 6.07
1436269320000 6.1
1436269380000 6.11
1436269500000 6.14
1436269560000 6.139
1436269620000 6.1399
1436269740000 6.14
1436269800000 6.15
1436269860000 6.1462
1436269920000 6.16
1436269980000 6.16
1436270040000 6.16
1436270160000 6.17
1436270220000 6.2
1436270280000 6.22
1436270340000 6.2
1436270400000 6.19
1436270460000 6.19
1436270520000 6.18
1436270640000 6.18
1436270700000 6.18
1436271120000 6.18
1436271180000 6.17
1436271240000 6.16
1436271300000 6.16
1436271360000 6.16
1436271420000 6.17
1436271480000 6.18
1436271540000 6.17
1436271900000 6.164
1436271960000 6.17
1436272140000 6.18
1436272260000 6.18
1436272380000 6.18
1436272560000 6.199
1436272620000 6.2
1436272680000 6.21
1436272740000 6.219
1436272860000 6.22
1436272920000 6.22
1436272980000 6.23
1436273040000 6.23
1436273160000 6.23
1436273220000 6.23
1436273280000 6.2399
1436273340000 6.24
1436273460000 6.25
1436273640000 6.26
1436273700000 6.26
1436273760000 6.26
1436273820000 6.25
1436273880000 6.25
1436274000000 6.27
1436274060000 6.28
1436274120000 6.27
1436274180000 6.26
1436274240000 6.27
1436274300000 6.26
1436274360000 6.25
1436274420000 6.24
1436274480000 6.23
1436274660000 6.24
1436274720000 6.27
1436274900000 6.3
1436274960000 6.2701
1436275020000 6.25
1436275080000 6.23
1436275200000 6.24
1436275320000 6.24
1436275440000 6.23
1436275500000 6.23
1436275560000 6.23
1436275620000 6.228
1436275680000 6.2101
1436275740000 6.21
1436275800000 6.23
1436275860000 6.23
1436275920000 6.23
1436275980000 6.22
1436276040000 6.21
1436276400000 6.2313
1436276640000 6.24
1436276700000 6.24
1436276820000 6.23
1436276880000 6.22
1436277000000 6.22
1436277060000 6.21
1436277120000 6.2
1436277240000 6.19
1436277300000 6.1833
1436277360000 6.18
1436277420000 6.1801
1436277540000 6.18
1436277600000 6.17
1436277660000 6.1754
1436277780000 6.17
1436277840000 6.18
1436277900000 6.1701
1436277960000 6.18
1436278020000 6.16
1436278140000 6.1699
1436278440000 6.17
1436278560000 6.18
1436278620000 6.18
1436278680000 6.17
1436278740000 6.17
1436278800000 6.16
1436278860000 6.15
1436278920000 6.14
1436279040000 6.14
1436279280000 6.16
1436279340000 6.17
1436279400000 6.16
1436279520000 6.15
1436279580000 6.15
1436279640000 6.15
1436279760000 6.16
1436279820000 6.16
1436279880000 6.17
1436279940000 6.17
1436280000000 6.17
1436280060000 6.19
1436280180000 6.21
1436280420000 6.22
1436280600000 6.23
1436280660000 6.22
1436280720000 6.22
1436280780000 6.2199
1436280840000 6.2143
1436280900000 6.22
1436281020000 6.22
1436281080000 6.23
1436281140000 6.23
1436281200000 6.22
1436281260000 6.22
1436281320000 6.19
1436281380000 6.16
1436281440000 6.16
1436281500000 6.16
1436281560000 6.14
