1436261400000 24.26
1436261700000 23.88
1436262060000 24.28
1436262180000 24.28
1436262300000 24.24
1436262600000 24.114
1436262660000 24.18
1436262780000 24.37
1436262900000 24.27
1436263740000 24.09
1436263800000 24.19
1436263860000 24.185
1436263980000 24.18
1436264100000 24.1
1436264220000 24.06
1436264580000 24.06
1436264700000 24.02
1436265300000 24.06
1436265360000 23.97
1436265480000 23.945
1436265540000 23.97
1436265660000 23.96
1436265720000 23.9
1436265780000 23.63
1436265840000 23.63
1436265960000 23.69
1436266140000 23.665
1436266200000 23.62
1436266260000 23.63
1436266440000 23.67
1436266620000 23.8
1436266800000 23.69
1436266860000 23.77
1436267040000 23.77
1436267160000 23.79
1436267220000 23.72
1436267400000 23.73
1436267460000 23.77
1436267520000 23.79
1436267580000 23.87
1436267640000 23.77
1436268060000 23.69
1436268480000 23.59
1436268540000 23.59
1436268720000 23.57
1436268780000 23.52
1436268840000 23.48
1436268900000 23.4799
1436269020000 23.41
1436269080000 23.42
1436269140000 23.47
1436269320000 23.62
1436269440000 23.66
1436269620000 23.72
1436269680000 23.67
1436269920000 23.76
1436269980000 23.67
1436270160000 23.77
1436270340000 23.92
1436270520000 23.81
1436270580000 23.88
1436270640000 23.82
1436270700000 23.75
1436270760000 23.73
1436271120000 23.6
1436271240000 23.62
1436271300000 23.62
1436271360000 23.76
1436271420000 23.66
1436271480000 23.76
1436271780000 23.82
1436271900000 23.79
1436272140000 23.77
1436272200000 23.74
1436272500000 23.82
1436272680000 23.87
1436272740000 23.87
1436272920000 23.8575
1436273040000 23.87
1436273100000 23.87
1436273340000 23.92
1436273580000 23.87
1436273760000 23.91
1436273820000 23.91
1436274120000 23.92
1436274300000 23.88
1436274360000 23.83
1436274420000 23.87
1436274540000 23.77
1436274600000 23.76
1436274660000 23.77
1436274780000 23.84
1436275200000 23.85
1436275440000 23.81
1436275860000 23.775
1436275980000 23.875
1436276040000 23.88
1436276100000 23.88
1436276160000 23.87
1436276460000 23.97
1436276520000 23.97
1436276640000 23.98
1436276820000 23.94
1436277060000 23.8
1436277120000 23.82
1436277360000 23.86
1436277420000 23.9
1436277540000 23.86
1436277720000 23.94
1436277780000 23.94
1436277900000 23.93
1436277960000 24.0
1436278020000 24.02
1436278200000 23.99
1436278440000 24.0
1436278500000 23.99
1436278620000 23.98
1436278680000 23.91
1436278860000 23.79
1436278920000 23.74
1436278980000 23.805
1436279100000 23.87
1436279280000 23.86
1436279340000 23.86
1436279640000 23.86
1436279760000 23.86
1436279820000 23.99
1436280060000 23.97
1436280180000 23.96
1436280360000 24.05
1436280420000 24.05
1436280480000 24.06
1436280600000 23.99
1436280720000 23.89
1436280840000 23.82
1436280960000 23.89
1436281080000 23.94
1436281140000 23.99
1436281200000 23.98
1436281500000 24.02
