1436261400000 0.96
1436261520000 0.89
1436261640000 0.87
1436261700000 0.85
1436261760000 0.86
1436262180000 0.8599
1436262720000 0.8302
1436262840000 0.85
1436263320000 0.8442
1436263380000 0.8498
1436263440000 0.8499
1436263560000 0.84
1436263920000 0.8302
1436264040000 0.8311
1436264280000 0.83
1436264340000 0.8301
1436264400000 0.8301
1436264460000 0.83
1436264580000 0.8
1436264640000 0.7499
1436264700000 0.75
1436264760000 0.7304
1436264940000 0.747
1436265000000 0.7205
1436265060000 0.7499
1436265120000 0.7309
1436265180000 0.74
1436265240000 0.7301
1436265360000 0.7499
1436265420000 0.7401
1436265480000 0.7416
1436265540000 0.7551
1436265660000 0.7332
1436265780000 0.7445
1436265900000 0.735
1436266380000 0.75
1436266680000 0.7503
1436266800000 0.7425
1436267040000 0.7517
1436267100000 0.7517
1436267160000 0.751
1436267340000 0.7487
1436267820000 0.758
1436267880000 0.758
1436267940000 0.7502
1436268000000 0.7461
1436268060000 0.75
1436268120000 0.75
1436268180000 0.7477
1436268240000 0.7477
1436268300000 0.7456
1436268600000 0.7512
1436269080000 0.7703
1436269200000 0.7703
1436269320000 0.7663
1436269560000 0.7603
1436269740000 0.765
1436269800000 0.765
1436270040000 0.764
1436270100000 0.764
1436270160000 0.763
1436270220000 0.7604
1436270280000 0.7607
1436270460000 0.7682
1436270520000 0.7703
1436270640000 0.7645
1436270760000 0.7704
1436270820000 0.7704
1436270940000 0.7754
1436271000000 0.79
1436271060000 0.79
1436271120000 0.7914
1436271240000 0.79
1436271300000 0.79
1436271360000 0.79
1436271480000 0.79
1436271540000 0.79
1436271600000 0.79
1436271660000 0.79
1436272020000 0.79
1436272320000 0.7901
1436272380000 0.79
1436272440000 0.7901
1436272500000 0.79
1436272560000 0.79
1436272740000 0.7901
1436272980000 0.7901
1436273100000 0.7901
1436273880000 0.7901
1436274240000 0.7901
1436274300000 0.7901
1436274360000 0.7901
1436274420000 0.7999
1436274540000 0.795
1436274600000 0.795
1436274780000 0.785
1436274840000 0.7801
1436274960000 0.78
1436275020000 0.78
1436275140000 0.775
1436275560000 0.77
1436275620000 0.7605
1436275680000 0.77
1436275740000 0.75
1436275860000 0.75
1436275920000 0.75
1436276220000 0.765
1436276280000 0.7501
1436276340000 0.7501
1436276400000 0.7701
1436276460000 0.77
1436277600000 0.77
1436277660000 0.7699
1436277960000 0.77
1436278020000 0.75
1436278140000 0.75
1436278320000 0.75
1436278380000 0.7501
1436278440000 0.755
1436278500000 0.755
1436278560000 0.755
1436279460000 0.7601
1436279640000 0.76
1436279700000 0.745
1436279760000 0.745
1436280180000 0.7451
1436280900000 0.7451
1436280960000 0.7451
1436281020000 0.7451
1436281080000 0.759
1436281140000 0.7599
1436281200000 0.76
1436281500000 0.76
