1436261400000 35.79
1436261460000 35.54
1436261520000 35.14
1436261580000 35.08
1436261640000 35.28
1436261700000 34.91
1436261760000 34.85
1436261820000 34.86
1436261940000 34.86
1436262000000 34.835
1436262060000 34.83
1436262120000 34.81
1436262180000 34.79
1436262240000 34.68
1436262300000 34.82
1436262420000 34.7999
1436262540000 34.679
1436262600000 34.58
1436262660000 34.52
1436262720000 34.5
1436262780000 34.55
1436262840000 34.54
1436262900000 34.4145
1436262960000 34.4219
1436263020000 34.4
1436263080000 34.4
1436263200000 34.31
1436263260000 34.23
1436263320000 34.2
1436263440000 34.18
1436263500000 34.14
1436263560000 34.09
1436263620000 34.0
1436263680000 34.0
1436263740000 33.9
1436263800000 33.8825
1436263860000 33.928
1436263920000 33.82
1436263980000 33.84
1436264040000 33.855
1436264160000 33.753
1436264220000 33.82
1436264280000 33.82
1436264400000 33.78
1436264460000 33.6243
1436264580000 33.6
1436264700000 33.57
1436264820000 33.2
1436264880000 33.083
1436264940000 33.0944
1436265000000 33.021
1436265060000 33.0201
1436265120000 33.1
1436265240000 33.38
1436265300000 33.08
1436265420000 33.16
1436265840000 33.16
1436265900000 33.33
1436265960000 33.1625
1436266020000 33.56
1436266320000 33.69
1436266380000 33.69
1436266440000 33.6919
1436266560000 33.69
1436266620000 33.69
1436266680000 33.65
1436266740000 33.61
1436266800000 33.6
1436266860000 33.56
1436266920000 33.565
1436266980000 33.545
1436267040000 33.55
1436267100000 33.4001
1436267340000 33.56
1436267460000 33.6
1436267520000 33.698
1436267580000 33.5101
1436267640000 33.65
1436267760000 33.7
1436267880000 33.7866
1436267940000 33.8
1436268000000 33.8
1436268120000 33.9227
1436268180000 33.9
1436268300000 33.935
1436268360000 33.9399
1436268420000 33.93
1436268600000 33.9999
1436268660000 33.95
1436268840000 33.9
1436269080000 33.95
1436269140000 33.95
1436269200000 33.95
1436269260000 33.945
1436269320000 34.03
1436269380000 34.15
1436269440000 34.26
1436269560000 34.075
1436269620000 34.358
1436269680000 34.16
1436269740000 34.1532
1436269800000 34.16
1436269860000 34.2
1436269920000 34.26
1436269980000 34.26
1436270100000 34.4
1436270160000 34.38
1436270220000 34.499
1436270280000 34.5699
1436270400000 34.462
1436270460000 34.4
1436270520000 34.5
1436270580000 34.5999
1436270640000 34.6
1436270820000 34.65
1436271120000 34.6
1436271180000 34.55
1436271420000 34.59
1436271720000 34.59
1436271780000 34.63
1436271840000 34.621
1436271960000 34.69
1436272020000 34.632
1436272080000 34.7
1436272140000 34.62
1436272200000 34.68
1436272260000 34.66
1436272380000 34.73
1436272500000 34.7
1436272680000 34.74
1436272740000 34.7
1436272800000 34.7462
1436272860000 34.74
1436272920000 34.72
1436272980000 34.73
1436273040000 34.72
1436273100000 34.7212
1436273160000 34.71
1436273220000 34.7225
1436273280000 34.73
1436273340000 34.75
1436273400000 34.75
1436273580000 34.61
1436273640000 34.73
1436273700000 34.74
1436273760000 34.7846
1436273880000 34.7702
1436273940000 34.81
1436274000000 34.7973
1436274120000 34.76
1436274180000 34.68
1436274240000 34.77
1436274480000 34.7131
1436274540000 34.73
1436274720000 34.74
1436274840000 34.85
1436274960000 34.74
1436275140000 34.82
1436275260000 34.8
1436275320000 34.7501
1436275440000 34.752
1436275500000 34.79
1436275620000 34.7686
1436275740000 34.79
1436275800000 34.96
1436275860000 34.82
1436276100000 34.82
1436276340000 34.9
1436276580000 34.99
1436276760000 34.92
1436276820000 35.02
1436276940000 34.99
1436277000000 35.004
1436277060000 34.95
1436277180000 35.0228
1436277240000 35.0
1436277360000 35.01
1436277840000 34.99
1436277900000 34.9399
1436278140000 34.86
1436278740000 34.8
1436278800000 34.8
1436279040000 34.685
1436279400000 34.705
1436279700000 34.7001
1436279760000 34.705
1436279820000 34.7222
1436279940000 34.79
1436280000000 34.755
1436280240000 35.0
1436280840000 34.99
1436281020000 35.08
1436281260000 35.22
1436281380000 35.08
