1436261400000 74.84
1436261460000 74.84
1436261520000 74.91
1436261580000 74.84
1436261640000 74.89
1436261700000 74.87
1436261760000 74.88
1436261820000 74.9
1436261880000 74.91
1436261940000 74.95
1436262000000 74.9174
1436262060000 74.96
1436262120000 75.0
1436262300000 74.91
1436262360000 74.93
1436262540000 74.9
1436262600000 74.9
1436262660000 74.91
1436262720000 74.92
1436262780000 74.95
1436262840000 74.92
1436262900000 74.91
1436263020000 74.91
1436263080000 74.9
1436263200000 74.87
1436263260000 74.88
1436263320000 74.93
1436263500000 74.94
1436263560000 74.93
1436263620000 74.93
1436263680000 74.91
1436263740000 74.89
1436263800000 74.89
1436263860000 74.912
1436263920000 74.91
1436263980000 74.89
1436264040000 74.89
1436264100000 74.87
1436264160000 74.86
1436264220000 74.85
1436264340000 74.9
1436264400000 74.87
1436264460000 74.89
1436264520000 74.91
1436264580000 74.94
1436264640000 74.91
1436264700000 74.91
1436264760000 74.9101
1436264820000 74.92
1436264880000 74.94
1436264940000 74.93
1436265000000 74.92
1436265060000 74.925
1436265180000 74.92
1436265240000 74.91
1436265300000 74.87
1436265360000 74.87
1436265420000 74.88
1436265540000 74.87
1436265600000 74.89
1436265660000 74.86
1436265720000 74.865
1436265780000 74.87
1436265840000 74.79
1436265900000 74.85
1436265960000 74.89
1436266020000 74.915
1436266080000 74.94
1436266140000 74.93
1436266200000 74.92
1436266260000 74.9
1436266320000 74.92
1436266380000 74.94
1436266440000 74.94
1436266500000 74.92
1436266560000 74.915
1436266620000 74.92
1436266680000 74.95
1436266740000 74.94
1436266800000 74.9
1436266920000 74.88
1436266980000 74.9
1436267040000 74.9
1436267100000 74.87
1436267160000 74.87
1436267220000 74.88
1436267280000 74.89
1436267340000 74.86
1436267400000 74.86
1436267460000 74.84
1436267520000 74.85
1436267580000 74.83
1436267640000 74.83
1436267700000 74.82
1436267760000 74.84
1436267820000 74.84
1436267880000 74.84
1436267940000 74.83
1436268000000 74.82
1436268060000 74.82
1436268120000 74.83
1436268180000 74.81
1436268240000 74.81
1436268360000 74.8
1436268420000 74.83
1436268480000 74.83
1436268540000 74.81
1436268600000 74.83
1436268660000 74.8
1436268720000 74.82
1436268780000 74.8
1436268840000 74.75
1436268960000 74.73
1436269020000 74.63
1436269080000 74.64
1436269140000 74.73
1436269200000 74.75
1436269260000 74.76
1436269320000 74.75
1436269380000 74.82
1436269440000 74.8
1436269500000 74.81
1436269560000 74.81
1436269620000 74.81
1436269680000 74.81
1436269740000 74.83
1436269800000 74.85
1436269860000 74.85
1436269920000 74.84
1436269980000 74.84
1436270040000 74.86
1436270100000 74.845
1436270160000 74.87
1436270220000 74.9
1436270280000 74.93
1436270340000 74.9
1436270400000 74.91
1436270460000 74.89
1436270520000 74.8866
1436270580000 74.9
1436270640000 74.92
1436270820000 74.91
1436270880000 74.91
1436270940000 74.91
1436271000000 74.91
1436271060000 74.91
1436271120000 74.92
1436271240000 74.91
1436271300000 74.92
1436271360000 74.92
1436271420000 74.91
1436271480000 74.915
1436271540000 74.92
1436271660000 74.9101
1436271720000 74.91
1436271780000 74.92
1436271840000 74.92
1436271900000 74.925
1436271960000 74.91
1436272020000 74.93
1436272080000 74.92
1436272140000 74.87
1436272200000 74.86
1436272260000 74.85
1436272320000 74.82
1436272380000 74.82
1436272440000 74.83
1436272500000 74.83
1436272560000 74.82
1436272620000 74.87
1436272680000 74.855
1436272740000 74.89
1436272800000 74.91
1436272860000 74.89
1436272920000 74.9
1436272980000 74.91
1436273040000 74.93
1436273100000 74.91
1436273160000 74.935
1436273220000 74.93
1436273280000 74.93
1436273340000 74.91
1436273400000 74.94
1436273460000 74.93
1436273520000 74.9217
1436273580000 74.92
1436273640000 74.92
1436273700000 74.935
1436273760000 74.91
1436273820000 74.87
1436273880000 74.87
1436273940000 74.84
1436274000000 74.87
1436274060000 74.9
1436274120000 74.9
1436274240000 74.905
1436274300000 74.89
1436274360000 74.89
1436274420000 74.875
1436274480000 74.875
1436274540000 74.89
1436274660000 74.9
1436274720000 74.93
1436274780000 74.9
1436274840000 74.915
1436274900000 74.93
1436274960000 74.9
1436275020000 74.9
1436275080000 74.92
1436275140000 74.93
1436275200000 74.92
1436275260000 74.91
1436275320000 74.92
1436275380000 74.92
1436275440000 74.92
1436275500000 74.93
1436275560000 74.93
1436275620000 74.91
1436275740000 74.9
1436275800000 74.92
1436275860000 74.9
1436275920000 74.9
1436275980000 74.9
1436276040000 74.89
1436276100000 74.9
1436276160000 74.9
1436276280000 74.901
1436276400000 74.89
1436276520000 74.9
1436276640000 74.91
1436276760000 74.93
1436276880000 74.93
1436277000000 74.93
1436277120000 74.92
1436277180000 74.92
1436277240000 74.93
1436277300000 74.935
1436277360000 74.94
1436277420000 74.92
1436277480000 74.91
1436277540000 74.91
1436277600000 74.91
1436277660000 74.89
1436277720000 74.88
1436277840000 74.86
1436277900000 74.86
1436277960000 74.86
1436278020000 74.83
1436278080000 74.86
1436278140000 74.84
1436278200000 74.84
1436278260000 74.84
1436278320000 74.84
1436278380000 74.82
1436278440000 74.825
1436278500000 74.8
1436278560000 74.8
1436278680000 74.78
1436278740000 74.79
1436278800000 74.78
1436278860000 74.78
1436278920000 74.78
1436279040000 74.78
1436279100000 74.78
1436279160000 74.805
1436279340000 74.78
1436279400000 74.8
1436279460000 74.79
1436279520000 74.81
1436279580000 74.79
1436279640000 74.81
1436279700000 74.8
1436279760000 74.8
1436279820000 74.8
1436279880000 74.8
1436279940000 74.815
1436280000000 74.82
1436280060000 74.82
1436280120000 74.82
1436280180000 74.83
1436280240000 74.85
1436280300000 74.89
1436280360000 74.9
1436280420000 74.93
1436280480000 74.92
1436280540000 74.92
1436280600000 74.94
1436280660000 74.93
1436280720000 74.92
1436280780000 74.915
1436280840000 74.92
1436280900000 74.93
1436280960000 74.9208
1436281020000 74.94
1436281080000 74.935
1436281140000 74.93
1436281200000 74.93
1436281260000 74.915
1436281320000 74.93
1436281440000 74.91
1436281500000 74.91
1436281560000 74.91
