1436261400000 64.04
1436261520000 64.1
1436262780000 63.98
1436262960000 63.79
1436263200000 63.45
1436263260000 63.48
1436263620000 63.39
1436263800000 63.47
1436263860000 63.42
1436263980000 63.44
1436264100000 63.55
1436265000000 63.34
1436265420000 63.23
1436265720000 63.16
1436266020000 63.2
1436266380000 63.66
1436266440000 63.65
1436266500000 63.66
1436266560000 63.46
1436266800000 63.38
1436266920000 63.385
1436266980000 63.51
1436267040000 63.59
1436267100000 63.64
1436267160000 63.64
1436267220000 63.61
1436267280000 63.64
1436267340000 63.74
1436267460000 63.8
1436267520000 63.84
1436267580000 63.89
1436267940000 64.19
1436268000000 63.87
1436268060000 64.02
1436268540000 63.855
1436268900000 63.69
1436268960000 63.6
1436269020000 63.39
1436269860000 63.69
1436270160000 63.88
1436270220000 63.89
1436270280000 63.94
1436270760000 64.32
1436271420000 64.04
1436271480000 64.04
1436271540000 64.17
1436271600000 64.4
1436271660000 64.25
1436271720000 64.14
1436271780000 64.11
1436271840000 63.9
1436271900000 64.15
1436271960000 64.14
1436272020000 64.38
1436272080000 64.03
1436272140000 63.905
1436272740000 64.11
1436272860000 64.14
1436273040000 63.94
1436273340000 64.18
1436273580000 64.37
1436273880000 64.29
1436274300000 64.18
1436274480000 64.08
1436274600000 63.93
1436274660000 63.76
1436274720000 63.85
1436274780000 63.93
1436274840000 63.95
1436274960000 64.07
1436275020000 64.13
1436275080000 64.14
1436275140000 64.19
1436275200000 64.34
1436275260000 64.25
1436275320000 64.35
1436275980000 64.35
1436276880000 64.47
1436277060000 64.37
1436277960000 64.11
1436278740000 64.1
1436278800000 64.06
1436279520000 63.95
1436279580000 64.18
1436279700000 64.25
1436279880000 64.5
1436280120000 64.52
1436280180000 64.5
1436280540000 64.44
1436280600000 64.43
1436281080000 64.525
1436281380000 64.6
1436281560000 64.76
