1436261400000 10.6
1436262000000 10.5699
1436262420000 10.54
1436262540000 10.521
1436262840000 10.5418
1436263200000 10.54
1436263320000 10.547
1436263500000 10.589
1436265960000 10.58
1436266680000 10.59
1436267040000 10.5631
1436267340000 10.55
1436267580000 10.55
1436267640000 10.52
1436267700000 10.5
1436268060000 10.52
1436269140000 10.49
1436271420000 10.49
1436273100000 10.4942
1436275020000 10.5106
1436275380000 10.569
1436275560000 10.57
1436278440000 10.5749
1436278740000 10.58
1436278800000 10.5789
1436279520000 10.48
1436280600000 10.59
1436280660000 10.59
1436281020000 10.59
1436281080000 10.59
1436281200000 10.5601
1436281260000 10.59
1436281320000 10.59
