1436261400000 23.495
1436261700000 23.67
1436262180000 23.245
1436262480000 23.19
1436263020000 23.1
1436263740000 23.25
1436264040000 23.175
1436264640000 23.24
1436264700000 23.275
1436264760000 23.34
1436264820000 23.48
1436264880000 23.64
1436265240000 23.56
1436265420000 23.41
1436265660000 23.37
1436265720000 23.41
1436266020000 23.42
1436266500000 23.37
1436267040000 23.43
1436268000000 23.44
1436268060000 23.435
1436268120000 23.425
1436268180000 23.46
1436269440000 23.5
1436270700000 23.52
1436271000000 23.53
1436271060000 23.64
1436271120000 23.55
1436271360000 23.6
1436272800000 23.52
1436273400000 23.51
1436273640000 23.52
1436273940000 23.47
1436274540000 23.37
1436276280000 23.37
1436277480000 23.52
1436277780000 23.49
1436277960000 23.49
1436278020000 23.49
1436278560000 23.435
1436278800000 23.425
1436279220000 23.5
1436279280000 23.4584
1436279460000 23.505
1436279520000 23.48
1436279940000 23.43
1436280420000 23.495
1436281080000 23.455
1436281140000 23.54
1436281560000 23.6
