1404705600000 46.0
1404792000000 44.2601
1405051200000 45.92
1405310400000 46.91
1406520000000 44.6999
1406606400000 44.164
1406692800000 44.56
1406779200000 43.134
1406865600000 44.0
1407124800000 45.4
1407211200000 44.5
1407297600000 43.4
1407384000000 45.62
1407470400000 46.07
1407729600000 44.51
1407816000000 45.15
1408075200000 46.0
1409025600000 44.59
1409198400000 44.84
1409889600000 43.22
1410408000000 43.76
1411531200000 43.4
1411617600000 42.92
1412049600000 42.66
1412654400000 42.66
1412740800000 43.6743
1412913600000 42.53
1413259200000 41.83
1413345600000 40.13
1415595600000 45.89
1415682000000 46.58
1415768400000 46.83
1416373200000 47.0
1416978000000 49.62
1417150800000 53.0
1417410000000 51.85
1418274000000 49.46
1418792400000 48.85
1418878800000 49.101
1419224400000 50.65
1419310800000 50.95
1419570000000 50.84
1419915600000 49.79
1420002000000 50.73
1420520400000 47.88
1420606800000 48.09
1420693200000 48.08
1420779600000 47.62
1421211600000 47.92
1421298000000 47.3
1421902800000 45.42
1422248400000 46.98
1422334800000 47.19
1422421200000 47.03
1422507600000 47.12
1422594000000 46.52
1422853200000 47.5
1422939600000 48.34
1423026000000 49.3
1423112400000 49.38
1423544400000 48.8
1423630800000 48.95
1423717200000 49.76
1424235600000 52.33
1424322000000 50.845
1424408400000 52.79
1424754000000 53.48
1425531600000 54.85
1425618000000 54.38
1426478400000 52.5
1426564800000 52.53
1426737600000 53.62
1426824000000 50.4
1427083200000 52.78
1428292800000 52.5
1428638400000 52.5
1428897600000 52.4
1429243200000 50.66
1429675200000 50.7501
1429761600000 50.72
1431057600000 51.0
1431403200000 50.25
1432180800000 56.0
1433304000000 56.0
1433390400000 54.97
1433736000000 55.9
1433822400000 54.38
1435118400000 56.8
1435204800000 56.79
1435291200000 56.81
1435723200000 55.33
