1436261400000 47.59
1436261460000 47.37
1436261520000 47.57
1436261580000 47.55
1436261640000 47.56
1436261700000 47.5
1436261760000 47.45
1436261820000 47.46
1436261880000 47.46
1436261940000 47.53
1436262000000 47.42
1436262060000 47.45
1436262120000 47.4
1436262180000 47.42
1436262240000 47.4
1436262300000 47.42
1436262360000 47.39
1436262420000 47.36
1436262480000 47.31
1436262540000 47.27
1436262600000 47.29
1436262660000 47.28
1436262720000 47.29
1436262780000 47.34
1436262840000 47.31
1436262900000 47.3
1436262960000 47.3
1436263020000 47.34
1436263080000 47.34
1436263140000 47.355
1436263200000 47.29
1436263260000 47.17
1436263320000 47.2
1436263380000 47.19
1436263440000 47.18
1436263500000 47.19
1436263560000 47.18
1436263620000 47.1925
1436263680000 47.16
1436263740000 47.13
1436263800000 47.17
1436263860000 47.21
1436263920000 47.23
1436263980000 47.25
1436264040000 47.24
1436264100000 47.18
1436264160000 47.11
1436264220000 47.07
1436264280000 47.09
1436264340000 47.09
1436264400000 47.05
1436264460000 46.97
1436264520000 46.98
1436264580000 46.95
1436264640000 46.97
1436264700000 46.96
1436264760000 46.875
1436264820000 46.85
1436264880000 46.79
1436264940000 46.77
1436265000000 46.82
1436265060000 46.78
1436265120000 46.78
1436265180000 46.79
1436265240000 46.71
1436265300000 46.69
1436265360000 46.64
1436265420000 46.58
1436265480000 46.59
1436265540000 46.6
1436265600000 46.55
1436265660000 46.52
1436265720000 46.47
1436265780000 46.45
1436265840000 46.4425
1436265900000 46.45
1436265960000 46.45
1436266020000 46.38
1436266080000 46.37
1436266140000 46.31
1436266200000 46.3
1436266260000 46.315
1436266320000 46.305
1436266380000 46.36
1436266440000 46.3294
1436266500000 46.35
1436266560000 46.25
1436266620000 46.28
1436266680000 46.27
1436266740000 46.235
1436266800000 46.26
1436266860000 46.24
1436266920000 46.24
1436266980000 46.24
1436267040000 46.16
1436267100000 46.13
1436267160000 46.13
1436267220000 46.13
1436267280000 46.115
1436267340000 46.12
1436267400000 46.19
1436267460000 46.19
1436267520000 46.22
1436267580000 46.26
1436267640000 46.255
1436267700000 46.28
1436267760000 46.235
1436267820000 46.1899
1436267880000 46.12
1436267940000 46.1225
1436268000000 46.155
1436268060000 46.14
1436268120000 46.12
1436268180000 46.18
1436268240000 46.27
1436268300000 46.31
1436268360000 46.31
1436268420000 46.32
1436268480000 46.33
1436268540000 46.31
1436268600000 46.25
1436268660000 46.2
1436268720000 46.19
1436268780000 46.155
1436268840000 46.13
1436268900000 46.13
1436268960000 46.13
1436269020000 46.16
1436269080000 46.19
1436269140000 46.23
1436269200000 46.325
1436269260000 46.37
1436269320000 46.44
1436269380000 46.465
1436269440000 46.465
1436269500000 46.485
1436269560000 46.49
1436269620000 46.49
1436269680000 46.57
1436269740000 46.53
1436269800000 46.47
1436269860000 46.47
1436269920000 46.43
1436269980000 46.38
1436270040000 46.431
1436270100000 46.44
1436270160000 46.42
1436270220000 46.45
1436270280000 46.41
1436270340000 46.425
1436270400000 46.37
1436270460000 46.37
1436270520000 46.39
1436270580000 46.39
1436270640000 46.41
1436270700000 46.39
1436270760000 46.3894
1436270820000 46.36
1436270880000 46.34
1436270940000 46.315
1436271000000 46.29
1436271060000 46.28
1436271120000 46.24
1436271180000 46.245
1436271240000 46.21
1436271300000 46.2
1436271360000 46.25
1436271420000 46.235
1436271480000 46.26
1436271540000 46.27
1436271600000 46.26
1436271660000 46.25
1436271720000 46.22
1436271780000 46.185
1436271840000 46.19
1436271900000 46.16
1436271960000 46.17
1436272020000 46.15
1436272080000 46.15
1436272140000 46.08
1436272200000 46.08
1436272260000 46.089
1436272320000 46.135
1436272380000 46.17
1436272440000 46.245
1436272500000 46.26
1436272560000 46.24
1436272620000 46.26
1436272680000 46.3
1436272740000 46.325
1436272800000 46.35
1436272860000 46.36
1436272920000 46.36
1436272980000 46.35
1436273040000 46.3
1436273100000 46.32
1436273160000 46.37
1436273220000 46.37
1436273280000 46.36
1436273340000 46.355
1436273400000 46.341
1436273460000 46.34
1436273520000 46.33
1436273580000 46.33
1436273640000 46.32
1436273700000 46.375
1436273760000 46.38
1436273820000 46.4
1436273880000 46.4
1436273940000 46.38
1436274000000 46.37
1436274060000 46.38
1436274120000 46.375
1436274180000 46.36
1436274240000 46.405
1436274300000 46.405
1436274360000 46.42
1436274420000 46.4
1436274480000 46.4
1436274540000 46.4
1436274600000 46.4
1436274660000 46.415
1436274720000 46.44
1436274780000 46.49
1436274840000 46.47
1436274900000 46.48
1436274960000 46.505
1436275020000 46.47
1436275080000 46.44
1436275140000 46.4275
1436275200000 46.455
1436275260000 46.45
1436275320000 46.425
1436275380000 46.44
1436275440000 46.45
1436275500000 46.46
1436275560000 46.47
1436275620000 46.43
1436275680000 46.44
1436275740000 46.45
1436275800000 46.49
1436275860000 46.5
1436275920000 46.455
1436275980000 46.45
1436276040000 46.41
1436276100000 46.4
1436276160000 46.4099
1436276220000 46.4
1436276280000 46.41
1436276340000 46.41
1436276400000 46.4
1436276460000 46.4
1436276520000 46.4094
1436276580000 46.41
1436276640000 46.42
1436276700000 46.46
1436276760000 46.49
1436276820000 46.495
1436276880000 46.49
1436276940000 46.48
1436277000000 46.41
1436277060000 46.38
1436277120000 46.39
1436277180000 46.41
1436277240000 46.4399
1436277300000 46.45
1436277360000 46.425
1436277420000 46.45
1436277480000 46.45
1436277540000 46.47
1436277600000 46.45
1436277660000 46.465
1436277720000 46.46
1436277780000 46.45
1436277840000 46.5
1436277900000 46.515
1436277960000 46.53
1436278020000 46.55
1436278080000 46.56
1436278140000 46.59
1436278200000 46.6
1436278260000 46.56
1436278320000 46.5894
1436278380000 46.58
1436278440000 46.575
1436278500000 46.59
1436278560000 46.58
1436278620000 46.565
1436278680000 46.54
1436278740000 46.54
1436278800000 46.505
1436278860000 46.51
1436278920000 46.48
1436278980000 46.47
1436279040000 46.5
1436279100000 46.53
1436279160000 46.56
1436279220000 46.57
1436279280000 46.57
1436279340000 46.54
1436279400000 46.535
1436279460000 46.54
1436279520000 46.54
1436279580000 46.56
1436279640000 46.5601
1436279700000 46.57
1436279760000 46.58
1436279820000 46.5899
1436279880000 46.59
1436279940000 46.63
1436280000000 46.65
1436280060000 46.75
1436280120000 46.8025
1436280180000 46.84
1436280240000 46.93
1436280300000 46.94
1436280360000 46.94
1436280420000 46.99
1436280480000 46.98
1436280540000 46.995
1436280600000 46.99
1436280660000 47.01
1436280720000 47.04
1436280780000 47.045
1436280840000 47.07
1436280900000 47.08
1436280960000 47.11
1436281020000 47.13
1436281080000 47.121
1436281140000 47.17
1436281200000 47.15
1436281260000 47.14
1436281320000 47.09
1436281380000 47.07
1436281440000 47.05
1436281500000 47.065
1436281560000 47.02
