1436261400000 24.5
1436261520000 24.6
1436261640000 24.46
1436261700000 24.38
1436261760000 24.24
1436261820000 24.17
1436261880000 24.18
1436261940000 24.1306
1436262000000 24.12
1436262060000 24.21
1436262120000 24.23
1436262180000 24.28
1436262240000 24.27
1436262360000 24.2
1436262420000 24.16
1436262480000 24.18
1436262540000 24.26
1436262660000 24.32
1436262720000 24.36
1436262780000 24.35
1436262840000 24.34
1436262900000 24.2501
1436262960000 24.27
1436263020000 24.26
1436263080000 24.291
1436263140000 24.22
1436263200000 24.23
1436263260000 24.19
1436263380000 24.23
1436263440000 24.22
1436263500000 24.24
1436263560000 24.28
1436263620000 24.37
1436263680000 24.33
1436263800000 24.33
1436263860000 24.365
1436263920000 24.44
1436264040000 24.49
1436264100000 24.47
1436264400000 24.46
1436264460000 24.42
1436264580000 24.44
1436264700000 24.45
1436264760000 24.45
1436264820000 24.46
1436264880000 24.44
1436265000000 24.49
1436265240000 24.47
1436265300000 24.45
1436265360000 24.43
1436265480000 24.43
1436265540000 24.41
1436265600000 24.38
1436265720000 24.37
1436265780000 24.37
1436265840000 24.38
1436265900000 24.38
1436265960000 24.36
1436266020000 24.41
1436266080000 24.42
1436266140000 24.41
1436266200000 24.41
1436266500000 24.47
1436266560000 24.47
1436266620000 24.48
1436266680000 24.48
1436266740000 24.52
1436266800000 24.47
1436266980000 24.44
1436267040000 24.36
1436267100000 24.4
1436267160000 24.38
1436267220000 24.49
1436267340000 24.49
1436267580000 24.5395
1436267640000 24.63
1436267700000 24.66
1436267760000 24.7395
1436267820000 24.74
1436267880000 24.76
1436267940000 24.73
1436268060000 24.7
1436268120000 24.7499
1436268180000 24.76
1436268240000 24.76
1436268300000 24.71
1436268480000 24.61
1436268540000 24.57
1436268720000 24.53
1436268780000 24.48
1436268840000 24.48
1436268900000 24.54
1436268960000 24.53
1436269020000 24.53
1436269140000 24.45
1436269200000 24.48
1436269260000 24.5599
1436269320000 24.6
1436269380000 24.61
1436269440000 24.6
1436269560000 24.62
1436269620000 24.63
1436269680000 24.65
1436269740000 24.64
1436269800000 24.63
1436269920000 24.62
1436269980000 24.64
1436270040000 24.6519
1436270100000 24.69
1436270160000 24.71
1436270220000 24.76
1436270280000 24.66
1436270340000 24.64
1436270400000 24.64
1436270640000 24.63
1436270760000 24.64
1436270940000 24.635
1436271060000 24.62
1436271240000 24.53
1436271360000 24.5
1436271420000 24.51
1436271480000 24.56
1436271540000 24.52
1436271600000 24.57
1436271660000 24.55
1436271720000 24.56
1436271780000 24.56
1436271840000 24.57
1436271900000 24.54
1436271960000 24.53
1436272020000 24.55
1436272080000 24.56
1436272260000 24.6
1436272440000 24.63
1436272500000 24.65
1436272560000 24.66
1436272680000 24.6404
1436272740000 24.65
1436272860000 24.67
1436272920000 24.67
1436272980000 24.675
1436273100000 24.69
1436273160000 24.715
1436273220000 24.75
1436273280000 24.73
1436273340000 24.68
1436273460000 24.69
1436273520000 24.69
1436273580000 24.67
1436273640000 24.65
1436273700000 24.67
1436273760000 24.66
1436273820000 24.74
1436273880000 24.74
1436273940000 24.71
1436274120000 24.69
1436274180000 24.68
1436274240000 24.71
1436274300000 24.74
1436274360000 24.68
1436274420000 24.63
1436274480000 24.63
1436274540000 24.65
1436274660000 24.67
1436274720000 24.74
1436274840000 24.76
1436274900000 24.76
1436274960000 24.74
1436275020000 24.72
1436275080000 24.77
1436275200000 24.85
1436275260000 24.83
1436275320000 24.86
1436275380000 24.85
1436275440000 24.83
1436275500000 24.84
1436275560000 24.82
1436275620000 24.82
1436275680000 24.83
1436275740000 24.84
1436275800000 24.85
1436275920000 24.85
1436275980000 24.8498
1436276040000 24.841
1436276160000 24.86
1436276340000 24.88
1436276400000 24.91
1436276640000 24.95
1436276760000 24.98
1436276820000 25.01
1436276940000 24.99
1436277060000 24.95
1436277180000 24.9
1436277420000 24.8943
1436277480000 24.86
1436277540000 24.86
1436277660000 24.82
1436277720000 24.825
1436277840000 24.83
1436277900000 24.85
1436278020000 24.84
1436278080000 24.85
1436278140000 24.83
1436278200000 24.85
1436278320000 24.86
1436278380000 24.89
1436278440000 24.86
1436278500000 24.86
1436278620000 24.85
1436278680000 24.83
1436278740000 24.82
1436278800000 24.85
1436278860000 24.85
1436278920000 24.83
1436279040000 24.83
1436279100000 24.86
1436279220000 24.87
1436279280000 24.91
1436279340000 24.92
1436279520000 24.92
1436279580000 24.94
1436279640000 24.94
1436279700000 24.96
1436279880000 24.98
1436279940000 24.99
1436280000000 25.06
1436280060000 25.09
1436280120000 25.16
1436280180000 25.13
1436280240000 25.2
1436280360000 25.2
1436280420000 25.19
1436280480000 25.22
1436280540000 25.22
1436280600000 25.22
1436280660000 25.19
1436280720000 25.19
1436280780000 25.19
1436280900000 25.1808
1436280960000 25.14
1436281020000 25.14
1436281080000 25.16
1436281140000 25.235
1436281200000 25.3
1436281260000 25.28
1436281320000 25.33
1436281380000 25.3
1436281440000 25.28
1436281500000 25.27
1436281560000 25.21
