1436261760000 0.55
1436262120000 0.57
1436262480000 0.568
1436262900000 0.5699
1436262960000 0.5699
1436263620000 0.5699
1436263680000 0.5201
1436263800000 0.57
1436264580000 0.568
1436264880000 0.5699
1436265780000 0.5999
1436268480000 0.5999
1436268960000 0.5976
1436269440000 0.61
1436269500000 0.61
1436269560000 0.62
1436269980000 0.6001
1436270040000 0.6006
1436272260000 0.6006
1436272980000 0.61
1436273520000 0.6001
1436276280000 0.6
1436277420000 0.59
1436278380000 0.562
1436280540000 0.5599
