1436261400000 94.61
1436261700000 94.0
1436262360000 93.96
1436262720000 93.89
1436262840000 93.66
1436263020000 93.62
1436263140000 93.625
1436263320000 93.225
1436263620000 93.19
1436263800000 93.02
1436263860000 93.55
1436264220000 93.37
1436264280000 93.58
1436264460000 93.25
1436264640000 93.22
1436264700000 93.2
1436264760000 93.15
1436264820000 92.91
1436264880000 92.67
1436265000000 92.83
1436265060000 92.75
1436265180000 92.65
1436265240000 92.69
1436265300000 92.72
1436265420000 92.57
1436265540000 92.61
1436265600000 92.53
1436265720000 92.52
1436265840000 92.62
1436266020000 92.46
1436266080000 92.635
1436266140000 92.65
1436266260000 92.72
1436266320000 92.66
1436266380000 92.705
1436266680000 93.02
1436266800000 92.9
1436266920000 92.9
1436267040000 92.9
1436267160000 92.82
1436267220000 92.92
1436267280000 92.93
1436267400000 92.94
1436267460000 92.84
1436267520000 92.93
1436267820000 92.915
1436268060000 92.9
1436268120000 92.9
1436268180000 92.91
1436268240000 92.91
1436268360000 92.9
1436268480000 92.9
1436268540000 92.9
1436268600000 92.81
1436268660000 92.75
1436268780000 92.77
1436268840000 92.77
1436268900000 92.76
1436269080000 92.76
1436269140000 92.9
1436269200000 92.92
1436269260000 93.08
1436269380000 93.09
1436269800000 93.05
1436269860000 93.02
1436269920000 93.09
1436269980000 93.16
1436270040000 92.92
1436270100000 93.04
1436270160000 93.05
1436270220000 93.17
1436270280000 93.41
1436270340000 93.25
1436270400000 93.41
1436270460000 93.44
1436270520000 93.43
1436270580000 93.5
1436270640000 93.54
1436271000000 93.53
1436271060000 93.24
1436271120000 93.32
1436271180000 93.4
1436271240000 93.3
1436271300000 93.33
1436271360000 93.33
1436271420000 93.38
1436271480000 93.46
1436271540000 93.26
1436271600000 93.34
1436271660000 93.25
1436271720000 93.12
1436271780000 93.2999
1436271840000 93.31
1436271900000 93.26
1436271960000 93.27
1436272020000 93.5
1436272080000 93.67
1436272620000 93.46
1436272740000 93.5
1436272920000 93.46
1436273040000 93.46
1436273100000 93.47
1436273220000 93.575
1436273400000 93.585
1436273460000 93.585
1436273520000 93.41
1436273580000 93.42
1436273700000 93.42
1436273760000 93.44
1436273880000 93.61
1436274360000 93.79
1436274480000 93.69
1436274660000 93.7
1436274720000 93.71
1436274840000 93.92
1436275020000 93.92
1436275500000 93.74
1436275620000 93.61
1436275680000 93.6101
1436275740000 93.61
1436275860000 93.7
1436275920000 93.61
1436276040000 93.61
1436276160000 93.7
1436276220000 93.5
1436276280000 93.47
1436276520000 93.48
1436276580000 93.48
1436276640000 93.52
1436276700000 93.63
1436276820000 93.53
1436276940000 93.5475
1436277000000 93.48
1436277060000 93.49
1436277120000 93.48
1436277240000 93.51
1436277360000 93.39
1436277480000 93.485
1436277600000 93.37
1436277780000 93.6
1436277840000 93.475
1436277900000 93.45
1436277960000 93.43
1436278020000 93.58
1436278200000 93.36
1436278320000 93.38
1436278440000 93.36
1436278620000 93.3101
1436278800000 93.28
1436278860000 93.24
1436278920000 93.22
1436279100000 93.175
1436279160000 93.14
1436279400000 93.16
1436279520000 93.24
1436279580000 93.29
1436279820000 93.34
1436279880000 93.41
1436280000000 93.405
1436280060000 93.475
1436280120000 93.53
1436280180000 93.625
1436280240000 93.745
1436280420000 93.765
1436280540000 93.86
1436280840000 93.835
1436281020000 93.91
1436281080000 93.93
1436281140000 94.22
1436281200000 94.1477
1436281260000 94.34
1436281560000 94.13
