1436263560000 1.84
1436263620000 1.84
1436263680000 1.84
1436263980000 1.8448
1436264100000 1.843
1436264400000 1.85
1436265540000 1.85
1436266080000 1.87
1436267820000 1.8577
1436268060000 1.84
1436268120000 1.84
1436268300000 1.84
1436270460000 1.87
1436270580000 1.85
1436272020000 1.8421
1436272620000 1.84
1436272980000 1.8401
1436273580000 1.84
1436273640000 1.84
1436273820000 1.84
1436274180000 1.84
1436274240000 1.84
1436274300000 1.84
1436274360000 1.84
1436274420000 1.84
1436274540000 1.84
1436274600000 1.84
1436274660000 1.84
1436274720000 1.84
1436274840000 1.84
1436274900000 1.84
1436274960000 1.84
1436275020000 1.84
1436275140000 1.84
1436275200000 1.84
1436275260000 1.84
1436275320000 1.84
1436275440000 1.84
1436276100000 1.84
1436276160000 1.84
1436277480000 1.845
1436277840000 1.84
1436277960000 1.84
