1436261400000 6.14
1436261640000 6.12
1436262300000 6.08
1436262420000 6.08
1436262480000 6.09
1436262540000 6.09
1436262600000 6.09
1436262780000 6.08
1436262960000 6.08
1436263200000 6.07
1436263620000 6.06
1436263980000 6.06
1436264160000 6.05
1436264220000 6.03
1436264280000 6.0488
1436264400000 6.04
1436264460000 6.04
1436264520000 6.0497
1436264640000 6.0399
1436264760000 6.0461
1436264820000 6.02
1436264880000 6.04
1436264940000 6.05
1436265000000 6.04
1436265120000 6.0344
1436265180000 6.04
1436265240000 6.03
1436265360000 6.01
1436265480000 6.001
1436265540000 6.0
1436265600000 6.0
1436265660000 5.99
1436265720000 5.98
1436265780000 5.98
1436265840000 5.95
1436265900000 5.9501
1436265960000 5.96
1436266020000 5.98
1436266200000 5.9999
1436266440000 5.99
1436266560000 6.02
1436266680000 6.04
1436266800000 6.03
1436267040000 6.01
1436267280000 6.03
1436267400000 6.01
1436267520000 6.02
1436267700000 6.02
1436267760000 6.03
1436267820000 6.04
1436268000000 6.05
1436268060000 6.04
1436268120000 6.0298
1436268240000 6.04
1436268540000 6.02
1436268840000 6.0
1436269140000 6.02
1436269200000 6.04
1436269440000 6.05
1436269980000 6.05
1436270040000 6.045
1436270100000 6.04
1436270160000 6.05
1436270220000 6.06
1436270340000 6.06
1436270820000 6.022
1436271120000 6.039
1436271240000 6.0151
1436271300000 6.03
1436271360000 6.015
1436271420000 6.03
1436271600000 6.03
1436271660000 6.04
1436271780000 6.04
1436272680000 6.05
1436272800000 6.063
1436273220000 6.07
1436273280000 6.07
1436273520000 6.08
1436273640000 6.07
1436273700000 6.08
1436273760000 6.08
1436273820000 6.08
1436274000000 6.07
1436274180000 6.07
1436274240000 6.06
1436274300000 6.06
1436274660000 6.06
1436275020000 6.06
1436275320000 6.05
1436275440000 6.05
1436275560000 6.05
1436275620000 6.05
1436275680000 6.03
1436275740000 6.02
1436275800000 6.02
1436275860000 6.03
1436275920000 6.04
1436275980000 6.02
1436276040000 6.02
1436276640000 6.03
1436276700000 6.04
1436276820000 6.05
1436277360000 6.03
1436277480000 6.02
1436277600000 6.02
1436277960000 6.03
1436278200000 6.02
1436278500000 6.02
1436278740000 6.01
1436278800000 5.99
1436279100000 5.99
1436279460000 5.99
1436279580000 6.0
1436279880000 6.01
1436280120000 6.02
1436280180000 6.04
1436280420000 6.05
1436281080000 6.05
1436281140000 6.07
1436281500000 6.0681
