1436261400000 2.42
1436261640000 2.37
1436261760000 2.3888
1436262780000 2.406
1436263080000 2.3999
1436264100000 2.3745
1436264340000 2.37
1436264640000 2.36
1436264820000 2.363
1436265360000 2.3601
1436265900000 2.36
1436266020000 2.3599
1436266080000 2.35
1436266440000 2.362
1436266740000 2.38
1436266800000 2.3716
1436267520000 2.376
1436267700000 2.3799
1436268660000 2.3401
1436268780000 2.34
1436269320000 2.3477
1436269380000 2.3599
1436269440000 2.36
1436270100000 2.3512
1436270160000 2.3401
1436270940000 2.34
1436271180000 2.32
1436271540000 2.3337
1436271720000 2.3101
1436271780000 2.33
1436272080000 2.3167
1436272920000 2.34
1436275200000 2.34
1436275320000 2.339
1436275440000 2.3321
1436276220000 2.3399
1436276400000 2.3315
1436277060000 2.33
1436277780000 2.34
1436277960000 2.35
1436278260000 2.36
1436280120000 2.3599
1436280420000 2.35
1436280600000 2.3392
1436281020000 2.3357
1436281560000 2.3599
