1436261400000 30.08
1436261460000 30.1
1436261520000 30.65
1436261580000 31.31
1436261640000 32.91
1436261700000 32.0001
1436261760000 31.63
1436261820000 31.0322
1436261880000 31.4138
1436261940000 31.38
1436262000000 31.45
1436262060000 31.64
1436262120000 31.93
1436262180000 32.05
1436262240000 32.12
1436262300000 31.93
1436262360000 31.9
1436262420000 31.93
1436262480000 31.78
1436262540000 31.5644
1436262600000 31.47
1436262660000 31.352
1436262720000 31.48
1436262780000 31.68
1436262840000 31.61
1436262900000 31.5
1436262960000 31.43
1436263020000 31.45
1436263080000 31.37
1436263140000 31.3
1436263200000 31.3
1436263260000 31.26
1436263320000 31.22
1436263380000 31.23
1436263500000 31.34
1436263560000 31.18
1436263620000 31.08
1436263680000 30.94
1436263740000 30.69
1436263800000 30.44
1436263860000 30.42
1436263920000 30.491
1436263980000 30.5899
1436264040000 30.4117
1436264100000 30.63
1436264160000 30.97
1436264220000 30.9
1436264280000 30.9
1436264400000 30.83
1436264460000 30.79
1436264520000 30.77
1436264580000 30.88
1436264640000 30.8201
1436264700000 31.09
1436264760000 30.98
1436264820000 30.97
1436264940000 30.97
1436265000000 30.87
1436265060000 30.78
1436265120000 30.51
1436265180000 30.36
1436265240000 30.29
1436265300000 30.31
1436265360000 30.3
1436265420000 30.25
1436265480000 29.929
1436265540000 29.6
1436265600000 29.566
1436265660000 29.55
1436265720000 29.485
1436265780000 29.5
1436265840000 29.2
1436265900000 29.12
1436265960000 29.06
1436266020000 29.4644
1436266080000 29.4949
1436266140000 29.63
1436266200000 29.36
1436266320000 29.6149
1436266380000 29.47
1436266440000 29.555
1436266500000 29.65
1436266560000 29.68
1436266620000 29.67
1436266680000 29.716
1436266740000 29.7749
1436266920000 29.68
1436266980000 29.63
1436267100000 29.79
1436267160000 29.7765
1436267220000 29.56
1436267280000 29.75
1436267340000 29.75
1436267400000 29.58
1436267460000 29.58
1436267520000 29.38
1436267580000 29.27
1436267640000 29.35
1436267700000 29.4599
1436267760000 29.21
1436267880000 29.44
1436268000000 29.12
1436268120000 29.1
1436268180000 29.21
1436268240000 29.113
1436268360000 29.08
1436268420000 29.02
1436268480000 28.99
1436268540000 29.15
1436268600000 29.16
1436268720000 29.24
1436268840000 29.08
1436268900000 29.0967
1436268960000 29.0
1436269020000 28.9117
1436269200000 28.83
1436269260000 28.87
1436269320000 28.98
1436269380000 29.228
1436269440000 29.07
1436269680000 29.05
1436269740000 29.05
1436269800000 29.1
1436269860000 29.1999
1436269920000 29.04
1436269980000 29.095
1436270040000 29.14
1436270160000 29.07
1436270220000 29.19
1436270280000 29.53
1436270460000 29.32
1436270640000 29.19
1436270820000 29.13
1436270880000 29.13
1436270940000 29.12
1436271000000 29.06
1436271060000 29.11
1436271180000 28.915
1436271240000 28.87
1436271420000 28.63
1436271480000 28.75
1436271600000 28.82
1436271660000 28.89
1436271780000 28.89
1436271960000 28.99
1436272020000 29.16
1436272080000 29.16
1436272200000 29.1
1436272440000 29.28
1436272500000 29.43
1436272560000 29.1
1436272620000 29.11
1436272680000 29.27
1436272800000 29.25
1436272860000 29.18
1436272920000 29.2499
1436272980000 29.26
1436273100000 29.2466
1436273160000 29.24
1436273220000 29.3
1436273280000 29.24
1436273340000 29.24
1436273400000 29.32
1436273460000 29.39
1436273520000 29.32
1436273580000 29.39
1436273700000 29.454
1436273760000 29.46
1436273820000 29.52
1436273880000 29.56
1436273940000 29.66
1436274120000 29.52
1436274180000 29.7189
1436274240000 29.72
1436274300000 29.721
1436274360000 29.9
1436274420000 29.83
1436274480000 29.7323
1436274540000 29.77
1436274780000 29.8872
1436274840000 29.95
1436274900000 30.22
1436275080000 30.18
1436275200000 30.19
1436275260000 30.18
1436275440000 30.16
1436275500000 30.28
1436275560000 30.2101
1436275620000 30.345
1436275680000 30.382
1436275740000 30.45
1436275800000 30.5
1436275860000 30.6599
1436275920000 30.5
1436275980000 30.55
1436276040000 30.55
1436276100000 30.52
1436276160000 30.611
1436276280000 30.74
1436276400000 30.7599
1436276580000 30.69
1436276640000 30.71
1436276760000 30.73
1436276940000 30.7687
1436277000000 30.831
1436277060000 30.81
1436277120000 30.99
1436277180000 31.04
1436277360000 31.096
1436277420000 31.1
1436277480000 30.63
1436277540000 30.8
1436277600000 30.73
1436277660000 30.78
1436277720000 30.7
1436277900000 30.8
1436277960000 30.77
1436278140000 30.93
1436278200000 30.8301
1436278260000 30.85
1436278440000 30.82
1436278500000 30.7
1436278680000 30.6699
1436278740000 30.67
1436278800000 30.68
1436278860000 30.54
1436278920000 30.62
1436278980000 30.48
1436279040000 30.5299
1436279220000 30.34
1436279280000 30.42
1436279340000 30.4
1436279460000 30.32
1436279520000 30.461
1436279640000 30.587
1436279760000 30.6
1436279820000 30.66
1436279880000 30.57
1436279940000 30.26
1436280060000 30.33
1436280240000 30.31
1436280300000 30.4899
1436280420000 30.48
1436280480000 30.55
1436280540000 30.62
1436280720000 30.62
1436280780000 30.73
1436280840000 30.73
1436280900000 30.7
1436281080000 30.6006
1436281140000 30.82
1436281200000 30.9569
1436281260000 30.89
1436281320000 30.9
1436281380000 30.8272
1436281440000 30.88
1436281560000 30.85
1436281620000 30.85
1436281680000 30.86
