1436261400000 42.8
1436262000000 42.73
1436262060000 42.48
1436262180000 42.41
1436262480000 42.38
1436262600000 42.31
1436262660000 42.3
1436262780000 42.3
1436262840000 42.43
1436262960000 42.27
1436263260000 42.29
1436263320000 42.41
1436263800000 42.39
1436264400000 42.2
1436265000000 42.1
1436265780000 42.255
1436265960000 42.24
1436266140000 42.29
1436266260000 42.27
1436266380000 42.24
1436266440000 42.25
1436266860000 42.13
1436267160000 42.31
1436267400000 42.3
1436267820000 42.3
1436267880000 42.18
1436268840000 42.09
1436269080000 42.06
1436269320000 42.06
1436270100000 42.26
1436270160000 42.34
1436270760000 42.35
1436270940000 42.3
1436271720000 42.29
1436271840000 42.38
1436271900000 42.28
1436272080000 42.38
1436272500000 42.39
1436272740000 42.48
1436272980000 42.41
1436273160000 42.45
1436273220000 42.45
1436273400000 42.48
1436273700000 42.53
1436274660000 42.4
1436274780000 42.5
1436274840000 42.51
1436274960000 42.41
1436275860000 42.42
1436275980000 42.54
1436276580000 42.53
1436277000000 42.6
1436277060000 42.58
1436277300000 42.57
1436277840000 42.6
1436277900000 42.56
1436277960000 42.43
1436278620000 42.48
1436279040000 42.46
1436279220000 42.31
1436279280000 42.3
1436279520000 42.34
1436280180000 42.46
1436280240000 42.545
1436280540000 42.63
1436281020000 42.69
1436281560000 42.68
