1404705600000 49.9301
1404792000000 49.0349
1405051200000 48.9671
1405396800000 49.4201
1405483200000 50.3206
1405569600000 50.4829
1406001600000 51.0
1406174400000 49.99
1406260800000 49.36
1406692800000 49.0
1406779200000 48.205
1407124800000 47.1173
1407211200000 48.22
1407384000000 48.245
1407816000000 46.78
1408075200000 49.38
1408593600000 49.53
1408939200000 49.13
1409112000000 49.23
1409630400000 49.91
1409716800000 50.56
1410148800000 49.34
1410321600000 49.01
1410408000000 50.5
1410753600000 48.86
1411099200000 49.51
1411358400000 49.62
1411444800000 46.51
1411617600000 47.75
1412049600000 48.0
1412136000000 46.67
1412222400000 46.2001
1412740800000 47.8099
1413950400000 47.5
1414468800000 46.78
1414990800000 48.5
1415077200000 48.54
1415854800000 38.5
1415941200000 38.75
1416200400000 37.17
1416286800000 37.2
1416891600000 37.5
1417410000000 39.3
1418101200000 39.89
1418619600000 34.5601
1418706000000 33.61
1418792400000 33.9
1418878800000 34.76
1420002000000 35.79
1420693200000 36.2
1420779600000 35.18
1421730000000 35.39
1421816400000 35.4171
1422248400000 36.3
1422507600000 36.4
1422939600000 37.42
1424322000000 39.391
1424667600000 39.317
1424754000000 38.27
1424926800000 38.79
1425272400000 39.27
1425873600000 39.5501
1425960000000 40.8975
1426046400000 39.214
1427947200000 39.3301
1429848000000 39.16
1430366400000 39.01
1430884800000 38.456
1431057600000 37.71
1431489600000 38.22
1431662400000 38.27
1431921600000 38.32
1432612800000 38.5716
1433217600000 38.65
1433304000000 38.8401
1435291200000 37.38
