1436261400000 21.12
1436261640000 21.11
1436261940000 21.1
1436262360000 21.0301
1436262780000 21.21
1436263380000 21.23
1436263440000 21.23
1436264100000 21.1
1436265000000 21.0
1436267460000 20.8
1436267940000 20.778
1436269080000 20.77
1436269380000 20.78
1436270160000 20.78
1436270220000 20.78
1436270280000 20.78
1436271060000 20.71
1436271120000 20.71
1436271300000 20.71
1436273220000 20.8
1436273280000 20.75
1436274300000 20.86
1436274720000 20.87
1436274840000 20.87
1436275080000 20.82
1436276640000 20.825
1436276700000 20.93
1436278740000 20.83
1436279220000 20.78
1436280180000 20.85
1436281140000 20.9
1436281440000 20.92
