1436261400000 13.75
1436261580000 13.78
1436261940000 13.76
1436262600000 13.7512
1436262720000 13.76
1436263200000 13.7501
1436263320000 13.75
1436263500000 13.76
1436263620000 13.75
1436263680000 13.75
1436263920000 13.75
1436264100000 13.74
1436264340000 13.75
1436264460000 13.75
1436264700000 13.74
1436264940000 13.71
1436265000000 13.71
1436265180000 13.71
1436265420000 13.72
1436265540000 13.71
1436265600000 13.71
1436265720000 13.7
1436266020000 13.7
1436266320000 13.72
1436266440000 13.73
1436266500000 13.72
1436267100000 13.74
1436267280000 13.72
1436267520000 13.74
1436267640000 13.74
1436267760000 13.73
1436267880000 13.75
1436267940000 13.7301
1436268060000 13.73
1436268120000 13.72
1436268180000 13.72
1436268900000 13.72
1436268960000 13.72
1436269080000 13.721
1436269140000 13.73
1436269380000 13.73
1436269620000 13.74
1436269680000 13.74
1436269740000 13.75
1436269800000 13.75
1436269980000 13.75
1436270040000 13.73
1436270340000 13.75
1436270700000 13.75
1436270940000 13.75
1436271060000 13.75
1436271240000 13.74
1436271300000 13.75
1436271660000 13.75
1436272140000 13.75
1436272260000 13.75
1436272440000 13.75
1436272800000 13.75
1436272860000 13.75
1436272920000 13.75
1436272980000 13.75
1436273040000 13.75
1436273160000 13.75
1436273340000 13.75
1436273400000 13.75
1436273460000 13.75
1436273520000 13.75
1436273880000 13.75
1436273940000 13.75
1436274240000 13.75
1436274300000 13.75
1436274600000 13.75
1436274660000 13.75
1436274840000 13.75
1436274960000 13.75
1436275080000 13.75
1436275320000 13.75
1436275560000 13.75
1436275680000 13.75
1436275740000 13.75
1436275920000 13.7414
1436275980000 13.75
1436276340000 13.75
1436276640000 13.75
1436276700000 13.75
1436276760000 13.75
1436276820000 13.75
1436277060000 13.75
1436277120000 13.75
1436277420000 13.75
1436277540000 13.75
1436277600000 13.75
1436277780000 13.75
1436277840000 13.75
1436278140000 13.75
1436278200000 13.75
1436278440000 13.75
1436278500000 13.75
1436278800000 13.74
1436278860000 13.74
1436279220000 13.75
1436279280000 13.74
1436279520000 13.75
1436279700000 13.75
1436279880000 13.75
1436280000000 13.75
1436280600000 13.75
1436280660000 13.75
1436280780000 13.75
1436280900000 13.75
1436281080000 13.75
1436281140000 13.75
1436281260000 13.75
1436281320000 13.75
1436281440000 13.75
1436281500000 13.75
