1436261400000 17.14
1436261520000 17.12
1436261580000 17.12
1436261640000 17.11
1436261700000 17.05
1436261940000 17.07
1436262000000 17.12
1436262060000 17.13
1436262120000 17.1
1436262180000 17.14
1436262240000 17.14
1436262300000 17.14
1436262360000 17.07
1436262480000 17.06
1436262900000 17.06
1436263020000 17.08
1436263080000 17.064
1436263200000 17.06
1436263260000 17.05
1436263320000 17.03
1436263380000 17.07
1436263560000 17.08
1436263620000 17.03
1436263680000 17.05
1436263860000 17.07
1436263920000 17.12
1436264040000 17.07
1436264100000 17.05
1436264160000 17.07
1436264220000 17.07
1436264280000 17.06
1436264400000 17.07
1436264460000 17.07
1436264700000 17.1
1436264940000 17.09
1436265000000 17.07
1436265060000 17.03
1436265180000 17.05
1436265300000 17.02
1436265360000 17.0
1436265420000 17.01
1436265540000 16.97
1436265600000 16.95
1436265660000 16.9
1436265720000 16.94
1436265780000 16.95
1436265960000 16.95
1436266140000 17.02
1436266200000 17.02
1436266260000 17.0
1436266320000 16.96
1436266380000 17.0
1436266440000 17.02
1436266500000 17.02
1436266620000 17.05
1436266680000 17.03
1436266740000 17.01
1436266800000 17.01
1436266860000 17.02
1436266920000 17.005
1436266980000 17.01
1436267100000 17.01
1436267220000 17.01
1436267280000 17.01
1436267400000 17.0
1436267520000 17.03
1436267580000 17.06
1436267760000 17.06
1436267880000 17.08
1436267940000 17.08
1436268060000 17.05
1436268180000 17.04
1436268360000 17.04
1436268480000 17.04
1436268600000 17.04
1436268780000 17.04
1436268840000 17.0
1436268900000 16.95
1436269080000 16.94
1436269380000 17.06
1436269440000 17.07
1436269500000 17.06
1436269740000 17.06
1436269860000 17.04
1436269920000 17.03
1436270040000 17.04
1436270160000 17.06
1436270220000 17.11
1436270400000 17.1
1436270460000 17.08
1436270580000 17.11
1436270760000 17.13
1436270820000 17.1
1436270880000 17.11
1436270940000 17.1
1436271060000 17.08
1436271360000 17.1
1436271480000 17.1
1436271540000 17.11
1436271960000 17.1
1436272500000 17.13
1436272680000 17.13
1436273160000 17.13
1436273460000 17.17
1436273520000 17.17
1436273880000 17.2
1436274240000 17.23
1436274360000 17.2
1436274660000 17.19
1436274900000 17.22
1436275020000 17.16
1436275200000 17.14
1436275380000 17.124
1436275440000 17.16
1436275620000 17.18
1436275860000 17.18
1436276040000 17.19
1436276100000 17.2
1436276280000 17.19
1436276520000 17.18
1436276640000 17.21
1436276760000 17.24
1436276880000 17.24
1436277000000 17.2
1436277120000 17.18
1436277900000 17.14
1436278140000 17.14
1436278260000 17.154
1436278320000 17.14
1436278620000 17.14
1436278740000 17.12
1436278800000 17.1
1436278860000 17.05
1436278920000 17.1
1436279100000 17.11
1436279400000 17.115
1436279580000 17.12
1436279640000 17.15
1436280000000 17.18
1436280060000 17.18
1436280120000 17.18
1436280180000 17.18
1436280300000 17.24
1436280420000 17.22
1436280660000 17.19
1436280900000 17.21
1436281080000 17.25
1436281140000 17.26
1436281200000 17.24
1436281320000 17.3
