1436262780000 14.5
1436263080000 14.46
1436263140000 14.4
1436263740000 14.44
1436263800000 14.45
1436263980000 14.43
1436264040000 14.43
1436264700000 14.46
1436264940000 14.43
1436265000000 14.43
1436265300000 14.48
1436265360000 14.45
1436265420000 14.45
1436265480000 14.45
1436265720000 14.43
1436265840000 14.45
1436265900000 14.44
1436265960000 14.45
1436266020000 14.45
1436266080000 14.45
1436266380000 14.45
1436266440000 14.45
1436266500000 14.44
1436266740000 14.4
1436266860000 14.38
1436266980000 14.35
1436267040000 14.35
1436267100000 14.37
1436267760000 14.37
1436268240000 14.35
1436268300000 14.35
1436268360000 14.37
1436268420000 14.36
1436268480000 14.36
1436268720000 14.34
1436268780000 14.33
1436268840000 14.35
1436268900000 14.35
1436268960000 14.35
1436269020000 14.35
1436269380000 14.4
1436270160000 14.41
1436270580000 14.4
1436270640000 14.42
1436270700000 14.44
1436271180000 14.47
1436271540000 14.4
1436271960000 14.39
1436272380000 14.39
1436272560000 14.42
1436272620000 14.39
1436273220000 14.43
1436273280000 14.48
1436273700000 14.5
1436273880000 14.52
1436274120000 14.51
1436274360000 14.47
1436274420000 14.46
1436274660000 14.48
1436274840000 14.51
1436275080000 14.53
1436276040000 14.47
1436276280000 14.48
1436276400000 14.48
1436276460000 14.47
1436276520000 14.47
1436276640000 14.4701
1436276880000 14.49
1436276940000 14.47
1436277060000 14.53
1436277840000 14.45
1436277900000 14.4
1436278020000 14.4
1436278080000 14.38
1436278260000 14.39
1436278320000 14.39
1436278380000 14.39
1436278440000 14.4
1436278560000 14.4
1436278680000 14.4
1436278740000 14.38
1436278800000 14.39
1436278860000 14.39
1436278980000 14.4
1436279100000 14.4
1436279280000 14.4
1436279400000 14.39
1436279460000 14.4
1436279580000 14.4
1436279640000 14.4
1436279700000 14.4
1436279820000 14.4
1436279880000 14.42
1436279940000 14.42
1436280000000 14.42
1436280060000 14.43
1436280180000 14.47
1436280360000 14.48
1436280420000 14.5
1436280600000 14.48
1436280660000 14.46
1436280780000 14.52
1436280840000 14.54
1436280960000 14.5
1436281080000 14.5
1436281200000 14.55
1436281260000 14.57
1436281320000 14.53
1436281560000 14.49
