1436261400000 32.3
1436261640000 32.45
1436261880000 32.3
1436262000000 32.28
1436262240000 32.267
1436262300000 32.4
1436262360000 32.2401
1436262480000 32.3072
1436262540000 32.42
1436262600000 32.41
1436262660000 32.39
1436262720000 32.38
1436262780000 32.42
1436262900000 32.37
1436263200000 32.29
1436263560000 32.28
1436263620000 32.31
1436263800000 32.32
1436263920000 32.32
1436263980000 32.325
1436264040000 32.34
1436264100000 32.25
1436264160000 32.25
1436264220000 32.34
1436264280000 32.36
1436264400000 32.32
1436264460000 32.38
1436264520000 32.33
1436264640000 32.32
1436264700000 32.29
1436265120000 32.18
1436265240000 32.19
1436265420000 32.19
1436265480000 32.19
1436265660000 32.13
1436265720000 32.1
1436265780000 32.135
1436265840000 32.14
1436265960000 32.16
1436266020000 32.1224
1436266080000 32.18
1436266320000 32.21
1436266440000 32.25
1436266560000 32.24
1436266920000 32.26
1436267100000 32.22
1436267340000 32.17
1436267520000 32.1907
1436267640000 32.22
1436267700000 32.2
1436267880000 32.23
1436267940000 32.23
1436268000000 32.2
1436268060000 32.15
1436268180000 32.165
1436268540000 32.09
1436268600000 32.16
1436268660000 32.15
1436268840000 32.1
1436269020000 32.08
1436269080000 32.135
1436269140000 32.135
1436269200000 32.14
1436269260000 32.16
1436269320000 32.19
1436269380000 32.18
1436269440000 32.16
1436269560000 32.21
1436269620000 32.17
1436269740000 32.1
1436269920000 32.09
1436269980000 32.09
1436270100000 32.13
1436270160000 32.22
1436270220000 32.21
1436270340000 32.22
1436270400000 32.1942
1436270460000 32.2
1436270520000 32.16
1436270640000 32.19
1436270700000 32.22
1436270760000 32.22
1436271240000 32.27
1436271300000 32.265
1436271720000 32.265
1436271840000 32.24
1436271900000 32.24
1436272260000 32.24
1436272320000 32.224
1436272560000 32.25
1436272620000 32.25
1436272680000 32.25
1436272740000 32.25
1436272860000 32.25
1436272920000 32.25
1436273160000 32.31
1436273220000 32.335
1436273280000 32.3
1436273520000 32.3
1436273640000 32.3
1436273700000 32.3
1436273820000 32.3
1436273880000 32.3
1436274000000 32.3495
1436274240000 32.38
1436274420000 32.39
1436274660000 32.43
1436274720000 32.48
1436274960000 32.49
1436275020000 32.42
1436275080000 32.43
1436275140000 32.38
1436275200000 32.39
1436275380000 32.39
1436275560000 32.41
1436275740000 32.35
1436275800000 32.36
1436276040000 32.365
1436276220000 32.4
1436276640000 32.43
1436276760000 32.48
1436276820000 32.44
1436276880000 32.42
1436276940000 32.42
1436277000000 32.42
1436277060000 32.37
1436277360000 32.38
1436277420000 32.35
1436277600000 32.35
1436277720000 32.35
1436277780000 32.355
1436278140000 32.36
1436278320000 32.37
1436278380000 32.4
1436278440000 32.36
1436278620000 32.37
1436278740000 32.32
1436278860000 32.28
1436279100000 32.25
1436279160000 32.28
1436279280000 32.2901
1436279400000 32.34
1436279460000 32.32
1436279520000 32.35
1436279580000 32.36
1436279640000 32.37
1436279820000 32.35
1436279880000 32.35
1436279940000 32.4
1436280000000 32.36
1436280060000 32.39
1436280120000 32.37
1436280180000 32.35
1436280240000 32.37
1436280300000 32.35
1436280360000 32.36
1436280420000 32.35
1436280660000 32.35
1436280720000 32.36
1436280840000 32.36
1436280900000 32.3725
1436280960000 32.35
1436281020000 32.36
1436281080000 32.35
1436281140000 32.38
1436281200000 32.5
1436281260000 32.53
1436281320000 32.505
1436281380000 32.48
1436281440000 32.44
1436281500000 32.44
