1436261400000 9.53
1436261460000 9.54
1436261520000 9.53
1436261580000 9.5
1436261640000 9.47
1436261700000 9.46
1436261760000 9.46
1436261820000 9.44
1436261880000 9.46
1436262000000 9.42
1436262060000 9.43
1436262120000 9.423
1436262180000 9.41
1436262240000 9.4
1436262300000 9.3863
1436262420000 9.39
1436262480000 9.3899
1436262540000 9.38
1436262600000 9.3872
1436262660000 9.3712
1436262720000 9.37
1436262780000 9.37
1436262840000 9.3901
1436262900000 9.38
1436262960000 9.3773
1436263020000 9.35
1436263080000 9.34
1436263140000 9.33
1436263200000 9.33
1436263260000 9.3399
1436263320000 9.337
1436263380000 9.33
1436263440000 9.3192
1436263500000 9.31
1436263560000 9.29
1436263620000 9.28
1436263680000 9.29
1436263740000 9.28
1436263800000 9.2615
1436263860000 9.27
1436263920000 9.27
1436263980000 9.2699
1436264040000 9.26
1436264100000 9.2501
1436264160000 9.22
1436264220000 9.23
1436264280000 9.2299
1436264340000 9.201
1436264400000 9.18
1436264460000 9.16
1436264520000 9.14
1436264580000 9.1567
1436264640000 9.16
1436264700000 9.15
1436264760000 9.13
1436264820000 9.12
1436264880000 9.1
1436264940000 9.1004
1436265000000 9.082
1436265060000 9.0901
1436265120000 9.1
1436265180000 9.11
1436265240000 9.113
1436265300000 9.102
1436265360000 9.11
1436265420000 9.11
1436265480000 9.11
1436265540000 9.09
1436265600000 9.09
1436265660000 9.1
1436265720000 9.1047
1436265780000 9.1086
1436265840000 9.1
1436265900000 9.1
1436265960000 9.1
1436266020000 9.1
1436266080000 9.1032
1436266140000 9.115
1436266200000 9.12
1436266260000 9.1199
1436266320000 9.0899
1436266380000 9.1096
1436266440000 9.12
1436266500000 9.12
1436266560000 9.1246
1436266620000 9.12
1436266680000 9.11
1436266740000 9.11
1436266800000 9.1072
1436266860000 9.1
1436266920000 9.09
1436266980000 9.11
1436267040000 9.1027
1436267100000 9.11
1436267160000 9.1065
1436267220000 9.11
1436267280000 9.12
1436267340000 9.12
1436267400000 9.15
1436267460000 9.1679
1436267520000 9.1901
1436267580000 9.18
1436267640000 9.195
1436267700000 9.2141
1436267760000 9.21
1436267820000 9.2169
1436267880000 9.24
1436267940000 9.216
1436268000000 9.2299
1436268060000 9.22
1436268120000 9.18
1436268180000 9.18
1436268240000 9.18
1436268300000 9.2
1436268360000 9.2
1436268480000 9.19
1436268540000 9.19
1436268600000 9.17
1436268660000 9.16
1436268780000 9.16
1436268840000 9.1667
1436268900000 9.16
1436268960000 9.157
1436269080000 9.14
1436269140000 9.16
1436269200000 9.16
1436269260000 9.17
1436269320000 9.1701
1436269380000 9.19
1436269440000 9.2
1436269500000 9.228
1436269560000 9.2042
1436269620000 9.21
1436269680000 9.22
1436269740000 9.22
1436269800000 9.23
1436269860000 9.2765
1436269920000 9.27
1436269980000 9.28
1436270040000 9.3
1436270100000 9.2965
1436270160000 9.288
1436270220000 9.33
1436270280000 9.31
1436270340000 9.315
1436270400000 9.31
1436270460000 9.301
1436270520000 9.29
1436270580000 9.31
1436270640000 9.3179
1436270700000 9.32
1436270760000 9.33
1436270820000 9.3599
1436270880000 9.34
1436270940000 9.35
1436271000000 9.36
1436271060000 9.36
1436271120000 9.3417
1436271180000 9.32
1436271240000 9.321
1436271300000 9.311
1436271360000 9.3199
1436271420000 9.3001
1436271540000 9.3199
1436271600000 9.3
1436271720000 9.299
1436271780000 9.298
1436271840000 9.29
1436271900000 9.28
1436271960000 9.2817
1436272020000 9.32
1436272140000 9.31
1436272200000 9.315
1436272320000 9.35
1436272380000 9.36
1436272440000 9.36
1436272500000 9.37
1436272560000 9.36
1436272620000 9.37
1436272680000 9.36
1436272740000 9.38
1436272800000 9.38
1436272860000 9.371
1436272920000 9.3934
1436272980000 9.3965
1436273040000 9.39
1436273100000 9.391
1436273160000 9.41
1436273220000 9.41
1436273280000 9.43
1436273340000 9.43
1436273400000 9.42
1436273460000 9.42
1436273580000 9.42
1436273640000 9.42
1436273700000 9.43
1436273760000 9.42
1436273820000 9.43
1436273880000 9.45
1436273940000 9.446
1436274000000 9.45
1436274060000 9.46
1436274120000 9.45
1436274180000 9.46
1436274240000 9.45
1436274300000 9.46
1436274360000 9.45
1436274420000 9.42
1436274480000 9.41
1436274540000 9.42
1436274600000 9.41
1436274660000 9.411
1436274720000 9.44
1436274780000 9.4599
1436274840000 9.44
1436274900000 9.459
1436274960000 9.43
1436275020000 9.42
1436275080000 9.412
1436275140000 9.438
1436275200000 9.438
1436275260000 9.43
1436275320000 9.418
1436275380000 9.41
1436275440000 9.41
1436275560000 9.42
1436275620000 9.41
1436275680000 9.41
1436275740000 9.41
1436275800000 9.42
1436275860000 9.428
1436275920000 9.41
1436275980000 9.4099
1436276040000 9.39
1436276100000 9.4067
1436276160000 9.41
1436276220000 9.403
1436276280000 9.39
1436276340000 9.375
1436276400000 9.38
1436276520000 9.37
1436276580000 9.37
1436276640000 9.39
1436276700000 9.399
1436276760000 9.39
1436276820000 9.36
1436276880000 9.3572
1436276940000 9.3799
1436277000000 9.37
1436277060000 9.35
1436277120000 9.34
1436277180000 9.3365
1436277240000 9.33
1436277300000 9.3101
1436277360000 9.31
1436277420000 9.31
1436277540000 9.31
1436277600000 9.35
1436277660000 9.34
1436277720000 9.3499
1436277780000 9.33
1436277840000 9.3445
1436277900000 9.34
1436277960000 9.3399
1436278020000 9.331
1436278080000 9.3304
1436278140000 9.3201
1436278200000 9.34
1436278260000 9.346
1436278320000 9.35
1436278380000 9.35
1436278440000 9.35
1436278500000 9.35
1436278560000 9.3499
1436278620000 9.36
1436278680000 9.36
1436278740000 9.36
1436278800000 9.341
1436278860000 9.35
1436278920000 9.34
1436278980000 9.33
1436279040000 9.34
1436279100000 9.36
1436279160000 9.37
1436279220000 9.3699
1436279280000 9.37
1436279340000 9.367
1436279400000 9.36
1436279460000 9.3679
1436279520000 9.37
1436279580000 9.38
1436279640000 9.375
1436279700000 9.35
1436279760000 9.34
1436279820000 9.34
1436279880000 9.35
1436279940000 9.36
1436280000000 9.37
1436280060000 9.37
1436280120000 9.3899
1436280180000 9.39
1436280240000 9.39
1436280300000 9.39
1436280360000 9.39
1436280420000 9.427
1436280480000 9.425
1436280540000 9.42
1436280600000 9.41
1436280660000 9.4167
1436280720000 9.4128
1436280780000 9.4101
1436280840000 9.4128
1436280900000 9.41
1436280960000 9.43
1436281020000 9.435
1436281080000 9.45
1436281140000 9.47
1436281200000 9.48
1436281260000 9.46
1436281320000 9.45
1436281380000 9.45
1436281440000 9.45
1436281500000 9.47
1436281560000 9.44
1436281620000 9.4353
