1436261880000 14.28
1436262240000 14.157
1436264100000 14.1
1436264160000 14.15
1436264880000 14.16
1436265420000 14.08
1436265540000 14.13
1436265900000 14.05
1436266140000 14.058
1436266200000 14.05
1436266260000 14.05
1436266320000 14.05
1436266380000 14.05
1436266440000 14.05
1436266500000 14.05
1436266560000 14.05
1436266620000 14.05
1436266740000 14.04
1436266800000 14.03
1436268000000 13.99
1436268540000 13.99
1436268840000 13.94
1436268900000 13.94
1436269080000 13.94
1436269140000 13.91
1436269260000 13.94
1436269380000 13.97
1436269440000 13.96
1436269500000 13.97
1436269560000 13.961
1436269800000 13.97
1436269860000 13.97
1436269920000 13.93
1436269980000 13.93
1436270040000 13.945
1436270100000 13.94
1436270220000 13.97
1436270400000 13.95
1436270460000 13.95
1436270520000 13.93
1436270580000 13.93
1436270640000 13.93
1436271480000 13.9
1436271780000 13.93
1436271960000 13.94
1436272080000 13.97
1436272200000 13.99
1436272260000 13.95
1436272320000 13.93
1436272380000 13.94
1436272680000 13.945
1436272740000 13.97
1436272860000 13.93
1436272920000 13.931
1436272980000 13.95
1436273460000 13.9401
1436273700000 13.99
1436273880000 13.96
1436274240000 13.99
1436274780000 14.01
1436275260000 14.0
1436275860000 14.01
1436276220000 14.05
1436276280000 14.0449
1436276640000 14.035
1436276700000 14.05
1436278920000 13.96
1436279460000 14.04
1436279520000 14.04
1436279580000 14.07
1436279700000 14.06
1436280180000 14.16
1436280240000 14.21
1436280420000 14.25
1436280540000 14.2246
1436280780000 14.2
1436281080000 14.24
