1436261400000 14.49
1436261460000 14.51
1436261520000 14.5
1436261580000 14.5
1436261640000 14.5
1436261700000 14.5
1436261760000 14.5
1436261820000 14.506
1436261880000 14.5
1436261940000 14.5
1436262180000 14.5
1436262300000 14.51
1436262360000 14.51
1436262480000 14.51
1436262600000 14.51
1436262780000 14.51
1436262900000 14.5
1436263020000 14.49
1436263080000 14.5
1436263260000 14.5
1436263380000 14.51
1436263440000 14.51
1436263500000 14.5
1436263560000 14.51
1436263620000 14.52
1436263680000 14.49
1436263800000 14.5
1436263980000 14.5
1436264040000 14.5
1436264100000 14.5
1436264220000 14.5
1436264280000 14.51
1436264340000 14.5
1436264400000 14.5
1436264460000 14.49
1436264520000 14.44
1436264580000 14.4401
1436264640000 14.4465
1436264700000 14.44
1436264760000 14.42
1436264820000 14.43
1436264880000 14.42
1436264940000 14.42
1436265000000 14.42
1436265060000 14.43
1436265180000 14.44
1436265240000 14.45
1436265360000 14.44
1436265420000 14.435
1436265480000 14.43
1436265540000 14.43
1436265600000 14.43
1436265660000 14.45
1436265720000 14.44
1436265780000 14.435
1436265840000 14.43
1436265900000 14.44
1436265960000 14.4485
1436266020000 14.4421
1436266080000 14.445
1436266200000 14.45
1436266260000 14.4465
1436266320000 14.45
1436266380000 14.45
1436266440000 14.45
1436266500000 14.45
1436266620000 14.44
1436266680000 14.44
1436266740000 14.42
1436266800000 14.42
1436266860000 14.42
1436266920000 14.43
1436266980000 14.44
1436267040000 14.43
1436267100000 14.43
1436267160000 14.43
1436267220000 14.4309
1436267280000 14.4393
1436267340000 14.43
1436267400000 14.4301
1436267460000 14.435
1436267520000 14.44
1436267580000 14.45
1436267640000 14.45
1436267760000 14.4493
1436267820000 14.45
1436267880000 14.445
1436267940000 14.45
1436268000000 14.43
1436268060000 14.41
1436268180000 14.43
1436268240000 14.447
1436268300000 14.44
1436268360000 14.4485
1436268420000 14.4493
1436268480000 14.43
1436268540000 14.42
1436268600000 14.45
1436268660000 14.46
1436268720000 14.467
1436268900000 14.44
1436268960000 14.4393
1436269020000 14.44
1436269080000 14.4486
1436269140000 14.44
1436269200000 14.47
1436269320000 14.48
1436269380000 14.4979
1436269500000 14.48
1436269680000 14.4793
1436269860000 14.485
1436270040000 14.485
1436270100000 14.49
1436270160000 14.49
1436270220000 14.5144
1436270280000 14.515
1436270400000 14.52
1436270460000 14.52
1436270520000 14.515
1436270580000 14.52
1436270640000 14.515
1436270700000 14.515
1436270820000 14.5
1436270880000 14.495
1436271060000 14.495
1436271120000 14.475
1436271300000 14.47
1436271360000 14.48
1436271420000 14.49
1436271480000 14.5155
1436271660000 14.5
1436271840000 14.5013
1436271900000 14.547
1436271960000 14.53
1436272020000 14.54
1436272080000 14.5486
1436272140000 14.54
1436272260000 14.52
1436272320000 14.52
1436272500000 14.52
1436272560000 14.51
1436272620000 14.5
1436272680000 14.51
1436272740000 14.53
1436272800000 14.54
1436272920000 14.54
1436272980000 14.55
1436273100000 14.515
1436273160000 14.5201
1436273280000 14.543
1436273340000 14.53
1436273400000 14.53
1436273520000 14.52
1436273580000 14.54
1436273700000 14.55
1436273760000 14.54
1436273880000 14.56
1436273940000 14.59
1436274000000 14.5886
1436274060000 14.57
1436274120000 14.5701
1436274180000 14.59
1436274300000 14.56
1436274360000 14.55
1436274420000 14.55
1436274480000 14.55
1436274600000 14.55
1436274720000 14.57
1436274780000 14.59
1436274840000 14.62
1436274900000 14.64
1436274960000 14.6
1436275020000 14.62
1436275140000 14.6
1436275200000 14.6
1436275320000 14.59
1436275440000 14.59
1436275500000 14.61
1436275620000 14.59
1436275740000 14.58
1436275800000 14.585
1436275920000 14.56
1436275980000 14.58
1436276100000 14.58
1436276340000 14.58
1436276400000 14.58
1436276520000 14.57
1436276580000 14.58
1436276640000 14.58
1436276700000 14.61
1436276820000 14.6
1436276880000 14.585
1436276940000 14.58
1436277000000 14.58
1436277240000 14.58
1436277300000 14.58
1436277360000 14.58
1436277420000 14.58
1436277480000 14.57
1436277540000 14.55
1436277600000 14.57
1436277660000 14.59
1436277780000 14.59
1436277960000 14.5801
1436278260000 14.585
1436278380000 14.59
1436278440000 14.585
1436278500000 14.58
1436278680000 14.5893
1436278740000 14.57
1436278800000 14.57
1436278920000 14.55
1436279040000 14.56
1436279100000 14.56
1436279340000 14.57
1436279400000 14.57
1436279520000 14.57
1436279580000 14.58
1436279640000 14.5835
1436279700000 14.5865
1436279820000 14.58
1436279880000 14.59
1436280060000 14.61
1436280180000 14.63
1436280300000 14.63
1436280420000 14.64
1436280480000 14.6493
1436280600000 14.64
1436280780000 14.635
1436280900000 14.64
1436281080000 14.65
1436281140000 14.67
1436281200000 14.66
1436281260000 14.66
1436281320000 14.66
1436281380000 14.65
1436281500000 14.64
1436281560000 14.64
