1436261400000 62.2
1436261580000 62.58
1436261700000 62.14
1436261760000 62.15
1436261820000 62.15
1436261880000 62.27
1436262000000 62.1501
1436262060000 62.21
1436262120000 62.19
1436262180000 62.4
1436262240000 62.34
1436262300000 62.17
1436262360000 62.0
1436262480000 62.11
1436262540000 62.18
1436262660000 62.2225
1436262720000 62.3
1436262960000 62.26
1436263020000 62.15
1436263080000 62.08
1436263140000 62.17
1436263260000 62.15
1436263320000 62.18
1436263380000 62.31
1436263440000 62.27
1436263500000 62.27
1436263560000 62.2
1436263620000 62.26
1436263680000 62.23
1436263740000 62.11
1436263800000 61.985
1436263860000 61.95
1436263920000 61.82
1436263980000 61.88
1436264040000 61.85
1436264100000 61.6925
1436264160000 61.3
1436264220000 61.48
1436264280000 61.5
1436264340000 61.46
1436264400000 61.47
1436264460000 61.45
1436264520000 61.585
1436264580000 61.6115
1436264700000 61.55
1436264760000 61.5424
1436264820000 61.54
1436264880000 61.53
1436264940000 61.54
1436265000000 61.53
1436265060000 61.53
1436265120000 61.53
1436265180000 61.55
1436265240000 61.53
1436265300000 61.5672
1436265360000 61.54
1436265540000 61.23
1436265660000 61.06
1436265720000 61.06
1436265780000 61.0
1436265840000 61.065
1436265900000 61.02
1436265960000 61.02
1436266020000 60.85
1436266080000 60.93
1436266140000 60.895
1436266260000 60.8
1436266320000 60.87
1436266440000 60.96
1436266500000 61.03
1436266560000 60.99
1436266620000 61.0
1436266740000 60.97
1436266800000 60.9
1436266920000 60.875
1436267040000 60.83
1436267100000 60.82
1436267160000 60.69
1436267220000 60.765
1436267340000 60.74
1436267400000 60.74
1436267460000 60.92
1436267520000 60.86
1436267580000 60.78
1436267760000 60.78
1436267820000 60.86
1436267880000 60.76
1436267940000 60.77
1436268000000 60.81
1436268060000 60.78
1436268120000 60.79
1436268360000 60.73
1436268480000 60.73
1436268540000 60.73
1436268600000 60.51
1436268660000 60.53
1436268720000 60.56
1436268780000 60.53
1436268840000 60.45
1436268900000 60.35
1436268960000 60.425
1436269020000 60.4
1436269080000 60.42
1436269140000 60.48
1436269200000 60.49
1436269260000 60.6
1436269320000 60.66
1436269440000 60.78
1436269560000 60.69
1436269620000 60.7
1436269680000 60.72
1436269740000 60.58
1436269860000 60.57
1436269920000 60.52
1436269980000 60.52
1436270040000 60.51
1436270100000 60.52
1436270160000 60.54
1436270220000 60.8
1436270280000 60.78
1436270340000 60.71
1436270400000 60.65
1436270460000 60.695
1436270640000 60.78
1436270700000 60.83
1436270940000 60.89
1436271060000 60.85
1436271120000 60.94
1436271240000 61.04
1436271300000 61.05
1436271660000 61.1
1436271780000 61.11
1436271840000 61.07
1436271900000 61.01
1436272140000 61.0
1436272200000 61.11
1436272260000 61.14
1436272620000 61.22
1436272800000 61.27
1436272920000 61.32
1436272980000 61.24
1436273160000 61.36
1436273220000 61.41
1436273340000 61.53
1436273640000 61.54
1436273760000 61.58
1436273820000 61.63
1436273880000 61.76
1436273940000 61.86
1436274120000 61.8
1436274180000 61.7
1436274240000 61.64
1436274300000 61.74
1436274420000 61.75
1436274660000 61.68
1436274720000 61.7
1436274780000 61.82
1436274840000 61.87
1436274960000 61.78
1436275020000 61.67
1436275140000 61.52
1436275200000 61.56
1436275260000 61.65
1436275320000 61.67
1436275500000 61.72
1436275560000 61.73
1436275680000 61.66
1436275740000 61.65
1436275860000 61.63
1436275920000 61.49
1436275980000 61.49
1436276040000 61.38
1436276100000 61.43
1436276160000 61.38
1436276280000 61.39
1436276340000 61.4
1436276400000 61.39
1436276460000 61.34
1436276520000 61.34
1436276580000 61.35
1436276640000 61.45
1436276700000 61.55
1436276760000 61.49
1436277000000 61.51
1436277120000 61.49
1436277180000 61.5
1436277240000 61.49
1436277420000 61.36
1436277480000 61.46
1436277540000 61.37
1436277600000 61.33
1436277660000 61.35
1436277720000 61.35
1436277780000 61.28
1436277900000 61.29
1436277960000 61.37
1436278020000 61.28
1436278080000 61.28
1436278200000 61.31
1436278260000 61.49
1436278320000 61.52
1436278500000 61.52
1436278560000 61.47
1436278620000 61.42
1436278680000 61.46
1436278740000 61.36
1436278800000 61.36
1436278860000 61.3
1436278920000 61.19
1436278980000 61.19
1436279040000 61.14
1436279100000 61.14
1436279160000 61.14
1436279220000 61.13
1436279280000 61.08
1436279340000 61.07
1436279400000 61.07
1436279460000 61.02
1436279520000 61.05
1436279580000 61.11
1436279640000 61.14
1436279700000 61.14
1436279760000 61.15
1436279880000 61.12
1436279940000 61.02
1436280180000 61.33
1436280540000 61.55
1436280600000 61.55
1436280660000 61.56
1436280720000 61.61
1436280780000 61.75
1436280840000 61.82
1436280900000 61.85
1436280960000 61.82
1436281080000 62.08
1436281140000 62.12
1436281260000 62.43
1436281320000 62.33
1436281380000 62.28
1436281440000 62.33
1436281500000 62.35
1436281560000 62.38
