1436261400000 15.05
1436261460000 14.5
1436261640000 14.51
1436261700000 14.51
1436261760000 14.54
1436261820000 14.565
1436261940000 14.55
1436262060000 14.5
1436262120000 14.47
1436262180000 14.53
1436262360000 14.62
1436262480000 14.51
1436262600000 14.4299
1436262720000 14.23
1436262780000 14.24
1436263200000 14.24
1436263260000 14.24
1436263320000 14.23
1436263380000 14.05
1436263560000 14.08
1436263680000 14.02
1436263800000 13.88
1436263860000 13.88
1436263920000 13.75
1436263980000 13.73
1436264040000 13.58
1436264160000 13.503
1436264220000 13.505
1436264280000 13.5
1436264340000 13.5
1436264400000 13.53
1436264460000 13.52
1436264520000 13.5
1436264580000 13.51
1436264640000 13.55
1436264700000 13.72
1436264820000 13.52
1436264880000 13.51
1436264940000 13.51
1436265000000 13.53
1436265120000 13.52
1436265180000 13.705
1436265300000 13.52
1436265360000 13.6145
1436265420000 13.625
1436265480000 13.5965
1436265540000 13.52
1436265660000 13.29
1436265780000 13.38
1436265960000 13.375
1436266020000 13.3001
1436266080000 13.37
1436266140000 13.37
1436266200000 13.44
1436266380000 13.66
1436266800000 13.62
1436266920000 13.74
1436266980000 13.61
1436267040000 13.61
1436267100000 13.67
1436267160000 13.61
1436267340000 13.55
1436267400000 13.5
1436267460000 13.535
1436267520000 13.61
1436267580000 13.6
1436267640000 13.555
1436267820000 13.585
1436267880000 13.6099
1436268060000 13.86
1436268180000 13.84
1436268240000 13.82
1436268720000 13.79
1436268780000 13.8
1436269080000 13.83
1436269140000 13.74
1436269320000 13.7
1436269500000 13.62
1436269560000 13.62
1436269620000 13.63
1436269800000 13.69
1436269860000 13.69
1436270100000 13.68
1436270340000 13.7088
1436270460000 13.68
1436270580000 13.72
1436270640000 13.65
1436270880000 13.64
1436271060000 13.63
1436271120000 13.6
1436271300000 13.59
1436271420000 13.54
1436271480000 13.54
1436271540000 13.59
1436271600000 13.6
1436271660000 13.6
1436271780000 13.6861
1436271840000 13.66
1436271900000 13.855
1436272140000 13.71
1436272620000 13.79
1436272680000 13.8
1436272800000 13.8
1436272920000 13.82
1436273040000 13.81
1436273100000 13.81
1436273280000 13.87
1436273340000 13.8
1436273520000 13.83
1436273580000 13.825
1436273640000 13.95
1436273940000 13.94
1436274000000 14.02
1436274300000 13.93
1436274360000 13.93
1436274420000 13.9
1436274480000 13.96
1436274540000 14.07
1436274600000 14.05
1436275020000 14.05
1436275140000 14.11
1436275440000 14.05
1436275500000 14.08
1436275560000 14.155
1436275740000 14.15
1436276040000 14.16
1436276160000 14.2
1436276220000 14.18
1436276280000 14.15
1436276760000 14.17
1436276820000 14.17
1436277240000 14.28
1436277360000 14.42
1436277420000 14.485
1436277960000 14.415
1436278020000 14.46
1436278320000 14.49
1436278500000 14.49
1436278560000 14.47
1436278740000 14.46
1436278860000 14.42
1436278920000 14.35
1436278980000 14.25
1436279040000 14.18
1436279220000 14.25
1436279400000 14.241
1436279700000 14.15
1436279820000 14.2
1436279940000 14.195
1436280000000 14.204
1436280180000 14.18
1436280240000 14.23
1436280300000 14.21
1436280480000 14.23
1436280540000 14.215
1436280720000 14.215
1436280900000 14.215
1436281140000 14.18
1436281320000 14.15
1436281440000 14.15
1436281500000 14.18
