1436261400000 42.99
1436261520000 42.66
1436261580000 42.75
1436261640000 42.66
1436261700000 42.56
1436261820000 42.32
1436261880000 42.33
1436261940000 42.39
1436262120000 42.38
1436262180000 42.47
1436262300000 42.49
1436262420000 42.5289
1436262480000 42.42
1436262600000 42.46
1436262660000 42.39
1436262720000 42.46
1436262840000 42.68
1436262960000 42.55
1436263080000 42.48
1436263140000 42.46
1436263200000 42.55
1436263260000 42.48
1436263500000 42.48
1436263620000 42.43
1436263680000 42.4
1436263740000 42.43
1436263860000 42.65
1436263920000 42.65
1436263980000 42.53
1436264100000 42.58
1436264220000 42.43
1436264280000 42.505
1436264340000 42.49
1436264400000 42.47
1436264460000 42.47
1436264520000 42.5
1436264700000 42.45
1436264760000 42.42
1436264820000 42.38
1436264880000 42.37
1436264940000 42.4
1436265000000 42.41
1436265120000 42.38
1436265240000 42.33
1436265300000 42.25
1436265420000 42.18
1436265480000 42.21
1436265540000 42.25
1436265600000 42.17
1436265660000 42.1
1436265720000 42.11
1436265780000 42.11
1436265840000 42.16
1436265960000 42.155
1436266020000 42.2
1436266080000 42.248
1436266140000 42.3296
1436266200000 42.31
1436266320000 42.32
1436266380000 42.37
1436266440000 42.45
1436266500000 42.42
1436266680000 42.4
1436266740000 42.38
1436266800000 42.32
1436266860000 42.3
1436266920000 42.32
1436266980000 42.28
1436267040000 42.37
1436267100000 42.38
1436267160000 42.37
1436267220000 42.365
1436267280000 42.37
1436267340000 42.36
1436267400000 42.4
1436267460000 42.26
1436267520000 42.29
1436267640000 42.205
1436267700000 42.205
1436267760000 42.22
1436267820000 42.22
1436267880000 42.19
1436267940000 42.155
1436268000000 42.15
1436268060000 42.13
1436268300000 42.16
1436268360000 42.23
1436268420000 42.24
1436268480000 42.33
1436268540000 42.32
1436268600000 42.32
1436268660000 42.29
1436268720000 42.35
1436268780000 42.45
1436268840000 42.36
1436268900000 42.32
1436269020000 42.35
1436269200000 42.39
1436269320000 42.35
1436269440000 42.42
1436269560000 42.3
1436269740000 42.29
1436269800000 42.29
1436269920000 42.325
1436269980000 42.34
1436270040000 42.29
1436270160000 42.51
1436270220000 42.67
1436270340000 42.71
1436270400000 42.68
1436270580000 42.595
1436270640000 42.64
1436270700000 42.62
1436270940000 42.57
1436271060000 42.4903
1436271180000 42.46
1436271300000 42.46
1436271420000 42.39
1436271720000 42.39
1436271900000 42.39
1436271960000 42.39
1436272140000 42.48
1436272200000 42.441
1436272260000 42.49
1436272320000 42.54
1436272380000 42.57
1436272500000 42.6
1436272620000 42.51
1436272680000 42.56
1436272740000 42.5999
1436272800000 42.49
1436272860000 42.6
1436273040000 42.6
1436273160000 42.71
1436273220000 42.75
1436273400000 42.65
1436273520000 42.7
1436273580000 42.705
1436273700000 42.6723
1436273760000 42.67
1436273820000 42.75
1436273880000 42.76
1436274120000 42.78
1436274180000 42.735
1436274240000 42.79
1436274300000 42.76
1436274360000 42.75
1436274480000 42.77
1436274540000 42.73
1436274600000 42.73
1436274720000 42.77
1436274960000 42.75
1436275020000 42.66
1436275200000 42.73
1436275320000 42.66
1436275380000 42.69
1436275440000 42.7
1436275500000 42.65
1436275800000 42.7
1436275860000 42.68
1436275920000 42.75
1436275980000 42.7
1436276040000 42.71
1436276400000 42.65
1436276520000 42.645
1436276640000 42.68
1436276700000 42.64
1436276760000 42.69
1436276820000 42.68
1436276880000 42.63
1436276940000 42.64
1436277000000 42.63
1436277120000 42.6
1436277180000 42.6
1436277300000 42.6
1436277360000 42.56
1436277420000 42.62
1436277480000 42.58
1436277540000 42.62
1436277600000 42.594
1436277840000 42.57
1436277900000 42.57
1436278080000 42.53
1436278200000 42.53
1436278320000 42.54
1436278500000 42.5319
1436278620000 42.5016
1436278680000 42.5
1436278740000 42.44
1436278800000 42.4
1436279040000 42.4
1436279340000 42.34
1436279580000 42.37
1436279640000 42.3506
1436279820000 42.34
1436280000000 42.31
1436280060000 42.33
1436280120000 42.4
1436280180000 42.42
1436280300000 42.47
1436280420000 42.51
1436280660000 42.45
1436280720000 42.45
1436280780000 42.52
1436280840000 42.53
1436281020000 42.53
1436281080000 42.51
1436281140000 42.6
1436281200000 42.5833
1436281260000 42.66
1436281320000 42.61
1436281440000 42.61
1436281500000 42.59
1436281560000 42.59
