1436261400000 8.69
1436261520000 8.6
1436261580000 8.56
1436261700000 8.52
1436261760000 8.56
1436261820000 8.53
1436261880000 8.4599
1436261940000 8.48
1436262000000 8.48
1436262060000 8.39
1436262120000 8.45
1436262240000 8.466
1436262480000 8.4799
1436262660000 8.46
1436262780000 8.46
1436262840000 8.4999
1436262900000 8.47
1436262960000 8.46
1436263020000 8.43
1436263080000 8.43
1436263140000 8.43
1436263200000 8.43
1436263260000 8.43
1436263320000 8.429
1436263380000 8.39
1436263440000 8.3584
1436263620000 8.38
1436263680000 8.3618
1436263740000 8.36
1436263800000 8.34
1436263920000 8.321
1436263980000 8.34
1436264160000 8.36
1436264220000 8.37
1436264280000 8.365
1436264340000 8.368
1436264400000 8.37
1436264460000 8.3755
1436264700000 8.365
1436264940000 8.3501
1436265060000 8.3584
1436265120000 8.35
1436265180000 8.34
1436265300000 8.31
1436265420000 8.29
1436265540000 8.29
1436265600000 8.2666
1436265660000 8.2546
1436265720000 8.28
1436265780000 8.26
1436265840000 8.33
1436265960000 8.29
1436266020000 8.29
1436266080000 8.282
1436266260000 8.29
1436266320000 8.29
1436266440000 8.31
1436266500000 8.29
1436266560000 8.3
1436266680000 8.32
1436266920000 8.3193
1436267040000 8.31
1436267160000 8.31
1436267220000 8.31
1436267280000 8.301
1436267340000 8.34
1436267400000 8.36
1436267520000 8.34
1436267580000 8.3
1436267640000 8.2501
1436267700000 8.3
1436267820000 8.29
1436267940000 8.3
1436268120000 8.29
1436268240000 8.28
1436268300000 8.29
1436268360000 8.28
1436268480000 8.28
1436268540000 8.2801
1436268600000 8.27
1436268660000 8.21
1436268840000 8.18
1436268900000 8.17
1436269140000 8.14
1436269320000 8.11
1436269380000 8.1183
1436269440000 8.13
1436269500000 8.1299
1436269560000 8.12
1436269680000 8.23
1436269860000 8.21
1436270100000 8.2299
1436270220000 8.23
1436270520000 8.24
1436270580000 8.249
1436270640000 8.21
1436270700000 8.21
1436270760000 8.2
1436270820000 8.2
1436270880000 8.19
1436271360000 8.1738
1436271420000 8.16
1436271480000 8.15
1436271540000 8.16
1436271600000 8.17
1436271840000 8.21
1436271900000 8.21
1436271960000 8.21
1436272020000 8.21
1436272140000 8.26
1436272380000 8.25
1436272500000 8.255
1436272980000 8.2
1436273100000 8.21
1436273220000 8.22
1436273460000 8.23
1436273580000 8.24
1436273640000 8.2001
1436273940000 8.24
1436274120000 8.261
1436274180000 8.27
1436274240000 8.26
1436274360000 8.25
1436274780000 8.25
1436274840000 8.25
1436275020000 8.25
1436275260000 8.201
1436275440000 8.2184
1436275500000 8.21
1436275740000 8.2
1436275980000 8.19
1436276220000 8.1932
1436276280000 8.2099
1436276460000 8.17
1436276640000 8.18
1436276760000 8.18
1436277060000 8.1964
1436277240000 8.17
1436277480000 8.17
1436277540000 8.2
1436277600000 8.1949
1436277720000 8.185
1436277960000 8.19
1436278260000 8.18
1436278380000 8.1999
1436278620000 8.2
1436278680000 8.2
1436278860000 8.19
1436278920000 8.19
1436279160000 8.195
1436279340000 8.2
1436279880000 8.206
1436280300000 8.2
1436280480000 8.21
1436280840000 8.23
1436280900000 8.23
1436281080000 8.25
1436281200000 8.26
1436281260000 8.2505
1436281500000 8.27
