1436261400000 46.08
1436261580000 46.006
1436261640000 45.79
1436261700000 45.77
1436261760000 45.51
1436261820000 45.52
1436261880000 45.52
1436261940000 45.43
1436262000000 45.39
1436262060000 45.46
1436262120000 45.45
1436262240000 45.49
1436262300000 45.47
1436262360000 45.43
1436262480000 45.47
1436262540000 45.36
1436262600000 45.27
1436262660000 45.33
1436262720000 45.29
1436262780000 45.27
1436262840000 45.28
1436262900000 45.27
1436262960000 45.23
1436263020000 45.21
1436263080000 45.18
1436263140000 45.05
1436263200000 45.06
1436263260000 45.1
1436263380000 45.06
1436263440000 45.0
1436263500000 45.0
1436263560000 44.92
1436263620000 44.91
1436263680000 44.85
1436263740000 44.79
1436263800000 44.76
1436263860000 44.925
1436263920000 44.94
1436263980000 44.93
1436264040000 44.91
1436264100000 44.89
1436264160000 44.88
1436264220000 44.88
1436264280000 44.9
1436264340000 44.92
1436264400000 44.87
1436264460000 44.88
1436264520000 44.8899
1436264580000 44.89
1436264640000 44.92
1436264700000 44.92
1436264760000 44.91
1436264820000 44.94
1436264880000 44.9188
1436264940000 44.94
1436265000000 44.99
1436265060000 44.99
1436265120000 44.935
1436265240000 44.92
1436265300000 44.94
1436265360000 44.93
1436265420000 44.95
1436265480000 44.8794
1436265540000 44.82
1436265600000 44.805
1436265660000 44.78
1436265780000 44.68
1436265840000 44.68
1436265900000 44.69
1436265960000 44.69
1436266080000 44.72
1436266140000 44.73
1436266200000 44.74
1436266260000 44.765
1436266320000 44.77
1436266380000 44.75
1436266440000 44.75
1436266500000 44.73
1436266560000 44.68
1436266620000 44.73
1436266680000 44.7
1436266740000 44.69
1436266800000 44.69
1436266860000 44.68
1436266980000 44.73
1436267040000 44.74
1436267100000 44.72
1436267160000 44.71
1436267220000 44.71
1436267280000 44.7
1436267400000 44.73
1436267460000 44.75
1436267520000 44.7599
1436267580000 44.75
1436267640000 44.74
1436267700000 44.75
1436267760000 44.74
1436267820000 44.7399
1436267880000 44.74
1436267940000 44.74
1436268000000 44.75
1436268060000 44.7399
1436268120000 44.69
1436268180000 44.71
1436268240000 44.72
1436268300000 44.72
1436268360000 44.72
1436268420000 44.75
1436268480000 44.73
1436268540000 44.7
1436268600000 44.73
1436268660000 44.75
1436268720000 44.7
1436268780000 44.75
1436268840000 44.73
1436268900000 44.73
1436268960000 44.7
1436269020000 44.73
1436269080000 44.75
1436269140000 44.75
1436269200000 44.74
1436269260000 44.75
1436269320000 44.75
1436269380000 44.75
1436269440000 44.75
1436269500000 44.75
1436269560000 44.73
1436269680000 44.72
1436269740000 44.71
1436269800000 44.8
1436269860000 44.84
1436269920000 44.84
1436270100000 44.86
1436270160000 44.92
1436270220000 44.99
1436270280000 44.96
1436270340000 44.96
1436270400000 44.98
1436270460000 44.94
1436270520000 44.9
1436270580000 44.93
1436270640000 44.94
1436270700000 44.97
1436270760000 44.94
1436270820000 44.95
1436270880000 44.92
1436271000000 44.93
1436271060000 44.92
1436271180000 44.9
1436271240000 44.9
1436271300000 44.92
1436271360000 44.95
1436271420000 44.92
1436271540000 44.88
1436271600000 44.91
1436271660000 44.93
1436271720000 44.96
1436271780000 44.94
1436271840000 44.93
1436271900000 44.93
1436271960000 44.96
1436272020000 45.0
1436272080000 44.971
1436272140000 44.97
1436272200000 45.0
1436272260000 45.0
1436272320000 44.99
1436272380000 45.0
1436272440000 44.99
1436272500000 45.0
1436272680000 44.99
1436272740000 45.03
1436272800000 45.05
1436272860000 45.06
1436272920000 45.05
1436272980000 45.025
1436273040000 45.03
1436273100000 45.05
1436273220000 45.12
1436273280000 45.16
1436273400000 45.16
1436273460000 45.21
1436273640000 45.18
1436273760000 45.22
1436273820000 45.24
1436273880000 45.23
1436273940000 45.23
1436274000000 45.24
1436274060000 45.23
1436274120000 45.19
1436274180000 45.19
1436274240000 45.19
1436274360000 45.2
1436274420000 45.16
1436274480000 45.15
1436274600000 45.21
1436274660000 45.23
1436274720000 45.23
1436274780000 45.23
1436274840000 45.24
1436274900000 45.23
1436274960000 45.19
1436275020000 45.14
1436275080000 45.14
1436275200000 45.15
1436275260000 45.16
1436275380000 45.19
1436275440000 45.2
1436275500000 45.2
1436275620000 45.21
1436275680000 45.23
1436275800000 45.25
1436275860000 45.24
1436275920000 45.2
1436275980000 45.19
1436276040000 45.19
1436276100000 45.2
1436276160000 45.21
1436276220000 45.21
1436276340000 45.23
1436276400000 45.23
1436276460000 45.2
1436276520000 45.205
1436276580000 45.25
1436276640000 45.23
1436276700000 45.23
1436276820000 45.24
1436276880000 45.22
1436276940000 45.24
1436277000000 45.23
1436277060000 45.21
1436277120000 45.22
1436277180000 45.22
1436277240000 45.22
1436277300000 45.23
1436277360000 45.205
1436277420000 45.22
1436277480000 45.21
1436277540000 45.23
1436277600000 45.245
1436277660000 45.23
1436277720000 45.23
1436277780000 45.21
1436277900000 45.21
1436277960000 45.21
1436278020000 45.22
1436278080000 45.22
1436278140000 45.24
1436278200000 45.25
1436278260000 45.23
1436278320000 45.225
1436278380000 45.23
1436278500000 45.22
1436278620000 45.2
1436278680000 45.185
1436278740000 45.17
1436278860000 45.13
1436278920000 45.1
1436278980000 45.1
1436279040000 45.12
1436279100000 45.14
1436279160000 45.15
1436279220000 45.14
1436279340000 45.15
1436279460000 45.12
1436279520000 45.13
1436279580000 45.15
1436279640000 45.12
1436279700000 45.12
1436279760000 45.11
1436279820000 45.12
1436279880000 45.11
1436279940000 45.13
1436280000000 45.12
1436280060000 45.13
1436280120000 45.18
1436280180000 45.14
1436280240000 45.23
1436280300000 45.23
1436280360000 45.23
1436280420000 45.29
1436280480000 45.29
1436280540000 45.3
1436280600000 45.3
1436280660000 45.3
1436280780000 45.31
1436280840000 45.32
1436280900000 45.32
1436280960000 45.29
1436281020000 45.31
1436281080000 45.34
1436281140000 45.44
1436281200000 45.44
1436281260000 45.44
1436281320000 45.43
1436281440000 45.41
1436281500000 45.44
1436281560000 45.41
