1436261400000 87.11
1436261520000 87.05
1436261580000 87.04
1436261640000 86.87
1436261760000 86.85
1436261820000 86.87
1436261940000 87.05
1436262000000 86.89
1436262060000 86.89
1436262180000 86.91
1436262240000 86.9
1436262300000 86.875
1436262360000 86.81
1436262480000 86.9
1436262600000 86.77
1436262660000 86.83
1436262720000 86.89
1436262900000 86.91
1436263020000 86.92
1436263140000 86.71
1436263200000 86.618
1436263320000 86.75
1436263380000 86.78
1436263440000 86.74
1436263500000 86.69
1436263560000 86.69
1436263620000 86.74
1436263680000 86.63
1436263740000 86.72
1436263800000 86.71
1436263860000 86.7
1436263920000 86.68
1436263980000 86.65
1436264040000 86.71
1436264220000 86.46
1436264280000 86.46
1436264340000 86.52
1436264400000 86.695
1436264460000 86.55
1436264520000 86.49
1436264640000 86.46
1436264700000 86.27
1436264760000 86.18
1436264820000 86.11
1436264880000 86.05
1436264940000 86.19
1436265000000 86.26
1436265060000 86.24
1436265120000 86.19
1436265180000 86.29
1436265240000 86.27
1436265300000 86.24
1436265360000 86.17
1436265420000 86.04
1436265480000 85.935
1436265540000 85.84
1436265600000 85.83
1436265660000 85.79
1436265720000 85.72
1436265780000 85.68
1436265840000 85.61
1436265900000 85.59
1436265960000 85.73
1436266020000 85.87
1436266080000 85.84
1436266140000 85.82
1436266200000 85.85
1436266260000 85.76
1436266320000 85.65
1436266380000 85.8
1436266500000 85.8
1436266560000 85.69
1436266620000 85.86
1436266680000 85.92
1436266740000 85.88
1436266800000 85.83
1436266860000 85.73
1436266920000 85.8
1436266980000 85.8
1436267040000 85.74
1436267100000 85.695
1436267160000 85.64
1436267280000 85.66
1436267340000 85.661
1436267400000 85.64
1436267460000 85.69
1436267520000 85.72
1436267580000 85.71
1436267640000 85.65
1436267700000 85.57
1436267760000 85.69
1436267820000 85.7
1436267880000 85.68
1436267940000 85.705
1436268000000 85.7
1436268120000 85.53
1436268180000 85.53
1436268240000 85.67
1436268300000 85.56
1436268420000 85.54
1436268480000 85.5
1436268540000 85.4
1436268600000 85.354
1436268660000 85.43
1436268720000 85.35
1436268780000 85.4999
1436268840000 85.32
1436268900000 85.3899
1436268960000 85.41
1436269020000 85.5
1436269140000 85.5
1436269200000 85.47
1436269260000 85.52
1436269320000 85.5
1436269380000 85.49
1436269440000 85.58
1436269560000 85.56
1436269620000 85.58
1436269680000 85.56
1436269740000 85.57
1436269860000 85.56
1436270040000 85.75
1436270100000 85.78
1436270160000 85.85
1436270220000 85.94
1436270280000 85.96
1436270400000 85.97
1436270460000 85.89
1436270520000 85.89
1436270580000 85.98
1436270640000 86.025
1436270700000 86.0
1436270760000 86.03
1436270940000 85.96
1436271000000 85.91
1436271060000 85.91
1436271180000 85.84
1436271240000 85.9
1436271300000 85.9
1436271420000 85.99
1436271540000 85.96
1436271600000 86.02
1436271660000 86.0
1436271720000 86.025
1436271780000 86.06
1436271840000 85.99
1436271900000 86.03
1436271960000 86.01
1436272020000 86.01
1436272080000 86.01
1436272140000 85.95
1436272200000 85.9783
1436272260000 86.01
1436272380000 85.98
1436272500000 86.02
1436272560000 86.01
1436272620000 86.01
1436272680000 86.05
1436272800000 86.05
1436272860000 86.05
1436272980000 85.99
1436273040000 85.96
1436273160000 86.09
1436273220000 86.105
1436273280000 86.06
1436273340000 86.07
1436273400000 86.02
1436273580000 85.97
1436273640000 86.02
1436273700000 86.01
1436273760000 86.06
1436273820000 86.07
1436273880000 86.17
1436273940000 86.1
1436274000000 86.1
1436274060000 86.101
1436274120000 86.11
1436274180000 86.06
1436274300000 86.03
1436274360000 86.0
1436274420000 86.01
1436274480000 86.05
1436274540000 86.15
1436274600000 86.08
1436274660000 86.08
1436274720000 86.17
1436274780000 86.17
1436274840000 86.08
1436274960000 86.13
1436275020000 86.055
1436275080000 86.06
1436275140000 86.15
1436275200000 86.2
1436275260000 86.14
1436275380000 86.13
1436275440000 86.27
1436275500000 86.22
1436275560000 86.18
1436275620000 86.16
1436275680000 86.09
1436275740000 86.11
1436275800000 86.2
1436275860000 86.1
1436275920000 86.06
1436275980000 86.11
1436276040000 86.15
1436276160000 86.185
1436276220000 86.16
1436276280000 86.11
1436276340000 86.15
1436276400000 86.16
1436276460000 86.15
1436276520000 86.12
1436276580000 86.08
1436276640000 86.11
1436276700000 86.1
1436276760000 86.09
1436276820000 86.08
1436276880000 86.12
1436276940000 86.09
1436277000000 86.07
1436277060000 86.08
1436277120000 86.02
1436277180000 86.025
1436277240000 86.05
1436277360000 86.12
1436277420000 86.0901
1436277540000 86.13
1436277720000 86.1891
1436277780000 86.11
1436277840000 86.14
1436277960000 86.115
1436278020000 86.135
1436278080000 86.1
1436278200000 86.05
1436278260000 86.045
1436278320000 86.01
1436278440000 86.07
1436278500000 85.97
1436278560000 85.96
1436278620000 85.96
1436278680000 85.98
1436278740000 85.9
1436278800000 85.87
1436278860000 85.82
1436278920000 85.8
1436278980000 85.76
1436279040000 85.75
1436279100000 85.78
1436279160000 85.79
1436279220000 85.855
1436279280000 85.87
1436279340000 85.93
1436279400000 85.88
1436279460000 85.905
1436279520000 85.91
1436279580000 85.915
1436279640000 85.83
1436279700000 85.78
1436279760000 85.835
1436279820000 85.79
1436279880000 85.72
1436280000000 85.955
1436280060000 85.97
1436280120000 85.96
1436280180000 85.99
1436280240000 85.93
1436280360000 86.03
1436280420000 86.03
1436280540000 86.07
1436280600000 86.04
1436280660000 86.0425
1436280720000 86.09
1436280780000 86.1
1436280840000 86.13
1436280900000 86.13
1436281020000 86.2
1436281080000 86.1983
1436281140000 86.26
1436281200000 86.29
1436281260000 86.31
1436281320000 86.23
1436281380000 86.11
1436281440000 86.15
1436281560000 86.13
1436281620000 86.11
