1436261400000 0.25
1436261760000 0.248
1436261880000 0.248
1436262060000 0.2478
1436262600000 0.2479
1436262900000 0.2457
1436263500000 0.2479
1436263560000 0.2478
1436263800000 0.2478
1436263920000 0.2469
1436264160000 0.2451
1436264400000 0.2456
1436264820000 0.2478
1436266320000 0.2477
1436266560000 0.245
1436266860000 0.245
1436266980000 0.245
1436267220000 0.2401
1436267280000 0.2448
1436267880000 0.2401
1436268000000 0.2402
1436268060000 0.2453
1436268300000 0.2465
1436268660000 0.2401
1436269320000 0.2401
1436269800000 0.2459
1436270700000 0.2424
1436271360000 0.2458
1436271840000 0.2464
1436272080000 0.2431
1436274300000 0.243
1436274600000 0.2464
1436274780000 0.2465
1436274840000 0.2465
1436275020000 0.2464
1436275080000 0.2465
1436275500000 0.2478
1436276400000 0.2479
1436276460000 0.2479
1436276580000 0.248
1436279940000 0.253
1436280900000 0.2491
1436281020000 0.25
1436281080000 0.2491
