1436261400000 9.25
1436261460000 9.36
1436261580000 9.21
1436261640000 9.23
1436261760000 9.12
1436261820000 9.09
1436262000000 9.14
1436262060000 9.15
1436262180000 9.16
1436262240000 9.13
1436262300000 9.16
1436262480000 9.19
1436262540000 9.16
1436262600000 9.1501
1436262780000 9.1755
1436262840000 9.2
1436262900000 9.16
1436263020000 9.09
1436263260000 9.15
1436263320000 9.16
1436263380000 9.18
1436263500000 9.19
1436263560000 9.13
1436263620000 9.14
1436263740000 9.15
1436263980000 9.2
1436264100000 9.16
1436264220000 9.16
1436264340000 9.15
1436264460000 9.16
1436264640000 9.16
1436264700000 9.15
1436264760000 9.15
1436264820000 9.14
1436264880000 9.15
1436264940000 9.16
1436265000000 9.18
1436265240000 9.18
1436265300000 9.16
1436265360000 9.15
1436265420000 9.14
1436265480000 9.13
1436265540000 9.12
1436265600000 9.1
1436265780000 9.1
1436265900000 9.11
1436265960000 9.14
1436266020000 9.15
1436266200000 9.19
1436266260000 9.24
1436266680000 9.1921
1436266740000 9.19
1436266860000 9.17
1436266920000 9.16
1436267100000 9.17
1436267220000 9.15
1436267340000 9.14
1436267460000 9.14
1436267700000 9.16
1436267760000 9.17
1436268060000 9.16
1436268240000 9.14
1436268300000 9.15
1436268420000 9.15
1436268540000 9.15
1436268600000 9.15
1436268660000 9.15
1436268720000 9.15
1436268780000 9.15
1436268840000 9.14
1436268960000 9.13
1436269080000 9.14
1436269140000 9.155
1436269200000 9.15
1436269320000 9.16
1436269380000 9.16
1436269440000 9.16
1436269500000 9.16
1436269560000 9.12
1436269620000 9.12
1436269800000 9.13
1436269860000 9.16
1436269980000 9.15
1436270100000 9.16
1436270160000 9.15
1436270220000 9.16
1436270280000 9.1599
1436270460000 9.13
1436270580000 9.11
1436270640000 9.15
1436270700000 9.15
1436270760000 9.16
1436270820000 9.155
1436270880000 9.15
1436271000000 9.15
1436271240000 9.12
1436271480000 9.1
1436271540000 9.09
1436271600000 9.05
1436271720000 9.11
1436271840000 9.13
1436271960000 9.15
1436272080000 9.16
1436272140000 9.13
1436272260000 9.13
1436272380000 9.15
1436272500000 9.16
1436272560000 9.155
1436272620000 9.15
1436272740000 9.15
1436272800000 9.14
1436272860000 9.15
1436273040000 9.13
1436273220000 9.15
1436273400000 9.15
1436273640000 9.15
1436273820000 9.16
1436273880000 9.15
1436273940000 9.16
1436274000000 9.17
1436274060000 9.16
1436274120000 9.16
1436274180000 9.14
1436274240000 9.16
1436274360000 9.15
1436274660000 9.15
1436274720000 9.15
1436274780000 9.15
1436274840000 9.15
1436274900000 9.15
1436274960000 9.15
1436275080000 9.13
1436275140000 9.13
1436275200000 9.14
1436275260000 9.15
1436275320000 9.15
1436275500000 9.141
1436275620000 9.15
1436275740000 9.16
1436275800000 9.15
1436275980000 9.15
1436276040000 9.15
1436276400000 9.15
1436276460000 9.14
1436276520000 9.16
1436276640000 9.15
1436276700000 9.15
1436276760000 9.15
1436276820000 9.15
1436276880000 9.15
1436276940000 9.15
1436277060000 9.15
1436277120000 9.16
1436277300000 9.16
1436277360000 9.15
1436277480000 9.17
1436277600000 9.21
1436277720000 9.25
1436277780000 9.27
1436277900000 9.26
1436277960000 9.25
1436278200000 9.23
1436278260000 9.23
1436278560000 9.24
1436278680000 9.24
1436278740000 9.24
1436278800000 9.23
1436279040000 9.22
1436279160000 9.22
1436279220000 9.23
1436279280000 9.23
1436279340000 9.23
1436279400000 9.23
1436279460000 9.24
1436279580000 9.23
1436279880000 9.23
1436279940000 9.25
1436280000000 9.25
1436280060000 9.27
1436280180000 9.29
1436280300000 9.3
1436280420000 9.3
1436280480000 9.29
1436280600000 9.29
1436280660000 9.27
1436280780000 9.27
1436280840000 9.31
1436280900000 9.32
1436280960000 9.32
1436281020000 9.32
1436281080000 9.31
1436281140000 9.33
1436281380000 9.32
