1404705600000 42.5
1404792000000 41.83
1404878400000 42.36
1404964800000 42.0062
1405051200000 41.82
1405310400000 41.56
1405396800000 41.5148
1405483200000 41.59
1405569600000 41.28
1405915200000 41.5
1406001600000 41.06
1406088000000 41.2499
1406174400000 41.25
1406260800000 41.5023
1406520000000 40.77
1406606400000 40.85
1406779200000 40.3
1406865600000 40.18
1407124800000 39.89
1407211200000 40.04
1407384000000 40.01
1407470400000 40.01
1407729600000 40.16
1407816000000 39.99
1407902400000 39.9
1407988800000 39.75
1408075200000 39.33
1408334400000 40.0001
1408420800000 40.18
1408507200000 39.39
1408593600000 39.94
1408939200000 39.46
1409025600000 40.31
1409112000000 40.91
1409198400000 40.12
1409284800000 40.15
1409630400000 40.67
1409716800000 40.29
1409803200000 40.6933
1409889600000 40.35
1410148800000 40.44
1410235200000 39.88
1410321600000 40.74
1410408000000 40.95
1410494400000 41.56
1410753600000 41.18
1410840000000 41.28
1410926400000 40.75
1411012800000 41.33
1411099200000 41.34
1411358400000 40.74
1411444800000 40.78
1411531200000 41.1
1411617600000 41.14
1411704000000 40.5
1411963200000 40.06
1412049600000 40.19
1412136000000 39.96
1412222400000 39.56
1412308800000 40.08
1412568000000 39.45
1412654400000 38.87
1412740800000 39.54
1412827200000 39.13
1412913600000 38.9
1413172800000 38.97
1413259200000 39.45
1413345600000 38.34
1413432000000 38.68
1413518400000 39.21
1413777600000 39.05
1413864000000 39.1
1413950400000 39.5
1414036800000 39.45
1414123200000 39.95
1414382400000 40.5
1414468800000 42.45
1414555200000 42.8
1414641600000 43.03
1414728000000 43.585
