1436261400000 6.0
1436261460000 6.05
1436261520000 6.02
1436261580000 6.02
1436261640000 6.04
1436261700000 6.03
1436261760000 6.01
1436261820000 5.995
1436261880000 5.9956
1436261940000 6.0
1436262000000 6.02
1436262060000 6.02
1436262120000 6.02
1436262180000 6.03
1436262240000 6.03
1436262300000 6.02
1436262360000 6.015
1436262420000 6.02
1436262480000 6.015
1436262540000 6.01
1436262600000 6.01
1436262660000 6.0001
1436262720000 6.005
1436262780000 6.015
1436262840000 6.015
1436262900000 6.02
1436262960000 6.02
1436263020000 6.01
1436263080000 6.0
1436263140000 6.0
1436263200000 6.0
1436263260000 6.0
1436263320000 6.0
1436263380000 6.01
1436263440000 6.0
1436263500000 6.01
1436263620000 6.01
1436263680000 6.0
1436263740000 6.0
1436263800000 6.0
1436263860000 6.0
1436263980000 6.01
1436264040000 6.01
1436264100000 6.0
1436264160000 6.0
1436264280000 6.01
1436264340000 6.02
1436264400000 6.02
1436264580000 6.01
1436264640000 6.0
1436264700000 5.995
1436264760000 6.0
1436264820000 5.99
1436265000000 5.96
1436265060000 5.95
1436265120000 5.95
1436265180000 5.945
1436265240000 5.945
1436265360000 5.945
1436265420000 5.9425
1436265480000 5.945
1436265540000 5.94
1436265600000 5.941
1436265660000 5.945
1436265720000 5.94
1436265780000 5.9155
1436265840000 5.93
1436265900000 5.94
1436265960000 5.95
1436266020000 5.95
1436266080000 5.96
1436266140000 5.965
1436266200000 5.965
1436266260000 5.96
1436266320000 5.96
1436266380000 5.97
1436266440000 5.98
1436266500000 5.985
1436266560000 5.97
1436266680000 5.975
1436266740000 5.97
1436266800000 5.975
1436266860000 5.96
1436266920000 5.96
1436266980000 5.96
1436267040000 5.96
1436267100000 5.955
1436267160000 5.95
1436267220000 5.955
1436267280000 5.955
1436267340000 5.95
1436267400000 5.955
1436267460000 5.96
1436267520000 5.97
1436267580000 5.965
1436267640000 5.96
1436267700000 5.97
1436267760000 5.97
1436267820000 5.975
1436267880000 5.96
1436267940000 5.96
1436268060000 5.96
1436268120000 5.95
1436268180000 5.95
1436268240000 5.95
1436268360000 5.95
1436268420000 5.95
1436268480000 5.96
1436268540000 5.95
1436268660000 5.95
1436268720000 5.94
1436268780000 5.93
1436268840000 5.92
1436268900000 5.925
1436268960000 5.91
1436269080000 5.93
1436269140000 5.94
1436269200000 5.945
1436269260000 5.95
1436269320000 5.94
1436269380000 5.955
1436269440000 5.96
1436269500000 5.96
1436269620000 5.95
1436269740000 5.95
1436269800000 5.955
1436269860000 5.96
1436269920000 5.96
1436269980000 5.96
1436270100000 5.96
1436270160000 5.965
1436270220000 5.99
1436270280000 5.98
1436270340000 5.985
1436270400000 5.98
1436270520000 5.971
1436270640000 5.98
1436270700000 5.98
1436270760000 5.98
1436270820000 5.985
1436270940000 5.98
1436271000000 5.985
1436271060000 5.98
1436271180000 5.9775
1436271240000 5.97
1436271300000 5.98
1436271360000 5.97
1436271420000 5.97
1436271480000 5.98
1436271540000 5.98
1436271600000 5.98
1436271660000 5.98
1436271720000 5.98
1436271780000 5.97
1436271840000 5.9768
1436271900000 5.98
1436271960000 5.98
1436272020000 5.975
1436272140000 5.97
1436272200000 5.97
1436272260000 5.98
1436272320000 5.975
1436272380000 5.98
1436272440000 5.985
1436272500000 5.99
1436272560000 5.985
1436272620000 5.99
1436272680000 5.99
1436272740000 5.99
1436272800000 6.0
1436272860000 6.0
1436272920000 5.99
1436272980000 5.995
1436273100000 6.0
1436273220000 6.0
1436273280000 5.99
1436273340000 5.99
1436273400000 5.995
1436273460000 6.0
1436273520000 6.0
1436273580000 5.995
1436273640000 6.0
1436273760000 6.0
1436273820000 6.0
1436273880000 6.0
1436273940000 6.015
1436274000000 6.015
1436274060000 6.02
1436274180000 6.015
1436274240000 6.02
1436274300000 6.02
1436274360000 6.01
1436274480000 6.0
1436274660000 6.01
1436274720000 6.02
1436274780000 6.03
1436274840000 6.03
1436274900000 6.035
1436274960000 6.01
1436275080000 6.01
1436275140000 6.01
1436275200000 6.011
1436275260000 6.0
1436275320000 6.005
1436275440000 6.01
1436275500000 6.015
1436275620000 6.015
1436275680000 6.02
1436275740000 6.02
1436275860000 6.02
1436275920000 6.01
1436275980000 6.02
1436276040000 6.015
1436276100000 6.015
1436276220000 6.02
1436276340000 6.02
1436276400000 6.02
1436276460000 6.02
1436276520000 6.01
1436276580000 6.01
1436276640000 6.03
1436276700000 6.035
1436276760000 6.04
1436276820000 6.03
1436276880000 6.03
1436276940000 6.03
1436277000000 6.02
1436277060000 6.025
1436277120000 6.025
1436277180000 6.02
1436277240000 6.025
1436277300000 6.02
1436277360000 6.025
1436277420000 6.02
1436277480000 6.025
1436277540000 6.02
1436277600000 6.02
1436277660000 6.02
1436277720000 6.025
1436277780000 6.025
1436277840000 6.02
1436277900000 6.02
1436277960000 6.02
1436278020000 6.02
1436278080000 6.02
1436278140000 6.02
1436278200000 6.02
1436278260000 6.02
1436278320000 6.02
1436278380000 6.02
1436278440000 6.02
1436278500000 6.02
1436278560000 6.02
1436278620000 6.02
1436278680000 6.02
1436278740000 6.015
1436278800000 6.0
1436278860000 6.0
1436278920000 6.0
1436278980000 6.01
1436279040000 6.0
1436279100000 6.005
1436279220000 6.0
1436279280000 6.0
1436279340000 6.0
1436279400000 6.0
1436279460000 6.005
1436279520000 6.0
1436279580000 6.01
1436279640000 6.0
1436279700000 6.0
1436279760000 5.995
1436279820000 6.01
1436279880000 6.01
1436280000000 6.015
1436280060000 6.02
1436280120000 6.03
1436280180000 6.03
1436280240000 6.0472
1436280300000 6.05
1436280360000 6.05
1436280420000 6.06
1436280480000 6.05
1436280540000 6.0592
1436280600000 6.05
1436280660000 6.05
1436280720000 6.05
1436280780000 6.05
1436280840000 6.05
1436280900000 6.05
1436280960000 6.055
1436281020000 6.05
1436281080000 6.06
1436281140000 6.07
1436281200000 6.0736
1436281260000 6.075
1436281320000 6.07
1436281380000 6.06
1436281440000 6.06
1436281500000 6.06
1436281560000 6.06
1436281620000 6.05
1436281680000 6.055
