1436261400000 1.12
1436261460000 1.1183
1436261520000 1.08
1436261580000 1.08
1436261640000 1.08
1436261760000 1.11
1436261820000 1.1
1436261940000 1.1
1436262000000 1.1
1436262060000 1.1
1436262120000 1.1
1436262180000 1.1
1436262240000 1.1
1436262300000 1.1
1436262360000 1.1
1436262420000 1.1
1436262480000 1.1
1436262540000 1.1
1436262600000 1.1
1436262660000 1.09
1436262720000 1.09
1436262780000 1.09
1436262840000 1.09
1436262900000 1.09
1436262960000 1.09
1436263020000 1.09
1436263080000 1.09
1436263140000 1.09
1436263200000 1.09
1436263260000 1.09
1436263320000 1.09
1436263380000 1.09
1436263440000 1.09
1436263500000 1.09
1436263560000 1.08
1436263620000 1.08
1436263680000 1.08
1436263740000 1.08
1436263800000 1.08
1436263860000 1.08
1436263920000 1.08
1436263980000 1.08
1436264040000 1.08
1436264100000 1.08
1436264160000 1.08
1436264220000 1.08
1436264280000 1.08
1436264340000 1.08
1436264400000 1.08
1436264460000 1.08
1436264520000 1.08
1436264580000 1.08
1436264640000 1.08
1436264700000 1.08
1436264760000 1.07
1436264820000 1.06
1436264880000 1.06
1436264940000 1.06
1436265000000 1.06
1436265060000 1.05
1436265120000 1.05
1436265180000 1.05
1436265240000 1.05
1436265480000 1.05
1436265540000 1.05
1436265600000 1.05
1436265660000 1.05
1436265720000 1.05
1436265780000 1.05
1436265840000 1.06
1436265900000 1.06
1436265960000 1.06
1436266020000 1.05
1436266080000 1.05
1436266140000 1.05
1436266200000 1.05
1436266260000 1.055
1436266320000 1.05
1436266380000 1.05
1436266440000 1.055
1436266500000 1.05
1436266560000 1.055
1436266620000 1.055
1436266680000 1.05
1436266740000 1.05
1436266800000 1.05
1436266860000 1.05
1436266920000 1.05
1436266980000 1.05
1436267040000 1.05
1436267100000 1.05
1436267160000 1.05
1436267220000 1.05
1436267280000 1.05
1436267340000 1.05
1436267400000 1.05
1436267460000 1.05
1436267520000 1.05
1436267580000 1.05
1436267640000 1.05
1436267700000 1.05
1436267760000 1.06
1436267820000 1.05
1436267880000 1.05
1436267940000 1.05
1436268000000 1.05
1436268060000 1.06
1436268120000 1.05
1436268180000 1.06
1436268240000 1.05
1436268300000 1.05
1436268360000 1.05
1436268420000 1.05
1436268480000 1.05
1436268540000 1.05
1436268600000 1.05
1436268660000 1.05
1436268720000 1.05
1436268780000 1.05
1436268840000 1.05
1436268900000 1.05
1436268960000 1.05
1436269020000 1.05
1436269080000 1.05
1436269140000 1.05
1436269200000 1.05
1436269260000 1.0501
1436269320000 1.05
1436269380000 1.05
1436269440000 1.05
1436269500000 1.05
1436269560000 1.05
1436269620000 1.05
1436269680000 1.05
1436269740000 1.05
1436269800000 1.05
1436269860000 1.05
1436269920000 1.05
1436269980000 1.05
1436270040000 1.05
1436270100000 1.04
1436270160000 1.04
1436270220000 1.04
1436270280000 1.04
1436270340000 1.04
1436270400000 1.04
1436270460000 1.04
1436270520000 1.04
1436270580000 1.04
1436270640000 1.04
1436270700000 1.04
1436270760000 1.04
1436270820000 1.04
1436270880000 1.06
1436270940000 1.06
1436271000000 1.06
1436271060000 1.06
1436271120000 1.06
1436271180000 1.06
1436271240000 1.06
1436271300000 1.06
1436271360000 1.06
1436271420000 1.06
1436271480000 1.06
1436271540000 1.06
1436271600000 1.06
1436271660000 1.06
1436271720000 1.06
1436271780000 1.06
1436271840000 1.06
1436271900000 1.06
1436271960000 1.06
1436272020000 1.06
1436272080000 1.06
1436272140000 1.05
1436272200000 1.05
1436272260000 1.05
1436272320000 1.05
1436272380000 1.04
1436272440000 1.04
1436272500000 1.04
1436272560000 1.04
1436272620000 1.04
1436272680000 1.04
1436272740000 1.04
1436272800000 1.03
1436273040000 1.04
1436273160000 1.04
1436273220000 1.04
1436273280000 1.04
1436273340000 1.04
1436273400000 1.04
1436273460000 1.04
1436273520000 1.04
1436273580000 1.04
1436273640000 1.03
1436273700000 1.0299
1436273820000 1.02
1436273880000 1.02
1436273940000 1.02
1436274000000 1.02
1436274060000 1.01
1436274120000 1.0212
1436274180000 1.01
1436274240000 1.01
1436274300000 1.01
1436274360000 1.01
1436274420000 1.01
1436274480000 1.01
1436274540000 1.01
1436274600000 1.01
1436274660000 1.01
1436274720000 1.01
1436274780000 1.01
1436274840000 1.01
1436274900000 1.01
1436274960000 1.01
1436275020000 1.01
1436275080000 1.01
1436275140000 1.016
1436275200000 1.01
1436275260000 1.01
1436275320000 1.01
1436275380000 1.0198
1436275440000 1.01
1436275500000 1.01
1436275560000 1.01
1436275620000 1.01
1436275980000 1.01
1436276040000 1.01
1436276100000 1.01
1436276340000 1.01
1436276460000 1.01
1436276760000 1.02
1436277000000 1.015
1436277060000 1.015
1436277180000 1.015
1436277240000 1.0199
1436277600000 1.02
1436277840000 1.015
1436277900000 1.015
1436278080000 1.015
1436278140000 1.01
1436278260000 1.0191
1436278560000 1.0101
1436278800000 1.01
1436278860000 1.01
1436278920000 1.01
1436278980000 1.01
1436279160000 1.01
1436279220000 1.01
1436279640000 1.01
1436279700000 1.01
1436279760000 1.01
1436280060000 1.02
1436280540000 1.02
1436280600000 1.019
1436280660000 1.01
1436280840000 1.01
1436280900000 1.01
1436281140000 1.02
1436281200000 1.0282
1436281320000 1.02
1436281380000 1.03
