1404792000000 35.922
1406174400000 35.5355
1406606400000 36.6355
1407124800000 36.69
1409198400000 39.5
1410148800000 39.8
1413777600000 30.66
1413864000000 34.1899
1415077200000 35.4199
1415682000000 35.5
1416373200000 35.56
1417582800000 37.141
1418101200000 37.0701
1418274000000 36.38
1418619600000 36.26
1418792400000 35.986
1418878800000 36.98
1419310800000 37.97
1419397200000 37.631
1419570000000 37.7
1420174800000 37.3999
1420434000000 37.2199
1420606800000 36.0399
1420693200000 37.23
1421038800000 37.1399
1423198800000 38.16
1423458000000 37.2
1424235600000 39.9341
1424840400000 40.35
1427860800000 41.8399
1430798400000 42.24
1431662400000 42.76
1432008000000 43.5699
1432699200000 41.5
1433217600000 41.7401
1433304000000 41.92
1434340800000 40.5
1434600000000 40.9701
