1436261400000 39.32
1436261580000 39.33
1436261640000 39.45
1436261700000 39.45
1436261760000 39.44
1436261820000 39.21
1436261880000 39.28
1436261940000 39.29
1436262060000 39.25
1436262120000 39.25
1436262240000 39.24
1436262300000 39.15
1436262360000 39.12
1436262420000 39.07
1436262480000 39.25
1436262600000 39.19
1436262720000 39.24
1436262840000 39.2
1436262900000 39.19
1436263020000 39.19
1436263140000 39.18
1436263200000 39.05
1436263260000 39.08
1436263320000 39.07
1436263380000 39.07
1436263500000 39.0
1436263560000 39.03
1436263620000 39.03
1436263680000 38.98
1436263740000 38.91
1436263800000 38.9045
1436263920000 38.99
1436263980000 38.99
1436264040000 39.03
1436264100000 39.01
1436264220000 38.99
1436264280000 39.03
1436264340000 39.145
1436264400000 39.11
1436264460000 39.055
1436264520000 39.065
1436264580000 39.1
1436264640000 39.065
1436264700000 39.05
1436264760000 38.99
1436264820000 38.96
1436264880000 38.915
1436264940000 38.955
1436265000000 38.93
1436265060000 38.97
1436265120000 38.9799
1436265180000 38.945
1436265240000 38.94
1436265300000 38.92
1436265360000 38.86
1436265420000 38.87
1436265480000 38.86
1436265540000 38.83
1436265600000 38.78
1436265660000 38.76
1436265720000 38.73
1436265780000 38.75
1436265840000 38.77
1436265900000 38.8
1436265960000 38.78
1436266020000 38.79
1436266080000 38.8099
1436266140000 38.8
1436266200000 38.78
1436266260000 38.77
1436266320000 38.8
1436266380000 38.81
1436266440000 38.81
1436266500000 38.82
1436266560000 38.8
1436266620000 38.81
1436266680000 38.77
1436266740000 38.76
1436266800000 38.725
1436266860000 38.66
1436266920000 38.64
1436266980000 38.59
1436267040000 38.5899
1436267100000 38.59
1436267160000 38.5999
1436267220000 38.59
1436267280000 38.6
1436267340000 38.61
1436267400000 38.61
1436267460000 38.61
1436267520000 38.62
1436267580000 38.62
1436267640000 38.58
1436267700000 38.62
1436267760000 38.67
1436267820000 38.69
1436267880000 38.71
1436267940000 38.6401
1436268000000 38.68
1436268060000 38.63
1436268120000 38.61
1436268180000 38.65
1436268240000 38.66
1436268300000 38.66
1436268360000 38.66
1436268420000 38.67
1436268480000 38.69
1436268540000 38.66
1436268600000 38.64
1436268660000 38.62
1436268720000 38.59
1436268840000 38.55
1436268900000 38.5699
1436268960000 38.57
1436269020000 38.59
1436269140000 38.61
1436269200000 38.6
1436269260000 38.6399
1436269320000 38.64
1436269380000 38.72
1436269440000 38.73
1436269500000 38.765
1436269560000 38.79
1436269620000 38.8
1436269680000 38.8
1436269740000 38.815
1436269800000 38.8399
1436269860000 38.8
1436269920000 38.79
1436269980000 38.785
1436270040000 38.8
1436270100000 38.8
1436270160000 38.81
1436270220000 38.83
1436270280000 38.8
1436270340000 38.77
1436270400000 38.77
1436270460000 38.75
1436270520000 38.78
1436270580000 38.81
1436270640000 38.805
1436270700000 38.82
1436270760000 38.81
1436270820000 38.78
1436270880000 38.78
1436270940000 38.8
1436271000000 38.8083
1436271060000 38.75
1436271120000 38.76
1436271180000 38.77
1436271240000 38.78
1436271300000 38.785
1436271360000 38.79
1436271420000 38.79
1436271480000 38.8
1436271540000 38.81
1436271600000 38.8
1436271660000 38.8
1436271720000 38.79
1436271840000 38.78
1436271900000 38.8
1436271960000 38.8
1436272020000 38.85
1436272080000 38.855
1436272140000 38.855
1436272200000 38.84
1436272260000 38.87
1436272320000 38.88
1436272380000 38.94
1436272440000 38.955
1436272500000 38.98
1436272560000 38.97
1436272620000 39.0099
1436272680000 39.04
1436272800000 39.06
1436272860000 39.085
1436272920000 39.095
1436272980000 39.11
1436273040000 39.1112
1436273100000 39.11
1436273160000 39.13
1436273220000 39.13
1436273280000 39.12
1436273340000 39.1
1436273400000 39.11
1436273460000 39.1
1436273520000 39.1
1436273580000 39.1
1436273640000 39.1
1436273700000 39.1
1436273760000 39.12
1436273820000 39.13
1436273880000 39.2
1436273940000 39.23
1436274000000 39.2414
1436274120000 39.25
1436274180000 39.26
1436274240000 39.25
1436274300000 39.24
1436274360000 39.2299
1436274420000 39.2299
1436274480000 39.23
1436274540000 39.26
1436274600000 39.28
1436274660000 39.28
1436274720000 39.3
1436274780000 39.36
1436274840000 39.4
1436274900000 39.41
1436274960000 39.37
1436275080000 39.29
1436275140000 39.29
1436275200000 39.31
1436275260000 39.32
1436275440000 39.33
1436275500000 39.36
1436275680000 39.38
1436275740000 39.385
1436275860000 39.42
1436275920000 39.39
1436276040000 39.41
1436276100000 39.4299
1436276160000 39.42
1436276220000 39.43
1436276280000 39.43
1436276340000 39.46
1436276460000 39.45
1436276520000 39.42
1436276580000 39.46
1436276640000 39.48
1436276880000 39.52
1436276940000 39.52
1436277120000 39.46
1436277180000 39.47
1436277240000 39.44
1436277300000 39.45
1436277360000 39.44
1436277420000 39.47
1436277480000 39.47
1436277540000 39.46
1436277600000 39.445
1436277720000 39.43
1436277840000 39.42
1436277900000 39.42
1436277960000 39.42
1436278080000 39.42
1436278140000 39.44
1436278200000 39.46
1436278260000 39.48
1436278440000 39.4636
1436278500000 39.46
1436278560000 39.45
1436278620000 39.41
1436278740000 39.4
1436278800000 39.36
1436278860000 39.35
1436278920000 39.31
1436279040000 39.32
1436279100000 39.33
1436279220000 39.35
1436279400000 39.34
1436279460000 39.31
1436279520000 39.31
1436279580000 39.35
1436279640000 39.37
1436279700000 39.35
1436279820000 39.35
1436279880000 39.35
1436279940000 39.4
1436280000000 39.4
1436280060000 39.46
1436280120000 39.48
1436280180000 39.54
1436280300000 39.58
1436280360000 39.595
1436280420000 39.61
1436280480000 39.64
1436280720000 39.63
1436280780000 39.61
1436280900000 39.61
1436280960000 39.61
1436281020000 39.63
1436281080000 39.565
1436281140000 39.69
1436281200000 39.69
1436281260000 39.71
1436281320000 39.7
1436281380000 39.68
1436281440000 39.67
1436281500000 39.69
1436281560000 39.66
