1436261400000 12.24
1436261460000 12.11
1436261520000 12.12
1436261700000 12.16
1436261760000 12.15
1436261940000 12.2
1436262000000 12.26
1436262060000 12.26
1436262300000 12.23
1436262420000 12.22
1436262480000 12.265
1436262540000 12.26
1436262600000 12.24
1436262660000 12.23
1436262720000 12.25
1436262780000 12.27
1436262840000 12.26
1436262900000 12.28
1436262960000 12.25
1436263020000 12.25
1436263080000 12.2
1436263140000 12.17
1436263200000 12.16
1436263320000 12.19
1436263380000 12.18
1436263560000 12.16
1436263620000 12.14
1436263680000 12.08
1436263740000 12.1
1436263800000 12.12
1436263860000 12.1
1436263920000 12.1
1436263980000 12.11
1436264040000 12.1
1436264100000 12.09
1436264160000 12.07
1436264220000 12.09
1436264280000 12.1
1436264340000 12.1
1436264400000 12.06
1436264460000 12.06
1436264520000 12.1
1436264580000 12.07
1436264640000 12.07
1436264700000 12.08
1436264760000 12.07
1436264820000 12.0601
1436264940000 12.06
1436265000000 12.05
1436265060000 12.04
1436265120000 12.06
1436265180000 12.04
1436265240000 12.03
1436265300000 12.01
1436265360000 12.0
1436265420000 11.99
1436265480000 11.95
1436265540000 11.91
1436265600000 11.91
1436265660000 11.9
1436265720000 11.85
1436265780000 11.84
1436265840000 11.84
1436265900000 11.885
1436265960000 11.94
1436266020000 11.99
1436266080000 12.03
1436266140000 12.01
1436266200000 11.99
1436266260000 11.97
1436266320000 12.0
1436266380000 12.04
1436266440000 12.05
1436266500000 12.02
1436266560000 11.96
1436266620000 12.01
1436266740000 11.99
1436266800000 11.95
1436266860000 11.9358
1436266920000 11.94
1436266980000 11.95
1436267040000 11.94
1436267100000 11.95
1436267160000 11.92
1436267220000 11.94
1436267280000 11.95
1436267400000 11.97
1436267460000 11.96
1436267520000 11.98
1436267580000 11.98
1436267640000 11.97
1436267700000 11.99
1436267760000 12.01
1436267820000 11.98
1436267880000 11.96
1436267940000 11.92
1436268000000 11.97
1436268180000 11.94
1436268240000 11.97
1436268360000 11.94
1436268420000 11.95
1436268480000 11.931
1436268540000 11.9
1436268720000 11.92
1436268780000 11.88
1436268840000 11.87
1436268900000 11.84
1436268960000 11.8672
1436269020000 11.87
1436269080000 11.9
1436269140000 11.94
1436269200000 11.96
1436269260000 11.97
1436269320000 11.97
1436269380000 11.96
1436269440000 11.94
1436269500000 11.93
1436269560000 11.94
1436269740000 11.93
1436269800000 11.918
1436269860000 11.95
1436269980000 11.92
1436270040000 11.93
1436270100000 11.93
1436270160000 11.96
1436270220000 12.01
1436270280000 11.96
1436270400000 11.92
1436270520000 11.91
1436270580000 11.92
1436270700000 11.94
1436270760000 11.95
1436270880000 11.93
1436271060000 11.9
1436271120000 11.87
1436271180000 11.89
1436271240000 11.92
1436271300000 11.91
1436271420000 11.9
1436271480000 11.9
1436271540000 11.9
1436271600000 11.94
1436271660000 11.9
1436271720000 11.91
1436271780000 11.93
1436271840000 11.93
1436271900000 11.93
1436271960000 11.94
1436272020000 11.95
1436272080000 11.95
1436272200000 11.96
1436272260000 11.98
1436272320000 11.971
1436272380000 11.99
1436272440000 11.99
1436272500000 11.98
1436272560000 11.99
1436272620000 12.01
1436272680000 12.01
1436272740000 12.02
1436272800000 12.02
1436272860000 12.02
1436272920000 12.03
1436272980000 12.03
1436273040000 12.03
1436273100000 12.04
1436273160000 12.03
1436273220000 12.05
1436273280000 12.05
1436273400000 12.03
1436273460000 12.03
1436273580000 12.04
1436273640000 12.06
1436273700000 12.07
1436273760000 11.99
1436273820000 12.05
1436273880000 12.08
1436273940000 12.08
1436274000000 12.09
1436274120000 12.09
1436274180000 12.04
1436274240000 12.09
1436274360000 12.06
1436274420000 12.03
1436274480000 12.04
1436274600000 12.09
1436274660000 12.08
1436274720000 12.12
1436274780000 12.1
1436274840000 12.09
1436274900000 12.07
1436274960000 12.07
1436275020000 12.06
1436275140000 12.08
1436275200000 12.09
1436275320000 12.07
1436275380000 12.08
1436275440000 12.09
1436275500000 12.07
1436275560000 12.06
1436275740000 12.0799
1436275800000 12.09
1436275860000 12.08
1436275920000 12.06
1436275980000 12.08
1436276040000 12.07
1436276220000 12.07
1436276280000 12.08
1436276340000 12.0749
1436276400000 12.07
1436276460000 12.03
1436276520000 12.04
1436276580000 12.05
1436276640000 12.05
1436276700000 12.07
1436276760000 12.08
1436276820000 12.06
1436276880000 12.06
1436276940000 12.07
1436277000000 12.06
1436277060000 12.03
1436277120000 12.04
1436277180000 12.05
1436277240000 12.0599
1436277300000 12.04
1436277360000 12.04
1436277420000 12.06
1436277480000 12.04
1436277540000 12.04
1436277600000 12.04
1436277660000 12.03
1436277720000 12.03
1436277780000 12.03
1436277840000 12.03
1436277900000 12.03
1436278080000 12.02
1436278200000 12.025
1436278320000 12.02
1436278380000 12.02
1436278440000 12.02
1436278500000 11.98
1436278560000 11.96
1436278620000 11.95
1436278680000 11.95
1436278740000 11.96
1436278800000 11.94
1436278860000 11.91
1436278920000 11.9
1436278980000 11.87
1436279040000 11.9
1436279100000 11.91
1436279220000 11.9
1436279280000 11.91
1436279340000 11.92
1436279400000 11.919
1436279460000 11.93
1436279520000 11.9399
1436279580000 11.97
1436279700000 11.94
1436279760000 11.95
1436279820000 11.95
1436279880000 11.96
1436279940000 11.9598
1436280000000 11.98
1436280060000 11.99
1436280120000 12.01
1436280180000 12.03
1436280240000 12.0
1436280360000 12.03
1436280420000 12.04
1436280540000 12.05
1436280600000 12.04
1436280660000 12.01
1436280720000 12.04
1436280780000 12.01
1436280900000 12.02
1436280960000 12.0
1436281020000 12.06
1436281080000 12.09
1436281140000 12.09
1436281200000 12.09
1436281260000 12.1
1436281320000 12.06
1436281380000 12.06
1436281440000 12.06
1436281500000 12.07
1436281560000 12.05
