1436261400000 29.04
1436261460000 28.92
1436261700000 28.8801
1436261760000 28.95
1436261880000 28.89
1436261940000 28.935
1436262300000 28.95
1436262360000 28.83
1436262420000 28.9
1436262660000 28.83
1436262720000 28.85
1436262780000 28.93
1436262840000 28.91
1436262960000 28.86
1436263020000 28.85
1436263200000 28.8501
1436263260000 28.85
1436263380000 28.77
1436263500000 28.77
1436263620000 28.74
1436263740000 28.73
1436263800000 28.76
1436263980000 28.79
1436264040000 28.79
1436264100000 28.78
1436264340000 28.69
1436264400000 28.67
1436264460000 28.69
1436264520000 28.71
1436264580000 28.7
1436264640000 28.7
1436264700000 28.61
1436264760000 28.645
1436264820000 28.54
1436264880000 28.63
1436264940000 28.67
1436265000000 28.69
1436265060000 28.595
1436265180000 28.55
1436265300000 28.56
1436265360000 28.55
1436265420000 28.55
1436265540000 28.55
1436265600000 28.58
1436265780000 28.57
1436265840000 28.57
1436265960000 28.58
1436266200000 28.56
1436266320000 28.53
1436266440000 28.57
1436266560000 28.53
1436266740000 28.59
1436266800000 28.55
1436266920000 28.55
1436267040000 28.55
1436267220000 28.55
1436267280000 28.55
1436267520000 28.58
1436267820000 28.63
1436268060000 28.58
1436268120000 28.48
1436268300000 28.51
1436268480000 28.54
1436268540000 28.47
1436268600000 28.46
1436268840000 28.45
1436268900000 28.42
1436269080000 28.36
1436269140000 28.41
1436269320000 28.48
1436269380000 28.48
1436269440000 28.54
1436269560000 28.53
1436269800000 28.49
1436269860000 28.52
1436269920000 28.53
1436269980000 28.47
1436270040000 28.49
1436270160000 28.505
1436270220000 28.57
1436270400000 28.6
1436270520000 28.62
1436270700000 28.67
1436270820000 28.625
1436271060000 28.61
1436271360000 28.61
1436271660000 28.64
1436271720000 28.65
1436272020000 28.6
1436272260000 28.65
1436272500000 28.69
1436272560000 28.67
1436272680000 28.73
1436272860000 28.75
1436272920000 28.77
1436273040000 28.75
1436273160000 28.77
1436273220000 28.79
1436273280000 28.8
1436273340000 28.83
1436273700000 28.81
1436273760000 28.81
1436273820000 28.76
1436273880000 28.81
1436273940000 28.8
1436274000000 28.81
1436274120000 28.84
1436274240000 28.84
1436274360000 28.78
1436274540000 28.7
1436274660000 28.67
1436274720000 28.67
1436274900000 28.74
1436275020000 28.75
1436275080000 28.76
1436275440000 28.8
1436275560000 28.75
1436275620000 28.73
1436275740000 28.67
1436275920000 28.68
1436276040000 28.67
1436276520000 28.7
1436276580000 28.71
1436276640000 28.7
1436276700000 28.7
1436276760000 28.69
1436276880000 28.66
1436277300000 28.7
1436277840000 28.7
1436278140000 28.7
1436278500000 28.7
1436278560000 28.7
1436278620000 28.66
1436278920000 28.66
1436278980000 28.65
1436279100000 28.65
1436279340000 28.65
1436279400000 28.65
1436279520000 28.66
1436279880000 28.69
1436280000000 28.69
1436280060000 28.71
1436280180000 28.74
1436280420000 28.84
1436280540000 28.81
1436280720000 28.8
1436280780000 28.805
1436280900000 28.79
1436280960000 28.745
1436281020000 28.81
1436281080000 28.77
1436281140000 28.805
1436281200000 28.82
1436281260000 28.81
1436281320000 28.795
1436281380000 28.78
1436281440000 28.86
1436281500000 28.85
1436281560000 28.8
