1436261400000 38.61
1436261820000 38.52
1436262000000 38.51
1436262120000 38.44
1436262180000 38.465
1436262300000 38.45
1436262360000 38.45
1436262480000 38.51
1436262540000 38.5
1436262660000 38.49
1436262780000 38.56
1436262960000 38.49
1436263020000 38.465
1436263080000 38.47
1436263200000 38.43
1436263260000 38.385
1436263320000 38.35
1436263380000 38.42
1436263440000 38.4475
1436263560000 38.295
1436263620000 38.295
1436263680000 38.275
1436263740000 38.3
1436263800000 38.285
1436263920000 38.32
1436263980000 38.365
1436264040000 38.35
1436264100000 38.29
1436264220000 38.27
1436264280000 38.29
1436264340000 38.26
1436264400000 38.269
1436264460000 38.21
1436264820000 38.19
1436264880000 38.05
1436264940000 38.09
1436265000000 38.04
1436265060000 38.001
1436265180000 38.0
1436265240000 38.0
1436265300000 37.98
1436265360000 37.945
1436265480000 37.9
1436265540000 37.9
1436265600000 37.88
1436265660000 37.85
1436265780000 37.78
1436265840000 37.73
1436265960000 37.73
1436266020000 37.83
1436266080000 37.84
1436266320000 37.88
1436266380000 37.84
1436266440000 37.87
1436266500000 37.915
1436266560000 37.86
1436266680000 37.87
1436266800000 37.88
1436266980000 37.81
1436267040000 37.81
1436267100000 37.85
1436267160000 37.86
1436267220000 37.91
1436267280000 37.88
1436267340000 37.8631
1436267400000 37.865
1436267640000 37.86
1436267820000 37.84
1436267880000 37.835
1436268060000 37.82
1436268120000 37.74
1436268180000 37.8
1436268240000 37.85
1436268360000 37.825
1436268420000 37.8199
1436268480000 37.855
1436268540000 37.825
1436268660000 37.86
1436268840000 37.85
1436269140000 37.88
1436269320000 37.94
1436269380000 38.04
1436269440000 38.08
1436269500000 38.05
1436269740000 38.06
1436269800000 38.06
1436269920000 38.07
1436269980000 38.1
1436270040000 38.1
1436270100000 38.12
1436270160000 38.15
1436270220000 38.23
1436270280000 38.245
1436270340000 38.2
1436270400000 38.21
1436270460000 38.12
1436270700000 38.14
1436270760000 38.13
1436270940000 38.18
1436271000000 38.12
1436271120000 38.05
1436271360000 38.045
1436271420000 38.02
1436271660000 38.07
1436271780000 38.105
1436271900000 38.09
1436272020000 38.1
1436272440000 38.1
1436272500000 38.13
1436272560000 38.15
1436272680000 38.16
1436272800000 38.18
1436272920000 38.22
1436272980000 38.225
1436273040000 38.25
1436273220000 38.31
1436273400000 38.29
1436273580000 38.29
1436273640000 38.29
1436273700000 38.3
1436273880000 38.32
1436274120000 38.35
1436274180000 38.35
1436274240000 38.37
1436274420000 38.31
1436274600000 38.27
1436274660000 38.33
1436274840000 38.4
1436274960000 38.4
1436275020000 38.38
1436275080000 38.35
1436275200000 38.34
1436275440000 38.3831
1436275680000 38.37
1436275740000 38.33
1436275920000 38.34
1436275980000 38.37
1436276040000 38.37
1436276220000 38.38
1436276280000 38.375
1436276400000 38.39
1436276460000 38.36
1436276520000 38.36
1436276580000 38.4
1436276640000 38.43
1436276760000 38.45
1436276820000 38.37
1436276880000 38.36
1436276940000 38.36
1436277000000 38.36
1436277060000 38.425
1436277180000 38.425
1436277240000 38.435
1436277300000 38.41
1436277420000 38.43
1436277480000 38.39
1436277540000 38.34
1436277600000 38.32
1436277720000 38.33
1436277780000 38.32
1436277840000 38.35
1436277900000 38.32
1436277960000 38.32
1436278020000 38.29
1436278200000 38.31
1436278320000 38.315
1436278440000 38.29
1436278620000 38.36
1436278680000 38.32
1436278740000 38.27
1436278800000 38.2
1436278980000 38.25
1436279040000 38.26
1436279160000 38.3
1436279340000 38.34
1436279460000 38.34
1436279520000 38.33
1436279580000 38.36
1436279700000 38.34
1436279820000 38.34
1436279880000 38.3348
1436280000000 38.36
1436280060000 38.365
1436280180000 38.41
1436280240000 38.44
1436280360000 38.49
1436280420000 38.56
1436280480000 38.52
1436280540000 38.495
1436280600000 38.47
1436280660000 38.42
1436280720000 38.49
1436280780000 38.5
1436280900000 38.5
1436281020000 38.49
1436281080000 38.55
1436281140000 38.61
1436281200000 38.64
1436281260000 38.605
1436281320000 38.56
1436281440000 38.56
1436281500000 38.53
1436281560000 38.48
