1436261400000 5.78
1436261460000 6.0
1436261520000 6.13
1436261580000 6.1
1436261640000 6.1
1436261700000 6.12
1436261760000 6.1
1436261820000 6.1
1436261880000 6.09
1436262000000 6.09
1436262120000 6.0936
1436262420000 6.01
1436262480000 6.0
1436262660000 6.02
1436262720000 6.04
1436263200000 6.0432
1436263320000 6.07
1436263380000 6.05
1436263440000 6.07
1436263680000 6.0101
1436263800000 6.01
1436264640000 6.01
1436264700000 6.0
1436265060000 5.98
1436265120000 5.9866
1436265240000 5.98
1436265540000 5.96
1436266020000 5.96
1436266140000 5.95
1436266200000 5.95
1436268360000 5.97
1436268420000 5.95
1436268540000 5.95
1436268600000 5.97
1436268660000 5.95
1436269620000 5.97
1436269800000 5.95
1436270280000 5.99
1436270340000 6.0
1436270520000 6.0499
1436270580000 6.06
1436270700000 6.14
1436270820000 6.15
1436271000000 6.15
1436271300000 6.09
1436273820000 6.05
1436273880000 6.0448
1436274180000 6.031
1436274360000 6.07
1436274420000 6.08
1436274480000 6.08
1436274720000 6.0801
1436275020000 6.1199
1436275140000 6.1199
1436275200000 6.1199
1436275440000 6.1199
1436275500000 6.09
1436275740000 6.07
1436277120000 6.04
1436277300000 6.08
1436277420000 6.0731
1436277600000 6.0544
1436277840000 6.06
1436277900000 6.07
1436278020000 6.09
1436278200000 6.14
1436278740000 6.11
1436278800000 6.125
1436279100000 6.1099
1436279520000 6.07
1436279940000 6.0709
1436280540000 6.07
1436280600000 6.07
1436280660000 6.062
1436281080000 6.02
1436281320000 6.02
