1436261400000 53.37
1436261820000 52.96
1436262300000 53.09
1436262360000 53.04
1436262420000 53.02
1436262480000 53.03
1436262600000 53.0
1436262660000 53.0
1436262720000 53.01
1436262780000 53.09
1436262900000 52.92
1436262960000 52.9
1436263020000 53.0
1436263140000 52.95
1436263440000 53.16
1436263500000 53.17
1436263560000 53.11
1436263620000 52.96
1436263680000 53.04
1436263740000 53.03
1436263920000 53.22
1436264040000 53.22
1436264160000 53.12
1436264220000 53.04
1436264340000 53.09
1436264400000 53.095
1436264820000 53.06
1436265120000 52.94
1436265300000 53.03
1436265360000 52.86
1436265480000 52.9
1436265540000 52.89
1436265600000 52.9
1436265660000 52.92
1436265720000 52.85
1436265780000 52.79
1436265960000 52.7
1436266080000 52.82
1436266440000 52.93
1436267160000 52.845
1436267220000 52.78
1436267520000 52.91
1436267700000 52.99
1436267760000 53.01
1436268060000 52.84
1436268300000 52.85
1436268480000 52.92
1436268660000 52.69
1436268840000 52.56
1436269140000 52.55
1436269320000 52.71
1436269500000 52.9
1436269560000 53.02
1436270160000 52.83
1436270220000 52.97
1436270280000 52.87
1436270340000 52.962
1436270400000 53.0
1436270460000 52.94
1436270520000 52.98
1436270580000 52.89
1436270700000 52.92
1436270760000 52.87
1436270820000 52.7
1436270880000 52.8
1436270940000 52.81
1436271000000 52.85
1436271060000 52.83
1436271120000 52.83
1436271180000 52.84
1436271240000 52.83
1436271300000 52.85
1436271360000 52.9
1436271420000 52.84
1436271540000 52.82
1436271720000 52.85
1436271780000 52.85
1436271960000 52.72
1436272200000 52.73
1436272260000 52.85
1436272440000 52.86
1436272500000 52.86
1436272560000 52.75
1436272740000 52.83
1436272860000 52.84
1436272920000 52.8
1436272980000 52.89
1436273040000 52.91
1436273100000 52.89
1436273160000 52.95
1436273220000 52.94
1436273400000 52.97
1436273460000 52.94
1436274000000 53.12
1436274180000 53.12
1436274240000 53.19
1436274360000 53.0
1436274660000 53.11
1436274840000 53.26
1436274900000 53.3
1436274960000 53.2999
1436275020000 53.17
1436275200000 53.19
1436275740000 53.25
1436275800000 53.25
1436275920000 53.11
1436276100000 53.04
1436276160000 53.06
1436276280000 53.07
1436276700000 53.22
1436276820000 53.22
1436277000000 53.27
1436277360000 53.17
1436277480000 53.17
1436277660000 53.06
1436278440000 53.08
1436278620000 53.08
1436278680000 53.0
1436278740000 52.93
1436278980000 52.85
1436279160000 52.94
1436279220000 52.94
1436279280000 52.96
1436279340000 52.97
1436279520000 52.98
1436279760000 53.1
1436279820000 53.1399
1436280060000 53.17
1436280180000 53.27
1436280780000 53.37
1436281020000 53.34
1436281080000 53.37
1436281320000 53.43
1436281500000 53.43
