1404705600000 52.0
1404878400000 52.1001
1404964800000 52.07
1405310400000 55.35
1405396800000 55.6499
1405483200000 55.23
1405569600000 55.0
1405656000000 67.14
1405915200000 63.99
1406260800000 62.56
1406779200000 60.0813
1406865600000 60.0001
1407124800000 57.02
1407470400000 56.55
1407816000000 60.0
1407988800000 61.4
1408334400000 64.01
1408939200000 62.99
1409198400000 60.3
1409716800000 63.03
1410148800000 63.0
1410321600000 63.95
1410840000000 63.03
1411012800000 60.5
1411099200000 63.0
1411358400000 63.0
1411531200000 60.0
1411963200000 57.0
1412136000000 55.03
1412222400000 54.0
1412308800000 54.75
1412568000000 55.0
1412654400000 55.0
1412740800000 51.9999
1412827200000 52.49
1412913600000 52.0
1413259200000 46.0
1413345600000 47.5
1413432000000 47.5
1413518400000 49.0
1413777600000 51.4999
1414036800000 51.4999
1414123200000 50.0
1415077200000 48.71
1415163600000 50.0001
1415336400000 51.9999
1415595600000 51.87
1415854800000 49.0
1416286800000 48.0
1416459600000 48.0
1416805200000 47.251
1417150800000 49.7999
1417496400000 48.0
1417755600000 49.89
1418792400000 47.0
1418878800000 49.1
1419224400000 47.55
1419310800000 49.08
1419915600000 48.5801
1420174800000 48.2501
1420434000000 49.0
1420520400000 50.0
1420779600000 49.0001
1421038800000 49.0
1421125200000 50.96
1421211600000 50.4099
1421730000000 52.25
1421816400000 51.52
1421902800000 48.13
1422334800000 51.5
1422421200000 51.0
1422594000000 53.25
1422939600000 55.0
1423803600000 55.0
1424408400000 51.0
1424667600000 51.0
1424754000000 50.5
1424840400000 50.44
1425013200000 51.35
1425358800000 51.13
1425618000000 52.8
1425873600000 49.05
1426046400000 49.5
1426132800000 49.5
1426478400000 49.97
1426651200000 47.0
1426824000000 47.98
1427083200000 49.95
1427688000000 49.4999
1427860800000 47.45
1427947200000 48.57
1428292800000 49.4
1428379200000 50.0
1428897600000 49.0
1428984000000 49.03
1429502400000 49.3
1429675200000 50.95
1429761600000 49.0
1430107200000 48.99
1430366400000 47.1292
1430798400000 47.96
1430884800000 48.1905
1430971200000 51.95
1431057600000 50.96
1431403200000 51.0
1431576000000 50.75
1431662400000 50.0
1431921600000 51.0
1432094400000 49.3
1432267200000 51.0
1432699200000 52.52
1432785600000 52.9
1433131200000 54.39
1433217600000 53.0
1433390400000 53.39
1433476800000 51.06
1433822400000 54.8629
1433908800000 50.3168
1434081600000 55.0
1434340800000 54.95
1434427200000 55.0
1434600000000 55.31
1434686400000 55.5
1435032000000 55.0
1435118400000 55.125
1435204800000 55.0
1435550400000 56.0
1435809600000 57.0
