1404705600000 19.67
1404792000000 18.73
1404878400000 18.76
1404964800000 18.61
1405051200000 18.6
1405310400000 18.5
1405396800000 18.8
1405483200000 18.77
1405569600000 18.81
1405656000000 18.88
1405915200000 18.83
1406001600000 18.81
1406088000000 18.57
1406174400000 18.4
1406260800000 18.34
1406520000000 18.28
1406606400000 18.25
1406692800000 18.64
1406779200000 17.71
1406865600000 18.01
1407124800000 18.03
1407211200000 18.29
1407297600000 18.1
1407384000000 18.24
1407470400000 18.35
1407729600000 18.36
1407816000000 18.41
1407902400000 18.37
1407988800000 18.3
1408075200000 18.522
1408334400000 18.27
1408420800000 18.28
1408507200000 18.12
1408593600000 18.18
1408680000000 18.5
1408939200000 18.52
1409025600000 18.66
1409112000000 18.5812
1409198400000 18.31
1409284800000 18.505
1409630400000 18.69
1409716800000 18.51
1409803200000 18.41
1409889600000 18.51
1410148800000 18.55
1410235200000 18.355
1410321600000 18.27
1410408000000 18.22
1410494400000 18.18
1410753600000 18.14
1410840000000 18.21
1410926400000 18.12
1411012800000 18.19
1411099200000 18.48
1411358400000 18.09
1411444800000 17.86
1411531200000 17.86
1411617600000 17.67
1411704000000 17.86
1411963200000 17.63
1412049600000 17.74
1412136000000 17.86
1412222400000 17.87
1412308800000 17.89
1412568000000 17.86
1412654400000 17.77
1412740800000 17.72
1412827200000 17.63
1412913600000 17.9
1413172800000 17.53
1413259200000 17.87
1413345600000 17.51
1413432000000 17.46
1413518400000 18.05
1413777600000 17.39
1413864000000 17.265
1413950400000 17.3
1414036800000 17.55
1414123200000 17.52
1414382400000 17.81
1414468800000 17.43
1414555200000 17.45
1414641600000 17.53
1414728000000 17.788
1414990800000 18.02
1415077200000 18.07
1415163600000 17.81
1415250000000 18.08
1415336400000 18.13
1415595600000 18.33
1415682000000 18.1
1415768400000 18.08
1415854800000 18.04
1415941200000 17.95
1416200400000 17.98
1416286800000 18.46
1416373200000 18.25
1416459600000 18.0
1416546000000 18.15
1416805200000 18.13
1416891600000 18.36
1416978000000 18.32
1417150800000 18.4
1417496400000 18.378
1417582800000 18.398
1417669200000 18.4
1417755600000 18.25
1418014800000 18.16
1418101200000 18.0
1418187600000 18.319
1418274000000 18.4
1418360400000 18.13
1418619600000 18.09
1418706000000 18.15
1418792400000 18.33
1418878800000 18.15
1418965200000 18.5
1419224400000 18.11
1419310800000 18.16
1419397200000 18.0
1419570000000 18.1001
1419829200000 18.05
1419915600000 18.12
1420002000000 18.01
1420174800000 18.1
1420434000000 18.1
1420520400000 18.19
1420606800000 18.27
1420693200000 18.26
1421038800000 18.38
1421125200000 18.23
1421211600000 18.2
1421298000000 18.25
1421384400000 18.47
1421730000000 18.38
1421816400000 18.47
1421902800000 18.23
1421989200000 18.23
1422248400000 18.05
1422334800000 18.03
1422421200000 18.25
1422507600000 18.25
1422594000000 18.2501
1422853200000 18.38
1422939600000 18.25
1423026000000 18.49
1423112400000 18.39
1423198800000 18.35
1423458000000 18.25
1423544400000 18.25
1423630800000 18.25
1423717200000 18.25
1423803600000 18.25
1424149200000 18.25
1424235600000 18.25
1424322000000 18.25
1424408400000 18.25
1424667600000 18.25
1424754000000 18.27
1424840400000 18.29
1424926800000 18.0301
1425013200000 18.3
1425272400000 18.25
1425358800000 18.25
1425445200000 18.35
1425531600000 18.25
1425618000000 18.25
1425873600000 18.35
1425960000000 18.34
1426046400000 18.26
1426132800000 18.38
1426219200000 18.3
1426478400000 18.23
1426564800000 18.31
1426651200000 18.16
1426737600000 18.17
1426824000000 18.21
1427083200000 18.3
1427169600000 18.41
1427256000000 18.3
1427342400000 18.315
1427428800000 18.25
1427688000000 18.3
1427774400000 18.3
1427860800000 18.34
1428292800000 18.32
1428465600000 18.4499
1428552000000 18.3
1428638400000 18.43
1428984000000 18.307
1429070400000 18.31
1429243200000 18.3027
1429502400000 18.3067
1429588800000 18.26
1429675200000 18.39
1429761600000 18.3
1429848000000 18.39
1430107200000 18.3
1430193600000 18.25
1430280000000 18.3
1430366400000 18.57
1430452800000 18.55
1430712000000 18.73
1430798400000 18.53
1430884800000 18.502
1430971200000 18.69
1431057600000 18.64
1431403200000 18.62
1431489600000 18.5
1431576000000 18.53
1431662400000 18.73
1431921600000 18.7
1432008000000 18.5
1432094400000 18.66
1432180800000 18.75
1432267200000 18.89
1432612800000 18.4101
1432699200000 18.67
1432785600000 18.83
1432872000000 18.55
1433131200000 18.5
1433217600000 18.69
1433304000000 18.85
1433390400000 18.53
1433476800000 18.29
1433736000000 18.21
1433822400000 18.26
1433908800000 18.05
1433995200000 17.96
1434081600000 17.93
1434340800000 17.97
1434427200000 17.98
1434513600000 17.61
1434600000000 17.77
1434686400000 17.74
1434945600000 17.75
1435032000000 17.84
1435118400000 17.83
1435204800000 17.92
1435291200000 18.25
1435550400000 17.98
1435636800000 18.0
1435723200000 18.16
1435809600000 18.01
