1436262120000 21.29
1436264400000 21.14
1436264760000 21.14
1436264820000 21.15
1436264880000 21.14
1436265060000 21.18
1436265180000 21.18
1436265240000 21.18
1436265420000 21.135
1436265480000 21.11
1436265540000 21.17
1436265780000 21.12
1436265960000 21.16
1436266080000 21.13
1436266140000 21.13
1436266200000 21.12
1436266440000 21.07
1436266500000 21.18
1436266560000 21.18
1436266800000 21.18
1436266860000 21.2
1436267100000 21.18
1436267160000 21.18
1436267760000 21.18
1436267880000 21.21
1436267940000 21.16
1436268480000 21.18
1436268840000 21.18
1436269080000 21.14
1436269140000 21.14
1436269200000 21.14
1436269320000 21.14
1436269380000 21.14
1436269680000 21.0301
1436269920000 21.1
1436270640000 21.18
1436271060000 21.17
1436272920000 21.22
1436272980000 21.22
1436274300000 21.28
1436275140000 21.18
1436275920000 21.3
1436276400000 21.25
1436278200000 21.225
1436278740000 21.235
1436278800000 21.25
1436279220000 21.22
1436279280000 21.2
1436279400000 21.19
1436279700000 21.24
1436280060000 21.27
1436280480000 21.364
1436281140000 21.42
1436281200000 21.57
