1404705600000 18.15
1404792000000 18.0
1404878400000 18.2101
1404964800000 18.36
1405051200000 18.52
1405310400000 18.507
1405483200000 18.6
1405569600000 18.575
1405915200000 18.01
1406001600000 18.365
1406174400000 18.0565
1406520000000 18.5001
1406865600000 18.52
1407816000000 18.5
1407902400000 18.5
1407988800000 18.72
1408075200000 18.68
1408420800000 18.65
1408507200000 18.6501
1408680000000 18.91
1409025600000 18.99
1409630400000 18.67
1409716800000 18.67
1409803200000 18.94
1409889600000 18.69
1410148800000 18.7
1410235200000 18.75
1410321600000 18.6
1410408000000 18.99
1410494400000 18.75
1410753600000 18.77
1410840000000 18.95
1410926400000 19.0
1411099200000 19.49
1411444800000 19.0
1411617600000 19.15
1411704000000 19.1
1411963200000 19.2505
1413259200000 18.8
1413345600000 19.0
1413518400000 19.0
1413777600000 19.1
1413950400000 19.05
1414036800000 19.0112
1414123200000 19.01
1414728000000 19.25
1415163600000 19.0501
1415250000000 19.06
1415336400000 19.14
1415595600000 19.13
1415854800000 19.021
1416200400000 19.089
1416373200000 19.0201
1416459600000 19.46
1416546000000 19.4501
1416805200000 19.45
1416891600000 19.45
1416978000000 19.45
1417150800000 19.68
1417582800000 19.68
1417669200000 19.5001
1418014800000 19.53
1418101200000 19.64
1418187600000 19.55
1418274000000 19.6
1418360400000 19.6
1418619600000 18.86
1418706000000 18.99
1418792400000 18.99
1418878800000 19.02
1418965200000 22.4
1419224400000 19.26
1419310800000 20.2999
1419570000000 19.51
1419915600000 19.34
1420174800000 19.92
1420434000000 20.04
1420520400000 20.15
1420606800000 20.1
1420779600000 20.1
1421989200000 19.9
1422248400000 19.77
1422334800000 19.9
1422507600000 19.75
1422594000000 19.75
1422853200000 19.75
1423458000000 20.0001
1423544400000 20.1
1424149200000 20.1
1424235600000 20.2
1424322000000 20.6
1424408400000 21.0
1425358800000 20.31
1425445200000 20.65
1425531600000 20.75
1425618000000 20.23
1425873600000 20.58
1425960000000 20.7
1426046400000 20.85
1426132800000 20.67
1426219200000 20.66
1426478400000 21.01
1426564800000 22.0
1426651200000 21.75
1426737600000 21.71
1426824000000 20.5
1427083200000 20.77
1427169600000 20.65
1427256000000 20.73
1427342400000 21.95
1427428800000 22.55
1427688000000 22.56
1427774400000 22.75
1427860800000 22.8
1427947200000 22.97
1428292800000 22.91
1428379200000 22.43
1428465600000 22.27
1428552000000 22.3
1428638400000 22.12
1428897600000 22.3
1428984000000 22.3
1429070400000 21.72
1429156800000 22.038
1429243200000 21.86
1429502400000 21.8105
1429588800000 21.99
1429675200000 22.05
1429761600000 21.8
1429848000000 21.86
1430107200000 21.63
1430193600000 21.78
1430280000000 21.7
1430366400000 21.46
1430452800000 21.67
1430798400000 22.23
1430884800000 21.01
1430971200000 21.13
1431057600000 21.28
1431316800000 21.3136
1431403200000 21.74
1431489600000 21.06
1431576000000 21.18
1431921600000 21.0
1432008000000 21.06
1432094400000 21.2
1432180800000 21.38
1432267200000 21.15
1432612800000 21.256
1432699200000 21.155
1432785600000 21.0
1432872000000 21.12
1433131200000 21.48
1433217600000 22.084
1433304000000 21.77
1433390400000 22.134
1433822400000 22.04
1433908800000 21.94
1434081600000 21.23
1434340800000 22.2
1434427200000 22.2
1434513600000 22.25
1434600000000 22.98
1434686400000 21.28
1434945600000 21.0
1435032000000 20.97
1435118400000 21.0
1435204800000 20.79
1435291200000 20.59
1435550400000 21.09
1435636800000 21.01
1435723200000 20.66
1435809600000 21.656
