1436261400000 4.67
1436261460000 4.64
1436261520000 4.63
1436261640000 4.61
1436261700000 4.6
1436261760000 4.6
1436262000000 4.615
1436262120000 4.6
1436262180000 4.59
1436262300000 4.6
1436262360000 4.5801
1436262480000 4.58
1436262600000 4.58
1436262660000 4.5801
1436262840000 4.5917
1436263140000 4.58
1436263200000 4.58
1436263260000 4.58
1436263500000 4.58
1436263560000 4.58
1436263620000 4.57
1436263680000 4.57
1436263800000 4.57
1436264040000 4.5999
1436264220000 4.58
1436264760000 4.5899
1436265180000 4.572
1436265240000 4.581
1436265300000 4.58
1436265600000 4.57
1436265660000 4.58
1436265900000 4.57
1436266020000 4.57
1436266140000 4.56
1436266200000 4.55
1436266440000 4.55
1436266560000 4.555
1436266800000 4.55
1436266860000 4.55
1436267040000 4.555
1436267220000 4.555
1436267460000 4.55
1436267520000 4.54
1436267640000 4.54
1436268240000 4.547
1436268540000 4.527
1436268600000 4.53
1436268900000 4.52
1436268960000 4.52
1436269080000 4.52
1436269260000 4.5299
1436269380000 4.531
1436269500000 4.52
1436269680000 4.53
1436269860000 4.54
1436270100000 4.538
1436270160000 4.53
1436270220000 4.5344
1436270280000 4.53
1436270400000 4.53
1436270460000 4.52
1436271000000 4.53
1436271120000 4.52
1436271180000 4.52
1436271300000 4.52
1436271360000 4.488
1436271420000 4.46
1436271480000 4.47
1436271540000 4.46
1436271600000 4.46
1436271840000 4.45
1436272080000 4.44
1436272320000 4.46
1436272440000 4.4499
1436272620000 4.4215
1436272680000 4.45
1436272740000 4.45
1436273160000 4.45
1436273220000 4.46
1436273340000 4.46
1436273700000 4.479
1436273760000 4.4799
1436274180000 4.5096
1436274360000 4.51
1436274540000 4.45
1436274960000 4.42
1436275020000 4.4513
1436275080000 4.45
1436275380000 4.49
1436275620000 4.5008
1436276100000 4.49
1436276280000 4.49
1436276580000 4.49
1436277000000 4.4746
1436277060000 4.47
1436277120000 4.47
1436277240000 4.48
1436277480000 4.49
1436277600000 4.4749
1436277960000 4.47
1436278560000 4.458
1436279160000 4.47
1436279220000 4.48
1436279280000 4.499
1436279340000 4.49
1436279700000 4.48
1436279820000 4.47
1436280420000 4.48
1436280720000 4.48
1436280780000 4.48
1436280840000 4.48
1436281260000 4.5
1436281500000 4.49
