1436261400000 13.93
1436261640000 13.93
1436261700000 13.92
1436261760000 13.91
1436261820000 13.92
1436261880000 13.92
1436262000000 13.92
1436262300000 13.92
1436262360000 13.92
1436262420000 13.92
1436262540000 13.92
1436262600000 13.91
1436262660000 13.92
1436262720000 13.91
1436262780000 13.91
1436262900000 13.92
1436262960000 13.91
1436263020000 13.91
1436263080000 13.91
1436263140000 13.91
1436263200000 13.91
1436263260000 13.91
1436263320000 13.91
1436263380000 13.91
1436263500000 13.9
1436263560000 13.9
1436263620000 13.9
1436263680000 13.9
1436263740000 13.9
1436263800000 13.905
1436263860000 13.9
1436263920000 13.9
1436263980000 13.9
1436264040000 13.9
1436264100000 13.89
1436264160000 13.89
1436264220000 13.89
1436264280000 13.895
1436264340000 13.9
1436264400000 13.895
1436264460000 13.9
1436264520000 13.895
1436264580000 13.89
1436264700000 13.895
1436264760000 13.895
1436264820000 13.895
1436264880000 13.895
1436264940000 13.895
1436265000000 13.89
1436265060000 13.899
1436265120000 13.895
1436265180000 13.895
1436265240000 13.895
1436265300000 13.89
1436265360000 13.89
1436265420000 13.895
1436265480000 13.89
1436265540000 13.895
1436265600000 13.895
1436265720000 13.895
1436265780000 13.895
1436265840000 13.895
1436265900000 13.89
1436265960000 13.89
1436266020000 13.895
1436266080000 13.895
1436266140000 13.89
1436266200000 13.89
1436266260000 13.89
1436266320000 13.9
1436266380000 13.89
1436266440000 13.9
1436266620000 13.89
1436266800000 13.89
1436266860000 13.9
1436266920000 13.895
1436266980000 13.9
1436267100000 13.89
1436267160000 13.89
1436267220000 13.9
1436267280000 13.9
1436267340000 13.9
1436267400000 13.9
1436267520000 13.9
1436267580000 13.9
1436267760000 13.9
1436267820000 13.9
1436267880000 13.91
1436267940000 13.9
1436268000000 13.91
1436268060000 13.91
1436268120000 13.92
1436268240000 13.91
1436268300000 13.91
1436268360000 13.91
1436268480000 13.91
1436268540000 13.9
1436268600000 13.91
1436268660000 13.92
1436268720000 13.92
1436268780000 13.92
1436268840000 13.92
1436268900000 13.92
1436269020000 13.92
1436269080000 13.92
1436269140000 13.92
1436269200000 13.92
1436269260000 13.92
1436269320000 13.92
1436269380000 13.92
1436269500000 13.93
1436269560000 13.92
1436269620000 13.93
1436269680000 13.92
1436269740000 13.93
1436269800000 13.92
1436269860000 13.92
1436269980000 13.92
1436270040000 13.92
1436270100000 13.92
1436270160000 13.93
1436270220000 13.94
1436270340000 13.93
1436270400000 13.93
1436270520000 13.94
1436270580000 13.935
1436270640000 13.94
1436270760000 13.93
1436270820000 13.93
1436270940000 13.93
1436271000000 13.935
1436271060000 13.93
1436271180000 13.93
1436271300000 13.93
1436271480000 13.92
1436271540000 13.91
1436271840000 13.91
1436271900000 13.91
1436271960000 13.91
1436272140000 13.91
1436272200000 13.91
1436272380000 13.91
1436272500000 13.91
1436272560000 13.9
1436272680000 13.9
1436272800000 13.905
1436273040000 13.91
1436273100000 13.9
1436273160000 13.89
1436273220000 13.9
1436273280000 13.9
1436273400000 13.89
1436273520000 13.9
1436273580000 13.9
1436273640000 13.9
1436273760000 13.89
1436273820000 13.9
1436273880000 13.9
1436273940000 13.905
1436274000000 13.905
1436274120000 13.9
1436274180000 13.9
1436274240000 13.9
1436274300000 13.91
1436274360000 13.9
1436274420000 13.9
1436274480000 13.9
1436274540000 13.89
1436274600000 13.89
1436274660000 13.9
1436274720000 13.9
1436274840000 13.9
1436275080000 13.9
1436275140000 13.905
1436275200000 13.91
1436275260000 13.91
1436275320000 13.91
1436275440000 13.91
1436275560000 13.91
1436275800000 13.91
1436275860000 13.91
1436276100000 13.91
1436276160000 13.91
1436276220000 13.91
1436276280000 13.91
1436276340000 13.91
1436276400000 13.91
1436276460000 13.91
1436276520000 13.91
1436276580000 13.91
1436276640000 13.91
1436276700000 13.91
1436276760000 13.915
1436276880000 13.91
1436277000000 13.91
1436277120000 13.91
1436277240000 13.91
1436277300000 13.91
1436277360000 13.91
1436277480000 13.9
1436277600000 13.91
1436277720000 13.91
1436277840000 13.91
1436277960000 13.91
1436278020000 13.9
1436278080000 13.91
1436278140000 13.91
1436278200000 13.91
1436278260000 13.9
1436278320000 13.91
1436278380000 13.91
1436278440000 13.91
1436278560000 13.91
1436278680000 13.91
1436278800000 13.91
1436278860000 13.9
1436278920000 13.91
1436278980000 13.91
1436279040000 13.91
1436279100000 13.91
1436279160000 13.9
1436279220000 13.91
1436279280000 13.91
1436279400000 13.91
1436279460000 13.91
1436279520000 13.91
1436279580000 13.91
1436279640000 13.91
1436279700000 13.9
1436279760000 13.91
1436279820000 13.91
1436279880000 13.91
1436279940000 13.91
1436280000000 13.91
1436280060000 13.91
1436280120000 13.91
1436280180000 13.91
1436280240000 13.91
1436280300000 13.91
1436280360000 13.91
1436280420000 13.91
1436280480000 13.91
1436280600000 13.915
1436280660000 13.91
1436280900000 13.91
1436281020000 13.91
1436281080000 13.91
1436281140000 13.91
1436281200000 13.92
1436281320000 13.915
1436281440000 13.92
1436281500000 13.91
1436281560000 13.92
