1404705600000 67.945
1404792000000 67.85
1404878400000 67.83
1404964800000 67.81
1405051200000 67.86
1405310400000 67.82
1405396800000 67.82
1405483200000 67.77
1405569600000 67.66
1405656000000 67.81
1405915200000 67.74
1406001600000 67.7
1406088000000 67.72
1406174400000 67.74
1406260800000 67.72
1406520000000 67.65
1406606400000 67.65
1406692800000 67.71
1406779200000 67.63
1406865600000 67.74
1407124800000 67.73
1407211200000 67.74
1407297600000 67.77
1407384000000 67.7
1407470400000 67.8
1407729600000 67.77
1407816000000 67.82
1407902400000 67.82
1407988800000 67.79
1408075200000 67.77
1408334400000 67.81
1408420800000 67.81
1408507200000 67.83
1408593600000 67.91
1408680000000 67.83
1408939200000 67.85
1409025600000 67.86
1409112000000 67.89
1409198400000 67.92
1409284800000 67.97
1409630400000 67.97
1409716800000 67.97
1409803200000 67.98
1409889600000 67.99
1410148800000 67.99
