1436261400000 22.38
1436261580000 22.45
1436261640000 22.41
1436261700000 22.4
1436261820000 22.34
1436261940000 22.32
1436262120000 22.32
1436262180000 22.3
1436262240000 22.31
1436262300000 22.33
1436262360000 22.31
1436262480000 22.32
1436262540000 22.34
1436262600000 22.37
1436262660000 22.35
1436262780000 22.3875
1436262900000 22.38
1436263020000 22.35
1436263080000 22.31
1436263140000 22.31
1436263200000 22.32
1436263260000 22.32
1436263380000 22.335
1436263440000 22.32
1436263500000 22.35
1436263560000 22.34
1436263620000 22.32
1436263680000 22.3
1436263740000 22.28
1436263800000 22.35
1436263860000 22.35
1436263920000 22.36
1436263980000 22.36
1436264040000 22.35
1436264100000 22.35
1436264220000 22.34
1436264280000 22.35
1436264400000 22.33
1436264460000 22.325
1436264520000 22.36
1436264580000 22.36
1436264640000 22.34
1436264700000 22.35
1436264760000 22.34
1436264820000 22.34
1436264880000 22.3
1436265000000 22.33
1436265060000 22.32
1436265120000 22.31
1436265240000 22.31
1436265300000 22.3
1436265360000 22.27
1436265420000 22.3
1436265480000 22.27
1436265540000 22.29
1436265600000 22.27
1436265660000 22.27
1436265720000 22.24
1436265780000 22.22
1436265840000 22.24
1436265900000 22.24
1436265960000 22.24
1436266020000 22.24
1436266080000 22.247
1436266140000 22.25
1436266200000 22.215
1436266260000 22.16
1436266320000 22.16
1436266380000 22.191
1436266440000 22.18
1436266500000 22.22
1436266560000 22.22
1436266680000 22.23
1436266740000 22.21
1436266800000 22.2
1436266920000 22.19
1436267100000 22.21
1436267160000 22.18
1436267280000 22.2
1436267400000 22.2
1436267460000 22.2
1436267520000 22.23
1436267580000 22.22
1436267880000 22.22
1436267940000 22.21
1436268000000 22.19
1436268060000 22.17
1436268120000 22.12
1436268180000 22.12
1436268240000 22.11
1436268420000 22.12
1436268480000 22.12
1436268540000 22.1
1436268660000 22.12
1436268720000 22.11
1436268780000 22.09
1436268840000 22.07
1436268900000 22.01
1436268960000 22.02
1436269080000 22.02
1436269140000 22.04
1436269200000 22.07
1436269260000 22.07
1436269320000 22.08
1436269380000 22.07
1436269440000 22.12
1436269500000 22.1
1436269560000 22.1
1436269620000 22.07
1436269680000 22.09
1436269920000 22.07
1436269980000 22.04
1436270040000 22.05
1436270100000 22.06
1436270160000 22.09
1436270220000 22.12
1436270280000 22.12
1436270340000 22.11
1436270400000 22.07
1436270460000 22.06
1436270520000 22.03
1436270580000 22.04
1436270700000 22.07
1436270760000 22.07
1436270820000 22.02
1436270940000 22.03
1436271000000 22.03
1436271060000 22.02
1436271240000 22.0
1436271300000 22.01
1436271420000 22.01
1436271480000 22.0
1436271540000 22.01
1436271600000 22.02
1436271660000 22.03
1436271720000 22.03
1436271780000 22.03
1436271900000 22.03
1436271960000 22.04
1436272080000 22.04
1436272140000 22.04
1436272200000 22.05
1436272260000 22.04
1436272380000 22.07
1436272500000 22.08
1436272620000 22.06
1436272740000 22.09
1436272800000 22.09
1436272860000 22.09
1436272920000 22.1
1436273100000 22.11
1436273160000 22.12
1436273220000 22.13
1436273340000 22.14
1436273460000 22.1201
1436273640000 22.16
1436273700000 22.17
1436273760000 22.16
1436273880000 22.18
1436273940000 22.18
1436274120000 22.17
1436274180000 22.17
1436274240000 22.22
1436274300000 22.2
1436274360000 22.2
1436274480000 22.19
1436274540000 22.19
1436274600000 22.22
1436274720000 22.24
1436274780000 22.25
1436274840000 22.27
1436274900000 22.32
1436274960000 22.27
1436275020000 22.26
1436275080000 22.26
1436275140000 22.26
1436275200000 22.27
1436275260000 22.27
1436275320000 22.26
1436275440000 22.27
1436275560000 22.285
1436275620000 22.265
1436275680000 22.26
1436275740000 22.25
1436275800000 22.25
1436275860000 22.25
1436275920000 22.24
1436275980000 22.22
1436276040000 22.21
1436276400000 22.21
1436276520000 22.22
1436276640000 22.23
1436276940000 22.23
1436277000000 22.235
1436277060000 22.22
1436277180000 22.22
1436277240000 22.22
1436277420000 22.22
1436277540000 22.21
1436277720000 22.21
1436277780000 22.23
1436277840000 22.23
1436278080000 22.23
1436278140000 22.24
1436278260000 22.24
1436278320000 22.25
1436278440000 22.23
1436278500000 22.23
1436278560000 22.22
1436278620000 22.21
1436278680000 22.18
1436278740000 22.16
1436278860000 22.15
1436278920000 22.14
1436278980000 22.15
1436279040000 22.16
1436279220000 22.16
1436279280000 22.15
1436279340000 22.13
1436279460000 22.1
1436279520000 22.11
1436279580000 22.14
1436279640000 22.14
1436279700000 22.13
1436279760000 22.13
1436279820000 22.1294
1436279880000 22.13
1436280060000 22.14
1436280120000 22.16
1436280180000 22.17
1436280300000 22.18
1436280360000 22.2
1436280420000 22.21
1436280480000 22.22
1436280540000 22.23
1436280600000 22.24
1436280720000 22.23
1436280780000 22.23
1436280840000 22.24
1436280960000 22.24
1436281020000 22.25
1436281080000 22.28
1436281140000 22.3
1436281200000 22.32
1436281260000 22.32
1436281320000 22.3
1436281440000 22.29
1436281500000 22.31
1436281560000 22.28
