1436261400000 19.1
1436261520000 19.145
1436261700000 18.91
1436261820000 18.84
1436261940000 18.82
1436262240000 18.76
1436262300000 18.77
1436262360000 18.76
1436262720000 18.79
1436262780000 18.8
1436262840000 18.82
1436262900000 18.74
1436262960000 18.78
1436263020000 18.8
1436263080000 18.75
1436263260000 18.78
1436263320000 18.75
1436263380000 18.77
1436263440000 18.71
1436263560000 18.7
1436263620000 18.66
1436263680000 18.65
1436263740000 18.66
1436263800000 18.67
1436263920000 18.69
1436263980000 18.71
1436264040000 18.7
1436264100000 18.69
1436264160000 18.65
1436264220000 18.69
1436264280000 18.71
1436264400000 18.715
1436264460000 18.7195
1436264520000 18.68
1436264640000 18.69
1436264700000 18.64
1436264760000 18.59
1436264820000 18.62
1436264880000 18.56
1436264940000 18.58
1436265000000 18.54
1436265060000 18.54
1436265120000 18.58
1436265300000 18.58
1436265480000 18.49
1436265540000 18.48
1436265600000 18.44
1436265660000 18.47
1436265720000 18.5
1436265780000 18.49
1436265840000 18.5
1436265900000 18.5
1436265960000 18.5
1436266020000 18.585
1436266080000 18.59
1436266140000 18.58
1436266320000 18.61
1436266380000 18.62
1436266440000 18.65
1436266500000 18.67
1436266620000 18.64
1436266740000 18.64
1436266800000 18.63
1436266860000 18.6
1436266920000 18.58
1436267040000 18.57
1436267100000 18.55
1436267160000 18.58
1436267220000 18.57
1436267280000 18.585
1436267340000 18.52
1436267400000 18.52
1436267460000 18.52
1436267520000 18.55
1436267640000 18.58
1436267700000 18.575
1436267760000 18.56
1436267820000 18.58
1436267880000 18.56
1436267940000 18.57
1436268060000 18.57
1436268360000 18.54
1436268420000 18.56
1436268480000 18.54
1436268540000 18.53
1436268600000 18.54
1436268840000 18.5
1436268900000 18.475
1436268960000 18.49
1436269020000 18.56
1436269080000 18.56
1436269140000 18.56
1436269260000 18.59
1436269320000 18.63
1436269440000 18.65
1436269800000 18.67
1436270100000 18.67
1436270160000 18.69
1436270220000 18.75
1436270280000 18.78
1436270400000 18.73
1436270460000 18.66
1436270580000 18.65
1436270700000 18.7
1436270760000 18.72
1436270820000 18.7
1436270880000 18.65
1436270940000 18.65
1436271000000 18.65
1436271060000 18.6001
1436271120000 18.65
1436271360000 18.64
1436271720000 18.66
1436271840000 18.67
1436271960000 18.67
1436272020000 18.66
1436272080000 18.66
1436272200000 18.66
1436272440000 18.66
1436272560000 18.67
1436272620000 18.67
1436272680000 18.66
1436272860000 18.685
1436272920000 18.68
1436272980000 18.66
1436273160000 18.64
1436273220000 18.66
1436273280000 18.66
1436273460000 18.67
1436273520000 18.63
1436273580000 18.61
1436273640000 18.66
1436273700000 18.67
1436273760000 18.73
1436273880000 18.67
1436273940000 18.68
1436274000000 18.68
1436274120000 18.65
1436274240000 18.69
1436274300000 18.73
1436274360000 18.69
1436274480000 18.66
1436274540000 18.7
1436274600000 18.69
1436274660000 18.7
1436274720000 18.68
1436274780000 18.73
1436274840000 18.76
1436274900000 18.73
1436274960000 18.72
1436275020000 18.725
1436275080000 18.71
1436275260000 18.7
1436275380000 18.73
1436275440000 18.74
1436275560000 18.77
1436275680000 18.78
1436275800000 18.79
1436275860000 18.77
1436275920000 18.76
1436275980000 18.75
1436276040000 18.78
1436276160000 18.785
1436276280000 18.8
1436276340000 18.81
1436276460000 18.81
1436276640000 18.81
1436276940000 18.8799
1436277120000 18.85
1436277180000 18.86
1436277300000 18.8492
1436277360000 18.83
1436277420000 18.84
1436277540000 18.79
1436277660000 18.82
1436277720000 18.8
1436277780000 18.8
1436277840000 18.79
1436277900000 18.8
1436277960000 18.77
1436278200000 18.78
1436278260000 18.785
1436278380000 18.77
1436278440000 18.82
1436278560000 18.8
1436278620000 18.79
1436278740000 18.74
1436278920000 18.79
1436279100000 18.77
1436279160000 18.78
1436279220000 18.76
1436279340000 18.79
1436279460000 18.79
1436279520000 18.79
1436279700000 18.805
1436279820000 18.8
1436279880000 18.78
1436279940000 18.74
1436280060000 18.81
1436280180000 18.83
1436280420000 18.89
1436280480000 18.9
1436280540000 18.91
1436280600000 18.9
1436280720000 18.89
1436280780000 18.9
1436281020000 18.92
1436281140000 18.97
1436281200000 18.98
1436281320000 18.98
1436281500000 18.97
1436281560000 18.96
