1404705600000 13.79
1404792000000 13.74
1404878400000 13.78
1404964800000 13.75
1405051200000 13.75
1405310400000 13.72
1405396800000 13.77
1405483200000 13.75
1405569600000 13.83
1405656000000 13.83
1405915200000 13.81
1406001600000 13.8
1406088000000 13.82
1406174400000 13.8
1406260800000 13.8
1406520000000 13.81
1406606400000 13.79
1406692800000 13.8
1406779200000 13.8
1406865600000 13.78
1407124800000 13.8
1407211200000 13.78
1407297600000 13.77
1407384000000 13.76
1407470400000 13.79
1407729600000 13.76
1407816000000 13.79
1407902400000 13.79
1407988800000 13.77
1408075200000 13.78
1408334400000 13.79
1408420800000 13.77
1408507200000 13.77
1408593600000 13.77
1408680000000 13.76
1408939200000 13.78
1409025600000 13.78
1409112000000 13.79
1409198400000 13.76
1409284800000 13.76
1409630400000 13.77
1409716800000 13.81
1409803200000 13.79
1409889600000 13.8
1410148800000 13.79
1410235200000 13.79
1410321600000 13.79
1410408000000 13.8
1410494400000 13.79
1410753600000 13.79
1410840000000 13.8
1410926400000 13.79
1411012800000 13.79
1411099200000 13.76
1411358400000 13.78
1411444800000 13.8
1411531200000 13.785
1411617600000 13.78
1411704000000 13.785
1411963200000 13.79
1412049600000 13.78
