1436261400000 32.76
1436261460000 32.79
1436261520000 32.67
1436261580000 32.65
1436261640000 32.97
1436261700000 32.73
1436261760000 32.8
1436261820000 32.72
1436261940000 32.87
1436262000000 32.85
1436262060000 32.8
1436262120000 32.78
1436262180000 32.855
1436262240000 32.83
1436262300000 32.72
1436262360000 32.72
1436262420000 32.71
1436262480000 32.78
1436262540000 32.86
1436262600000 32.87
1436262660000 32.86
1436262720000 32.91
1436262780000 32.95
1436262840000 32.89
1436262900000 32.77
1436262960000 32.8
1436263020000 32.825
1436263080000 32.63
1436263140000 32.54
1436263200000 32.66
1436263260000 32.61
1436263320000 32.68
1436263380000 32.77
1436263440000 32.7
1436263500000 32.72
1436263560000 32.68
1436263620000 32.7
1436263680000 32.71
1436263800000 32.79
1436263860000 32.895
1436263920000 32.8246
1436263980000 32.84
1436264040000 32.73
1436264160000 32.71
1436264220000 32.81
1436264280000 32.8
1436264340000 32.84
1436264400000 32.8
1436264460000 32.7801
1436264520000 32.85
1436264580000 32.89
1436264640000 32.87
1436264700000 32.84
1436264760000 32.81
1436264820000 32.75
1436264880000 32.73
1436264940000 32.73
1436265000000 32.74
1436265060000 32.74
1436265120000 32.74
1436265180000 32.8
1436265240000 32.74
1436265300000 32.77
1436265360000 32.74
1436265420000 32.77
1436265480000 32.83
1436265540000 32.805
1436265600000 32.785
1436265660000 32.82
1436265720000 32.82
1436265780000 32.81
1436265840000 32.78
1436265900000 32.79
1436265960000 32.8
1436266020000 32.91
1436266080000 32.96
1436266140000 32.98
1436266200000 32.99
1436266260000 33.05
1436266320000 33.09
1436266380000 33.1
1436266440000 33.1401
1436266500000 33.16
1436266560000 33.08
1436266620000 33.1
1436266680000 33.07
1436266740000 33.07
1436266800000 33.02
1436266860000 32.95
1436266920000 32.98
1436266980000 32.96
1436267040000 32.97
1436267100000 32.96
1436267160000 32.92
1436267220000 32.93
1436267280000 32.94
1436267340000 32.94
1436267400000 33.02
1436267460000 33.1
1436267520000 33.1
1436267580000 33.1
1436267640000 33.13
1436267700000 33.15
1436267760000 33.14
1436267820000 33.16
1436267880000 33.21
1436267940000 33.1
1436268000000 33.06
1436268060000 32.99
1436268120000 32.9899
1436268180000 32.96
1436268240000 32.93
1436268300000 32.955
1436268360000 32.955
1436268420000 32.95
1436268480000 32.96
1436268540000 32.95
1436268600000 32.94
1436268660000 32.955
1436268720000 32.94
1436268780000 32.965
1436268840000 32.95
1436268900000 32.84
1436268960000 32.88
1436269020000 32.9001
1436269080000 32.945
1436269140000 32.95
1436269200000 32.9769
1436269260000 32.97
1436269320000 32.94
1436269380000 32.97
1436269440000 32.94
1436269500000 32.93
1436269560000 32.91
1436269620000 32.92
1436269680000 32.928
1436269740000 32.91
1436269800000 32.92
1436269860000 32.91
1436269920000 32.9
1436269980000 32.91
1436270040000 32.9
1436270100000 32.93
1436270160000 32.92
1436270220000 32.94
1436270280000 32.94
1436270340000 32.93
1436270400000 32.95
1436270460000 32.93
1436270520000 32.9
1436270580000 32.94
1436270640000 32.92
1436270700000 32.96
1436270760000 32.94
1436270880000 32.92
1436270940000 32.89
1436271000000 32.9
1436271060000 32.9
1436271180000 32.9
1436271240000 32.87
1436271300000 32.9
1436271360000 32.92
1436271420000 32.91
1436271480000 32.92
1436271540000 32.9388
1436271600000 32.94
1436271660000 32.95
1436271720000 32.935
1436271780000 32.93
1436271840000 32.9
1436271900000 32.9
1436271960000 32.9
1436272020000 32.9
1436272080000 32.9
1436272140000 32.89
1436272200000 32.9
1436272260000 32.899
1436272320000 32.9
1436272380000 32.88
1436272440000 32.9
1436272500000 32.9
1436272620000 32.88
1436272680000 32.89
1436272740000 32.89
1436272800000 32.89
1436272860000 32.9
1436272920000 32.9
1436272980000 32.88
1436273040000 32.85
1436273100000 32.87
1436273160000 32.89
1436273220000 32.89
1436273280000 32.9
1436273340000 32.88
1436273400000 32.88
1436273460000 32.88
1436273520000 32.885
1436273580000 32.895
1436273640000 32.9
1436273700000 32.93
1436273760000 32.915
1436273820000 32.92
1436273880000 32.968
1436273940000 32.98
1436274000000 32.95
1436274060000 32.99
1436274120000 32.98
1436274180000 32.905
1436274240000 32.92
1436274300000 32.935
1436274360000 32.89
1436274420000 32.87
1436274480000 32.88
1436274540000 32.9
1436274600000 32.95
1436274660000 32.94
1436274720000 33.01
1436274780000 33.0
1436274840000 33.01
1436274900000 33.03
1436274960000 33.0
1436275020000 32.96
1436275080000 32.96
1436275140000 32.96
1436275200000 32.98
1436275260000 32.99
1436275320000 32.99
1436275380000 32.987
1436275440000 33.0375
1436275500000 33.07
1436275560000 33.04
1436275620000 33.06
1436275680000 33.09
1436275740000 33.08
1436275800000 33.09
1436275860000 33.06
1436275920000 33.05
1436275980000 33.05
1436276040000 33.045
1436276100000 33.06
1436276160000 33.07
1436276220000 33.08
1436276280000 33.03
1436276400000 33.03
1436276460000 33.0
1436276520000 33.01
1436276580000 33.0
1436276640000 33.0
1436276700000 33.07
1436276760000 33.08
1436276820000 33.08
1436276880000 33.07
1436276940000 33.08
1436277000000 33.04
1436277060000 33.0
1436277120000 33.01
1436277180000 32.96
1436277240000 32.95
1436277300000 32.955
1436277360000 32.925
1436277420000 32.92
1436277480000 32.92
1436277540000 32.91
1436277600000 32.92
1436277660000 32.939
1436277720000 32.93
1436277780000 32.9
1436277840000 32.92
1436277900000 32.919
1436277960000 32.93
1436278020000 32.94
1436278080000 32.94
1436278140000 32.95
1436278200000 32.96
1436278260000 32.95
1436278320000 32.96
1436278380000 32.94
1436278440000 32.93
1436278500000 32.86
1436278560000 32.81
1436278620000 32.81
1436278680000 32.81
1436278740000 32.8
1436278860000 32.78
1436278920000 32.75
1436278980000 32.715
1436279040000 32.73
1436279100000 32.74
1436279160000 32.75
1436279220000 32.749
1436279280000 32.738
1436279340000 32.74
1436279400000 32.74
1436279460000 32.73
1436279520000 32.72
1436279580000 32.73
1436279640000 32.739
1436279700000 32.7
1436279760000 32.68
1436279820000 32.685
1436279880000 32.6552
1436279940000 32.67
1436280000000 32.64
1436280060000 32.66
1436280120000 32.7
1436280180000 32.66
1436280240000 32.68
1436280300000 32.74
1436280360000 32.87
1436280420000 32.88
1436280480000 32.95
1436280540000 32.99
1436280600000 33.025
1436280660000 33.04
1436280720000 33.125
1436280780000 33.17
1436280840000 33.15
1436280900000 33.14
1436280960000 33.13
1436281020000 33.16
1436281080000 33.17
1436281140000 33.24
1436281200000 33.23
1436281260000 33.23
1436281320000 33.3525
1436281380000 33.295
1436281440000 33.3
1436281500000 33.35
1436281560000 33.325
1436281620000 33.28
