1436261400000 53.76
1436261460000 53.941
1436261700000 53.53
1436261760000 53.26
1436261820000 53.445
1436261880000 53.31
1436262000000 53.45
1436262060000 53.38
1436262240000 53.55
1436262300000 53.49
1436262360000 53.48
1436262420000 53.53
1436262480000 53.54
1436262540000 53.6
1436262600000 53.53
1436262840000 53.45
1436262900000 53.56
1436262960000 53.48
1436263020000 53.45
1436263080000 53.44
1436263140000 53.43
1436263200000 53.4
1436263260000 53.4
1436263320000 53.405
1436263380000 53.42
1436263440000 53.425
1436263500000 53.37
1436263560000 53.37
1436263620000 53.34
1436263680000 53.29
1436263800000 53.37
1436263860000 53.39
1436263920000 53.42
1436264040000 53.38
1436264100000 53.34
1436264220000 53.31
1436264340000 53.326
1436264400000 53.31
1436264460000 53.31
1436264520000 53.38
1436264640000 53.34
1436264700000 53.35
1436264760000 53.33
1436264820000 53.31
1436264940000 53.28
1436265000000 53.2
1436265060000 53.16
1436265180000 53.06
1436265240000 53.05
1436265300000 53.06
1436265360000 53.01
1436265480000 52.945
1436265540000 52.89
1436265660000 52.82
1436265720000 52.69
1436265780000 52.7
1436265840000 52.705
1436265900000 52.725
1436265960000 52.76
1436266020000 52.734
1436266080000 52.81
1436266140000 52.84
1436266200000 52.82
1436266260000 52.75
1436266320000 52.85
1436266380000 52.88
1436266440000 52.88
1436266500000 52.84
1436266560000 52.8
1436266680000 52.875
1436266740000 52.83
1436266800000 52.78
1436266860000 52.7975
1436267160000 52.75
1436267220000 52.78
1436267280000 52.8
1436267340000 52.81
1436267400000 52.81
1436267460000 52.805
1436267520000 52.86
1436267580000 52.92
1436267640000 52.945
1436267700000 52.96
1436267760000 52.96
1436267820000 52.955
1436267880000 52.93
1436268060000 52.74
1436268120000 52.77
1436268180000 52.815
1436268420000 52.823
1436268480000 52.845
1436268540000 52.77
1436268660000 52.76
1436268840000 52.71
1436268960000 52.64
1436269140000 52.84
1436269200000 52.81
1436269260000 52.87
1436269320000 52.85
1436269380000 52.89
1436269440000 53.01
1436269500000 52.93
1436269620000 52.858
1436269740000 52.85
1436269800000 52.83
1436269860000 52.82
1436269980000 52.83
1436270040000 52.84
1436270100000 52.84
1436270160000 52.93
1436270220000 53.0
1436270280000 52.935
1436270340000 52.93
1436270400000 52.94
1436270460000 52.86
1436270520000 52.86
1436270580000 52.92
1436270760000 52.96
1436270820000 52.96
1436271060000 52.93
1436271120000 52.93
1436271180000 52.88
1436271240000 52.9
1436271300000 52.98
1436271420000 52.94
1436271480000 52.99
1436271600000 53.07
1436271660000 53.12
1436271720000 53.16
1436271780000 53.01
1436271840000 53.01
1436271900000 52.99
1436272020000 53.04
1436272080000 53.1
1436272140000 53.025
1436272260000 53.12
1436272320000 53.12
1436272440000 53.089
1436272500000 53.17
1436272680000 53.21
1436272740000 53.28
1436272800000 53.29
1436272920000 53.4
1436272980000 53.33
1436273040000 53.28
1436273100000 53.33
1436273160000 53.46
1436273220000 53.56
1436273280000 53.56
1436273340000 53.58
1436273400000 53.58
1436273460000 53.53
1436273580000 53.59
1436273640000 53.6
1436273700000 53.6
1436273760000 53.56
1436273820000 53.519
1436273880000 53.6
1436273940000 53.53
1436274000000 53.58
1436274120000 53.536
1436274180000 53.47
1436274240000 53.45
1436274300000 53.52
1436274360000 53.46
1436274420000 53.44
1436274480000 53.52
1436274540000 53.6
1436274660000 53.6
1436274720000 53.6
1436274780000 53.6
1436274840000 53.6
1436274900000 53.59
1436274960000 53.51
1436275020000 53.51
1436275140000 53.55
1436275200000 53.55
1436275320000 53.58
1436275380000 53.525
1436275500000 53.54
1436275560000 53.5
1436275620000 53.57
1436275680000 53.525
1436275740000 53.53
1436275860000 53.52
1436275920000 53.5
1436276040000 53.59
1436276160000 53.6
1436276220000 53.59
1436276280000 53.6
1436276340000 53.57
1436276400000 53.6
1436276580000 53.6
1436276640000 53.6
1436276700000 53.53
1436276760000 53.51
1436276880000 53.5
1436276940000 53.49
1436277000000 53.54
1436277060000 53.535
1436277120000 53.52
1436277180000 53.54
1436277300000 53.55
1436277420000 53.51
1436277480000 53.51
1436277540000 53.47
1436277600000 53.48
1436277720000 53.48
1436277900000 53.4984
1436277960000 53.54
1436278080000 53.55
1436278140000 53.55
1436278200000 53.5
1436278260000 53.6
1436278440000 53.56
1436278560000 53.53
1436278620000 53.52
1436278680000 53.49
1436278740000 53.42
1436278860000 53.38
1436278920000 53.34
1436278980000 53.37
1436279040000 53.356
1436279100000 53.41
1436279160000 53.43
1436279220000 53.43
1436279280000 53.46
1436279340000 53.46
1436279400000 53.45
1436279520000 53.48
1436279640000 53.49
1436279700000 53.43
1436279760000 53.52
1436279880000 53.58
1436280000000 53.6
1436280060000 53.6
1436280120000 53.57
1436280180000 53.6
1436280240000 53.59
1436280300000 53.6
1436280360000 53.6
1436280420000 53.6
1436280480000 53.67
1436280540000 53.67
1436280600000 53.65
1436280660000 53.65
1436280780000 53.66
1436280840000 53.614
1436280900000 53.623
1436280960000 53.65
1436281020000 53.65
1436281080000 53.65
1436281140000 53.65
1436281200000 53.65
1436281260000 53.65
1436281320000 53.625
1436281380000 53.6
1436281440000 53.62
1436281500000 53.66
1436281560000 53.6
1436281620000 53.66
