1404705600000 0.22
1404964800000 0.2366
1405483200000 0.2
1406001600000 0.224
1406088000000 0.2931
1406174400000 0.29
1406260800000 0.3239
1406520000000 0.48
1406865600000 0.48
1407124800000 0.3101
1407470400000 0.25
1407729600000 0.21
1407988800000 0.25
1408420800000 0.3
1408507200000 0.35
1408593600000 0.29
1408680000000 0.29
1409198400000 0.28
1410148800000 0.2772
1411099200000 0.2418
1411358400000 0.26
1411617600000 0.2
1411963200000 0.26
1412654400000 0.1208
1413432000000 0.15
1414990800000 0.1137
1415163600000 0.0795
1415250000000 0.1494
1415336400000 0.15
1415682000000 0.1325
1415768400000 0.15
1415854800000 0.1293
1416373200000 0.1
1417410000000 0.0527
1417582800000 0.1
1418014800000 0.05
1418101200000 0.021
1418360400000 0.0994
1418619600000 0.05
1419397200000 0.079
1419915600000 0.0994
1420002000000 0.16
1420174800000 0.198
1420434000000 0.2079
1420779600000 0.0361
1421298000000 0.1347
1421384400000 0.1288
1421730000000 0.128
1421816400000 0.2149
1421902800000 0.25
1421989200000 0.15
1422248400000 0.24
1422507600000 0.16
1422939600000 0.16
1423717200000 0.1601
1424235600000 0.0514
1425013200000 0.0513
1425358800000 0.06
1425445200000 0.25
1425531600000 0.21
1426046400000 0.0699
1426132800000 0.1499
1426219200000 0.15
1426478400000 0.1
1426564800000 0.074
1426651200000 0.049
1426824000000 0.1065
1427083200000 0.11
1427169600000 0.143
1427342400000 0.145
1427688000000 0.145
1427774400000 0.145
1427860800000 0.11
1427947200000 0.18
1428292800000 0.15
1428379200000 0.1001
1428638400000 0.15
1428897600000 0.1102
1428984000000 0.11
1429675200000 0.13
1429848000000 0.15
1430193600000 0.12
1431057600000 0.12
1435550400000 0.0382
1435809600000 0.1099
