1436261400000 1.74
1436261520000 1.75
1436261580000 1.73
1436261880000 1.74
1436262060000 1.74
1436262120000 1.7388
1436262240000 1.74
1436262420000 1.75
1436262480000 1.75
1436262540000 1.75
1436262600000 1.7499
1436262660000 1.7401
1436262720000 1.75
1436262780000 1.75
1436262900000 1.75
1436263020000 1.75
1436263140000 1.75
1436263200000 1.75
1436263260000 1.75
1436263380000 1.7598
1436263500000 1.76
1436263980000 1.76
1436264040000 1.76
1436264100000 1.76
1436264580000 1.7517
1436264760000 1.76
1436264820000 1.76
1436264880000 1.75
1436264940000 1.75
1436265180000 1.74
1436265240000 1.73
1436265300000 1.7399
1436265360000 1.7201
1436265420000 1.73
1436265480000 1.73
1436265540000 1.7201
1436265600000 1.73
1436266140000 1.74
1436266380000 1.74
1436266500000 1.73
1436266680000 1.74
1436266740000 1.72
1436266800000 1.74
1436266980000 1.7301
1436267160000 1.73
1436267340000 1.74
1436267580000 1.74
1436267760000 1.74
1436267820000 1.74
1436268480000 1.74
1436268720000 1.74
1436268780000 1.74
1436268900000 1.73
1436269080000 1.73
1436269440000 1.7301
1436269560000 1.74
1436269740000 1.74
1436269860000 1.74
1436270100000 1.73
1436270640000 1.74
1436270820000 1.73
1436270940000 1.73
1436271240000 1.74
1436271300000 1.74
1436271600000 1.74
1436271780000 1.73
1436271900000 1.73
1436271960000 1.72
1436272020000 1.72
1436272320000 1.72
1436272380000 1.725
1436272620000 1.7235
1436272740000 1.73
1436273100000 1.73
1436273280000 1.7301
1436273340000 1.74
1436273400000 1.74
1436273580000 1.74
1436273640000 1.74
1436273880000 1.74
1436274060000 1.73
1436274420000 1.74
1436274600000 1.73
1436274660000 1.731
1436274780000 1.74
1436275020000 1.74
1436275440000 1.74
1436275620000 1.74
1436275680000 1.74
1436275800000 1.74
1436275920000 1.74
1436276280000 1.74
1436276520000 1.74
1436276820000 1.74
1436277060000 1.74
1436277420000 1.74
1436277600000 1.73
1436277720000 1.74
1436278020000 1.74
1436278080000 1.74
1436278140000 1.74
1436278740000 1.74
1436278800000 1.74
1436278920000 1.73
1436278980000 1.73
1436279220000 1.73
1436279280000 1.73
1436279520000 1.73
1436280180000 1.74
1436280240000 1.74
1436280300000 1.73
1436280360000 1.73
1436280420000 1.73
1436280480000 1.73
1436280540000 1.73
1436281020000 1.74
1436281080000 1.74
1436281140000 1.7313
1436281200000 1.735
1436281320000 1.735
1436281560000 1.74
