1436261400000 135.68
1436261460000 135.0
1436261520000 134.88
1436261580000 135.5
1436261640000 135.52
1436261700000 135.3
1436261760000 134.6
1436261820000 134.96
1436261880000 134.44
1436261940000 134.96
1436262060000 135.04
1436262120000 135.11
1436262180000 135.58
1436262240000 135.49
1436262300000 135.685
1436262360000 135.4
1436262420000 135.6
1436262480000 135.3
1436262540000 135.6
1436262600000 136.3
1436262660000 135.97
1436262720000 136.0
1436262780000 136.21
1436262900000 135.9
1436262960000 135.85
1436263020000 135.4
1436263080000 135.29
1436263140000 135.2
1436263200000 135.3
1436263260000 135.11
1436263380000 134.9
1436263440000 134.76
1436263500000 134.89
1436263560000 134.99
1436263620000 134.85
1436263680000 134.81
1436263740000 134.55
1436263800000 134.35
1436263860000 134.58
1436263920000 134.26
1436263980000 134.39
1436264040000 134.39
1436264100000 133.59
1436264160000 133.48
1436264220000 134.41
1436264340000 134.4
1436264400000 134.0
1436264460000 134.0318
1436264520000 134.39
1436264580000 134.43
1436264640000 134.44
1436264700000 134.42
1436264760000 134.44
1436264820000 133.83
1436264880000 133.51
1436265000000 133.74
1436265060000 134.01
1436265120000 133.81
1436265240000 134.175
1436265300000 134.175
1436265360000 134.19
1436265420000 134.2
1436265480000 134.2
1436265540000 133.92
1436265660000 133.63
1436265720000 133.44
1436265780000 133.11
1436265840000 133.33
1436265900000 133.35
1436265960000 133.75
1436266020000 134.1793
1436266080000 134.77
1436266140000 134.19
1436266200000 134.22
1436266260000 133.68
1436266380000 133.72
1436266440000 134.5
1436266500000 134.39
1436266560000 134.17
1436266680000 134.16
1436266740000 133.72
1436266920000 133.74
1436267040000 133.84
1436267100000 133.756
1436267160000 133.71
1436267220000 133.63
1436267280000 133.5
1436267340000 133.49
1436267400000 133.5
1436267460000 133.48
1436267640000 133.27
1436267700000 133.45
1436267760000 133.48
1436267880000 133.69
1436267940000 134.05
1436268000000 133.95
1436268060000 133.5
1436268180000 133.28
1436268300000 133.63
1436268360000 133.63
1436268420000 133.67
1436268480000 134.15
1436268540000 134.31
1436268600000 134.34
1436268660000 134.34
1436268720000 134.195
1436268780000 134.29
1436268900000 134.25
1436268960000 134.36
1436269020000 134.36
1436269080000 134.31
1436269200000 134.48
1436269260000 134.47
1436269320000 134.35
1436269380000 134.35
1436269440000 134.35
1436269500000 134.28
1436269560000 134.18
1436269620000 134.03
1436269800000 134.0
1436269860000 133.87
1436269980000 133.96
1436270100000 133.98
1436270160000 134.21
1436270220000 134.26
1436270280000 134.31
1436270340000 134.32
1436270400000 134.26
1436270520000 134.16
1436270700000 134.17
1436270880000 134.35
1436271060000 134.23
1436271120000 134.19
1436271180000 134.3
1436271300000 134.29
1436271360000 134.35
1436271420000 134.34
1436271480000 134.16
1436271540000 134.2
1436271600000 134.24
1436271660000 134.255
1436271720000 134.25
1436271780000 134.18
1436271840000 134.21
1436271900000 134.17
1436271960000 134.35
1436272020000 134.305
1436272080000 134.4
1436272140000 134.3
1436272260000 134.3382
1436272320000 134.62
1436272380000 134.86
1436272440000 134.79
1436272500000 134.81
1436272560000 134.5
1436272620000 134.6
1436272680000 134.62
1436272740000 134.58
1436272800000 135.04
1436272860000 134.63
1436272920000 134.83
1436272980000 134.9
1436273040000 134.76
1436273100000 134.775
1436273160000 135.35
1436273220000 135.035
1436273280000 135.15
1436273340000 135.05
1436273400000 135.09
1436273460000 135.025
1436273520000 135.09
1436273580000 134.98
1436273640000 134.78
1436273700000 134.933
1436273760000 134.83
1436273820000 134.81
1436273880000 135.07
1436273940000 134.85
1436274000000 134.84
1436274060000 134.85
1436274120000 134.855
1436274180000 134.85
1436274300000 134.86
1436274420000 134.86
1436274480000 134.7
1436274540000 134.7
1436274600000 134.975
1436274660000 135.06
1436274720000 135.0
1436274780000 135.13
1436274840000 134.98
1436274900000 134.94
1436274960000 134.85
1436275020000 134.67
1436275080000 134.68
1436275140000 134.99
1436275200000 134.85
1436275260000 134.99
1436275320000 134.98
1436275380000 134.9
1436275440000 134.94
1436275500000 134.935
1436275560000 134.935
1436275620000 135.153
1436275680000 134.98
1436275740000 135.1
1436275800000 135.11
1436275860000 135.13
1436275920000 135.135
1436275980000 135.28
1436276040000 135.38
1436276100000 135.7
1436276160000 135.715
1436276220000 135.85
1436276280000 135.535
1436276340000 135.57
1436276400000 135.58
1436276460000 135.57
1436276520000 135.3
1436276580000 135.45
1436276640000 135.65
1436276700000 135.79
1436276760000 135.7
1436276820000 135.8
1436276880000 135.65
1436276940000 135.65
1436277000000 135.705
1436277060000 135.69
1436277120000 135.91
1436277180000 135.66
1436277240000 134.85
1436277300000 134.85
1436277360000 134.91
1436277420000 134.935
1436277480000 135.045
1436277540000 134.87
1436277600000 135.01
1436277660000 134.965
1436277720000 134.85
1436277780000 134.75
1436277840000 135.0
1436277900000 134.96
1436277960000 134.855
1436278020000 135.0
1436278080000 135.09
1436278140000 135.18
1436278200000 135.15
1436278260000 134.79
1436278320000 134.56
1436278440000 134.7
1436278500000 134.71
1436278560000 134.8
1436278680000 135.06
1436278740000 135.15
1436278800000 135.08
1436278860000 135.08
1436278920000 135.05
1436278980000 135.05
1436279040000 135.18
1436279100000 135.18
1436279160000 135.15
1436279220000 134.9
1436279280000 134.95
1436279340000 134.92
1436279400000 135.08
1436279460000 134.925
1436279520000 135.01
1436279580000 135.01
1436279640000 135.28
1436279760000 135.35
1436279820000 135.37
1436279880000 135.24
1436279940000 135.37
1436280000000 135.26
1436280060000 135.26
1436280120000 135.26
1436280180000 135.32
1436280240000 135.27
1436280300000 135.35
1436280420000 135.3
1436280480000 135.33
1436280540000 135.25
1436280600000 135.25
1436280660000 135.22
1436280720000 135.22
1436280780000 135.25
1436280840000 135.32
1436280900000 135.17
1436280960000 135.65
1436281020000 135.58
1436281080000 135.42
1436281140000 135.99
1436281200000 135.74
1436281260000 135.5
1436281320000 135.714
1436281380000 135.5
1436281440000 135.66
1436281500000 135.93
1436281560000 135.79
