1436261400000 14.81
1436261520000 14.88
1436261580000 14.88
1436261640000 14.88
1436261700000 14.85
1436261760000 14.85
1436261820000 14.86
1436261880000 14.88
1436261940000 14.88
1436262000000 14.832
1436262180000 14.8401
1436262240000 14.93
1436262300000 14.9
1436262420000 14.889
1436262480000 14.92
1436262540000 14.94
1436262600000 14.96
1436262660000 14.96
1436262720000 14.93
1436262780000 14.9
1436262900000 14.89
1436262960000 14.8601
1436263020000 14.86
1436263080000 14.86
1436263140000 14.83
1436263200000 14.8275
1436263500000 14.83
1436263560000 14.8
1436263620000 14.7834
1436263680000 14.78
1436263800000 14.77
1436263860000 14.75
1436263920000 14.75
1436264040000 14.75
1436264100000 14.72
1436264160000 14.71
1436264220000 14.7001
1436264400000 14.71
1436264460000 14.71
1436264520000 14.7
1436264640000 14.73
1436264700000 14.75
1436264760000 14.75
1436264820000 14.75
1436264880000 14.7528
1436264940000 14.7435
1436265000000 14.74
1436265060000 14.74
1436265120000 14.74
1436265180000 14.74
1436265240000 14.74
1436265300000 14.7401
1436265360000 14.74
1436265420000 14.73
1436265480000 14.72
1436265540000 14.7
1436265600000 14.66
1436265660000 14.68
1436265720000 14.68
1436265780000 14.65
1436265900000 14.65
1436265960000 14.65
1436266020000 14.62
1436266080000 14.6245
1436266140000 14.67
1436266200000 14.67
1436266260000 14.67
1436266320000 14.66
1436266380000 14.66
1436266440000 14.67
1436266500000 14.69
1436266560000 14.69
1436266620000 14.69
1436266680000 14.692
1436266740000 14.69
1436266860000 14.69
1436266920000 14.69
1436266980000 14.68
1436267040000 14.68
1436267100000 14.68
1436267220000 14.69
1436267460000 14.72
1436267520000 14.74
1436267580000 14.7401
1436267640000 14.75
1436267820000 14.7886
1436267880000 14.7867
1436267940000 14.78
1436268000000 14.79
1436268180000 14.78
1436268300000 14.75
1436268360000 14.75
1436268480000 14.7431
1436268540000 14.74
1436268600000 14.69
1436268660000 14.69
1436268960000 14.7
1436269080000 14.69
1436269140000 14.729
1436269200000 14.73
1436269260000 14.7551
1436269320000 14.765
1436269380000 14.773
1436269440000 14.78
1436269560000 14.78
1436269620000 14.7601
1436269680000 14.7777
1436269740000 14.7898
1436269800000 14.79
1436269860000 14.7738
1436269920000 14.77
1436269980000 14.79
1436270040000 14.8
1436270160000 14.83
1436270220000 14.83
1436270280000 14.85
1436270340000 14.852
1436270400000 14.88
1436270520000 14.871
1436270580000 14.83
1436270640000 14.86
1436270760000 14.86
1436270880000 14.85
1436270940000 14.84
1436271060000 14.84
1436271120000 14.831
1436271180000 14.83
1436271240000 14.8382
1436271300000 14.83
1436271360000 14.81
1436271420000 14.82
1436271600000 14.82
1436271660000 14.82
1436271720000 14.8162
1436271780000 14.81
1436271960000 14.81
1436272080000 14.83
1436272140000 14.83
1436272260000 14.83
1436272380000 14.83
1436272440000 14.86
1436272560000 14.92
1436272620000 14.91
1436272680000 14.94
1436272800000 14.9303
1436272860000 14.9187
1436272920000 14.928
1436272980000 14.93
1436273040000 14.923
1436273100000 14.93
1436273280000 14.92
1436273340000 14.91
1436273400000 14.93
1436273460000 14.93
1436273520000 14.92
1436273580000 14.94
1436273640000 14.935
1436273820000 14.935
1436273880000 14.95
1436273940000 14.95
1436274000000 14.94
1436274060000 14.94
1436274180000 14.94
1436274240000 14.95
1436274300000 14.95
1436274360000 14.99
1436274420000 14.95
1436274660000 14.952
1436274720000 14.96
1436274780000 14.98
1436274840000 14.991
1436274900000 15.05
1436274960000 15.04
1436275020000 14.996
1436275080000 15.01
1436275140000 15.011
1436275320000 15.01
1436275380000 15.01
1436275500000 15.0
1436275560000 15.0
1436275620000 15.0
1436275800000 14.99
1436275860000 14.95
1436275920000 14.94
1436276160000 14.91
1436276220000 14.8902
1436276340000 14.88
1436276400000 14.86
1436276460000 14.89
1436276640000 14.9
1436276880000 14.9118
1436276940000 14.93
1436277000000 14.92
1436277120000 14.9
1436277240000 14.86
1436277300000 14.84
1436277360000 14.841
1436277420000 14.93
1436277480000 14.98
1436277540000 14.93
1436277600000 14.94
1436277660000 14.94
1436277780000 14.95
1436277840000 14.93
1436277900000 14.92
1436277960000 14.89
1436278020000 14.87
1436278080000 14.8636
1436278200000 14.8799
1436278260000 14.9
1436278440000 14.9499
1436278500000 14.9374
1436278620000 14.94
1436278680000 14.92
1436278740000 14.91
1436278860000 14.9
1436278920000 14.91
1436278980000 14.91
1436279100000 14.9112
1436279160000 14.92
1436279220000 14.98
1436279340000 14.968
1436279400000 14.95
1436279520000 14.96
1436279580000 14.95
1436279640000 14.94
1436279700000 14.97
1436279760000 14.97
1436279820000 14.96
1436279880000 14.94
1436280000000 14.98
1436280060000 15.0
1436280180000 14.995
1436280240000 14.99
1436280300000 15.0
1436280480000 14.999
1436280540000 14.99
1436280600000 14.97
1436280660000 14.94
1436280720000 14.94
1436280900000 14.949
1436280960000 14.95
1436281020000 14.94
1436281080000 14.95
1436281140000 14.97
1436281200000 14.97
1436281260000 14.97
1436281440000 14.94
1436281500000 14.93
1436281560000 14.93
