1436261400000 51.53
1436261460000 51.16
1436261520000 51.09
1436261580000 51.08
1436261640000 50.98
1436261700000 50.72
1436261760000 50.61
1436261820000 50.63
1436261880000 50.52
1436261940000 50.47
1436262000000 50.3
1436262060000 50.13
1436262120000 50.17
1436262180000 49.77
1436262240000 49.84
1436262300000 49.805
1436262360000 49.705
1436262420000 49.775
1436262480000 49.76
1436262540000 49.74
1436262600000 49.75
1436262660000 49.8
1436262720000 49.805
1436262840000 49.79
1436262900000 49.78
1436262960000 49.75
1436263020000 49.67
1436263080000 49.72
1436263140000 49.82
1436263200000 49.72
1436263260000 49.75
1436263320000 49.68
1436263380000 49.65
1436263440000 49.54
1436263500000 49.63
1436263560000 49.6
1436263620000 49.6
1436263680000 49.605
1436263740000 49.67
1436263800000 49.63
1436263860000 49.66
1436263920000 49.68
1436263980000 49.74
1436264040000 49.72
1436264100000 49.65
1436264160000 49.69
1436264220000 49.71
1436264280000 49.76
1436264340000 49.74
1436264400000 49.75
1436264460000 49.73
1436264520000 49.78
1436264580000 49.8
1436264640000 49.81
1436264700000 49.8
1436264760000 49.7828
1436264820000 49.8
1436264880000 49.75
1436264940000 49.78
1436265000000 49.795
1436265060000 49.8
1436265120000 49.82
1436265180000 49.86
1436265240000 49.89
1436265300000 49.82
1436265360000 49.82
1436265420000 49.8
1436265480000 49.8
1436265540000 49.8
1436265600000 49.83
1436265660000 49.81
1436265720000 49.8
1436265780000 49.8
1436265840000 49.8
1436265900000 49.755
1436265960000 49.765
1436266020000 49.765
1436266080000 49.795
1436266140000 49.8
1436266200000 49.8
1436266260000 49.73
1436266320000 49.74
1436266380000 49.79
1436266440000 49.75
1436266500000 49.84
1436266560000 49.87
1436266620000 49.82
1436266680000 49.8
1436266740000 49.8092
1436266800000 49.8
1436266860000 49.78
1436266920000 49.76
1436266980000 49.75
1436267040000 49.76
1436267100000 49.77
1436267160000 49.77
1436267220000 49.775
1436267280000 49.76
1436267340000 49.73
1436267400000 49.7551
1436267460000 49.75
1436267520000 49.73
1436267580000 49.67
1436267640000 49.59
1436267700000 49.63
1436267760000 49.74
1436267820000 49.79
1436267880000 49.81
1436267940000 49.8
1436268000000 49.8
1436268120000 49.82
1436268180000 49.84
1436268240000 49.87
1436268300000 49.85
1436268360000 49.84
1436268420000 49.85
1436268480000 49.88
1436268540000 49.83
1436268600000 49.828
1436268660000 49.83
1436268720000 49.865
1436268780000 49.89
1436268840000 49.85
1436268900000 49.865
1436268960000 49.84
1436269020000 49.89
1436269080000 49.87
1436269140000 49.9
1436269200000 49.905
1436269260000 50.003
1436269320000 50.03
1436269380000 50.11
1436269440000 50.12
1436269500000 50.14
1436269560000 50.055
1436269620000 50.07
1436269680000 50.0575
1436269740000 50.1275
1436269800000 50.14
1436269860000 50.12
1436269920000 50.06
1436269980000 50.04
1436270040000 50.09
1436270100000 50.08
1436270160000 50.14
1436270220000 50.3
1436270280000 50.23
1436270340000 50.26
1436270400000 50.255
1436270460000 50.25
1436270520000 50.27
1436270580000 50.32
1436270640000 50.305
1436270700000 50.345
1436270760000 50.34
1436270820000 50.29
1436270880000 50.28
1436270940000 50.25
1436271000000 50.25
1436271060000 50.21
1436271120000 50.24
1436271180000 50.2
1436271240000 50.17
1436271300000 50.23
1436271360000 50.265
1436271420000 50.3
1436271480000 50.33
1436271540000 50.36
1436271600000 50.4
1436271660000 50.45
1436271720000 50.44
1436271840000 50.42
1436271900000 50.42
1436271960000 50.47
1436272020000 50.5
1436272080000 50.52
1436272140000 50.5
1436272200000 50.53
1436272260000 50.51
1436272320000 50.57
1436272380000 50.59
1436272440000 50.57
1436272620000 50.59
1436272680000 50.59
1436272740000 50.6
1436272800000 50.63
1436272860000 50.57
1436272920000 50.55
1436272980000 50.59
1436273040000 50.59
1436273100000 50.61
1436273160000 50.62
1436273220000 50.69
1436273280000 50.66
1436273340000 50.66
1436273400000 50.66
1436273460000 50.66
1436273520000 50.73
1436273580000 50.71
1436273640000 50.73
1436273700000 50.77
1436273760000 50.79
1436273820000 50.835
1436273880000 50.88
1436273940000 50.83
1436274000000 50.86
1436274060000 50.87
1436274120000 50.86
1436274180000 50.78
1436274240000 50.78
1436274300000 50.73
1436274360000 50.75
1436274420000 50.685
1436274480000 50.65
1436274540000 50.7096
1436274600000 50.77
1436274660000 50.82
1436274720000 50.82
1436274780000 50.85
1436274840000 50.85
1436274900000 50.9
1436274960000 50.86
1436275020000 50.87
1436275080000 50.75
1436275140000 50.77
1436275200000 50.79
1436275260000 50.7487
1436275320000 50.74
1436275380000 50.75
1436275440000 50.801
1436275500000 50.79
1436275560000 50.81
1436275620000 50.82
1436275680000 50.82
1436275740000 50.82
1436275800000 50.82
1436275860000 50.82
1436275920000 50.75
1436275980000 50.78
1436276040000 50.85
1436276100000 50.79
1436276160000 50.76
1436276280000 50.8
1436276340000 50.8
1436276400000 50.8
1436276460000 50.78
1436276520000 50.81
1436276580000 50.78
1436276640000 50.785
1436276700000 50.78
1436276760000 50.79
1436276820000 50.77
1436276880000 50.77
1436276940000 50.76
1436277000000 50.77
1436277060000 50.78
1436277120000 50.79
1436277180000 50.78
1436277240000 50.8
1436277300000 50.8
1436277360000 50.78
1436277420000 50.81
1436277480000 50.82
1436277540000 50.82
1436277600000 50.81
1436277660000 50.79
1436277720000 50.8
1436277780000 50.74
1436277840000 50.78
1436278020000 50.79
1436278080000 50.79
1436278140000 50.8
1436278200000 50.79
1436278260000 50.84
1436278380000 50.81
1436278440000 50.82
1436278500000 50.83
1436278560000 50.79
1436278620000 50.81
1436278680000 50.82
1436278740000 50.8
1436278800000 50.75
1436278860000 50.8
1436278920000 50.7
1436278980000 50.68
1436279040000 50.77
1436279100000 50.8
1436279160000 50.79
1436279340000 50.7
1436279460000 50.71
1436279520000 50.77
1436279580000 50.85
1436279640000 50.8101
1436279760000 50.83
1436279820000 50.86
1436279880000 50.91
1436279940000 50.91
1436280000000 50.9
1436280060000 50.97
1436280120000 50.95
1436280180000 50.99
1436280240000 50.98
1436280300000 50.98
1436280360000 51.0
1436280420000 51.02
1436280480000 51.03
1436280540000 51.08
1436280600000 51.08
1436280660000 51.1
1436280780000 51.03
1436280840000 51.07
1436280900000 51.085
1436281020000 51.08
1436281080000 51.14
1436281140000 51.2
1436281200000 51.27
1436281260000 51.25
1436281320000 51.25
1436281380000 51.26
1436281440000 51.21
1436281500000 51.27
1436281560000 51.22
