1436261400000 1.62
1436261520000 1.62
1436261580000 1.62
1436261640000 1.62
1436261700000 1.62
1436262660000 1.63
1436263920000 1.63
1436263980000 1.63
1436265780000 1.63
1436265900000 1.62
1436265960000 1.62
1436266020000 1.62
1436266140000 1.62
1436266200000 1.62
1436266260000 1.62
1436266320000 1.62
1436266380000 1.62
1436266440000 1.62
1436267520000 1.63
1436268840000 1.62
1436268900000 1.62
1436268960000 1.62
1436269260000 1.63
1436269800000 1.63
1436270580000 1.62
1436270640000 1.62
1436272920000 1.63
1436274420000 1.63
1436276040000 1.63
1436276700000 1.63
1436276760000 1.63
1436277000000 1.62
1436277060000 1.625
1436277660000 1.625
1436277840000 1.625
1436278920000 1.62
1436279340000 1.63
1436280420000 1.63
1436281260000 1.63
