1436261400000 21.4
1436261580000 21.41
1436261640000 21.11
1436261700000 20.97
1436261760000 21.06
1436261820000 21.04
1436261940000 20.97
1436262000000 20.96
1436262240000 20.94
1436262300000 21.07
1436262480000 20.92
1436262720000 20.93
1436262780000 20.816
1436262840000 20.89
1436262960000 20.79
1436263020000 20.65
1436263080000 20.54
1436263260000 20.35
1436263320000 20.27
1436263500000 20.49
1436263620000 20.49
1436263740000 20.49
1436263800000 20.48
1436264040000 20.45
1436264100000 20.43
1436264160000 20.43
1436264220000 20.39
1436264340000 20.391
1436264460000 20.39
1436264640000 20.32
1436264700000 20.27
1436264760000 20.144
1436264880000 20.02
1436264940000 19.9902
1436265360000 20.146
1436265420000 20.11
1436265540000 20.19
1436265660000 20.11
1436265720000 20.062
1436265780000 19.89
1436265840000 20.14
1436265960000 20.135
1436266020000 20.15
1436266080000 20.31
1436266140000 20.33
1436266200000 20.31
1436266320000 20.33
1436266380000 20.3
1436266500000 20.35
1436266740000 20.26
1436266800000 20.24
1436266860000 20.13
1436266920000 20.21
1436266980000 20.1
1436267100000 20.15
1436267280000 20.17
1436267460000 20.125
1436267520000 20.1
1436267640000 20.1
1436267700000 20.09
1436267760000 20.1
1436268000000 20.0701
1436268120000 20.07
1436268180000 20.04
1436268240000 20.065
1436268300000 20.0
1436268360000 20.0
1436268480000 20.0
1436268540000 20.0
1436268600000 20.02
1436268660000 20.015
1436268720000 20.015
1436268780000 20.0
1436268840000 20.0
1436268900000 20.01
1436269020000 20.03
1436269080000 20.04
1436269140000 20.06
1436269260000 20.115
1436269320000 20.08
1436269380000 20.07
1436269560000 20.27
1436269800000 20.19
1436269860000 20.133
1436269920000 20.14
1436269980000 20.1
1436270040000 20.05
1436270100000 20.09
1436270160000 20.17
1436270220000 20.27
1436270400000 20.17
1436270580000 20.09
1436270640000 20.09
1436270880000 20.03
1436271060000 20.0
1436271240000 20.0
1436271300000 20.0
1436271480000 20.01
1436271540000 20.01
1436271600000 19.94
1436271660000 19.94
1436271720000 19.91
1436272020000 19.92
1436272200000 19.9
1436272380000 19.91
1436272440000 19.86
1436272500000 19.86
1436272680000 19.84
1436272740000 19.82
1436272860000 19.86
1436272920000 19.83
1436272980000 19.84
1436273160000 19.91
1436273220000 19.91
1436273280000 19.96
1436273580000 19.9699
1436273640000 19.97
1436273880000 20.11
1436273940000 20.16
1436274000000 20.19
1436274060000 20.21
1436274180000 20.16
1436274540000 20.11
1436274660000 20.16
1436274720000 20.13
1436274780000 20.26
1436275140000 20.26
1436275320000 20.12
1436275380000 20.13
1436275560000 20.16
1436275620000 20.15
1436275680000 20.15
1436275800000 20.16
1436275860000 20.16
1436275980000 20.221
1436276280000 20.15
1436276340000 20.09
1436276400000 20.14
1436276580000 20.03
1436276640000 20.0
1436277060000 20.03
1436277180000 19.96
1436277300000 19.95
1436277360000 19.94
1436277540000 19.92
1436277600000 19.95
1436277960000 19.92
1436278140000 19.99
1436278380000 20.08
1436278680000 20.04
1436278800000 19.92
1436278920000 19.88
1436279100000 19.87
1436279160000 19.79
1436279280000 19.89
1436279340000 19.87
1436279580000 19.8
1436279640000 19.84
1436279700000 19.79
1436279760000 19.82
1436279820000 19.79
1436279880000 19.78
1436279940000 19.78
1436280000000 19.78
1436280120000 19.715
1436280180000 19.78
1436280240000 19.78
1436280300000 19.67
1436280360000 19.71
1436280540000 19.7
1436280660000 19.71
1436280900000 19.725
1436281080000 19.74
1436281140000 19.78
1436281200000 19.72
1436281320000 19.65
1436281380000 19.7
1436281440000 19.7
