1436261400000 8.7
1436261760000 8.59
1436262360000 8.56
1436262420000 8.53
1436262660000 8.529
1436262900000 8.54
1436263020000 8.54
1436263080000 8.54
1436263200000 8.54
1436263380000 8.57
1436263440000 8.57
1436263500000 8.55
1436263560000 8.53
1436263680000 8.54
1436263740000 8.59
1436263800000 8.58
1436263980000 8.56
1436264040000 8.58
1436264100000 8.64
1436264160000 8.6
1436264220000 8.64
1436264460000 8.58
1436264760000 8.62
1436264820000 8.63
1436264880000 8.63
1436264940000 8.67
1436265000000 8.63
1436265540000 8.61
1436265720000 8.579
1436265780000 8.57
1436265900000 8.55
1436266140000 8.58
1436266200000 8.57
1436266260000 8.58
1436266320000 8.58
1436266440000 8.62
1436266740000 8.6
1436266800000 8.57
1436266980000 8.55
1436267100000 8.58
1436267160000 8.59
1436267220000 8.59
1436267520000 8.6
1436267640000 8.602
1436267760000 8.63
1436267880000 8.6
1436268060000 8.57
1436268420000 8.56
1436268540000 8.53
1436268660000 8.55
1436268720000 8.55
1436268840000 8.53
1436269020000 8.54
1436269320000 8.52
1436269440000 8.56
1436269860000 8.59
1436270160000 8.56
1436270220000 8.59
1436270280000 8.6
1436270400000 8.58
1436270460000 8.6
1436270520000 8.55
1436270760000 8.55
1436270820000 8.55
1436270880000 8.58
1436270940000 8.59
1436271060000 8.57
1436271480000 8.55
1436271540000 8.55
1436271600000 8.52
1436271900000 8.55
1436272020000 8.54
1436272320000 8.57
1436272380000 8.57
1436272860000 8.57
1436272920000 8.59
1436273520000 8.5975
1436273580000 8.62
1436273640000 8.63
1436273700000 8.63
1436273760000 8.62
1436273820000 8.62
1436273880000 8.63
1436274000000 8.62
1436274060000 8.63
1436274120000 8.63
1436274180000 8.62
1436274420000 8.6
1436274540000 8.62
1436274720000 8.6
1436275140000 8.63
1436275200000 8.62
1436275260000 8.62
1436275320000 8.61
1436275500000 8.61
1436275680000 8.61
1436275980000 8.62
1436276040000 8.61
1436276100000 8.61
1436276640000 8.63
1436277060000 8.595
1436277240000 8.62
1436277300000 8.62
1436277420000 8.595
1436277480000 8.61
1436277780000 8.6
1436277900000 8.59
1436277960000 8.5801
1436278080000 8.58
1436278140000 8.58
1436278200000 8.58
1436278440000 8.58
1436278500000 8.58
1436278620000 8.59
1436278680000 8.58
1436278740000 8.57
1436278800000 8.55
1436278860000 8.55
1436278920000 8.54
1436279220000 8.52
1436279520000 8.52
1436279880000 8.55
1436280120000 8.58
1436280180000 8.59
1436280420000 8.62
1436280480000 8.61
1436280540000 8.61
1436280600000 8.61
1436280840000 8.59
1436281080000 8.62
1436281140000 8.63
1436281320000 8.62
1436281380000 8.61
1436281500000 8.6
1436281560000 8.6
