1436261400000 6.45
1436261460000 6.59
1436261580000 6.52
1436261760000 6.52
1436261820000 6.53
1436261880000 6.51
1436261940000 6.51
1436262720000 6.47
1436263320000 6.45
1436263980000 6.42
1436264040000 6.44
1436264160000 6.49
1436264880000 6.45
1436264940000 6.45
1436266020000 6.46
1436266620000 6.47
1436266800000 6.47
1436266860000 6.47
1436267340000 6.46
1436267580000 6.44
1436267760000 6.45
1436268420000 6.4591
1436268540000 6.46
1436268660000 6.47
1436269620000 6.45
1436271120000 6.45
1436271660000 6.52
1436271720000 6.47
1436271840000 6.47
1436271960000 6.47
1436272140000 6.47
1436272440000 6.47
1436272560000 6.47
1436272920000 6.47
1436273280000 6.47
1436273760000 6.48
1436273820000 6.48
1436273880000 6.48
1436276400000 6.48
1436276460000 6.49
1436276760000 6.49
1436276880000 6.48
1436277000000 6.48
1436277060000 6.48
1436277240000 6.49
1436277420000 6.53
1436277660000 6.505
1436277840000 6.505
1436278020000 6.505
1436278260000 6.505
1436278500000 6.54
1436278740000 6.54
1436278980000 6.54
1436279280000 6.54
1436279340000 6.5
1436279700000 6.48
1436279880000 6.48
1436279940000 6.5
1436280720000 6.495
1436280780000 6.5
1436281020000 6.52
1436281140000 6.5
1436281260000 6.5
1436281500000 6.55
