1436261400000 69.5
1436261520000 70.093
1436261820000 69.32
1436262000000 69.42
1436262120000 69.42
1436262180000 69.33
1436262240000 69.34
1436262300000 69.34
1436262360000 69.235
1436262420000 69.4
1436262480000 69.4
1436262540000 69.48
1436262600000 69.58
1436262660000 69.6
1436263080000 69.44
1436263140000 69.52
1436263260000 69.57
1436263320000 69.49
1436263380000 69.66
1436263560000 69.685
1436263680000 69.62
1436263800000 69.61
1436263920000 69.6
1436263980000 69.6
1436264040000 69.54
1436264100000 69.37
1436264160000 69.37
1436264220000 69.37
1436264280000 69.33
1436264460000 69.28
1436264700000 69.2
1436264820000 68.96
1436264880000 69.1
1436265060000 69.01
1436265120000 69.01
1436265420000 69.005
1436265480000 68.975
1436265600000 68.975
1436265660000 68.69
1436265780000 68.6
1436265840000 68.63
1436265900000 68.605
1436265960000 68.65
1436266020000 68.655
1436266080000 68.6
1436266140000 68.59
1436266200000 68.63
1436266260000 68.5
1436266380000 68.555
1436266440000 68.47
1436266740000 68.52
1436266800000 68.5
1436266860000 68.39
1436266980000 68.44
1436267040000 68.435
1436267280000 68.355
1436267340000 68.37
1436267400000 68.49
1436267520000 68.5
1436267580000 68.58
1436267760000 68.75
1436268000000 68.89
1436268120000 68.89
1436268360000 68.8
1436268420000 68.69
1436268540000 68.69
1436268660000 68.735
1436268720000 68.7
1436268840000 68.7
1436269080000 68.58
1436269140000 68.65
1436269320000 68.69
1436269380000 68.93
1436269440000 69.08
1436269500000 69.13
1436269860000 69.06
1436269920000 68.88
1436269980000 68.9678
1436270160000 69.07
1436270220000 69.14
1436270280000 69.22
1436270400000 69.09
1436270580000 69.12
1436270880000 69.02
1436271000000 69.09
1436271060000 69.04
1436271180000 69.09
1436271300000 69.09
1436271360000 69.19
1436272200000 69.1725
1436272260000 69.12
1436272320000 69.12
1436272380000 69.22
1436272500000 69.22
1436272620000 69.24
1436272680000 69.24
1436272740000 69.23
1436272980000 69.28
1436273220000 69.29
1436273280000 69.33
1436273580000 69.32
1436273640000 69.32
1436273760000 69.35
1436273880000 69.41
1436273940000 69.43
1436274000000 69.35
1436274060000 69.44
1436274120000 69.4
1436274180000 69.44
1436274240000 69.36
1436274360000 69.39
1436274420000 69.385
1436274480000 69.42
1436274540000 69.34
1436274720000 69.43
1436274840000 69.445
1436274960000 69.39
1436275080000 69.37
1436275260000 69.41
1436275440000 69.37
1436275500000 69.45
1436275620000 69.38
1436275680000 69.43
1436275860000 69.39
1436276220000 69.41
1436276280000 69.46
1436276460000 69.42
1436276520000 69.45
1436276580000 69.43
1436276700000 69.37
1436276760000 69.42
1436276820000 69.45
1436276880000 69.4
1436276940000 69.45
1436277000000 69.48
1436277120000 69.46
1436277180000 69.44
1436277300000 69.32
1436277360000 69.35
1436277480000 69.43
1436277540000 69.36
1436277660000 69.35
1436277900000 69.38
1436278380000 69.3
1436278440000 69.3
1436278500000 69.24
1436278560000 69.17
1436278740000 69.08
1436279040000 69.08
1436279100000 69.11
1436279280000 69.03
1436279520000 69.08
1436279580000 69.08
1436279760000 69.09
1436279820000 69.06
1436279880000 69.08
1436280000000 69.14
1436280060000 69.24
1436280240000 69.24
1436280420000 69.37
1436280600000 69.41
1436280660000 69.37
1436280780000 69.36
1436280900000 69.35
1436281080000 69.38
1436281140000 69.3
1436281200000 69.46
1436281260000 69.47
1436281320000 69.44
1436281380000 69.345
1436281440000 69.37
1436281500000 69.37
1436281560000 69.39
