1436261400000 16.75
1436261700000 16.76
1436261760000 16.67
1436261820000 16.6101
1436261880000 16.6
1436262780000 16.4
1436262840000 16.46
1436262900000 16.49
1436263320000 16.49
1436263440000 16.48
1436264820000 16.52
1436264880000 16.496
1436265000000 16.4
1436265180000 16.4
1436265660000 16.452
1436265720000 16.445
1436265780000 16.43
1436266260000 16.38
1436266680000 16.42
1436266740000 16.36
1436266800000 16.3
1436266920000 16.34
1436266980000 16.3
1436267280000 16.32
1436267340000 16.3082
1436267460000 16.32
1436267640000 16.29
1436268060000 16.29
1436268480000 16.28
1436268540000 16.22
1436268600000 16.15
1436268900000 16.1
1436269140000 15.99
1436269200000 16.04
1436269380000 16.08
1436269680000 16.16
1436269800000 16.19
1436270160000 16.17
1436270340000 16.16
1436270520000 16.14
1436271000000 16.16
1436271600000 16.1848
1436271720000 16.16
1436271840000 16.09
1436271960000 16.06
1436272020000 16.03
1436273220000 16.1
1436273820000 16.14
1436273880000 16.13
1436274120000 16.15
1436274180000 16.16
1436274660000 16.2
1436274960000 16.21
1436275080000 16.19
1436275140000 16.2
1436276040000 16.26
1436276100000 16.27
1436276220000 16.3
1436276280000 16.3
1436276460000 16.207
1436276760000 16.19
1436277420000 16.26
1436277480000 16.37
1436277780000 16.36
1436277840000 16.37
1436277960000 16.31
1436278200000 16.31
1436278620000 16.32
1436278860000 16.32
1436279040000 16.27
1436279580000 16.35
1436279760000 16.36
1436279880000 16.36
1436280000000 16.37
1436280360000 16.37
1436280420000 16.37
1436280780000 16.4301
1436281080000 16.48
1436281140000 16.53
1436281200000 16.59
1436281260000 16.58
1436281320000 16.57
1436281380000 16.55
