1436261400000 29.49
1436261700000 29.4515
1436262000000 29.55
1436262780000 29.425
1436262840000 29.425
1436263020000 29.42
1436263200000 29.33
1436264160000 29.28
1436264580000 29.26
1436264700000 29.29
1436264820000 29.26
1436264880000 29.26
1436265000000 29.25
1436265060000 29.21
1436265120000 29.2
1436265240000 29.12
1436265300000 29.14
1436265360000 29.08
1436265420000 29.1
1436265480000 29.07
1436265840000 29.04
1436266020000 29.06
1436266080000 29.05
1436266140000 29.061
1436266200000 29.061
1436266440000 29.06
1436266800000 29.07
1436266860000 29.05
1436267460000 28.96
1436267640000 28.96
1436267880000 28.95
1436268000000 28.95
1436268180000 28.93
1436268300000 28.93
1436268540000 28.92
1436268840000 28.84
1436269140000 28.84
1436269200000 28.87
1436269380000 28.985
1436269440000 29.01
1436270040000 29.09
1436270100000 29.09
1436270160000 29.09
1436271180000 29.21
1436271300000 29.16
1436271360000 29.13
1436271540000 29.1
1436271660000 29.06
1436272020000 29.17
1436272140000 29.065
1436272320000 29.05
1436272380000 29.145
1436272500000 29.07
1436272620000 29.065
1436272680000 29.06
1436272920000 29.05
1436273100000 29.05
1436273220000 29.08
1436273280000 29.04
1436273460000 29.07
1436273640000 29.13
1436273940000 29.27
1436274000000 29.26
1436274060000 29.28
1436274240000 29.36
1436274720000 29.35
1436274960000 29.36
1436276040000 29.27
1436276160000 29.2701
1436276640000 29.29
1436276700000 29.29
1436276820000 29.27
1436277240000 29.24
1436277780000 29.15
1436277900000 29.16
1436278080000 29.23
1436278740000 29.19
1436278860000 29.14
1436279280000 29.13
1436279340000 29.08
1436279820000 29.03
1436280060000 29.13
1436280120000 29.17
1436280180000 29.17
1436280240000 29.202
1436280420000 29.25
1436280480000 29.26
1436280540000 29.271
1436280600000 29.26
1436280780000 29.27
1436281020000 29.27
1436281080000 29.265
1436281140000 29.28
1436281200000 29.31
1436281380000 29.31
1436281440000 29.31
