1436261400000 115.76
1436261460000 115.75
1436261520000 115.7
1436261580000 115.74
1436261820000 115.35
1436261940000 115.115
1436262060000 114.93
1436262120000 114.7
1436262240000 114.72
1436262600000 114.59
1436262660000 114.73
1436262840000 114.95
1436262900000 115.09
1436262960000 114.75
1436263020000 115.0
1436263080000 115.0
1436263140000 114.875
1436263200000 114.93
1436263260000 114.89
1436263320000 115.07
1436263440000 114.985
1436263500000 114.85
1436263560000 114.97
1436263620000 114.84
1436263680000 114.7
1436263740000 114.88
1436264040000 114.81
1436264100000 114.85
1436264160000 114.856
1436264220000 114.975
1436264280000 115.0
1436264400000 114.94
1436264460000 114.745
1436264580000 114.79
1436264640000 114.83
1436264700000 114.96
1436264760000 114.987
1436264820000 114.65
1436264880000 114.79
1436264940000 114.87
1436265000000 115.145
1436265060000 115.05
1436265120000 115.069
1436265180000 115.13
1436265300000 115.13
1436265360000 114.95
1436265420000 114.97
1436265480000 114.945
1436265540000 114.93
1436265600000 115.05
1436265660000 115.02
1436265720000 114.974
1436265780000 114.99
1436265900000 115.065
1436265960000 114.97
1436266080000 115.2
1436266140000 115.202
1436266200000 115.37
1436266320000 115.42
1436266380000 115.48
1436266440000 115.48
1436266500000 115.53
1436266620000 115.52
1436266740000 115.66
1436266800000 115.67
1436266860000 115.615
1436266920000 115.49
1436266980000 115.4
1436267040000 115.33
1436267100000 115.36
1436267160000 115.29
1436267220000 115.33
1436267280000 115.44
1436267340000 115.47
1436267460000 115.68
1436267520000 115.69
1436267580000 115.76
1436267640000 115.77
1436267760000 115.785
1436267820000 115.8
1436267880000 115.88
1436267940000 115.86
1436268000000 115.82
1436268060000 115.73
1436268120000 115.445
1436268180000 115.49
1436268300000 115.474
1436268360000 115.33
1436268420000 115.45
1436268480000 115.59
1436268540000 115.5
1436268600000 115.33
1436268660000 115.33
1436268720000 115.39
1436268780000 115.5
1436268840000 115.27
1436268900000 115.42
1436268960000 115.435
1436269020000 115.14
1436269080000 115.01
1436269140000 115.16
1436269200000 115.125
1436269260000 115.205
1436269320000 115.27
1436269380000 115.28
1436269440000 115.5
1436269500000 115.25
1436269560000 115.15
1436269620000 115.13
1436269680000 115.265
1436269740000 115.1
1436269920000 115.12
1436269980000 115.16
1436270040000 115.14
1436270100000 115.15
1436270160000 115.23
1436270220000 115.32
1436270280000 115.262
1436270340000 115.275
1436270400000 115.17
1436270460000 115.13
1436270520000 115.07
1436270580000 115.18
1436270640000 115.09
1436270700000 115.28
1436270760000 115.2
1436270880000 115.15
1436270940000 115.145
1436271000000 115.15
1436271060000 115.022
1436271120000 114.98
1436271360000 114.83
1436271420000 114.78
1436271540000 114.82
1436271660000 114.79
1436271780000 114.86
1436272260000 115.02
1436272620000 114.99
1436272740000 115.04
1436272860000 115.04
1436272920000 114.97
1436273100000 115.05
1436273220000 115.18
1436273340000 115.17
1436273400000 115.07
1436273460000 115.17
1436273520000 114.965
1436273640000 115.05
1436273760000 115.23
1436273880000 115.34
1436273940000 115.37
1436274000000 115.48
1436274060000 115.25
1436274180000 115.05
1436274240000 115.05
1436274300000 115.1
1436274360000 115.05
1436274480000 114.96
1436274540000 115.04
1436274600000 114.79
1436274720000 114.98
1436274780000 115.12
1436274900000 115.01
1436274960000 115.04
1436275020000 114.79
1436275080000 114.725
1436275140000 114.73
1436275200000 114.84
1436275260000 114.976
1436275380000 114.88
1436275500000 114.88
1436275620000 114.838
1436275740000 114.97
1436275800000 114.99
1436275860000 114.97
1436275980000 115.05
1436276160000 115.005
1436276220000 115.1
1436276400000 115.06
1436276460000 114.88
1436276580000 114.927
1436276640000 114.98
1436276700000 115.08
1436276760000 115.195
1436276880000 115.14
1436277060000 115.09
1436277120000 115.0
1436277180000 115.0
1436277420000 114.985
1436277540000 114.94
1436277900000 114.955
1436277960000 114.955
1436278020000 114.91
1436278080000 115.07
1436278140000 115.02
1436278260000 115.055
1436278380000 115.17
1436278440000 115.01
1436278500000 115.073
1436278620000 114.97
1436278680000 114.98
1436278740000 114.95
1436278800000 115.09
1436278980000 114.97
1436279160000 114.93
1436279220000 114.97
1436279460000 114.91
1436279520000 114.92
1436279580000 115.03
1436279640000 114.9
1436279880000 114.95
1436280000000 115.01
1436280060000 115.24
1436280180000 115.35
1436280300000 115.41
1436280420000 115.41
1436280480000 115.5
1436280600000 115.47
1436280660000 115.555
1436280720000 115.47
1436280780000 115.52
1436280840000 115.545
1436281080000 115.59
1436281140000 115.69
1436281320000 115.77
1436281500000 115.77
1436281560000 115.77
1436281620000 115.57
