1436261700000 41.3
1436261820000 41.3
1436261880000 41.21
1436262300000 41.22
1436262540000 41.21
1436262840000 41.285
1436262900000 41.3178
1436263080000 41.195
1436263140000 41.155
1436263320000 41.25
1436263620000 41.25
1436263740000 41.15
1436263920000 41.15
1436264040000 41.13
1436264220000 41.0527
1436264520000 41.07
1436264700000 41.02
1436264820000 40.96
1436264880000 40.84
1436265060000 40.79
1436265600000 40.76
1436265660000 40.75
1436265780000 40.65
1436265840000 40.61
1436265900000 40.75
1436266200000 40.72
1436266320000 40.78
1436266380000 40.75
1436266440000 40.8
1436266620000 40.835
1436266680000 40.855
1436266740000 40.83
1436266800000 40.78
1436266860000 40.64
1436266920000 40.63
1436266980000 40.6
1436267040000 40.59
1436267100000 40.52
1436267160000 40.44
1436267220000 40.53
1436267280000 40.52
1436267520000 40.6425
1436267580000 40.64
1436267700000 40.65
1436267880000 40.58
1436267940000 40.57
1436268060000 40.56
1436268180000 40.65
1436268240000 40.58
1436268420000 40.607
1436268540000 40.53
1436268720000 40.54
1436268780000 40.43
1436268840000 40.47
1436268900000 40.49
1436268960000 40.4
1436269020000 40.42
1436269080000 40.42
1436269140000 40.42
1436269200000 40.48
1436269260000 40.51
1436269320000 40.48
1436269380000 40.58
1436269680000 40.57
1436269980000 40.56
1436270160000 40.62
1436270220000 40.8
1436270280000 40.95
1436270520000 40.9175
1436270580000 40.86
1436270640000 40.91
1436270700000 40.97
1436270760000 40.89
1436270820000 40.86
1436270880000 40.83
1436270940000 40.76
1436271000000 40.74
1436271060000 40.71
1436271180000 40.64
1436271240000 40.59
1436271300000 40.57
1436271360000 40.6
1436271420000 40.52
1436271480000 40.52
1436271540000 40.46
1436271600000 40.44
1436271660000 40.525
1436271720000 40.45
1436271780000 40.52
1436271840000 40.47
1436271900000 40.47
1436271960000 40.45
1436272080000 40.47
1436272140000 40.47
1436272200000 40.5
1436272260000 40.56
1436272620000 40.77
1436272740000 40.83
1436272800000 40.91
1436273100000 40.96
1436273220000 41.04
1436273400000 41.0
1436273640000 41.045
1436273880000 41.08
1436274180000 41.11
1436274240000 41.12
1436274360000 41.05
1436274420000 41.09
1436274600000 41.11
1436274660000 41.14
1436274840000 41.16
1436274960000 41.16
1436275020000 41.12
1436275080000 41.12
1436275200000 41.14
1436275320000 41.16
1436275500000 41.05
1436275560000 41.05
1436275680000 41.01
1436275740000 41.0
1436275800000 40.97
1436275860000 40.97
1436275920000 40.91
1436275980000 40.92
1436276040000 40.925
1436276100000 40.85
1436276160000 40.84
1436276220000 40.87
1436276280000 40.93
1436276340000 40.97
1436276400000 40.94
1436276520000 40.91
1436276580000 40.89
1436276640000 40.94
1436276700000 40.93
1436276760000 40.89
1436276820000 40.87
1436276880000 40.81
1436277000000 40.84
1436277060000 40.81
1436277120000 40.8
1436277180000 40.79
1436277240000 40.76
1436277300000 40.75
1436277360000 40.74
1436277420000 40.75
1436277480000 40.74
1436277540000 40.73
1436277720000 40.72
1436278020000 40.781
1436278080000 40.79
1436278140000 40.78
1436278320000 40.83
1436278440000 40.93
1436278560000 40.88
1436278680000 40.92
1436278740000 40.84
1436278860000 40.76
1436278920000 40.7396
1436279160000 40.78
1436279280000 40.82
1436279340000 40.75
1436279400000 40.775
1436279520000 40.74
1436279640000 40.81
1436279820000 40.891
1436279880000 40.9
1436279940000 40.88
1436280120000 40.96
1436280180000 41.05
1436280240000 41.07
1436280420000 41.06
1436280480000 41.11
1436280660000 41.07
1436280840000 41.01
1436280960000 41.09
1436281020000 41.1
1436281080000 41.11
1436281140000 41.23
1436281200000 41.244
1436281440000 41.25
1436281500000 41.2001
1436281680000 41.21
