1436261400000 97.21
1436261460000 97.15
1436261520000 97.1
1436261580000 97.48
1436261700000 97.17
1436261760000 96.99
1436261820000 97.25
1436261880000 97.15
1436261940000 97.28
1436262000000 97.5
1436262060000 97.3
1436262180000 97.17
1436262240000 97.27
1436262300000 97.43
1436262360000 97.05
1436262480000 97.12
1436262540000 97.14
1436262600000 97.06
1436262660000 97.08
1436262720000 97.33
1436262780000 97.4
1436262840000 96.995
1436262900000 96.95
1436262960000 96.87
1436263020000 96.87
1436263080000 96.485
1436263140000 96.32
1436263200000 96.61
1436263380000 96.49
1436263620000 96.55
1436263740000 96.6
1436263800000 96.63
1436263980000 96.64
1436264040000 96.67
1436264100000 96.72
1436264160000 96.66
1436264220000 96.48
1436264280000 96.5
1436264400000 96.35
1436264460000 96.12
1436264520000 96.48
1436264580000 96.32
1436264700000 96.23
1436264760000 96.135
1436264820000 96.13
1436264940000 95.75
1436265060000 95.765
1436265180000 95.89
1436265240000 95.79
1436265300000 95.89
1436265360000 95.84
1436265420000 95.79
1436265540000 95.78
1436265600000 95.68
1436265660000 95.645
1436265720000 95.62
1436265780000 95.41
1436265840000 95.38
1436266020000 95.62
1436266200000 95.46
1436266320000 95.445
1436266440000 95.53
1436266500000 95.55
1436266560000 95.43
1436266620000 95.54
1436266680000 95.43
1436266740000 95.57
1436266800000 95.44
1436266860000 95.28
1436267040000 95.28
1436267160000 95.2
1436267220000 95.26
1436267460000 95.31
1436267880000 95.13
1436267940000 95.17
1436268000000 95.14
1436268240000 95.09
1436268300000 95.09
1436268360000 95.01
1436268420000 94.81
1436268480000 94.89
1436268540000 94.97
1436268720000 94.61
1436268780000 94.61
1436268840000 94.75
1436268900000 94.61
1436268960000 94.5
1436269020000 94.4
1436269080000 94.42
1436269140000 94.57
1436269200000 94.69
1436269260000 94.67
1436269380000 94.52
1436269440000 94.7
1436269500000 94.64
1436269740000 94.7
1436269800000 94.71
1436269860000 94.82
1436269980000 94.81
1436270040000 94.91
1436270100000 95.05
1436270160000 95.075
1436270220000 95.28
1436270280000 95.25
1436270340000 95.32
1436270400000 95.18
1436270460000 95.24
1436270700000 95.26
1436270760000 95.405
1436270820000 95.395
1436270940000 95.39
1436271000000 95.46
1436271060000 95.3
1436271300000 95.27
1436271360000 95.37
1436271420000 95.32
1436271540000 95.29
1436271660000 95.28
1436271720000 95.305
1436271780000 95.24
1436271840000 95.25
1436271900000 95.3
1436271960000 95.29
1436272020000 95.24
1436272080000 95.28
1436272140000 95.385
1436272200000 95.37
1436272260000 95.435
1436272380000 95.33
1436272440000 95.4317
1436272500000 95.47
1436272560000 95.4
1436272620000 95.43
1436272680000 95.44
1436272740000 95.56
1436272860000 95.58
1436272920000 95.65
1436272980000 95.63
1436273040000 95.665
1436273100000 95.76
1436273160000 95.88
1436273220000 96.0
1436273280000 96.058
1436273580000 96.04
1436273640000 96.08
1436273700000 96.26
1436274180000 96.19
1436274240000 96.22
1436274360000 96.02
1436274420000 95.98
1436274540000 96.09
1436274600000 96.22
1436274660000 96.21
1436274780000 96.48
1436274900000 96.63
1436274960000 96.42
1436275020000 96.37
1436275260000 96.26
1436275380000 96.31
1436275440000 96.42
1436275680000 96.4399
1436275800000 96.46
1436275920000 96.33
1436276400000 96.24
1436276640000 96.13
1436276820000 96.05
1436276940000 96.12
1436277240000 96.23
1436277300000 96.16
1436277360000 95.96
1436277420000 95.86
1436277480000 95.74
1436277540000 95.79
1436277600000 95.758
1436277660000 95.7
1436277720000 95.73
1436277780000 95.99
1436277900000 95.91
1436278080000 95.99
1436278140000 95.935
1436278440000 96.09
1436278680000 96.02
1436278740000 95.96
1436278860000 95.86
1436278920000 95.81
1436278980000 95.85
1436279160000 95.825
1436279280000 95.84
1436279580000 95.98
1436279820000 95.96
1436279880000 95.96
1436280000000 96.09
1436280060000 96.14
1436280120000 96.205
1436280180000 96.15
1436280240000 96.245
1436280300000 96.31
1436280360000 96.16
1436280420000 96.005
1436280480000 96.2
1436280540000 96.37
1436280600000 96.45
1436280720000 96.6
1436280780000 96.49
1436280900000 96.46
1436280960000 96.56
1436281020000 96.62
1436281080000 96.7
1436281140000 97.03
1436281200000 97.03
1436281320000 96.98
1436281380000 96.97
1436281440000 96.915
1436281500000 96.9
1436281560000 96.97
