1436261400000 28.59
1436261520000 28.68
1436261760000 28.43
1436261820000 28.34
1436261940000 28.29
1436262000000 28.38
1436262060000 28.4
1436262120000 28.49
1436262180000 28.5
1436262240000 28.45
1436262420000 28.41
1436262480000 28.41
1436262540000 28.44
1436262600000 28.45
1436262660000 28.39
1436262720000 28.42
1436262780000 28.44
1436262840000 28.41
1436262900000 28.3865
1436263020000 28.25
1436263380000 28.27
1436263440000 28.28
1436263500000 28.28
1436263560000 28.32
1436263620000 28.29
1436263680000 28.28
1436263740000 28.3
1436263800000 28.3
1436263860000 28.36
1436263920000 28.34
1436263980000 28.35
1436264040000 28.36
1436264100000 28.32
1436264160000 28.34
1436264220000 28.34
1436264280000 28.35
1436264340000 28.35
1436264400000 28.36
1436264460000 28.34
1436264520000 28.345
1436264580000 28.34
1436264700000 28.34
1436264760000 28.335
1436264820000 28.31
1436264940000 28.31
1436265000000 28.3
1436265060000 28.3
1436265120000 28.31
1436265180000 28.33
1436265240000 28.32
1436265300000 28.32
1436265360000 28.32
1436265420000 28.34
1436265480000 28.34
1436265540000 28.3
1436265600000 28.24
1436265660000 28.22
1436265720000 28.215
1436265780000 28.255
1436265840000 28.28
1436265900000 28.3
1436265960000 28.26
1436266020000 28.28
1436266080000 28.29
1436266200000 28.28
1436266260000 28.26
1436266380000 28.28
1436266440000 28.29
1436266500000 28.28
1436266560000 28.23
1436266680000 28.24
1436266740000 28.24
1436266800000 28.22
1436266860000 28.17
1436266920000 28.19
1436267220000 28.2
1436267280000 28.22
1436267460000 28.215
1436267520000 28.24
1436267580000 28.24
1436267760000 28.25
1436267820000 28.29
1436267880000 28.26
1436267940000 28.24
1436268000000 28.25
1436268060000 28.2
1436268120000 28.12
1436268180000 28.11
1436268240000 28.13
1436268300000 28.13
1436268420000 28.11
1436268480000 28.1
1436268540000 28.1
1436268660000 28.03
1436268780000 28.04
1436268840000 28.01
1436268900000 28.0
1436268960000 27.96
1436269020000 28.0
1436269080000 28.0
1436269320000 28.1
1436269380000 28.14
1436269440000 28.135
1436269620000 28.155
1436269740000 28.15
1436269800000 28.1199
1436269860000 28.15
1436269980000 28.135
1436270160000 28.23
1436270220000 28.3
1436270400000 28.3
1436270520000 28.26
1436270640000 28.3
1436270700000 28.3
1436270820000 28.285
1436270880000 28.28
1436271000000 28.28
1436271060000 28.27
1436271240000 28.27
1436271420000 28.26
1436271480000 28.28
1436271540000 28.285
1436271600000 28.29
1436271660000 28.305
1436271780000 28.31
1436271840000 28.31
1436271960000 28.2999
1436272080000 28.303
1436272140000 28.3066
1436272260000 28.32
1436272320000 28.345
1436272500000 28.36
1436272560000 28.33
1436272620000 28.33
1436272680000 28.34
1436272740000 28.3697
1436272800000 28.36
1436272860000 28.36
1436272920000 28.36
1436273040000 28.38
1436273220000 28.38
1436273280000 28.42
1436273340000 28.43
1436273400000 28.445
1436273520000 28.44
1436273580000 28.39
1436273820000 28.44
1436273880000 28.47
1436273940000 28.46
1436274000000 28.4859
1436274120000 28.44
1436274180000 28.44
1436274240000 28.45
1436274360000 28.445
1436274420000 28.42
1436274480000 28.4
1436274660000 28.42
1436274720000 28.48
1436274840000 28.5
1436274900000 28.48
1436274960000 28.47
1436275020000 28.4299
1436275200000 28.43
1436275380000 28.46
1436275440000 28.44
1436275560000 28.43
1436275680000 28.44
1436275740000 28.45
1436275800000 28.465
1436275860000 28.46
1436275920000 28.4599
1436275980000 28.44
1436276220000 28.43
1436276280000 28.45
1436276340000 28.44
1436276400000 28.45
1436276460000 28.42
1436276640000 28.46
1436276700000 28.46
1436276760000 28.46
1436276820000 28.46
1436276880000 28.47
1436276940000 28.46
1436277000000 28.46
1436277060000 28.455
1436277180000 28.39
1436277300000 28.38
1436277420000 28.39
1436277540000 28.38
1436277600000 28.39
1436277660000 28.39
1436277720000 28.3902
1436277840000 28.43
1436277900000 28.41
1436277960000 28.4299
1436278020000 28.42
1436278080000 28.43
1436278140000 28.43
1436278200000 28.44
1436278260000 28.445
1436278500000 28.45
1436278560000 28.445
1436278620000 28.45
1436278680000 28.44
1436278740000 28.4399
1436278860000 28.38
1436278920000 28.37
1436278980000 28.39
1436279280000 28.36
1436279400000 28.4
1436279520000 28.41
1436279580000 28.43
1436279640000 28.43
1436279700000 28.44
1436279760000 28.43
1436279820000 28.44
1436279880000 28.44
1436279940000 28.49
1436280000000 28.49
1436280060000 28.51
1436280120000 28.52
1436280180000 28.52
1436280240000 28.555
1436280300000 28.55
1436280360000 28.54
1436280420000 28.52
1436280480000 28.53
1436280540000 28.49
1436280600000 28.49
1436280660000 28.505
1436280720000 28.49
1436280780000 28.48
1436280840000 28.48
1436280900000 28.49
1436280960000 28.475
1436281020000 28.5
1436281080000 28.51
1436281140000 28.54
1436281200000 28.56
1436281260000 28.56
1436281320000 28.55
1436281380000 28.5
1436281440000 28.5
1436281500000 28.51
1436281560000 28.47
