1436261400000 3.39
1436261700000 3.35
1436261760000 3.35
1436261820000 3.35
1436261880000 3.35
1436262240000 3.38
1436262300000 3.37
1436262660000 3.38
1436263140000 3.35
1436263560000 3.36
1436263620000 3.355
1436263680000 3.35
1436263740000 3.35
1436264220000 3.36
1436264280000 3.35
1436264700000 3.35
1436265000000 3.35
1436265060000 3.35
1436265180000 3.35
1436265300000 3.35
1436265360000 3.35
1436265420000 3.35
1436265480000 3.36
1436265600000 3.35
1436266260000 3.37
1436266320000 3.35
1436266440000 3.37
1436266920000 3.37
1436267280000 3.37
1436267340000 3.35
1436267640000 3.37
1436267880000 3.34
1436268000000 3.35
1436268480000 3.33
1436268840000 3.32
1436268900000 3.32
1436268960000 3.34
1436269680000 3.32
1436270100000 3.34
1436270340000 3.3227
1436270700000 3.34
1436270880000 3.3302
1436271120000 3.33
1436271480000 3.34
1436271540000 3.33
1436271660000 3.34
1436271960000 3.33
1436272500000 3.3398
1436272560000 3.34
1436272680000 3.34
1436273160000 3.34
1436273700000 3.34
1436273760000 3.35
1436273880000 3.37
1436274060000 3.37
1436274240000 3.37
1436274360000 3.36
1436274480000 3.35
1436274540000 3.35
1436274720000 3.37
1436275140000 3.37
1436275620000 3.37
1436275740000 3.36
1436275860000 3.36
1436275980000 3.36
1436276820000 3.36
1436277660000 3.36
1436278860000 3.36
1436280000000 3.35
1436280420000 3.35
1436280960000 3.35
1436281080000 3.35
1436281200000 3.37
