1436261400000 31.88
1436261640000 31.93
1436262120000 31.689
1436262180000 31.65
1436262240000 31.71
1436262300000 31.72
1436262360000 32.04
1436262420000 31.99
1436262480000 31.97
1436262540000 31.75
1436262600000 31.75
1436262720000 31.82
1436262780000 31.87
1436262840000 32.04
1436263140000 32.0445
1436263440000 32.2
1436263620000 32.115
1436263680000 32.04
1436263800000 32.04
1436263980000 31.89
1436264040000 31.78
1436264580000 32.05
1436264940000 31.8601
1436265000000 32.0
1436265180000 32.0599
1436265240000 31.9669
1436265660000 31.965
1436265720000 31.96
1436265780000 31.75
1436265840000 31.615
1436266020000 31.75
1436266200000 31.7488
1436266320000 31.7488
1436266620000 31.72
1436266980000 31.77
1436267400000 31.7738
1436267880000 31.828
1436267940000 31.8626
1436268060000 31.8
1436269140000 31.62
1436269200000 31.76
1436269260000 31.89
1436269320000 31.74
1436269380000 31.75
1436269440000 31.7
1436269800000 31.5
1436270460000 31.6195
1436270520000 31.5453
1436270760000 31.66
1436270820000 31.69
1436270880000 31.7707
1436271480000 31.717
1436271840000 31.78
1436271960000 31.84
1436272200000 31.81
1436272260000 31.862
1436272380000 31.95
1436272440000 31.84
1436272560000 31.974
1436272620000 31.97
1436272740000 31.83
1436272980000 31.831
1436273100000 31.98
1436273160000 31.84
1436273280000 31.83
1436273340000 31.815
1436274060000 31.89
1436274120000 31.88
1436274180000 31.852
1436274240000 31.87
1436274420000 31.8978
1436274480000 31.94
1436274540000 32.02
1436274600000 31.96
1436274660000 31.94
1436274720000 31.92
1436274780000 31.8601
1436274900000 32.049
1436274960000 31.86
1436275080000 32.035
1436275140000 32.0
1436275260000 32.04
1436275320000 32.09
1436275500000 32.09
1436275560000 32.09
1436275920000 32.08
1436277120000 31.98
1436277300000 31.97
1436277480000 31.89
1436277540000 31.79
1436277780000 31.8201
1436277900000 31.89
1436278140000 31.889
1436278440000 31.7001
1436278620000 31.83
1436279340000 31.8
1436279460000 31.85
1436279580000 31.755
1436279640000 31.89
1436280960000 31.9799
1436281080000 31.98
1436281140000 32.0999
