1436261400000 2.64
1436261940000 2.62
1436262000000 2.62
1436262480000 2.6052
1436263680000 2.63
1436263920000 2.6299
1436264760000 2.6001
1436265600000 2.61
1436265660000 2.61
1436265720000 2.61
1436265780000 2.61
1436265840000 2.61
1436265900000 2.61
1436266020000 2.6199
1436266200000 2.61
1436266260000 2.61
1436266320000 2.61
1436266560000 2.61
1436266680000 2.61
1436266740000 2.61
1436266800000 2.61
1436266860000 2.61
1436267160000 2.61
1436267220000 2.61
1436267280000 2.61
1436267340000 2.61
1436267400000 2.61
1436267460000 2.61
1436267640000 2.61
1436268120000 2.61
1436268180000 2.61
1436268360000 2.61
1436268540000 2.61
1436268720000 2.61
1436268900000 2.61
1436268960000 2.61
1436269020000 2.616
1436269140000 2.61
1436269860000 2.61
1436269920000 2.61
1436269980000 2.61
1436270400000 2.6199
1436270580000 2.61
1436270640000 2.61
1436270760000 2.61
1436271000000 2.6
1436271060000 2.6
1436271120000 2.6
1436271480000 2.6
1436271540000 2.6
1436271600000 2.6
1436271840000 2.6
1436272200000 2.6
1436272620000 2.6
1436272980000 2.6
1436273220000 2.61
1436273820000 2.6
1436274360000 2.61
1436274420000 2.6099
1436274540000 2.61
1436274780000 2.61
1436275680000 2.6
1436275860000 2.61
1436276040000 2.61
1436276400000 2.6
1436276460000 2.6
1436276520000 2.6
1436276940000 2.61
1436277300000 2.6
1436277360000 2.6
1436277420000 2.6
1436277780000 2.6
1436277840000 2.6
1436277900000 2.6
1436277960000 2.6
1436278080000 2.6
1436278140000 2.6
1436278560000 2.6054
1436278800000 2.6
1436278860000 2.6
1436278920000 2.6
1436279400000 2.6
1436280060000 2.6097
1436280540000 2.6
1436280600000 2.61
