1436261400000 1.12
1436261460000 1.1311
1436261520000 1.14
1436262180000 1.147
1436262300000 1.15
1436262360000 1.139
1436262540000 1.13
1436262600000 1.129
1436262840000 1.1206
1436262900000 1.1299
1436262960000 1.13
1436263200000 1.13
1436263380000 1.13
1436264640000 1.13
1436264760000 1.1399
1436265000000 1.12
1436265180000 1.12
1436265240000 1.1247
1436265540000 1.1204
1436265660000 1.121
1436266020000 1.12
1436266080000 1.12
1436266140000 1.125
1436266200000 1.1201
1436266380000 1.12
1436266440000 1.1201
1436267100000 1.12
1436267280000 1.13
1436267460000 1.12
1436267700000 1.1215
1436267760000 1.125
1436267820000 1.1212
1436267880000 1.121
1436268420000 1.1201
1436268540000 1.13
1436268780000 1.13
1436269080000 1.13
1436269260000 1.12
1436269320000 1.1212
1436269680000 1.12
1436269740000 1.12
1436269920000 1.1201
1436271120000 1.13
1436271480000 1.11
1436271540000 1.11
1436271600000 1.11
1436271840000 1.12
1436272080000 1.115
1436272200000 1.1101
1436272440000 1.1199
1436272560000 1.11
1436272920000 1.1101
1436273220000 1.1101
1436273280000 1.12
1436273580000 1.1199
1436273700000 1.12
1436273820000 1.111
1436274000000 1.12
1436274900000 1.12
1436275020000 1.1101
1436275500000 1.115
1436275740000 1.115
1436275920000 1.12
1436275980000 1.11
1436276700000 1.1188
1436277240000 1.11
1436277360000 1.115
1436277420000 1.1199
1436277600000 1.115
1436277660000 1.11
1436277900000 1.11
1436278080000 1.1112
1436278200000 1.115
1436278260000 1.11
1436278380000 1.11
1436278500000 1.1163
1436279280000 1.115
1436279400000 1.1146
1436279520000 1.1199
1436279640000 1.115
1436280300000 1.115
1436280780000 1.1199
1436281080000 1.12
