1436261400000 5.23
1436261460000 5.2551
1436261520000 5.24
1436261580000 5.206
1436261640000 5.1921
1436261700000 5.2
1436261760000 5.2399
1436261820000 5.21
1436261880000 5.19
1436261940000 5.2009
1436262000000 5.21
1436262060000 5.195
1436262120000 5.1836
1436262180000 5.22
1436262240000 5.18
1436262300000 5.15
1436262360000 5.155
1436262420000 5.17
1436262480000 5.14
1436262540000 5.1499
1436262600000 5.13
1436262660000 5.132
1436262720000 5.13
1436262780000 5.125
1436262840000 5.12
1436262900000 5.125
1436262960000 5.065
1436263020000 5.08
1436263080000 5.085
1436263140000 5.095
1436263200000 5.1067
1436263260000 5.105
1436263320000 5.1
1436263380000 5.11
1436263440000 5.105
1436263500000 5.1086
1436263560000 5.1
1436263620000 5.08
1436263680000 5.07
1436263740000 5.05
1436263800000 5.07
1436263860000 5.08
1436263920000 5.08
1436263980000 5.08
1436264040000 5.0841
1436264100000 5.075
1436264160000 5.0762
1436264220000 5.08
1436264280000 5.1
1436264340000 5.115
1436264400000 5.11
1436264460000 5.1101
1436264520000 5.12
1436264580000 5.12
1436264640000 5.15
1436264700000 5.14
1436264760000 5.135
1436264820000 5.13
1436264880000 5.13
1436264940000 5.14
1436265000000 5.14
1436265060000 5.119
1436265120000 5.12
1436265180000 5.13
1436265240000 5.12
1436265300000 5.12
1436265360000 5.116
1436265420000 5.125
1436265480000 5.11
1436265540000 5.1154
1436265600000 5.1
1436265660000 5.08
1436265720000 5.065
1436265780000 5.05
1436265840000 5.03
1436265900000 5.04
1436265960000 5.04
1436266020000 5.06
1436266080000 5.07
1436266140000 5.075
1436266200000 5.08
1436266260000 5.07
1436266320000 5.06
1436266380000 5.06
1436266440000 5.075
1436266500000 5.08
1436266560000 5.04
1436266620000 5.05
1436266680000 5.04
1436266740000 5.0468
1436266800000 5.05
1436266860000 5.04
1436266920000 5.035
1436266980000 5.0301
1436267040000 5.035
1436267100000 5.04
1436267160000 5.03
1436267220000 5.03
1436267280000 5.0308
1436267340000 5.03
1436267400000 5.03
1436267460000 5.039
1436267520000 5.0359
1436267580000 5.03
1436267640000 5.03
1436267700000 5.03
1436267760000 5.03
1436267820000 5.0541
1436267880000 5.05
1436267940000 5.041
1436268000000 5.05
1436268060000 5.04
1436268120000 5.04
1436268180000 5.0459
1436268240000 5.05
1436268300000 5.04
1436268360000 5.04
1436268420000 5.0412
1436268480000 5.049
1436268540000 5.04
1436268600000 5.03
1436268660000 5.037
1436268720000 5.03
1436268780000 5.0364
1436268840000 5.03
1436268900000 5.011
1436268960000 5.01
1436269020000 5.01
1436269080000 5.0199
1436269140000 5.0201
1436269200000 5.03
1436269260000 5.05
1436269320000 5.04
1436269380000 5.04
1436269440000 5.05
1436269500000 5.045
1436269560000 5.03
1436269620000 5.03
1436269680000 5.02
1436269740000 5.03
1436269800000 5.03
1436269860000 5.036
1436269920000 5.03
1436269980000 5.0364
1436270040000 5.047
1436270100000 5.0499
1436270160000 5.05
1436270220000 5.06
1436270280000 5.0883
1436270340000 5.09
1436270400000 5.09
1436270460000 5.083
1436270520000 5.08
1436270580000 5.09
1436270640000 5.08
1436270700000 5.07
1436270760000 5.0799
1436270820000 5.075
1436270880000 5.07
1436270940000 5.0702
1436271000000 5.0849
1436271060000 5.08
1436271120000 5.07
1436271180000 5.065
1436271240000 5.07
1436271300000 5.0744
1436271420000 5.08
1436271480000 5.085
1436271540000 5.1
1436271600000 5.11
1436271660000 5.1
1436271720000 5.11
1436271780000 5.105
1436271840000 5.105
1436271900000 5.11
1436271960000 5.105
1436272020000 5.129
1436272080000 5.12
1436272140000 5.1
1436272200000 5.11
1436272260000 5.1
1436272320000 5.12
1436272380000 5.1
1436272440000 5.11
1436272500000 5.13
1436272560000 5.13
1436272620000 5.16
1436272680000 5.1808
1436272740000 5.185
1436272800000 5.185
1436272860000 5.185
1436272920000 5.2
1436272980000 5.2
1436273040000 5.19
1436273100000 5.181
1436273160000 5.2
1436273220000 5.2
1436273280000 5.2
1436273340000 5.2
1436273400000 5.2
1436273460000 5.21
1436273520000 5.21
1436273580000 5.185
1436273640000 5.1861
1436273700000 5.2
1436273760000 5.2
1436273820000 5.2
1436273880000 5.205
1436273940000 5.21
1436274000000 5.22
1436274060000 5.22
1436274120000 5.22
1436274180000 5.21
1436274240000 5.2
1436274300000 5.2
1436274360000 5.21
1436274420000 5.2
1436274480000 5.2
1436274540000 5.21
1436274600000 5.2055
1436274660000 5.1856
1436274720000 5.1855
1436274780000 5.19
1436274840000 5.19
1436274900000 5.19
1436274960000 5.19
1436275020000 5.16
1436275080000 5.165
1436275140000 5.17
1436275200000 5.18
1436275260000 5.15
1436275320000 5.15
1436275380000 5.153
1436275440000 5.1397
1436275500000 5.1335
1436275560000 5.13
1436275620000 5.125
1436275680000 5.11
1436275740000 5.1106
1436275800000 5.12
1436275860000 5.14
1436275920000 5.13
1436275980000 5.1155
1436276040000 5.115
1436276100000 5.125
1436276160000 5.12
1436276220000 5.13
1436276280000 5.13
1436276340000 5.12
1436276400000 5.12
1436276520000 5.11
1436276580000 5.14
1436276640000 5.14
1436276700000 5.15
1436276760000 5.15
1436276820000 5.1441
1436276880000 5.14
1436276940000 5.14
1436277000000 5.14
1436277060000 5.15
1436277120000 5.145
1436277180000 5.1455
1436277240000 5.145
1436277300000 5.14
1436277360000 5.15
1436277420000 5.15
1436277480000 5.135
1436277540000 5.1301
1436277600000 5.1303
1436277660000 5.135
1436277720000 5.135
1436277780000 5.125
1436277840000 5.13
1436277900000 5.13
1436277960000 5.12
1436278020000 5.125
1436278080000 5.12
1436278200000 5.12
1436278260000 5.1225
1436278380000 5.11
1436278440000 5.1
1436278500000 5.1
1436278560000 5.075
1436278620000 5.09
1436278680000 5.0851
1436278740000 5.07
1436278800000 5.07
1436278860000 5.065
1436278920000 5.05
1436278980000 5.05
1436279040000 5.05
1436279160000 5.06
1436279220000 5.07
1436279280000 5.09
1436279340000 5.08
1436279400000 5.085
1436279460000 5.09
1436279520000 5.08
1436279580000 5.0999
1436279640000 5.09
1436279700000 5.085
1436279760000 5.0899
1436279820000 5.09
1436279880000 5.08
1436279940000 5.095
1436280000000 5.0901
1436280060000 5.1
1436280120000 5.09
1436280180000 5.1
1436280240000 5.1
1436280300000 5.1079
1436280360000 5.1099
1436280420000 5.11
1436280480000 5.11
1436280540000 5.11
1436280600000 5.12
1436280660000 5.111
1436280720000 5.1196
1436280780000 5.12
1436280840000 5.1201
1436280900000 5.11
1436280960000 5.12
1436281020000 5.12
1436281080000 5.1399
1436281140000 5.15
1436281200000 5.1501
1436281260000 5.15
1436281320000 5.14
1436281380000 5.12
1436281440000 5.13
1436281500000 5.15
1436281560000 5.131
