1436261400000 62.9
1436262120000 62.52
1436262180000 62.47
1436262360000 62.41
1436262420000 62.59
1436262480000 62.678
1436262540000 62.69
1436262720000 62.68
1436262960000 62.78
1436263020000 62.64
1436263080000 62.76
1436263140000 62.72
1436263260000 62.73
1436263320000 62.61
1436263680000 62.5301
1436263740000 62.6549
1436263800000 62.65
1436263980000 62.72
1436264100000 62.64
1436264160000 62.65
1436264220000 62.62
1436264280000 62.62
1436264400000 62.4175
1436264460000 62.455
1436264520000 62.505
1436264580000 62.51
1436264640000 62.31
1436264700000 62.34
1436264820000 62.3
1436265000000 62.18
1436265060000 62.11
1436265180000 62.1
1436265420000 62.08
1436265480000 61.91
1436265540000 62.05
1436265600000 62.17
1436265660000 62.14
1436265960000 62.21
1436266020000 62.21
1436266080000 62.23
1436266320000 62.17
1436266440000 62.19
1436266740000 62.2
1436266800000 62.18
1436267100000 62.19
1436267220000 62.04
1436267460000 62.06
1436267520000 62.17
1436267700000 62.18
1436267880000 62.21
1436267940000 62.191
1436268060000 62.05
1436268120000 62.16
1436268180000 62.1
1436268300000 62.05
1436268480000 62.02
1436268540000 61.97
1436268600000 61.89
1436268660000 61.93
1436268720000 61.82
1436268780000 61.81
1436268840000 61.77
1436268960000 61.77
1436269020000 61.77
1436269320000 62.03
1436269680000 62.05
1436269800000 62.05
1436269860000 61.87
1436269920000 61.85
1436269980000 61.81
1436270040000 61.82
1436270100000 61.76
1436270160000 61.89
1436270220000 62.02
1436270280000 61.98
1436270340000 62.0
1436270400000 61.85
1436270460000 61.83
1436270520000 61.91
1436270580000 61.89
1436270640000 61.94
1436270700000 61.97
1436270820000 62.01
1436270880000 61.91
1436271180000 61.95
1436271360000 61.82
1436271480000 61.76
1436271540000 61.855
1436271960000 61.85
1436272140000 61.91
1436272260000 61.91
1436272320000 61.91
1436272620000 61.99
1436272740000 62.0
1436272800000 62.01
1436273040000 62.07
1436273160000 62.04
1436273280000 62.0
1436273460000 62.02
1436273580000 61.99
1436273820000 62.06
1436273880000 62.12
1436273940000 62.16
1436274000000 62.18
1436274120000 62.2
1436274240000 62.22
1436274420000 62.21
1436274600000 62.19
1436274660000 62.12
1436274720000 62.24
1436274840000 62.29
1436275200000 62.29
1436275380000 62.18
1436275740000 62.16
1436275800000 62.26
1436276040000 62.18
1436276100000 62.19
1436276160000 62.2051
1436276280000 62.235
1436276400000 62.2
1436276520000 62.17
1436276580000 62.17
1436276640000 62.19
1436276940000 62.27
1436277420000 62.18
1436277480000 62.15
1436277600000 62.15
1436277720000 62.15
1436277780000 62.09
1436277840000 62.12
1436277960000 62.07
1436278020000 62.07
1436278200000 62.14
1436278320000 62.12
1436278440000 62.155
1436278620000 62.11
1436278740000 62.07
1436278920000 61.97
1436279100000 62.11
1436279160000 62.04
1436279220000 62.09
1436279760000 61.96
1436279880000 62.08
1436279940000 62.13
1436280060000 62.19
1436280180000 62.32
1436280420000 62.53
1436280540000 62.42
1436280780000 62.435
1436280840000 62.43
1436280900000 62.43
1436280960000 62.39
1436281020000 62.4
1436281080000 62.5
1436281140000 62.61
1436281200000 62.66
1436281320000 62.75
1436281440000 62.78
1436281500000 62.73
1436281560000 62.64
