1436261400000 21.81
1436261520000 21.71
1436261580000 21.63
1436261640000 21.61
1436261700000 21.665
1436261820000 21.61
1436261880000 21.54
1436261940000 21.58
1436262000000 21.685
1436262120000 21.65
1436262180000 21.65
1436262300000 21.61
1436262360000 21.62
1436262420000 21.67
1436262480000 21.7
1436262540000 21.7
1436262600000 21.64
1436262660000 21.59
1436262720000 21.63
1436262780000 21.66
1436262840000 21.65
1436262900000 21.6
1436263020000 21.57
1436263080000 21.515
1436263200000 21.48
1436263320000 21.475
1436263440000 21.4763
1436263500000 21.48
1436263560000 21.48
1436263620000 21.44
1436263680000 21.38
1436263740000 21.33
1436263800000 21.3403
1436263860000 21.5
1436263920000 21.42
1436263980000 21.42
1436264040000 21.41
1436264100000 21.41
1436264280000 21.406
1436264340000 21.43
1436264400000 21.4
1436264460000 21.42
1436264520000 21.44
1436264580000 21.48
1436264640000 21.44
1436264700000 21.47
1436264760000 21.5
1436264820000 21.56
1436264880000 21.51
1436264940000 21.55
1436265000000 21.51
1436265060000 21.47
1436265120000 21.46
1436265180000 21.46
1436265240000 21.42
1436265300000 21.42
1436265360000 21.39
1436265420000 21.38
1436265480000 21.29
1436265540000 21.28
1436265600000 21.21
1436265660000 21.22
1436265720000 21.2
1436265780000 21.21
1436265840000 21.17
1436265900000 21.2
1436265960000 21.28
1436266020000 21.41
1436266080000 21.41
1436266140000 21.36
1436266200000 21.34
1436266260000 21.28
1436266320000 21.365
1436266380000 21.44
1436266440000 21.43
1436266500000 21.42
1436266560000 21.33
1436266620000 21.41
1436266680000 21.34
1436266740000 21.355
1436266800000 21.34
1436266860000 21.35
1436266920000 21.3368
1436266980000 21.34
1436267040000 21.33
1436267100000 21.32
1436267160000 21.33
1436267280000 21.37
1436267340000 21.37
1436267400000 21.375
1436267460000 21.375
1436267520000 21.37
1436267580000 21.44
1436267640000 21.4
1436267700000 21.44
1436267760000 21.43
1436267820000 21.43
1436267880000 21.41
1436267940000 21.39
1436268000000 21.44
1436268060000 21.35
1436268120000 21.4
1436268240000 21.38
1436268300000 21.39
1436268360000 21.35
1436268540000 21.31
1436268600000 21.27
1436268780000 21.28
1436268840000 21.22
1436268900000 21.21
1436268960000 21.19
1436269020000 21.2
1436269080000 21.2
1436269140000 21.26
1436269200000 21.32
1436269260000 21.33
1436269320000 21.34
1436269380000 21.33
1436269440000 21.33
1436269500000 21.31
1436269560000 21.25
1436269620000 21.21
1436269800000 21.2401
1436269860000 21.29
1436269980000 21.33
1436270040000 21.31
1436270100000 21.32
1436270160000 21.34
1436270220000 21.37
1436270280000 21.365
1436270340000 21.35
1436270400000 21.35
1436270460000 21.28
1436270580000 21.33
1436270640000 21.35
1436270700000 21.35
1436270760000 21.32
1436270820000 21.29
1436270880000 21.31
1436270940000 21.31
1436271000000 21.31
1436271060000 21.27
1436271120000 21.26
1436271180000 21.28
1436271240000 21.29
1436271300000 21.3
1436271360000 21.32
1436271420000 21.31
1436271480000 21.3
1436271660000 21.34
1436271720000 21.36
1436271780000 21.31
1436271840000 21.31
1436271900000 21.3
1436272020000 21.34
1436272080000 21.34
1436272140000 21.35
1436272260000 21.34
1436272320000 21.38
1436272380000 21.38
1436272440000 21.38
1436272500000 21.38
1436272560000 21.38
1436272620000 21.38
1436272680000 21.38
1436272740000 21.38
1436272800000 21.37
1436272860000 21.35
1436272920000 21.38
1436272980000 21.38
1436273040000 21.4
1436273100000 21.4
1436273220000 21.42
1436273280000 21.5
1436273400000 21.48
1436273460000 21.49
1436273520000 21.53
1436273580000 21.46
1436273640000 21.47
1436273700000 21.52
1436273760000 21.45
1436273820000 21.48
1436273880000 21.45
1436273940000 21.41
1436274000000 21.45
1436274060000 21.54
1436274120000 21.58
1436274180000 21.52
1436274240000 21.57
1436274300000 21.58
1436274360000 21.58
1436274420000 21.5
1436274540000 21.58
1436274600000 21.6
1436274660000 21.57
1436274720000 21.615
1436274780000 21.5995
1436274840000 21.59
1436274960000 21.6
1436275080000 21.55
1436275200000 21.52
1436275260000 21.54
1436275320000 21.54
1436275380000 21.55
1436275440000 21.55
1436275500000 21.55
1436275560000 21.51
1436275620000 21.5
1436275680000 21.52
1436275740000 21.55
1436275800000 21.59
1436275860000 21.57
1436275920000 21.56
1436276040000 21.55
1436276220000 21.56
1436276340000 21.56
1436276400000 21.56
1436276460000 21.51
1436276520000 21.53
1436276640000 21.58
1436276760000 21.57
1436276820000 21.6
1436276880000 21.58
1436277000000 21.57
1436277120000 21.53
1436277180000 21.545
1436277240000 21.55
1436277300000 21.5
1436277420000 21.542
1436277660000 21.55
1436277720000 21.55
1436277960000 21.56
1436278020000 21.52
1436278080000 21.53
1436278140000 21.56
1436278260000 21.57
1436278380000 21.56
1436278440000 21.55
1436278500000 21.51
1436278620000 21.49
1436278680000 21.445
1436278740000 21.46
1436278860000 21.42
1436278920000 21.39
1436279040000 21.38
1436279100000 21.38
1436279160000 21.43
1436279220000 21.425
1436279280000 21.43
1436279340000 21.4245
1436279400000 21.44
1436279460000 21.435
1436279520000 21.44
1436279580000 21.48
1436279640000 21.45
1436279700000 21.4
1436279760000 21.39
1436279820000 21.41
1436279880000 21.41
1436279940000 21.43
1436280000000 21.44
1436280060000 21.47
1436280120000 21.5
1436280180000 21.45
1436280240000 21.52
1436280300000 21.49
1436280360000 21.54
1436280420000 21.59
1436280480000 21.59
1436280540000 21.53
1436280660000 21.49
1436280780000 21.55
1436280900000 21.55
1436280960000 21.53
1436281020000 21.56
1436281080000 21.58
1436281140000 21.64
1436281200000 21.61
1436281260000 21.61
1436281320000 21.59
1436281380000 21.58
1436281440000 21.56
1436281500000 21.57
1436281560000 21.52
1436281620000 21.54
