1436261400000 6.92
1436261520000 6.84
1436261580000 6.86
1436261640000 6.81
1436261700000 6.71
1436261820000 6.63
1436261880000 6.65
1436261940000 6.65
1436262000000 6.64
1436262060000 6.59
1436262180000 6.63
1436262540000 6.67
1436262600000 6.67
1436262660000 6.67
1436262720000 6.6401
1436262780000 6.66
1436262900000 6.6775
1436262960000 6.73
1436263020000 6.7798
1436263080000 6.8
1436263140000 6.8
1436263440000 6.785
1436263680000 6.7501
1436263740000 6.72
1436263800000 6.72
1436263860000 6.74
1436263920000 6.7
1436263980000 6.72
1436264040000 6.72
1436264100000 6.675
1436264160000 6.7
1436264220000 6.705
1436264280000 6.68
1436264340000 6.7
1436264400000 6.7
1436264460000 6.69
1436264520000 6.66
1436264640000 6.65
1436264760000 6.64
1436264820000 6.582
1436265000000 6.63
1436265060000 6.62
1436265180000 6.63
1436265240000 6.61
1436265660000 6.61
1436265720000 6.65
1436265840000 6.644
1436266380000 6.65
1436266440000 6.69
1436266560000 6.72
1436266740000 6.72
1436266800000 6.7324
1436266860000 6.69
1436266920000 6.68
1436267220000 6.7
1436267400000 6.72
1436267520000 6.71
1436267580000 6.69
1436267760000 6.7
1436268060000 6.71
1436268120000 6.71
1436268180000 6.7299
1436268300000 6.72
1436268360000 6.7
1436268480000 6.72
1436268540000 6.7
1436268600000 6.7
1436268660000 6.695
1436268960000 6.662
1436269020000 6.6701
1436269320000 6.71
1436269440000 6.73
1436269620000 6.7
1436269980000 6.69
1436270220000 6.7
1436270460000 6.72
1436270760000 6.7
1436270820000 6.71
1436270940000 6.71
1436271120000 6.7
1436271420000 6.6801
1436271480000 6.7
1436271540000 6.71
1436271600000 6.69
1436271780000 6.6899
1436271840000 6.71
1436272080000 6.73
1436272140000 6.75
1436272200000 6.76
1436272380000 6.8
1436272560000 6.78
1436272620000 6.76
1436272680000 6.73
1436272740000 6.74
1436273040000 6.765
1436273100000 6.71
1436273280000 6.75
1436273340000 6.75
1436273400000 6.71
1436273460000 6.71
1436273940000 6.7
1436274120000 6.7
1436274240000 6.727
1436274360000 6.74
1436274480000 6.72
1436274540000 6.7499
1436274660000 6.7499
1436274720000 6.76
1436274780000 6.81
1436274900000 6.86
1436274960000 6.83
1436275020000 6.82
1436275080000 6.78
1436275140000 6.76
1436275320000 6.75
1436275500000 6.76
1436275620000 6.75
1436275920000 6.76
1436276280000 6.77
1436276640000 6.82
1436276820000 6.83
1436277360000 6.75
1436277660000 6.77
1436277720000 6.7901
1436277840000 6.81
1436277960000 6.81
1436278080000 6.81
1436278140000 6.84
1436278200000 6.85
1436278260000 6.86
1436278380000 6.89
1436278440000 6.87
1436278500000 6.87
1436278740000 6.87
1436278800000 6.84
1436278860000 6.85
1436278920000 6.84
1436279340000 6.85
1436279400000 6.86
1436279460000 6.93
1436279520000 6.92
1436279580000 6.98
1436279640000 6.9886
1436279700000 6.95
1436279760000 6.94
1436279820000 6.94
1436279940000 7.0
1436280060000 7.046
1436280120000 7.04
1436280180000 7.07
1436280420000 7.07
1436280480000 7.07
1436280540000 7.07
1436280660000 7.03
1436280780000 7.05
1436280960000 7.04
1436281080000 7.06
1436281140000 7.07
1436281260000 7.08
1436281380000 7.08
1436281440000 7.07
1436281500000 7.1
