1436264760000 32.62
1436264820000 32.66
1436264880000 32.75
1436264940000 32.91
1436265000000 32.83
1436265060000 32.76
1436265120000 32.795
1436265240000 32.77
1436265300000 32.76
1436265360000 32.69
1436265480000 32.7
1436265540000 32.75
1436265600000 32.74
1436267940000 32.68
1436268240000 32.4701
1436269140000 32.78
1436270220000 32.78
1436270760000 32.64
1436271480000 32.64
1436271720000 32.59
1436272620000 32.74
1436272860000 32.6383
1436273640000 32.57
1436274240000 32.6614
1436274300000 32.63
1436274900000 32.59
1436275080000 32.8793
1436275860000 32.79
1436277000000 32.805
1436277240000 32.75
1436278080000 32.8
1436278740000 32.89
