1404705600000 21.18
1404792000000 21.14
1404878400000 21.1
1404964800000 21.01
1405051200000 21.0
1405310400000 21.15
1405396800000 21.19
1405483200000 21.18
1405569600000 21.17
1405656000000 21.05
1405915200000 21.33
1406001600000 21.49
1406088000000 21.49
1406174400000 21.35
1406260800000 21.4
1406520000000 21.57
1406606400000 21.58
1406692800000 21.55
1406779200000 21.55
1406865600000 21.6
1407124800000 21.7
1407211200000 21.65
1407297600000 21.58
1407384000000 21.47
1407470400000 21.48
1407729600000 21.4
1407816000000 21.4
1407902400000 21.37
1407988800000 21.43
1408075200000 21.47
1408334400000 21.5
1408420800000 21.48
1408507200000 21.45
1408593600000 21.4
1408680000000 21.36
1408939200000 21.39
1409025600000 21.38
1409112000000 21.54
1409198400000 21.5
1409284800000 21.48
1409630400000 21.52
1409716800000 21.51
1409803200000 21.51
1409889600000 21.38
1410148800000 21.34
1410235200000 21.3
1410321600000 21.26
1410408000000 21.22
1410494400000 20.85
1410753600000 20.89
1410840000000 20.71
1410926400000 21.0
1411012800000 20.98
1411099200000 20.73
1411358400000 20.81
1411444800000 20.69
1411531200000 20.83
1411617600000 20.85
1411704000000 20.96
1411963200000 20.94
1412049600000 20.89
1412136000000 20.8
1412222400000 21.13
1412308800000 21.11
1412568000000 21.18
1412654400000 21.23
1412740800000 21.2
1412827200000 21.49
1412913600000 21.45
1413172800000 21.38
1413259200000 21.4
1413345600000 21.42
1413432000000 21.5
1413518400000 21.66
1413777600000 21.87
1413864000000 22.14
1413950400000 22.07
1414036800000 21.98
1414123200000 21.96
1414382400000 22.0
1414468800000 22.11
1414555200000 22.08
1414641600000 22.1
1414728000000 22.1
1414990800000 22.2
1415077200000 22.21
1415163600000 22.23
1415250000000 22.2
1415336400000 22.21
1415595600000 22.17
1415682000000 22.19
1415768400000 22.24
1415854800000 22.17
1415941200000 22.5
1416200400000 22.4
1416286800000 22.33
1416373200000 22.59
