1436261640000 1.91
1436261700000 1.92
1436261760000 1.91
1436261820000 1.9
1436262240000 1.86
1436262360000 1.8601
1436262420000 1.86
1436262480000 1.88
1436262540000 1.88
1436263080000 1.83
1436263440000 1.81
1436263500000 1.8
1436265060000 1.803
1436266380000 1.8099
1436267040000 1.81
1436267340000 1.81
1436267580000 1.8
1436267880000 1.791
1436269020000 1.8099
1436269980000 1.8
1436270100000 1.79
1436270160000 1.77
1436271060000 1.78
1436272080000 1.78
1436272320000 1.7801
1436272680000 1.79
1436273100000 1.78
1436273880000 1.7888
1436274360000 1.7999
1436274480000 1.8
1436274540000 1.7993
1436274660000 1.88
1436274900000 1.865
1436275020000 1.87
1436275080000 1.86
1436275140000 1.83
1436275200000 1.86
1436275560000 1.83
1436276700000 1.83
1436276820000 1.836
1436277120000 1.825
1436278200000 1.8288
1436278320000 1.8
1436278500000 1.8
1436278620000 1.8
1436279220000 1.805
1436279460000 1.8199
1436280300000 1.8
1436281320000 1.8
