1404705600000 14.5
1404792000000 13.96
1404878400000 14.475
1404964800000 14.22
1405051200000 14.58
1405310400000 14.96
1405396800000 14.445
1405483200000 14.47
1405569600000 13.68
1405656000000 14.12
1405915200000 13.96
1406001600000 13.96
1406088000000 14.51
1406174400000 14.63
1406260800000 14.13
1406520000000 15.19
1406606400000 14.53
1406692800000 14.44
1406779200000 14.6
1406865600000 14.39
1407124800000 14.57
1407211200000 14.52
1407297600000 14.5
1407384000000 14.57
1407470400000 14.78
1407729600000 14.99
1407816000000 14.69
1407902400000 14.76
1407988800000 14.66
1408075200000 14.85
1408334400000 15.46
1408420800000 15.51
1408507200000 15.53
1408593600000 15.71
1408680000000 16.03
1408939200000 15.92
1409025600000 16.0
1409112000000 15.73
1409198400000 15.86
1409284800000 15.9
1409630400000 15.83
1409716800000 15.69
1409803200000 15.73
1409889600000 15.84
1410148800000 15.81
1410235200000 15.58
1410321600000 15.59
1410408000000 15.69
1410494400000 15.54
1410753600000 14.97
1410840000000 15.31
1410926400000 15.12
1411012800000 15.4
1411099200000 15.12
1411358400000 14.64
1411444800000 14.44
1411531200000 14.75
1411617600000 14.37
1411704000000 14.57
1411963200000 15.29
1412049600000 20.96
1412136000000 20.92
1412222400000 20.93
1412308800000 20.93
1412568000000 20.92
1412654400000 20.98
1412740800000 20.95
1412827200000 20.92
1412913600000 20.91
1413172800000 20.88
1413259200000 20.94
1413345600000 20.89
1413432000000 20.88
1413518400000 20.86
1413777600000 20.87
1413864000000 20.89
1413950400000 20.87
1414036800000 20.89
1414123200000 20.9
1414382400000 20.89
1414468800000 20.895
1414555200000 20.92
1414641600000 20.93
1414728000000 20.95
1414990800000 20.96
1415077200000 20.95
1415163600000 20.96
1415250000000 20.97
1415336400000 20.96
1415595600000 20.99
1415682000000 20.98
1415768400000 20.98
1415854800000 20.95
