1436261400000 30.74
1436261460000 30.41
1436262000000 30.4399
1436262060000 30.165
1436262180000 30.16
1436262240000 30.3
1436262300000 30.17
1436262360000 30.05
1436262420000 30.15
1436262780000 30.0
1436262840000 29.98
1436262960000 29.98
1436263200000 29.97
1436263320000 29.89
1436263380000 29.92
1436263560000 29.815
1436263620000 29.58
1436263680000 29.59
1436263740000 29.575
1436263800000 29.73
1436263860000 29.695
1436263920000 29.74
1436264040000 29.75
1436264100000 29.77
1436264640000 29.76
1436264700000 29.77
1436264760000 29.65
1436264820000 29.67
1436264880000 29.68
1436264940000 29.65
1436265000000 29.69
1436265060000 29.65
1436265120000 29.64
1436265180000 29.64
1436265300000 29.64
1436265360000 29.5
1436265480000 29.43
1436265540000 29.52
1436265780000 29.305
1436265960000 29.36
1436266020000 29.4
1436266080000 29.4
1436266140000 29.5
1436266380000 29.72
1436266440000 29.73
1436266620000 29.96
1436266740000 29.94
1436266800000 29.96
1436266860000 30.025
1436267040000 29.98
1436267100000 29.96
1436267280000 29.98
1436267340000 29.96
1436267520000 29.97
1436267580000 29.96
1436267640000 29.97
1436267760000 29.94
1436267940000 29.92
1436268000000 29.9999
1436268060000 29.93
1436268360000 29.92
1436268480000 29.875
1436268540000 29.83
1436268600000 29.69
1436268840000 29.54
1436268900000 29.57
1436268960000 29.645
1436269200000 29.7
1436269380000 29.8
1436269680000 30.045
1436269740000 29.96
1436270220000 30.135
1436270340000 30.075
1436270400000 30.08
1436270640000 29.95
1436270760000 29.91
1436271180000 29.95
1436271240000 29.97
1436271420000 29.97
1436271660000 29.93
1436271780000 29.98
1436271960000 29.99
1436272020000 29.99
1436272140000 29.99
1436272200000 29.99
1436272500000 30.01
1436272620000 30.05
1436272740000 30.02
1436272860000 30.018
1436272920000 30.018
1436273040000 30.01
1436273340000 30.09
1436273460000 30.059
1436273640000 30.14
1436273760000 30.15
1436273880000 30.19
1436274000000 30.24
1436274180000 30.27
1436274240000 30.25
1436274360000 30.25
1436274480000 30.25
1436274540000 30.25
1436274660000 30.25
1436274840000 30.31
1436275380000 30.25
1436275440000 30.31
1436275500000 30.269
1436275980000 30.26
1436276100000 30.26
1436276220000 30.23
1436276460000 30.14
1436276520000 30.09
1436276880000 30.053
1436276940000 30.051
1436277000000 30.095
1436277180000 30.08
1436277240000 30.075
1436277540000 30.07
1436277600000 30.08
1436277660000 30.07
1436277720000 30.07
1436277780000 30.08
1436277900000 30.07
1436277960000 30.11
1436278320000 30.15
1436278380000 30.105
1436278560000 30.1525
1436278680000 30.155
1436278740000 30.21
1436278800000 30.21
1436278860000 30.21
1436278920000 30.21
1436279340000 30.118
1436279400000 30.11
1436279580000 30.118
1436279640000 30.11
1436279700000 30.11
1436279760000 30.0
1436279820000 29.97
1436279880000 30.1
1436280000000 30.13
1436280060000 30.061
1436280120000 30.12
1436280180000 30.17
1436280240000 30.23
1436280420000 30.2
1436280480000 30.16
1436280540000 30.16
1436280660000 30.12
1436280900000 30.11
1436281020000 30.118
1436281080000 30.19
1436281260000 30.24
1436281380000 30.224
