1436261400000 50.88
1436261700000 50.56
1436261760000 50.06
1436261940000 50.64
1436262000000 50.33
1436262120000 50.36
1436262240000 50.39
1436262300000 50.39
1436262360000 50.44
1436262420000 50.36
1436262480000 50.35
1436262540000 50.26
1436262600000 50.32
1436262660000 50.23
1436262840000 50.31
1436262900000 50.3
1436262960000 50.18
1436263020000 50.25
1436263080000 50.25
1436263140000 50.25
1436263380000 50.19
1436263440000 50.15
1436263560000 50.1
1436263620000 50.0
1436263740000 49.84
1436263860000 49.93
1436263920000 49.97
1436263980000 49.94
1436264040000 49.83
1436264100000 49.72
1436264160000 49.74
1436264220000 49.78
1436264400000 49.75
1436264460000 49.69
1436264520000 49.73
1436264580000 49.73
1436264640000 49.61
1436264700000 49.6
1436264760000 49.67
1436264880000 49.55
1436264940000 49.49
1436265000000 49.4
1436265120000 49.44
1436265180000 49.42
1436265240000 49.42
1436265420000 49.36
1436265480000 49.31
1436265540000 49.26
1436265660000 49.25
1436265720000 49.25
1436265780000 49.17
1436265840000 49.1
1436265900000 49.175
1436265960000 49.175
1436266020000 49.2
1436266080000 49.24
1436266140000 49.36
1436266200000 49.39
1436266260000 49.47
1436266320000 49.44
1436266380000 49.48
1436266440000 49.55
1436266560000 49.625
1436266740000 49.5
1436266800000 49.47
1436266860000 49.33
1436266920000 49.375
1436266980000 49.35
1436267100000 49.35
1436267160000 49.31
1436267220000 49.41
1436267280000 49.45
1436267400000 49.47
1436267460000 49.4001
1436267520000 49.47
1436267580000 49.49
1436267640000 49.48
1436267700000 49.52
1436267760000 49.52
1436267820000 49.53
1436267940000 49.47
1436268000000 49.45
1436268060000 49.4
1436268180000 49.38
1436268240000 49.38
1436268360000 49.29
1436268420000 49.35
1436268480000 49.29
1436268540000 49.24
1436268600000 49.23
1436268720000 49.23
1436268780000 49.17
1436268840000 49.17
1436268900000 49.11
1436269020000 49.19
1436269080000 49.24
1436269140000 49.23
1436269200000 49.3
1436269260000 49.305
1436269320000 49.29
1436269380000 49.43
1436269440000 49.4
1436269680000 49.36
1436269740000 49.34
1436269800000 49.2828
1436269860000 49.28
1436269920000 49.28
1436270040000 49.26
1436270100000 49.275
1436270160000 49.38
1436270220000 49.48
1436270280000 49.45
1436270340000 49.44
1436270460000 49.41
1436270520000 49.41
1436270640000 49.465
1436270700000 49.565
1436270760000 49.48
1436270880000 49.505
1436271000000 49.53
1436271060000 49.52
1436271120000 49.51
1436271180000 49.5
1436271240000 49.54
1436271300000 49.61
1436271420000 49.6
1436271540000 49.6
1436271660000 49.54
1436271780000 49.51
1436271840000 49.58
1436271960000 49.53
1436272020000 49.53
1436272140000 49.55
1436272200000 49.58
1436272260000 49.5975
1436272320000 49.62
1436272380000 49.67
1436272500000 49.69
1436272560000 49.64
1436272680000 49.64
1436272860000 49.72
1436272920000 49.725
1436273100000 49.74
1436273220000 49.84
1436273280000 49.87
1436273340000 49.88
1436273400000 49.8295
1436273520000 49.83
1436273580000 49.82
1436273640000 49.9
1436273760000 49.91
1436273880000 49.97
1436273940000 50.01
1436274060000 50.07
1436274240000 50.02
1436274300000 49.97
1436274360000 49.94
1436274420000 49.86
1436274480000 49.94
1436274540000 50.04
1436274600000 50.11
1436274660000 50.08
1436274720000 50.16
1436274780000 50.12
1436274840000 50.18
1436274960000 50.05
1436275020000 50.01
1436275200000 50.02
1436275260000 49.97
1436275320000 50.0
1436275440000 50.07
1436275560000 50.07
1436275680000 50.1
1436275860000 50.1
1436275980000 49.97
1436276040000 50.04
1436276100000 50.09
1436276160000 50.04
1436276220000 50.065
1436276280000 50.05
1436276340000 50.05
1436276400000 50.085
1436276460000 50.08
1436276640000 50.17
1436276820000 50.2
1436276880000 50.17
1436276940000 50.15
1436277000000 50.19
1436277180000 50.19
1436277300000 50.18
1436277540000 50.15
1436277600000 50.21
1436277720000 50.23
1436277780000 50.25
1436277840000 50.19
1436277900000 50.22
1436277960000 50.245
1436278020000 50.245
1436278080000 50.23
1436278140000 50.25
1436278200000 50.28
1436278500000 50.2925
1436278560000 50.28
1436278620000 50.2701
1436278740000 50.19
1436278800000 50.14
1436278860000 50.14
1436278980000 50.0
1436279040000 50.05
1436279160000 50.04
1436279220000 50.0
1436279280000 50.0
1436279400000 49.95
1436279460000 49.95
1436279520000 49.965
1436279580000 50.03
1436279640000 50.065
1436279700000 50.06
1436279760000 50.06
1436279880000 50.06
1436279940000 50.16
1436280000000 50.18
1436280060000 50.27
1436280120000 50.26
1436280180000 50.26
1436280240000 50.3
1436280360000 50.45
1436280420000 50.45
1436280600000 50.46
1436280780000 50.4
1436280840000 50.43
1436280900000 50.42
1436281020000 50.44
1436281080000 50.45
1436281140000 50.49
1436281200000 50.54
1436281320000 50.49
1436281380000 50.45
1436281500000 50.47
1436281560000 50.37
