1436261400000 14.9
1436261940000 14.981
1436262180000 14.93
1436262300000 14.95
1436262360000 14.93
1436262420000 14.93
1436262540000 14.89
1436262720000 14.89
1436262960000 14.87
1436263380000 14.849
1436263440000 14.8499
1436264100000 14.81
1436264220000 14.82
1436264640000 14.81
1436265720000 14.89
1436266080000 14.8385
1436266380000 14.9
1436266620000 14.94
1436267220000 14.97
1436267940000 14.94
1436268420000 14.9
1436268540000 14.9
1436269260000 14.8204
1436269440000 14.82
1436269620000 14.85
1436269800000 14.87
1436269860000 14.87
1436269920000 14.87
1436269980000 14.8701
1436270100000 14.87
1436270340000 14.94
1436270400000 14.87
1436271240000 14.83
1436272560000 14.85
1436272740000 14.861
1436273700000 14.9322
1436273880000 14.92
1436273940000 14.8512
1436275260000 14.8694
1436276400000 14.81
1436276640000 14.87
1436277120000 14.92
1436277600000 14.85
1436277660000 14.86
1436278320000 14.85
1436279100000 14.85
1436279220000 14.85
1436279280000 14.85
1436279820000 14.85
1436279940000 14.8308
1436280480000 14.85
1436281080000 14.85
