1436261460000 14.35
1436261760000 14.35
1436262120000 14.3
1436262300000 14.3
1436262480000 14.29
1436262540000 14.27
1436262600000 14.29
1436262660000 14.27
1436262780000 14.26
1436263140000 14.24
1436263320000 14.26
1436263500000 14.24
1436263560000 14.22
1436263620000 14.22
1436263860000 14.22
1436264100000 14.25
1436264220000 14.23
1436264640000 14.22
1436264700000 14.22
1436264820000 14.21
1436265060000 14.13
1436265180000 14.18
1436265420000 14.197
1436265540000 14.2
1436265660000 14.2
1436265720000 14.17
1436265780000 14.16
1436265840000 14.19
1436265960000 14.19
1436266080000 14.205
1436266380000 14.21
1436266440000 14.27
1436266500000 14.31
1436266620000 14.3
1436266800000 14.28
1436266860000 14.27
1436267100000 14.24
1436267340000 14.245
1436267520000 14.29
1436267640000 14.31
1436267820000 14.3
1436267880000 14.31
1436267940000 14.31
1436268060000 14.31
1436268180000 14.31
1436268540000 14.31
1436268720000 14.25
1436268840000 14.25
1436268960000 14.24
1436269140000 14.26
1436269320000 14.25
1436269380000 14.3
1436269500000 14.32
1436269560000 14.31
1436269620000 14.27
1436269680000 14.26
1436269740000 14.24
1436269800000 14.24
1436269980000 14.22
1436270040000 14.22
1436270160000 14.26
1436270220000 14.26
1436270280000 14.26
1436270460000 14.27
1436270520000 14.3
1436270880000 14.31
1436271120000 14.27
1436272140000 14.3
1436272200000 14.28
1436272740000 14.3
1436273040000 14.36
1436273100000 14.36
1436273220000 14.38
1436273640000 14.41
1436273760000 14.4
1436273880000 14.41
1436274000000 14.445
1436274120000 14.42
1436274240000 14.42
1436274360000 14.39
1436274420000 14.36
1436274720000 14.4
1436275140000 14.44
1436275200000 14.42
1436275260000 14.4
1436275800000 14.41
1436275860000 14.385
1436275920000 14.36
1436275980000 14.345
1436276040000 14.36
1436276100000 14.37
1436276160000 14.35
1436276220000 14.366
1436276280000 14.34
1436276340000 14.34
1436276400000 14.33
1436276460000 14.324
1436276520000 14.294
1436276640000 14.29
1436276880000 14.28
1436277600000 14.31
1436277660000 14.3
1436277780000 14.29
1436278020000 14.25
1436278260000 14.26
1436278500000 14.27
1436278560000 14.3
1436278740000 14.28
1436278800000 14.26
1436278920000 14.29
1436278980000 14.3
1436279040000 14.31
1436279100000 14.33
1436279160000 14.31
1436279280000 14.33
1436279520000 14.325
1436279760000 14.34
1436279880000 14.39
1436280060000 14.4
1436280180000 14.43
1436280240000 14.445
1436280420000 14.48
1436280480000 14.48
1436280540000 14.49
1436280600000 14.51
1436280720000 14.51
1436281080000 14.5
1436281140000 14.545
1436281200000 14.56
1436281320000 14.57
1436281440000 14.53
1436281500000 14.5
