1436261400000 17.94
1436261460000 17.86
1436261520000 17.84
1436261580000 17.79
1436261640000 17.79
1436261700000 17.72
1436261760000 17.75
1436261820000 17.74
1436261940000 17.71
1436262000000 17.72
1436262060000 17.72
1436262120000 17.87
1436262180000 17.82
1436262240000 17.76
1436262300000 17.75
1436262360000 17.79
1436262420000 17.76
1436262480000 17.76
1436262540000 17.73
1436262600000 17.72
1436262660000 17.7
1436262720000 17.76
1436262780000 17.79
1436262840000 17.79
1436262900000 17.77
1436262960000 17.73
1436263020000 17.67
1436263080000 17.63
1436263140000 17.62
1436263200000 17.5774
1436263260000 17.58
1436263320000 17.55
1436263380000 17.54
1436263440000 17.5499
1436263500000 17.53
1436263560000 17.49
1436263620000 17.44
1436263680000 17.46
1436263740000 17.4499
1436263800000 17.45
1436263860000 17.47
1436263920000 17.46
1436263980000 17.47
1436264040000 17.46
1436264100000 17.3999
1436264160000 17.36
1436264220000 17.39
1436264280000 17.38
1436264340000 17.34
1436264400000 17.36
1436264460000 17.38
1436264520000 17.38
1436264580000 17.4
1436264640000 17.3794
1436264700000 17.37
1436264760000 17.37
1436264820000 17.35
1436264880000 17.32
1436264940000 17.3399
1436265000000 17.33
1436265060000 17.36
1436265120000 17.38
1436265180000 17.4299
1436265240000 17.445
1436265300000 17.43
1436265360000 17.42
1436265420000 17.4
1436265480000 17.42
1436265540000 17.39
1436265600000 17.35
1436265660000 17.35
1436265720000 17.34
1436265780000 17.33
1436265840000 17.33
1436265900000 17.31
1436265960000 17.3
1436266020000 17.3
1436266080000 17.345
1436266140000 17.39
1436266200000 17.39
1436266260000 17.4
1436266320000 17.4
1436266380000 17.41
1436266440000 17.39
1436266500000 17.46
1436266560000 17.46
1436266620000 17.455
1436266680000 17.45
1436266740000 17.45
1436266800000 17.43
1436266860000 17.425
1436266920000 17.47
1436266980000 17.4899
1436267040000 17.49
1436267100000 17.5
1436267160000 17.495
1436267220000 17.48
1436267280000 17.5
1436267340000 17.54
1436267400000 17.5799
1436267460000 17.61
1436267520000 17.655
1436267580000 17.65
1436267640000 17.679
1436267700000 17.7
1436267760000 17.74
1436267820000 17.74
1436267880000 17.75
1436267940000 17.71
1436268000000 17.7399
1436268060000 17.72
1436268120000 17.7299
1436268180000 17.72
1436268240000 17.69
1436268300000 17.675
1436268360000 17.58
1436268420000 17.55
1436268480000 17.55
1436268540000 17.575
1436268600000 17.5
1436268660000 17.505
1436268720000 17.52
1436268780000 17.55
1436268840000 17.54
1436268900000 17.5
1436268960000 17.46
1436269020000 17.46
1436269080000 17.455
1436269140000 17.505
1436269200000 17.49
1436269260000 17.525
1436269320000 17.55
1436269380000 17.59
1436269440000 17.62
1436269500000 17.65
1436269560000 17.59
1436269620000 17.6
1436269680000 17.62
1436269740000 17.62
1436269800000 17.62
1436269860000 17.67
1436269920000 17.67
1436269980000 17.66
1436270040000 17.67
1436270100000 17.66
1436270160000 17.64
1436270220000 17.67
1436270280000 17.65
1436270340000 17.64
1436270400000 17.69
1436270460000 17.67
1436270520000 17.67
1436270580000 17.72
1436270640000 17.7
1436270700000 17.74
1436270760000 17.76
1436270820000 17.79
1436270880000 17.81
1436270940000 17.83
1436271000000 17.8
1436271060000 17.78
1436271120000 17.75
1436271180000 17.72
1436271240000 17.72
1436271300000 17.72
1436271360000 17.72
1436271420000 17.73
1436271540000 17.75
1436271600000 17.73
1436271660000 17.73
1436271720000 17.73
1436271780000 17.72
1436271840000 17.73
1436271900000 17.72
1436271960000 17.725
1436272020000 17.785
1436272080000 17.785
1436272140000 17.81
1436272200000 17.85
1436272260000 17.86
1436272320000 17.86
1436272380000 17.89
1436272440000 17.86
1436272500000 17.885
1436272560000 17.86
1436272620000 17.89
1436272680000 17.9
1436272740000 17.94
1436272800000 17.94
1436272860000 17.91
1436272920000 17.94
1436272980000 17.93
1436273040000 17.93
1436273100000 17.96
1436273160000 18.0
1436273220000 17.97
1436273280000 18.0
1436273340000 17.969
1436273400000 17.975
1436273460000 18.0
1436273520000 18.01
1436273580000 18.02
1436273640000 18.03
1436273700000 18.03
1436273760000 18.02
1436273820000 18.04
1436273880000 18.08
1436273940000 18.1
1436274000000 18.18
1436274060000 18.17
1436274120000 18.19
1436274180000 18.18
1436274240000 18.18
1436274300000 18.19
1436274360000 18.18
1436274420000 18.14
1436274480000 18.12
1436274540000 18.145
1436274600000 18.14
1436274660000 18.135
1436274720000 18.18
1436274780000 18.2
1436274840000 18.2
1436274900000 18.215
1436274960000 18.22
1436275020000 18.1599
1436275080000 18.16
1436275140000 18.18
1436275200000 18.19
1436275260000 18.14
1436275320000 18.1
1436275380000 18.11
1436275440000 18.09
1436275500000 18.12
1436275560000 18.13
1436275620000 18.11
1436275680000 18.14
1436275740000 18.15
1436275800000 18.17
1436275860000 18.17
1436275920000 18.14
1436275980000 18.14
1436276040000 18.11
1436276100000 18.14
1436276160000 18.145
1436276220000 18.14
1436276280000 18.11
1436276340000 18.1
1436276400000 18.11
1436276460000 18.1
1436276520000 18.1
1436276580000 18.1
1436276640000 18.12
1436276700000 18.16
1436276760000 18.14
1436276820000 18.09
1436276880000 18.1
1436276940000 18.14
1436277000000 18.15
1436277060000 18.135
1436277120000 18.12
1436277180000 18.1
1436277240000 18.09
1436277300000 18.07
1436277360000 18.09
1436277420000 18.08
1436277480000 18.08
1436277540000 18.085
1436277600000 18.12
1436277660000 18.12
1436277720000 18.11
1436277840000 18.06
1436277900000 18.06
1436277960000 18.04
1436278020000 18.03
1436278080000 18.0
1436278140000 17.99
1436278200000 18.02
1436278260000 18.0
1436278320000 18.04
1436278380000 18.03
1436278440000 18.01
1436278500000 18.01
1436278560000 17.99
1436278620000 18.04
1436278680000 18.05
1436278740000 18.03
1436278800000 18.07
1436278860000 18.08
1436278920000 18.04
1436278980000 17.98
1436279040000 18.04
1436279100000 18.03
1436279160000 18.1
1436279220000 18.11
1436279280000 18.12
1436279340000 18.13
1436279400000 18.12
1436279460000 18.16
1436279520000 18.15
1436279580000 18.15
1436279640000 18.17
1436279700000 18.1
1436279760000 18.1
1436279820000 18.13
1436279880000 18.125
1436279940000 18.16
1436280000000 18.17
1436280060000 18.19
1436280120000 18.2
1436280180000 18.21
1436280240000 18.22
1436280300000 18.235
1436280360000 18.25
1436280420000 18.24
1436280480000 18.26
1436280540000 18.24
1436280600000 18.235
1436280660000 18.19
1436280720000 18.195
1436280780000 18.205
1436280840000 18.23
1436280900000 18.24
1436280960000 18.26
1436281020000 18.275
1436281080000 18.27
1436281140000 18.3
1436281200000 18.3
1436281260000 18.29
1436281320000 18.25
1436281380000 18.25
1436281440000 18.25
1436281500000 18.26
1436281560000 18.25
