1436261400000 26.3
1436261520000 26.09
1436261580000 26.09
1436261640000 26.2499
1436261880000 26.25
1436261940000 26.22
1436262000000 26.23
1436262060000 26.23
1436262120000 26.2
1436262180000 26.125
1436262240000 26.22
1436262360000 26.24
1436262420000 26.24
1436262480000 26.2
1436262600000 26.21
1436262660000 26.19
1436262720000 26.15
1436262840000 26.21
1436262960000 26.2
1436263080000 26.19
1436263140000 26.18
1436263200000 26.21
1436263260000 26.1957
1436263320000 26.18
1436263380000 26.23
1436263440000 26.23
1436263500000 26.24
1436263620000 26.27
1436263740000 26.29
1436263800000 26.23
1436263860000 26.23
1436263920000 26.22
1436263980000 26.22
1436264040000 26.21
1436264220000 26.2
1436264400000 26.2
1436264460000 26.16
1436264520000 26.19
1436264580000 26.23
1436264640000 26.23
1436264700000 26.25
1436264760000 26.2
1436264880000 26.12
1436265000000 26.13
1436265120000 26.14
1436265180000 26.13
1436265240000 26.1
1436265300000 26.08
1436265360000 26.09
1436265480000 26.09
1436265540000 26.12
1436265600000 26.08
1436265720000 26.06
1436265840000 26.0
1436266020000 26.05
1436266080000 26.09
1436266140000 26.09
1436266200000 26.08
1436266320000 26.07
1436266500000 26.15
1436266560000 26.11
1436266800000 26.14
1436266860000 26.065
1436266920000 26.11
1436266980000 26.11
1436267040000 26.09
1436267100000 26.12
1436267160000 26.11
1436267280000 26.1
1436267400000 26.12
1436267460000 26.1
1436267520000 26.115
1436267580000 26.11
1436267640000 26.11
1436267700000 26.11
1436267760000 26.12
1436267820000 26.12
1436267880000 26.115
1436268000000 26.07
1436268060000 26.06
1436268120000 26.06
1436268180000 26.06
1436268240000 26.05
1436268300000 26.04
1436268360000 26.0
1436268480000 26.005
1436268540000 26.0
1436268600000 25.96
1436268660000 25.96
1436268720000 25.96
1436268780000 25.96
1436268840000 25.99
1436268960000 25.98
1436269020000 25.96
1436269080000 25.99
1436269140000 25.99
1436269260000 26.0
1436269320000 26.04
1436269380000 26.01
1436269440000 26.02
1436269500000 26.02
1436269560000 25.98
1436269620000 25.99
1436269680000 25.99
1436269740000 26.01
1436269860000 25.99
1436269980000 25.99
1436270040000 26.0
1436270100000 26.0
1436270160000 26.0
1436270220000 26.0
1436270280000 26.05
1436270340000 26.06
1436270460000 26.06
1436270520000 26.03
1436270580000 26.02
1436270640000 26.05
1436270760000 26.04
1436270820000 26.04
1436270940000 26.05
1436271000000 26.01
1436271060000 25.98
1436271180000 25.96
1436271240000 25.97
1436271360000 25.98
1436271420000 25.995
1436271540000 26.0
1436271600000 26.005
1436271660000 26.0
1436271720000 26.0
1436271840000 25.99
1436271900000 25.97
1436271960000 25.97
1436272020000 26.005
1436272080000 26.0
1436272200000 26.0
1436272320000 25.9701
1436272380000 26.0
1436272500000 26.01
1436272620000 26.0
1436272680000 25.98
1436272740000 26.01
1436272800000 26.01
1436272860000 26.01
1436272920000 26.005
1436273100000 26.0
1436273160000 25.99
1436273220000 26.0
1436273280000 25.99
1436273340000 25.99
1436273520000 25.98
1436273580000 25.99
1436273700000 25.99
1436273760000 26.02
1436273820000 26.0
1436273880000 26.005
1436273940000 25.99
1436274060000 26.01
1436274180000 26.0
1436274240000 26.01
1436274300000 26.01
1436274360000 26.06
1436274480000 26.01
1436274540000 26.02
1436274600000 26.03
1436274660000 26.05
1436274720000 26.11
1436274780000 26.1
1436274840000 26.11
1436274960000 26.08
1436275020000 26.08
1436275080000 26.09
1436275140000 26.09
1436275200000 26.09
1436275320000 26.11
1436275800000 26.12
1436275860000 26.15
1436275920000 26.14
1436275980000 26.11
1436276100000 26.115
1436276340000 26.11
1436276400000 26.11
1436276460000 26.12
1436276520000 26.11
1436276580000 26.11
1436276640000 26.11
1436276700000 26.1
1436276760000 26.11
1436276940000 26.07
1436277060000 26.07
1436277120000 26.075
1436277180000 26.08
1436277240000 26.05
1436277300000 26.05
1436277360000 26.05
1436277540000 26.05
1436277660000 26.01
1436277720000 26.05
1436277900000 26.04
1436278020000 26.03
1436278080000 26.03
1436278260000 26.04
1436278380000 26.04
1436278500000 26.02
1436278560000 26.015
1436278620000 26.06
1436278740000 26.03
1436278980000 25.99
1436279220000 26.0
1436279280000 26.01
1436279460000 26.0
1436279640000 26.0
1436279700000 26.03
1436280000000 26.035
1436280060000 26.04
1436280120000 26.05
1436280180000 26.06
1436280240000 26.11
1436280300000 26.1
1436280360000 26.11
1436280420000 26.11
1436280480000 26.13
1436280540000 26.1
1436280600000 26.1
1436280720000 26.1
1436280840000 26.1
1436280900000 26.1
1436280960000 26.05
1436281020000 26.06
1436281080000 26.07
1436281140000 26.09
1436281200000 26.07
1436281260000 26.05
1436281320000 26.04
1436281380000 26.04
1436281440000 26.03
1436281500000 26.05
1436281560000 26.04
1436281620000 26.03
