1436261400000 16.63
1436261760000 16.56
1436261880000 16.5
1436262240000 16.47
1436262300000 16.49
1436262360000 16.47
1436262660000 16.47
1436263020000 16.49
1436263080000 16.47
1436263260000 16.34
1436263680000 16.41
1436264460000 16.45
1436266320000 16.39
1436266380000 16.405
1436266440000 16.4
1436266680000 16.39
1436267040000 16.41
1436268000000 16.345
1436268060000 16.28
1436268120000 16.25
1436268180000 16.25
1436268240000 16.2975
1436268540000 16.35
1436268600000 16.35
1436269140000 16.315
1436269260000 16.33
1436269920000 16.36
1436270100000 16.41
1436270160000 16.46
1436270220000 16.45
1436270340000 16.41
1436270880000 16.41
1436270940000 16.41
1436271000000 16.48
1436271060000 16.4
1436271840000 16.4
1436272440000 16.4
1436272500000 16.4
1436272620000 16.35
1436273100000 16.4
1436273460000 16.45
1436273580000 16.48
1436273640000 16.4025
1436273700000 16.41
1436273760000 16.42
1436273820000 16.42
1436273880000 16.44
1436273940000 16.415
1436274060000 16.4
1436274120000 16.4
1436274180000 16.4
1436274720000 16.4
1436274780000 16.4
1436274960000 16.41
1436275860000 16.4325
1436276040000 16.405
1436276460000 16.4
1436276700000 16.4
1436276760000 16.4
1436277300000 16.4
1436277840000 16.41
1436277900000 16.4
1436277960000 16.4
1436278020000 16.4
1436278080000 16.4
1436278200000 16.4
1436278260000 16.4
1436278440000 16.4
1436278560000 16.43
1436278620000 16.44
1436278980000 16.45
1436279520000 16.43
1436279700000 16.4
1436279820000 16.4
1436279940000 16.415
1436280000000 16.415
1436280060000 16.415
1436280180000 16.415
1436280240000 16.41
1436280420000 16.4
1436280600000 16.41
1436280660000 16.4
1436280720000 16.45
1436280780000 16.42
1436281020000 16.4
1436281080000 16.42
1436281260000 16.485
1436281320000 16.415
1436281380000 16.4301
1436281440000 16.4
1436281500000 16.4
