1436261400000 32.02
1436261580000 31.91
1436261640000 31.93
1436261700000 31.92
1436261760000 31.96
1436261820000 32.05
1436261880000 32.14
1436261940000 32.22
1436262000000 32.05
1436262120000 31.65
1436262180000 31.85
1436262240000 32.1
1436263080000 31.79
1436264400000 31.59
1436264580000 31.62
1436264700000 31.54
1436264880000 31.52
1436265420000 31.42
1436265960000 31.38
1436266020000 31.52
1436266080000 31.5
1436266380000 31.73
1436266680000 31.38
1436266980000 31.4505
1436267040000 31.398
1436267280000 31.66
1436267640000 31.42
1436268180000 31.33
1436268360000 31.23
1436268540000 31.09
1436268960000 31.0201
1436269440000 31.25
1436270280000 31.33
1436270340000 31.3
1436271060000 31.14
1436271480000 31.07
1436272020000 31.16
1436272380000 31.3
1436272440000 31.5
1436272500000 31.22
1436273520000 31.38
1436273580000 31.43
1436273640000 31.48
1436273700000 31.43
1436273760000 31.41
1436273880000 31.49
1436273940000 31.46
1436274000000 31.45
1436274060000 31.46
1436274120000 31.51
1436274180000 31.49
1436274240000 31.574
1436274300000 31.57
1436274420000 31.52
1436274600000 31.63
1436274660000 31.54
1436274720000 31.7147
1436275260000 31.837
1436275560000 31.77
1436275620000 31.72
1436276160000 31.84
1436276460000 31.85
1436276820000 31.955
1436276880000 31.95
1436277060000 31.95
1436277360000 31.94
1436277420000 31.91
1436277780000 31.84
1436277900000 31.79
1436277960000 31.79
1436278020000 31.82
1436278080000 31.74
1436278140000 31.74
1436278200000 31.745
1436278260000 31.785
1436278380000 31.74
1436278440000 31.74
1436278500000 31.77
1436278740000 31.77
1436278800000 31.76
1436278860000 31.8
1436278920000 31.76
1436278980000 31.7
1436279040000 31.69
1436279100000 31.73
1436279280000 31.79
1436279340000 31.81
1436279400000 31.85
1436279460000 31.85
1436279520000 31.85
1436279580000 31.85
1436279640000 31.87
1436279880000 31.78
1436280060000 31.85
1436280180000 31.865
1436280300000 31.91
1436280360000 31.92
1436280420000 31.96
1436280480000 32.0
1436280540000 31.92
1436280840000 31.85
1436281080000 31.89
1436281260000 31.86
1436281440000 31.86
1436281500000 31.89
1436281560000 31.91
