1436261400000 12.11
1436261880000 12.24
1436261940000 12.25
1436262780000 12.22
1436263140000 12.52
1436263620000 12.31
1436263860000 12.29
1436263920000 12.3
1436264880000 12.3
1436264940000 12.236
1436266200000 12.2692
1436267340000 12.3
1436269680000 12.3727
1436270880000 12.26
1436270940000 12.31
1436271000000 12.2601
1436271060000 12.2601
1436271120000 12.31
1436271840000 12.2601
1436272020000 12.2601
1436272500000 12.38
1436273760000 12.38
1436277420000 12.38
1436278500000 12.27
1436278560000 12.26
1436278860000 12.33
1436278920000 12.25
1436279040000 12.2501
1436279640000 12.24
1436280000000 12.24
1436280120000 12.081
