1436261400000 34.01
1436261520000 33.95
1436261580000 33.72
1436261640000 33.75
1436261700000 33.85
1436261760000 33.605
1436261820000 33.481
1436261880000 33.5
1436261940000 33.46
1436262000000 33.51
1436262060000 33.5
1436262120000 33.45
1436262180000 33.495
1436262240000 33.495
1436262300000 33.51
1436262360000 33.52
1436262420000 33.47
1436262540000 33.49
1436262600000 33.41
1436262660000 33.42
1436262720000 33.46
1436262780000 33.51
1436262840000 33.4799
1436262900000 33.47
1436262960000 33.4399
1436263020000 33.35
1436263080000 33.27
1436263140000 33.34
1436263200000 33.35
1436263320000 33.34
1436263380000 33.34
1436263440000 33.345
1436263560000 33.29
1436263620000 33.29
1436263680000 33.19
1436263740000 33.16
1436263800000 33.19
1436263860000 33.17
1436263920000 33.15
1436263980000 33.14
1436264040000 33.14
1436264100000 33.0799
1436264160000 33.08
1436264220000 33.09
1436264280000 33.11
1436264340000 33.12
1436264400000 33.09
1436264460000 33.09
1436264520000 33.11
1436264580000 33.11
1436264640000 33.12
1436264700000 33.1
1436264940000 33.02
1436265000000 33.02
1436265060000 32.99
1436265120000 33.0
1436265180000 33.01
1436265240000 32.98
1436265300000 32.96
1436265360000 32.945
1436265480000 32.94
1436265540000 32.91
1436265600000 32.9
1436265660000 32.87
1436265720000 32.84
1436265780000 32.79
1436265840000 32.81
1436265900000 32.81
1436265960000 32.85
1436266020000 32.86
1436266080000 32.9
1436266140000 32.945
1436266200000 32.965
1436266260000 32.95
1436266320000 32.97
1436266380000 33.015
1436266440000 33.015
1436266500000 33.06
1436266560000 33.05
1436266620000 33.1299
1436266740000 33.07
1436266800000 33.06
1436266920000 32.9642
1436266980000 33.02
1436267040000 32.97
1436267100000 32.97
1436267160000 32.98
1436267220000 32.995
1436267280000 33.01
1436267340000 33.01
1436267400000 33.03
1436267460000 33.04
1436267520000 33.115
1436267580000 33.1
1436267760000 33.07
1436267820000 33.08
1436267880000 33.08
1436267940000 33.05
1436268000000 33.06
1436268060000 33.03
1436268300000 33.01
1436268360000 32.95
1436268420000 32.97
1436268480000 32.99
1436268540000 32.93
1436268660000 32.93
1436268780000 32.9
1436268840000 32.88
1436268900000 32.83
1436268960000 32.87
1436269020000 32.88
1436269080000 32.91
1436269260000 33.02
1436269320000 33.0175
1436269380000 33.065
1436269440000 33.08
1436269500000 33.07
1436269620000 33.08
1436269680000 33.12
1436269740000 33.08
1436269920000 33.06
1436269980000 33.05
1436270040000 33.06
1436270160000 33.14
1436270220000 33.26
1436270280000 33.21
1436270340000 33.2
1436270400000 33.15
1436270460000 33.14
1436270640000 33.14
1436270700000 33.21
1436270760000 33.21
1436270880000 33.21
1436271000000 33.19
1436271060000 33.17
1436271180000 33.16
1436271300000 33.16
1436271420000 33.13
1436271540000 33.13
1436271600000 33.13
1436271660000 33.18
1436271720000 33.18
1436271780000 33.11
1436271840000 33.15
1436271900000 33.15
1436271960000 33.13
1436272020000 33.13
1436272140000 33.15
1436272200000 33.14
1436272260000 33.14
1436272380000 33.21
1436272440000 33.23
1436272500000 33.23
1436272560000 33.225
1436272620000 33.23
1436272680000 33.24
1436272740000 33.285
1436272800000 33.315
1436272860000 33.3
1436272920000 33.315
1436272980000 33.325
1436273040000 33.3
1436273100000 33.32
1436273160000 33.34
1436273220000 33.34
1436273280000 33.36
1436273340000 33.375
1436273460000 33.375
1436273520000 33.37
1436273580000 33.36
1436273640000 33.39
1436273760000 33.45
1436273820000 33.45
1436273880000 33.46
1436273940000 33.48
1436274060000 33.48
1436274180000 33.44
1436274240000 33.46
1436274360000 33.41
1436274420000 33.3778
1436274600000 33.45
1436274660000 33.46
1436274720000 33.5
1436274780000 33.54
1436274840000 33.54
1436274900000 33.56
1436274960000 33.49
1436275020000 33.44
1436275080000 33.4799
1436275200000 33.46
1436275260000 33.48
1436275320000 33.4799
1436275380000 33.48
1436275440000 33.505
1436275500000 33.5
1436275560000 33.4999
1436275620000 33.49
1436275680000 33.5099
1436275740000 33.505
1436275800000 33.49
1436275860000 33.49
1436275920000 33.48
1436275980000 33.49
1436276040000 33.48
1436276100000 33.5
1436276220000 33.515
1436276280000 33.515
1436276340000 33.515
1436276400000 33.51
1436276520000 33.49
1436276580000 33.52
1436276640000 33.52
1436276700000 33.595
1436276760000 33.6
1436276820000 33.61
1436276880000 33.63
1436276940000 33.63
1436277000000 33.68
1436277060000 33.64
1436277240000 33.62
1436277300000 33.58
1436277360000 33.57
1436277480000 33.58
1436277540000 33.6
1436277600000 33.63
1436277660000 33.64
1436277720000 33.61
1436277780000 33.61
1436277840000 33.61
1436277900000 33.61
1436278080000 33.6
1436278140000 33.61
1436278200000 33.6
1436278320000 33.6
1436278380000 33.605
1436278440000 33.61
1436278500000 33.6
1436278560000 33.57
1436278620000 33.57
1436278680000 33.56
1436278740000 33.53
1436278800000 33.48
1436278860000 33.49
1436279040000 33.44
1436279100000 33.44
1436279220000 33.44
1436279280000 33.43
1436279340000 33.43
1436279400000 33.43
1436279520000 33.45
1436279580000 33.48
1436279640000 33.4974
1436279700000 33.45
1436279820000 33.45
1436279880000 33.47
1436280000000 33.52
1436280060000 33.53
1436280120000 33.57
1436280180000 33.56
1436280240000 33.605
1436280360000 33.63
1436280420000 33.67
1436280480000 33.68
1436280600000 33.65
1436280720000 33.65
1436280780000 33.66
1436280840000 33.7
1436280900000 33.69
1436280960000 33.69
1436281020000 33.7
1436281080000 33.74
1436281140000 33.81
1436281260000 33.85
1436281320000 33.83
1436281380000 33.82
1436281440000 33.84
1436281500000 33.87
1436281560000 33.8
