1436261400000 44.34
1436261460000 44.33
1436261520000 44.385
1436261580000 44.34
1436261640000 44.23
1436261700000 44.18
1436261760000 44.15
1436261820000 44.14
1436261880000 44.12
1436261940000 44.19
1436262000000 44.1
1436262060000 44.08
1436262120000 44.09
1436262180000 44.036
1436262240000 43.97
1436262300000 43.94
1436262360000 43.94
1436262420000 43.93
1436262480000 43.97
1436262540000 43.99
1436262600000 43.995
1436262660000 43.95
1436262720000 43.93
1436262780000 43.97
1436262840000 43.92
1436262900000 43.88
1436262960000 43.89
1436263020000 43.92
1436263080000 43.93
1436263140000 43.9
1436263200000 43.89
1436263260000 43.9128
1436263320000 43.915
1436263380000 43.89
1436263440000 43.9
1436263500000 43.865
1436263560000 43.8952
1436263620000 43.9
1436263680000 43.82
1436263740000 43.8168
1436263800000 43.83
1436263860000 43.79
1436263920000 43.8
1436263980000 43.8375
1436264040000 43.875
1436264100000 43.87
1436264160000 43.905
1436264220000 43.91
1436264280000 43.91
1436264340000 43.93
1436264400000 43.89
1436264460000 43.86
1436264520000 43.89
1436264580000 43.91
1436264640000 43.88
1436264700000 43.85
1436264760000 43.825
1436264820000 43.83
1436264880000 43.805
1436264940000 43.821
1436265000000 43.825
1436265060000 43.79
1436265120000 43.78
1436265180000 43.801
1436265240000 43.77
1436265300000 43.785
1436265360000 43.75
1436265420000 43.8
1436265480000 43.79
1436265540000 43.78
1436265600000 43.77
1436265660000 43.78
1436265720000 43.73
1436265780000 43.7199
1436265840000 43.711
1436265900000 43.74
1436265960000 43.74
1436266020000 43.7601
1436266080000 43.84
1436266140000 43.81
1436266200000 43.79
1436266260000 43.795
1436266320000 43.79
1436266380000 43.79
1436266440000 43.7954
1436266500000 43.8
1436266560000 43.74
1436266620000 43.73
1436266680000 43.7
1436266740000 43.67
1436266800000 43.66
1436266860000 43.63
1436266920000 43.635
1436266980000 43.64
1436267040000 43.6
1436267100000 43.6
1436267160000 43.535
1436267220000 43.5139
1436267280000 43.56
1436267340000 43.52
1436267400000 43.52
1436267460000 43.52
1436267520000 43.56
1436267580000 43.6
1436267640000 43.54
1436267700000 43.54
1436267760000 43.585
1436267820000 43.6296
1436267880000 43.6
1436267940000 43.59
1436268000000 43.57
1436268060000 43.5548
1436268120000 43.482
1436268180000 43.525
1436268240000 43.55
1436268300000 43.52
1436268360000 43.49
1436268420000 43.494
1436268480000 43.55
1436268540000 43.51
1436268600000 43.46
1436268660000 43.43
1436268720000 43.41
1436268780000 43.41
1436268840000 43.38
1436268900000 43.38
1436268960000 43.33
1436269020000 43.395
1436269080000 43.41
1436269140000 43.45
1436269200000 43.4601
1436269260000 43.52
1436269320000 43.51
1436269380000 43.575
1436269440000 43.56
1436269500000 43.57
1436269560000 43.51
1436269620000 43.515
1436269680000 43.52
1436269740000 43.5199
1436269800000 43.55
1436269860000 43.55
1436269920000 43.545
1436269980000 43.523
1436270040000 43.53
1436270100000 43.545
1436270160000 43.6099
1436270220000 43.72
1436270280000 43.71
1436270340000 43.7
1436270400000 43.65
1436270460000 43.615
1436270520000 43.635
1436270580000 43.63
1436270640000 43.64
1436270700000 43.651
1436270760000 43.63
1436270820000 43.64
1436270880000 43.6599
1436270940000 43.66
1436271000000 43.67
1436271060000 43.66
1436271120000 43.6354
1436271180000 43.61
1436271240000 43.62
1436271300000 43.61
1436271360000 43.6225
1436271420000 43.61
1436271480000 43.596
1436271540000 43.6099
1436271600000 43.6
1436271660000 43.635
1436271720000 43.615
1436271780000 43.59
1436271840000 43.58
1436271900000 43.57
1436271960000 43.57
1436272020000 43.56
1436272080000 43.59
1436272140000 43.56
1436272200000 43.55
1436272260000 43.5699
1436272320000 43.57
1436272380000 43.56
1436272440000 43.585
1436272500000 43.58
1436272560000 43.59
1436272620000 43.64
1436272680000 43.639
1436272740000 43.675
1436272800000 43.69
1436272860000 43.665
1436272920000 43.7
1436272980000 43.71
1436273040000 43.73
1436273100000 43.76
1436273160000 43.765
1436273220000 43.86
1436273280000 43.84
1436273340000 43.815
1436273400000 43.8064
1436273460000 43.83
1436273520000 43.86
1436273580000 43.83
1436273640000 43.82
1436273700000 43.9
1436273760000 43.88
1436273820000 43.91
1436273880000 43.95
1436273940000 43.96
1436274000000 44.01
1436274060000 44.005
1436274120000 44.0124
1436274180000 44.0004
1436274240000 44.029
1436274300000 44.02
1436274360000 44.01
1436274420000 43.9908
1436274480000 43.985
1436274540000 44.02
1436274600000 44.03
1436274660000 44.01
1436274720000 44.03
1436274780000 44.1
1436274840000 44.13
1436274900000 44.15
1436274960000 44.09
1436275020000 44.077
1436275080000 44.06
1436275140000 44.04
1436275200000 44.05
1436275260000 44.04
1436275320000 44.009
1436275380000 43.9948
1436275440000 44.01
1436275500000 44.0245
1436275560000 44.02
1436275620000 44.03
1436275680000 44.01
1436275740000 44.0
1436275800000 43.995
1436275860000 43.99
1436275920000 43.95
1436275980000 43.9555
1436276040000 43.9536
1436276100000 43.951
1436276160000 43.965
1436276220000 43.95
1436276280000 43.95
1436276340000 43.97
1436276400000 43.97
1436276460000 43.93
1436276520000 43.955
1436276580000 43.9755
1436276640000 43.9899
1436276700000 44.0
1436276760000 44.02
1436276820000 44.005
1436276880000 43.99
1436276940000 44.004
1436277000000 44.01
1436277060000 43.98
1436277120000 44.0
1436277180000 43.995
1436277240000 43.9765
1436277300000 43.98
1436277360000 43.98
1436277420000 43.985
1436277480000 43.97
1436277540000 43.95
1436277600000 43.96
1436277660000 43.98
1436277720000 43.99
1436277780000 43.965
1436277840000 43.97
1436277900000 43.98
1436277960000 43.975
1436278020000 43.955
1436278080000 43.94
1436278140000 43.945
1436278200000 43.97
1436278260000 43.97
1436278320000 43.97
1436278380000 43.96
1436278440000 43.955
1436278500000 43.94
1436278560000 43.93
1436278620000 43.94
1436278680000 43.94
1436278740000 43.92
1436278800000 43.88
1436278860000 43.9
1436278920000 43.86
1436278980000 43.8599
1436279040000 43.87
1436279100000 43.87
1436279160000 43.88
1436279220000 43.9
1436279280000 43.89
1436279340000 43.875
1436279400000 43.89
1436279460000 43.89
1436279520000 43.9065
1436279580000 43.93
1436279640000 43.94
1436279700000 43.94
1436279760000 43.945
1436279820000 43.93
1436279880000 43.9054
1436279940000 43.98
1436280000000 44.01
1436280060000 44.06
1436280120000 44.15
1436280180000 44.16
1436280240000 44.26
1436280300000 44.29
1436280360000 44.23
1436280420000 44.24
1436280480000 44.28
1436280540000 44.23
1436280600000 44.22
1436280660000 44.205
1436280720000 44.21
1436280780000 44.21
1436280840000 44.24
1436280900000 44.23
1436280960000 44.2301
1436281020000 44.25
1436281080000 44.28
1436281140000 44.38
1436281200000 44.38
1436281260000 44.38
1436281320000 44.38
1436281380000 44.39
1436281440000 44.37
1436281500000 44.4
1436281560000 44.35
1436281620000 44.31
