1436261520000 2.26
1436261760000 2.26
1436263020000 2.25
1436263080000 2.25
1436263140000 2.25
1436263680000 2.25
1436263740000 2.25
1436264100000 2.24
1436264400000 2.24
1436265180000 2.22
1436265240000 2.22
1436265360000 2.21
1436265420000 2.2
1436265600000 2.19
1436265780000 2.17
1436265840000 2.17
1436265900000 2.17
1436266260000 2.18
1436266440000 2.18
1436266500000 2.18
1436266680000 2.18
1436266920000 2.2
1436266980000 2.2
1436267040000 2.2
1436267160000 2.18
1436267400000 2.18
1436267580000 2.18
1436267760000 2.19
1436267940000 2.2
1436268060000 2.2
1436268120000 2.2
1436268240000 2.19
1436268300000 2.19
1436268420000 2.18
1436268540000 2.18
1436269440000 2.18
1436269500000 2.18
1436269620000 2.18
1436272380000 2.2
1436278440000 2.21
1436278620000 2.23
1436278680000 2.22
1436279460000 2.2101
1436280420000 2.24
