1436261400000 8.9
1436265120000 8.91
1436266680000 8.9396
1436267160000 9.04
1436268840000 8.95
1436270820000 8.96
1436272920000 8.96
1436274360000 8.96
1436274540000 9.05
1436274900000 9.05
1436275440000 9.05
1436275920000 9.05
1436276040000 9.0
1436276100000 9.05
1436276160000 9.05
1436276220000 9.05
1436277540000 8.98
1436277660000 9.0
1436277840000 9.05
1436277900000 9.05
1436278020000 9.0075
1436278080000 9.0
1436278500000 9.13
1436278680000 9.1
1436279760000 9.06
1436279880000 9.0
1436280360000 9.05
1436280420000 9.1
1436280600000 9.09
1436280840000 9.09
1436280900000 9.1
1436280960000 9.1
1436281020000 9.09
1436281200000 9.09
1436281260000 9.06
