1436261400000 171.96
1436262360000 171.98
1436262960000 172.24
1436263080000 171.55
1436263320000 171.52
1436263500000 171.58
1436263560000 171.5
1436263620000 171.7
1436263680000 171.65
1436263740000 171.7
1436263800000 171.37
1436263860000 171.37
1436264040000 171.42
1436264100000 171.5
1436264220000 171.51
1436264280000 171.79
1436264340000 171.45
1436264400000 171.61
1436264520000 171.515
1436264580000 171.61
1436264640000 172.235
1436264700000 171.74
1436264760000 171.6
1436264820000 171.61
1436264880000 172.42
1436264940000 171.76
1436265060000 171.45
1436265120000 170.94
1436265240000 171.05
1436265480000 171.2
1436265600000 170.79
1436265660000 170.43
1436265720000 170.46
1436265780000 170.7
1436265840000 170.67
1436265960000 170.67
1436266020000 170.63
1436266260000 170.89
1436266320000 170.71
1436266380000 170.16
1436266440000 170.0
1436266680000 170.39
1436266800000 170.6
1436266980000 169.54
1436267280000 169.51
1436267340000 169.33
1436267760000 169.4
1436268000000 169.43
1436268060000 169.38
1436268540000 168.65
1436268720000 168.65
1436268960000 168.905
1436269080000 169.14
1436269140000 168.98
1436269200000 168.98
1436269260000 168.98
1436269320000 168.98
1436269380000 169.99
1436269440000 169.81
1436269500000 169.65
1436269560000 169.19
1436269620000 169.38
1436269680000 169.21
1436269740000 169.28
1436269800000 169.77
1436269860000 169.88
1436269920000 169.56
1436269980000 169.68
1436270040000 170.08
1436270100000 170.77
1436270160000 170.5
1436270220000 170.55
1436270280000 170.22
1436270340000 170.59
1436270400000 171.23
1436270460000 171.29
1436270940000 171.89
1436271240000 171.3
1436271300000 171.15
1436271660000 171.05
1436271840000 171.7
1436272140000 171.64
1436272440000 171.63
1436272500000 171.64
1436272680000 171.64
1436272740000 172.33
1436273040000 172.21
1436273340000 172.79
1436273640000 172.89
1436273880000 172.84
1436273940000 172.87
1436274000000 173.8
1436274060000 173.75
1436274180000 173.38
1436274360000 173.02
1436274480000 172.68
1436274600000 171.69
1436274660000 171.69
1436274720000 172.27
1436274780000 172.03
1436274960000 172.5047
1436275080000 172.89
1436275260000 172.5522
1436275500000 172.24
1436275560000 172.1
1436276040000 171.96
1436276160000 172.04
1436276340000 172.17
1436276460000 172.17
1436276640000 172.17
1436276700000 172.63
1436276940000 172.6
1436277240000 172.69
1436277360000 172.69
1436277540000 172.69
1436277660000 172.68
1436277720000 172.22
1436278140000 171.91
1436278320000 172.0
1436278440000 172.0
1436278620000 171.89
1436278740000 171.84
1436279040000 171.09
1436279160000 171.48
1436279280000 171.53
1436279460000 171.22
1436279640000 171.59
1436279700000 171.58
1436279940000 171.53
1436280060000 171.65
1436280240000 172.49
1436280660000 172.4
1436280720000 172.4
1436280840000 172.4
1436281020000 172.5
1436281080000 173.99
1436281560000 172.84
