1436261400000 9.25
1436261460000 9.3
1436261760000 9.22
1436261880000 9.15
1436262000000 9.15
1436262360000 9.15
1436262480000 9.12
1436262840000 9.06
1436262960000 9.05
1436263320000 9.01
1436263500000 9.01
1436263680000 8.97
1436263920000 8.96
1436263980000 8.96
1436264040000 8.96
1436264100000 8.96
1436264160000 8.96
1436264520000 8.95
1436264640000 8.9
1436264760000 8.85
1436264940000 8.94
1436265000000 8.891
1436265060000 8.898
1436265180000 8.8819
1436265240000 8.91
1436265300000 8.91
1436265360000 8.91
1436265420000 8.9
1436265720000 8.857
1436266560000 8.91
1436266620000 8.85
1436266800000 8.8772
1436266920000 8.8942
1436267580000 8.89
1436267640000 8.91
1436268000000 8.85
1436268180000 8.8048
1436268660000 8.8441
1436268900000 8.82
1436268960000 8.82
1436269080000 8.82
1436269560000 8.87
1436269620000 8.8201
1436269860000 8.86
1436269920000 8.865
1436269980000 8.8616
1436270040000 8.8336
1436270280000 8.9
1436270400000 8.884
1436270760000 8.87
1436270880000 8.82
1436271060000 8.8
1436271120000 8.8
1436271180000 8.8
1436272440000 8.82
1436272620000 8.805
1436273040000 8.81
1436273400000 8.82
1436273460000 8.82
1436273520000 8.82
1436273580000 8.82
1436273760000 8.82
1436274600000 8.82
1436274660000 8.8
1436274720000 8.8
1436275020000 8.7541
1436275200000 8.75
1436275320000 8.73
1436275440000 8.7395
1436275620000 8.73
1436275800000 8.748
1436275980000 8.73
1436276040000 8.736
1436276460000 8.7396
1436276520000 8.74
1436276820000 8.74
1436277060000 8.74
1436277300000 8.712
1436277420000 8.74
1436277540000 8.74
1436277660000 8.75
1436277720000 8.79
1436277780000 8.7507
1436277840000 8.72
1436277900000 8.79
1436278860000 8.75
1436279040000 8.77
1436279220000 8.78
1436279400000 8.81
1436279460000 8.8
1436279760000 8.8
1436279820000 8.84
1436280120000 8.83
1436280180000 8.83
1436280300000 8.85
