1436261400000 17.17
1436261520000 17.14
1436261580000 17.1
1436261640000 17.06
1436261700000 17.05
1436261760000 17.015
1436261820000 17.0
1436261880000 17.0
1436261940000 17.025
1436262000000 17.03
1436262300000 16.99
1436262360000 16.98
1436262420000 16.975
1436262540000 16.97
1436262600000 16.9
1436262660000 16.9
1436262720000 16.9
1436262840000 16.97
1436262900000 16.93
1436263020000 16.91
1436263080000 16.769
1436263260000 16.76
1436263440000 16.79
1436263500000 16.78
1436263560000 16.69
1436263620000 16.68
1436263680000 16.68
1436263800000 16.69
1436263860000 16.71
1436263920000 16.67
1436263980000 16.68
1436264040000 16.66
1436264100000 16.64
1436264160000 16.6
1436264460000 16.59
1436264580000 16.6
1436264700000 16.58
1436264760000 16.57
1436264820000 16.56
1436264880000 16.55
1436265000000 16.54
1436265120000 16.55
1436265360000 16.57
1436265540000 16.51
1436265660000 16.49
1436265840000 16.47
1436265960000 16.49
1436266020000 16.495
1436266080000 16.55
1436266200000 16.53
1436266380000 16.56
1436266440000 16.64
1436266500000 16.64
1436266560000 16.67
1436266860000 16.66
1436266920000 16.6199
1436266980000 16.63
1436267160000 16.64
1436267220000 16.63
1436267280000 16.63
1436267340000 16.63
1436267400000 16.64
1436267460000 16.64
1436267580000 16.6525
1436267640000 16.66
1436267700000 16.645
1436267760000 16.645
1436267820000 16.645
1436267880000 16.64
1436267940000 16.63
1436268000000 16.63
1436268060000 16.63
1436268120000 16.59
1436268180000 16.6
1436268240000 16.61
1436268360000 16.6
1436268540000 16.58
1436268840000 16.56
1436268900000 16.55
1436269020000 16.58
1436269200000 16.68
1436269320000 16.72
1436269380000 16.745
1436269440000 16.75
1436269560000 16.751
1436269620000 16.78
1436269800000 16.76
1436269920000 16.773
1436269980000 16.785
1436270040000 16.85
1436270100000 16.88
1436270160000 16.855
1436270220000 16.96
1436270340000 16.95
1436270580000 16.89
1436270700000 16.9
1436270760000 16.92
1436270820000 16.92
1436270940000 16.93
1436271000000 16.9
1436271120000 16.9
1436271180000 16.88
1436271300000 16.88
1436271360000 16.875
1436271420000 16.86
1436271720000 16.91
1436271840000 16.9
1436271960000 16.9
1436272200000 16.94
1436272380000 16.98
1436272620000 17.02
1436272680000 17.03
1436272860000 17.03
1436272920000 17.07
1436273160000 17.08
1436273220000 17.1
1436273340000 17.12
1436273400000 17.11
1436273520000 17.11
1436273640000 17.12
1436273700000 17.13
1436273820000 17.17
1436274000000 17.19
1436274060000 17.17
1436274120000 17.17
1436274180000 17.15
1436274240000 17.16
1436274360000 17.21
1436274540000 17.14
1436274660000 17.15
1436274720000 17.19
1436274780000 17.2
1436275200000 17.15
1436275260000 17.16
1436275320000 17.13
1436275440000 17.14
1436275500000 17.19
1436275740000 17.18
1436275800000 17.19
1436275920000 17.16
1436275980000 17.15
1436276040000 17.16
1436276100000 17.16
1436276160000 17.18
1436276340000 17.13
1436276520000 17.13
1436276580000 17.12
1436276640000 17.15
1436276760000 17.17
1436277060000 17.16
1436277120000 17.14
1436277300000 17.07
1436277360000 17.13
1436277480000 17.14
1436277540000 17.1
1436277600000 17.13
1436277780000 17.12
1436277960000 17.1
1436278080000 17.095
1436278140000 17.08
1436278200000 17.1
1436278500000 17.13
1436278740000 17.09
1436278800000 17.02
1436278860000 17.03
1436278920000 17.0395
1436279040000 17.04
1436279100000 17.04
1436279400000 17.04
1436279520000 17.045
1436279640000 17.01
1436279760000 17.0
1436279820000 16.98
1436279880000 17.0
1436279940000 17.0
1436280000000 17.0
1436280060000 17.02
1436280120000 17.02
1436280180000 17.05
1436280240000 17.04
1436280420000 17.04
1436280480000 17.04
1436280660000 17.04
1436280900000 17.06
1436280960000 17.08
1436281020000 17.1
1436281080000 17.11
1436281140000 17.2
1436281260000 17.24
1436281320000 17.2
1436281380000 17.19
1436281440000 17.19
1436281500000 17.21
1436281560000 17.17
