1436261400000 35.45
1436261460000 35.68
1436261520000 35.35
1436261700000 35.6
1436261760000 35.5595
1436261820000 35.44
1436261880000 35.281
1436261940000 35.3
1436262000000 35.28
1436262120000 35.16
1436262300000 35.08
1436262360000 35.17
1436262420000 35.11
1436262480000 35.26
1436262540000 35.17
1436262600000 35.14
1436262660000 35.061
1436262720000 35.13
1436262780000 35.31
1436262900000 35.23
1436262960000 35.17
1436263020000 35.2
1436263080000 35.28
1436263140000 35.17
1436263200000 35.19
1436263260000 35.14
1436263320000 35.12
1436263380000 35.2
1436263440000 35.09
1436263500000 35.17
1436263620000 35.07
1436263680000 35.0
1436263740000 34.8
1436263800000 34.88
1436263860000 34.77
1436263920000 34.76
1436263980000 34.71
1436264040000 34.6
1436264100000 34.51
1436264160000 34.55
1436264280000 34.47
1436264340000 34.5
1436264400000 34.45
1436264520000 34.36
1436264580000 34.35
1436264640000 34.34
1436264700000 34.34
1436264760000 34.34
1436264820000 34.34
1436264880000 34.34
1436264940000 34.35
1436265000000 34.35
1436265060000 34.35
1436265120000 34.35
1436265180000 34.36
1436265240000 34.39
1436265300000 34.45
1436265360000 34.38
1436265420000 34.415
1436265480000 34.32
1436265540000 34.185
1436265600000 34.17
1436265660000 34.16
1436265720000 34.14
1436265780000 34.0597
1436265840000 34.08
1436265900000 34.12
1436265960000 34.17
1436266020000 34.23
1436266080000 34.25
1436266140000 34.2201
1436266200000 34.25
1436266260000 34.255
1436266320000 34.2525
1436266380000 34.2292
1436266440000 34.26
1436266500000 34.26
1436266560000 34.15
1436266620000 34.18
1436266680000 34.19
1436266740000 34.19
1436266800000 34.22
1436266860000 34.23
1436266920000 34.22
1436266980000 34.24
1436267040000 34.24
1436267100000 34.25
1436267160000 34.17
1436267220000 34.12
1436267280000 34.12
1436267340000 34.09
1436267400000 34.1
1436267520000 34.12
1436267580000 34.09
1436267640000 34.06
1436267700000 34.01
1436267760000 34.0104
1436267820000 33.99
1436267880000 33.91
1436267940000 33.88
1436268000000 33.88
1436268060000 33.91
1436268120000 33.87
1436268180000 33.89
1436268240000 33.94
1436268360000 33.87
1436268420000 33.87
1436268480000 33.86
1436268540000 33.85
1436268600000 33.76
1436268660000 33.73
1436268720000 33.735
1436268840000 33.76
1436268960000 33.78
1436269020000 33.73
1436269140000 33.78
1436269200000 33.88
1436269260000 33.9894
1436269320000 33.98
1436269380000 34.07
1436269440000 34.21
1436269500000 34.2
1436269560000 34.21
1436269620000 34.145
1436269680000 34.2
1436269740000 34.25
1436269800000 34.16
1436269860000 34.13
1436269920000 34.11
1436269980000 34.1
1436270040000 34.1
1436270100000 34.17
1436270160000 34.19
1436270220000 34.27
1436270280000 34.22
1436270400000 34.17
1436270460000 34.1
1436270520000 34.1
1436270580000 34.1
1436270640000 34.1
1436270760000 34.27
1436270820000 34.26
1436270880000 34.28
1436270940000 34.24
1436271000000 34.255
1436271060000 34.24
1436271120000 34.23
1436271180000 34.2
1436271240000 34.14
1436271300000 34.13
1436271360000 34.18
1436271420000 34.17
1436271480000 34.12
1436271540000 34.12
1436271600000 34.11
1436271660000 34.17
1436271720000 34.17
1436271780000 34.16
1436271840000 34.17
1436271900000 34.18
1436271960000 34.15
1436272080000 34.163
1436272140000 34.16
1436272200000 34.13
1436272260000 34.13
1436272320000 34.19
1436272380000 34.19
1436272440000 34.19
1436272500000 34.22
1436272680000 34.25
1436272740000 34.25
1436272800000 34.22
1436272860000 34.21
1436272920000 34.19
1436272980000 34.18
1436273040000 34.12
1436273100000 34.1
1436273160000 34.14
1436273220000 34.13
1436273280000 34.175
1436273400000 34.22
1436273460000 34.19
1436273520000 34.18
1436273580000 34.17
1436273640000 34.16
1436273700000 34.16
1436273760000 34.16
1436273820000 34.16
1436273880000 34.19
1436273940000 34.24
1436274000000 34.25
1436274060000 34.28
1436274120000 34.27
1436274180000 34.25
1436274240000 34.24
1436274360000 34.18
1436274420000 34.143
1436274480000 34.134
1436274540000 34.1
1436274660000 34.1
1436274720000 34.1
1436274780000 34.13
1436274840000 34.08
1436274900000 34.13
1436274960000 34.15
1436275020000 34.11
1436275080000 34.15
1436275140000 34.14
1436275200000 34.14
1436275260000 34.11
1436275320000 34.14
1436275380000 34.33
1436275440000 34.32
1436275500000 34.31
1436275560000 34.27
1436275620000 34.27
1436275680000 34.275
1436275740000 34.25
1436275800000 34.25
1436275860000 34.25
1436276040000 34.29
1436276100000 34.31
1436276160000 34.32
1436276220000 34.5
1436276280000 34.41
1436276340000 34.41
1436276400000 34.4
1436276460000 34.31
1436276520000 34.32
1436276580000 34.41
1436276640000 34.445
1436276700000 34.625
1436276820000 34.61
1436276880000 34.54
1436277000000 34.58
1436277120000 34.46
1436277180000 34.44
1436277240000 34.44
1436277360000 34.52
1436277420000 34.51
1436277480000 34.525
1436277540000 34.51
1436277600000 34.49
1436277720000 34.49
1436277780000 34.47
1436277840000 34.41
1436278020000 34.38
1436278140000 34.38
1436278200000 34.28
1436278260000 34.2731
1436278320000 34.3
1436278380000 34.39
1436278500000 34.39
1436278560000 34.35
1436278620000 34.405
1436278680000 34.38
1436278800000 34.3
1436278920000 34.2
1436278980000 34.15
1436279040000 34.14
1436279100000 34.13
1436279160000 34.1
1436279340000 34.13
1436279400000 34.11
1436279460000 34.09
1436279520000 34.12
1436279580000 34.13
1436279640000 34.12
1436279760000 34.14
1436279820000 34.08
1436279880000 34.04
1436279940000 34.14
1436280000000 34.16
1436280060000 34.19
1436280120000 34.2
1436280180000 34.3
1436280240000 34.349
1436280300000 34.31
1436280420000 34.41
1436280480000 34.52
1436280540000 34.52
1436280600000 34.52
1436280660000 34.52
1436280720000 34.55
1436280780000 34.51
1436280840000 34.56
1436280960000 34.55
1436281080000 34.59
1436281140000 34.65
1436281200000 34.63
1436281260000 34.65
1436281320000 34.55
1436281380000 34.62
1436281440000 34.58
1436281500000 34.59
1436281560000 34.57
