1436261400000 34.13
1436261580000 33.93
1436261640000 34.01
1436261760000 33.92
1436261820000 33.925
1436261880000 33.97
1436261940000 34.12
1436262000000 34.32
1436262060000 34.27
1436262120000 34.21
1436262180000 34.26
1436262240000 34.2425
1436262300000 34.24
1436262360000 34.21
1436262420000 34.18
1436262480000 34.17
1436262540000 34.21
1436262600000 34.2
1436262660000 34.17
1436262720000 34.2
1436262840000 34.225
1436262900000 34.21
1436262960000 34.26
1436263020000 34.25
1436263080000 34.17
1436263140000 34.07
1436263200000 34.05
1436263260000 34.05
1436263320000 34.05
1436263380000 34.01
1436263440000 34.0
1436263500000 34.08
1436263620000 34.06
1436263740000 33.95
1436263800000 34.01
1436263860000 34.01
1436263920000 34.05
1436264040000 34.02
1436264100000 33.975
1436264160000 34.0
1436264220000 33.9875
1436264280000 34.01
1436264340000 34.04
1436264400000 34.02
1436264460000 34.03
1436264520000 34.05
1436264580000 34.04
1436264640000 34.02
1436264700000 34.0
1436264760000 33.96
1436264820000 33.945
1436264880000 33.915
1436264940000 33.9375
1436265000000 34.04
1436265060000 33.96
1436265180000 33.96
1436265300000 33.93
1436265360000 33.92
1436265420000 33.945
1436265480000 33.93
1436265540000 33.91
1436265600000 33.85
1436265720000 33.85
1436265840000 33.85
1436265960000 33.89
1436266020000 33.96
1436266080000 33.97
1436266140000 33.97
1436266200000 33.965
1436266260000 33.93
1436266320000 33.95
1436266380000 33.965
1436266440000 34.0
1436266560000 33.98
1436266620000 33.9618
1436266680000 33.965
1436266740000 33.975
1436266800000 33.95
1436266860000 33.9
1436266920000 33.93
1436267040000 33.91
1436267100000 33.97
1436267160000 33.97
1436267220000 34.0
1436267280000 34.01
1436267340000 34.01
1436267400000 34.01
1436267460000 34.0
1436267520000 34.05
1436267580000 34.06
1436267700000 34.05
1436267760000 34.06
1436267820000 34.09
1436267880000 34.1
1436267940000 34.07
1436268000000 34.08
1436268060000 34.09
1436268120000 34.07
1436268180000 34.06
1436268240000 34.13
1436268300000 34.1
1436268360000 34.11
1436268420000 34.13
1436268480000 34.14
1436268540000 34.09
1436268600000 34.065
1436268720000 34.08
1436268780000 34.04
1436268840000 33.97
1436268960000 33.955
1436269020000 34.01
1436269080000 34.0341
1436269140000 34.08
1436269200000 34.14
1436269260000 34.13
1436269320000 34.17
1436269380000 34.19
1436269440000 34.2
1436269500000 34.2
1436269860000 34.19
1436269920000 34.15
1436269980000 34.2
1436270040000 34.19
1436270100000 34.19
1436270160000 34.23
1436270220000 34.3
1436270340000 34.25
1436270460000 34.25
1436270520000 34.245
1436270580000 34.25
1436270640000 34.3
1436270700000 34.31
1436270760000 34.29
1436270820000 34.286
1436270880000 34.275
1436270940000 34.28
1436271000000 34.26
1436271060000 34.25
1436271120000 34.2198
1436271180000 34.24
1436271240000 34.26
1436271300000 34.26
1436271360000 34.29
1436271420000 34.29
1436271480000 34.31
1436271540000 34.33
1436271660000 34.32
1436271720000 34.36
1436271780000 34.37
1436271840000 34.35
1436271900000 34.345
1436271960000 34.35
1436272020000 34.37
1436272080000 34.42
1436272140000 34.41
1436272260000 34.41
1436272320000 34.42
1436272380000 34.43
1436272500000 34.45
1436272560000 34.39
1436272620000 34.41
1436272740000 34.45
1436272920000 34.46
1436272980000 34.44
1436273040000 34.46
1436273100000 34.46
1436273160000 34.45
1436273220000 34.46
1436273280000 34.48
1436273340000 34.46
1436273400000 34.455
1436273460000 34.49
1436273520000 34.46
1436273640000 34.47
1436273700000 34.46
1436273760000 34.44
1436273820000 34.45
1436273880000 34.48
1436273940000 34.54
1436274000000 34.56
1436274060000 34.58
1436274120000 34.58
1436274180000 34.53
1436274240000 34.54
1436274360000 34.52
1436274420000 34.48
1436274480000 34.4578
1436274540000 34.56
1436274600000 34.58
1436274660000 34.58
1436274720000 34.59
1436274780000 34.62
1436274840000 34.58
1436274900000 34.61
1436274960000 34.57
1436275020000 34.55
1436275080000 34.59
1436275200000 34.62
1436275260000 34.63
1436275380000 34.62
1436275440000 34.66
1436275500000 34.63
1436275560000 34.57
1436275620000 34.59
1436275740000 34.6
1436275860000 34.63
1436275920000 34.6
1436275980000 34.61
1436276040000 34.58
1436276100000 34.66
1436276160000 34.68
1436276220000 34.66
1436276340000 34.65
1436276400000 34.64
1436276520000 34.62
1436276580000 34.65
1436276640000 34.68
1436276700000 34.68
1436276820000 34.68
1436276940000 34.67
1436277000000 34.67
1436277120000 34.66
1436277180000 34.69
1436277240000 34.67
1436277300000 34.67
1436277360000 34.67
1436277480000 34.72
1436277540000 34.69
1436277660000 34.72
1436277720000 34.73
1436277780000 34.71
1436277900000 34.71
1436278020000 34.72
1436278080000 34.71
1436278200000 34.73
1436278260000 34.72
1436278380000 34.73
1436278440000 34.72
1436278500000 34.69
1436278560000 34.66
1436278620000 34.67
1436278680000 34.66
1436278740000 34.66
1436278860000 34.59
1436278920000 34.525
1436278980000 34.51
1436279040000 34.52
1436279100000 34.51
1436279160000 34.49
1436279280000 34.59
1436279400000 34.61
1436279460000 34.59
1436279520000 34.59
1436279580000 34.61
1436279640000 34.62
1436279700000 34.61
1436279760000 34.649
1436279820000 34.65
1436279880000 34.63
1436279940000 34.7
1436280000000 34.7
1436280060000 34.74
1436280120000 34.79
1436280180000 34.77
1436280240000 34.77
1436280300000 34.77
1436280360000 34.76
1436280480000 34.8
1436280540000 34.85
1436280600000 34.82
1436280660000 34.81
1436280720000 34.83
1436280780000 34.85
1436280840000 34.88
1436280900000 34.87
1436280960000 34.88
1436281020000 34.89
1436281080000 34.92
1436281140000 34.92
1436281320000 34.88
1436281380000 34.91
1436281440000 34.9
1436281500000 34.95
1436281560000 34.92
