1436261400000 71.21
1436261460000 70.89
1436261520000 70.92
1436261580000 70.76
1436261640000 70.72
1436261700000 70.6624
1436261760000 70.661
1436261820000 70.699
1436261880000 70.5607
1436261940000 70.665
1436262000000 70.71
1436262060000 70.73
1436262120000 70.645
1436262180000 70.635
1436262240000 70.7
1436262300000 70.6625
1436262360000 70.7
1436262420000 70.749
1436262480000 70.75
1436262540000 70.82
1436262600000 70.8
1436262660000 71.01
1436262720000 70.965
1436262780000 71.19
1436262840000 71.03
1436262900000 71.0099
1436262960000 70.82
1436263020000 70.75
1436263080000 70.5
1436263140000 70.365
1436263200000 70.4299
1436263260000 70.55
1436263320000 70.63
1436263380000 70.76
1436263440000 70.71
1436263500000 70.745
1436263560000 70.64
1436263620000 70.65
1436263680000 70.58
1436263740000 70.56
1436263800000 70.65
1436263860000 70.67
1436263920000 70.68
1436263980000 70.62
1436264040000 70.63
1436264100000 70.57
1436264160000 70.425
1436264220000 70.4408
1436264280000 70.43
1436264340000 70.285
1436264400000 70.18
1436264460000 70.11
1436264520000 70.22
1436264580000 70.435
1436264640000 70.33
1436264700000 70.275
1436264760000 70.27
1436264820000 70.25
1436264880000 70.12
1436264940000 70.18
1436265000000 70.15
1436265060000 70.08
1436265120000 70.06
1436265180000 70.1
1436265240000 70.07
1436265300000 70.03
1436265360000 70.01
1436265420000 70.06
1436265480000 70.09
1436265540000 70.08
1436265600000 69.96
1436265660000 69.91
1436265720000 69.79
1436265780000 69.68
1436265840000 69.66
1436265900000 69.76
1436265960000 69.66
1436266020000 69.8099
1436266080000 69.785
1436266140000 69.84
1436266200000 69.72
1436266260000 69.69
1436266320000 69.72
1436266380000 69.77
1436266440000 69.88
1436266500000 69.9257
1436266560000 69.8237
1436266620000 69.84
1436266680000 70.0
1436266740000 70.05
1436266800000 69.98
1436266860000 69.995
1436266920000 70.015
1436266980000 69.94
1436267040000 69.98
1436267100000 69.94
1436267160000 69.99
1436267220000 70.0
1436267280000 70.001
1436267340000 70.0696
1436267400000 70.04
1436267460000 70.01
1436267520000 70.188
1436267580000 70.18
1436267640000 70.17
1436267700000 70.15
1436267760000 70.12
1436267820000 70.17
1436267880000 70.24
1436267940000 70.21
1436268000000 70.18
1436268060000 70.13
1436268120000 70.01
1436268180000 70.052
1436268240000 70.09
1436268300000 70.0
1436268360000 69.9825
1436268420000 70.04
1436268480000 70.1
1436268540000 70.02
1436268600000 70.0
1436268660000 70.0
1436268720000 70.0
1436268780000 69.99
1436268840000 70.03
1436268900000 70.02
1436268960000 70.01
1436269020000 70.055
1436269080000 70.15
1436269140000 70.21
1436269200000 70.27
1436269260000 70.32
1436269320000 70.292
1436269380000 70.344
1436269440000 70.38
1436269500000 70.32
1436269560000 70.28
1436269620000 70.2367
1436269680000 70.39
1436269740000 70.34
1436269800000 70.34
1436269860000 70.4
1436269920000 70.407
1436269980000 70.32
1436270040000 70.3395
1436270100000 70.38
1436270160000 70.38
1436270220000 70.6
1436270280000 70.54
1436270340000 70.54
1436270400000 70.45
1436270460000 70.44
1436270520000 70.56
1436270580000 70.53
1436270640000 70.68
1436270700000 70.72
1436270760000 70.62
1436270820000 70.58
1436270880000 70.64
1436270940000 70.756
1436271000000 70.805
1436271060000 70.64
1436271120000 70.56
1436271180000 70.69
1436271240000 70.5725
1436271300000 70.55
1436271360000 70.68
1436271420000 70.71
1436271480000 70.68
1436271540000 70.76
1436271600000 70.745
1436271660000 70.7
1436271720000 70.61
1436271780000 70.68
1436271840000 70.62
1436271900000 70.635
1436271960000 70.62
1436272020000 70.6499
1436272080000 70.7175
1436272140000 70.79
1436272200000 70.75
1436272260000 70.69
1436272320000 70.84
1436272380000 70.82
1436272440000 70.9
1436272500000 70.87
1436272560000 70.89
1436272620000 70.95
1436272680000 70.86
1436272740000 70.83
1436272800000 70.82
1436272860000 70.87
1436272920000 70.89
1436272980000 70.97
1436273040000 70.96
1436273100000 70.9874
1436273160000 71.0
1436273220000 71.03
1436273280000 71.03
1436273340000 71.0
1436273400000 70.9
1436273460000 70.87
1436273520000 70.86
1436273580000 70.885
1436273640000 70.8899
1436273700000 71.05
1436273760000 70.94
1436273820000 70.99
1436273880000 70.98
1436273940000 71.0
1436274000000 70.9
1436274060000 70.92
1436274120000 70.87
1436274180000 70.85
1436274240000 70.87
1436274300000 71.04
1436274360000 71.0406
1436274420000 71.0099
1436274480000 71.01
1436274540000 71.025
1436274600000 71.1
1436274660000 71.13
1436274720000 71.17
1436274780000 71.17
1436274840000 71.17
1436274900000 71.29
1436274960000 71.2
1436275020000 71.12
1436275080000 71.08
1436275140000 71.16
1436275200000 71.1148
1436275260000 71.0785
1436275320000 71.04
1436275380000 71.05
1436275440000 71.1923
1436275500000 71.195
1436275560000 71.14
1436275620000 71.162
1436275680000 71.23
1436275740000 71.24
1436275800000 71.3
1436275860000 71.34
1436275920000 71.23
1436275980000 71.27
1436276040000 71.2699
1436276100000 71.3
1436276160000 71.245
1436276220000 71.2
1436276280000 71.3
1436276340000 71.28
1436276400000 71.29
1436276460000 71.153
1436276520000 71.21
1436276580000 71.21
1436276640000 71.15
1436276700000 71.23
1436276760000 71.22
1436276820000 71.3
1436276880000 71.264
1436276940000 71.45
1436277000000 71.45
1436277060000 71.36
1436277120000 71.315
1436277180000 71.34
1436277240000 71.35
1436277300000 71.35
1436277360000 71.33
1436277420000 71.41
1436277480000 71.45
1436277540000 71.46
1436277600000 71.45
1436277660000 71.43
1436277720000 71.421
1436277780000 71.4101
1436277840000 71.38
1436277900000 71.33
1436277960000 71.34
1436278020000 71.28
1436278080000 71.21
1436278140000 71.25
1436278200000 71.295
1436278260000 71.28
1436278320000 71.28
1436278380000 71.28
1436278440000 71.28
1436278500000 71.17
1436278560000 71.06
1436278620000 71.04
1436278680000 71.0
1436278740000 70.9761
1436278800000 70.89
1436278860000 70.969
1436278920000 70.85
1436278980000 70.68
1436279040000 70.75
1436279100000 70.84
1436279160000 70.825
1436279220000 70.79
1436279280000 70.79
1436279340000 70.75
1436279400000 70.7862
1436279460000 70.7999
1436279520000 70.76
1436279580000 70.77
1436279640000 70.84
1436279700000 70.8
1436279760000 70.81
1436279820000 70.825
1436279880000 70.8
1436279940000 70.85
1436280000000 70.89
1436280060000 70.95
1436280120000 71.12
1436280180000 71.12
1436280240000 71.17
1436280300000 71.12
1436280360000 71.115
1436280420000 71.211
1436280480000 71.13
1436280540000 71.09
1436280600000 71.06
1436280660000 71.02
1436280720000 71.01
1436280780000 71.08
1436280840000 71.15
1436280900000 71.12
1436280960000 71.16
1436281020000 71.18
1436281080000 71.155
1436281140000 71.26
1436281200000 71.25
1436281260000 71.3012
1436281320000 71.21
1436281380000 71.23
1436281440000 71.19
1436281500000 71.2
1436281560000 71.2005
