1436261400000 15.9
1436261640000 15.84
1436261700000 15.81
1436261760000 15.51
1436261820000 15.6
1436261880000 15.65
1436262000000 15.71
1436262120000 15.61
1436262240000 15.64
1436262420000 15.6
1436262600000 15.6
1436262660000 15.6
1436262780000 15.61
1436262900000 15.6
1436262960000 15.605
1436263020000 15.58
1436263080000 15.6
1436263200000 15.54
1436263380000 15.525
1436263560000 15.55
1436263620000 15.55
1436263680000 15.55
1436263740000 15.58
1436264040000 15.59
1436264100000 15.58
1436264220000 15.55
1436264280000 15.55
1436264340000 15.56
1436264760000 15.53
1436264820000 15.5
1436265300000 15.5
1436265360000 15.46
1436265540000 15.37
1436265960000 15.365
1436266080000 15.455
1436266200000 15.43
1436266380000 15.44
1436266440000 15.46
1436266500000 15.44
1436266620000 15.45
1436267520000 15.42
1436268000000 15.45
1436268060000 15.45
1436268120000 15.45
1436268180000 15.42
1436268240000 15.44
1436268300000 15.45
1436268540000 15.45
1436268780000 15.45
1436268840000 15.445
1436268900000 15.45
1436269080000 15.4475
1436269140000 15.46
1436269260000 15.53
1436269320000 15.53
1436269380000 15.55
1436269500000 15.61
1436270160000 15.6
1436270220000 15.6
1436271240000 15.45
1436272140000 15.54
1436272500000 15.54
1436272680000 15.54
1436272800000 15.55
1436272860000 15.55
1436273100000 15.55
1436273160000 15.55
1436273220000 15.58
1436273280000 15.57
1436273460000 15.56
1436273520000 15.53
1436273880000 15.55
1436274060000 15.55
1436274240000 15.58
1436274660000 15.53
1436274720000 15.55
1436274780000 15.56
1436275680000 15.49
1436275740000 15.55
1436276220000 15.55
1436276280000 15.53
1436276460000 15.51
1436276580000 15.535
1436276940000 15.545
1436277060000 15.53
1436277660000 15.49
1436277840000 15.505
1436277900000 15.51
1436277960000 15.51
1436278560000 15.52
1436278620000 15.53
1436278680000 15.52
1436278740000 15.51
1436278800000 15.48
1436278860000 15.48
1436279040000 15.46
1436279100000 15.49
1436279220000 15.49
1436279280000 15.49
1436279340000 15.51
1436279520000 15.5
1436279580000 15.51
1436279640000 15.505
1436279760000 15.51
1436279820000 15.495
1436279940000 15.48
1436280000000 15.55
1436280420000 15.64
1436280840000 15.6
1436280960000 15.605
1436281080000 15.63
1436281200000 15.68
1436281260000 15.64
1436281380000 15.65
1436281560000 15.61
1436281620000 15.63
