1436261400000 36.43
1436261640000 36.7
1436261700000 36.24
1436261940000 36.3
1436263500000 36.34
1436263620000 36.33
1436264100000 36.31
1436264580000 36.41
1436264640000 36.4252
1436265540000 36.3008
1436265660000 36.26
1436265720000 36.26
1436265780000 36.19
1436266920000 36.19
1436267040000 36.12
1436267100000 36.09
1436267160000 35.88
1436267220000 35.79
1436267280000 35.83
1436267340000 35.75
1436267400000 35.76
1436267880000 35.76
1436268060000 35.94
1436268420000 35.74
1436268540000 35.74
1436268600000 35.75
1436268660000 35.75
1436268780000 35.88
1436268840000 36.0
1436268900000 35.96
1436268960000 35.93
1436269020000 36.01
1436269860000 35.82
1436270220000 35.97
1436270340000 36.03
1436270400000 36.09
1436270460000 36.05
1436270520000 36.12
1436270580000 36.09
1436270640000 36.0
1436270700000 36.015
1436270760000 36.17
1436270880000 36.26
1436270940000 36.15
1436271000000 36.05
1436271060000 36.02
1436271180000 36.07
1436271300000 36.25
1436271360000 36.11
1436272140000 36.18
1436272620000 36.02
1436272740000 36.13
1436273280000 36.19
1436273400000 36.15
1436273820000 36.32
1436275080000 36.28
1436275140000 36.37
1436275980000 36.5275
1436276820000 36.36
1436277660000 36.26
1436278080000 36.26
1436278140000 36.25
1436279040000 36.24
1436279460000 36.17
1436279520000 36.22
1436279700000 36.26
1436279760000 36.26
1436279820000 36.26
1436279880000 36.26
1436279940000 36.26
1436280240000 36.29
1436280300000 36.29
1436280420000 36.26
1436280600000 36.29
1436280660000 36.27
1436280780000 36.29
1436280900000 36.26
1436281080000 36.28
1436281320000 36.31
1436281440000 36.33
