1436261400000 48.56
1436261520000 48.7807
1436261580000 48.77
1436261640000 48.51
1436261700000 48.5925
1436261760000 48.63
1436261820000 48.58
1436261880000 48.63
1436261940000 48.6
1436262060000 48.63
1436262120000 48.6533
1436262180000 48.68
1436262240000 48.76
1436262300000 48.59
1436262360000 48.51
1436262420000 48.43
1436262480000 48.53
1436262540000 48.51
1436262600000 48.58
1436262660000 48.32
1436262720000 48.34
1436262780000 48.4
1436262840000 48.385
1436262900000 48.27
1436262960000 48.25
1436263020000 48.3296
1436263080000 48.25
1436263140000 48.28
1436263200000 48.151
1436263260000 48.035
1436263320000 48.08
1436263380000 48.19
1436263440000 48.08
1436263500000 48.09
1436263560000 48.11
1436263620000 48.06
1436263680000 47.85
1436263740000 47.84
1436263800000 47.9609
1436263860000 48.14
1436263920000 48.01
1436263980000 48.01
1436264040000 47.95
1436264100000 47.96
1436264160000 48.0
1436264220000 47.985
1436264280000 48.04
1436264340000 48.02
1436264400000 47.91
1436264460000 47.86
1436264520000 48.01
1436264640000 47.98
1436264700000 48.0
1436264760000 47.995
1436264820000 48.0
1436264880000 47.99
1436264940000 48.0
1436265000000 47.92
1436265060000 47.8
1436265180000 47.855
1436265240000 47.75
1436265300000 47.78
1436265360000 47.68
1436265420000 47.65
1436265480000 47.5824
1436265540000 47.57
1436265600000 47.35
1436265660000 47.26
1436265720000 47.1501
1436265780000 47.09
1436265840000 47.1
1436265900000 47.24
1436265960000 47.3099
1436266020000 47.64
1436266080000 47.71
1436266140000 47.92
1436266200000 47.86
1436266260000 47.705
1436266320000 47.79
1436266380000 47.86
1436266440000 47.95
1436266500000 48.3
1436266560000 48.03
1436266620000 48.04
1436266680000 48.04
1436266740000 47.95
1436266800000 47.95
1436266860000 47.755
1436266920000 47.81
1436266980000 47.81
1436267040000 47.88
1436267100000 47.9
1436267160000 47.78
1436267220000 47.8
1436267280000 47.88
1436267400000 47.97
1436267460000 48.03
1436267520000 48.02
1436267580000 48.16
1436267640000 48.01
1436267700000 48.07
1436267820000 48.04
1436267880000 48.04
1436267940000 47.96
1436268000000 47.985
1436268060000 47.92
1436268180000 47.81
1436268240000 47.93
1436268300000 47.96
1436268360000 47.91
1436268420000 47.94
1436268480000 48.0099
1436268540000 47.92
1436268600000 47.94
1436268660000 47.89
1436268720000 47.97
1436268780000 47.85
1436268840000 47.75
1436268960000 47.7
1436269080000 47.79
1436269140000 47.93
1436269200000 47.93
1436269320000 47.96
1436269380000 47.96
1436269440000 47.92
1436269500000 47.84
1436269560000 47.83
1436269620000 47.83
1436269680000 47.82
1436269740000 47.76
1436269800000 47.67
1436269860000 47.67
1436269920000 47.62
1436269980000 47.66
1436270100000 47.75
1436270160000 47.86
1436270220000 48.09
1436270280000 47.97
1436270340000 48.02
1436270400000 47.98
1436270520000 47.89
1436270580000 47.96
1436270640000 48.04
1436270700000 48.04
1436270760000 47.89
1436270880000 47.9
1436270940000 47.85
1436271000000 47.79
1436271060000 47.76
1436271120000 47.68
1436271180000 47.81
1436271240000 47.81
1436271300000 47.82
1436271360000 47.91
1436271420000 47.955
1436271480000 48.05
1436271540000 48.14
1436271660000 48.17
1436271720000 48.28
1436271780000 48.3
1436271840000 48.34
1436271900000 48.25
1436271960000 48.35
1436272020000 48.33
1436272080000 48.33
1436272140000 48.38
1436272200000 48.3
1436272260000 48.385
1436272320000 48.46
1436272380000 48.43
1436272440000 48.511
1436272500000 48.67
1436272560000 48.5001
1436272620000 48.62
1436272680000 48.6
1436272740000 48.71
1436272800000 48.6428
1436272860000 48.625
1436272920000 48.69
1436272980000 48.66
1436273040000 48.62
1436273100000 48.6
1436273160000 48.52
1436273220000 48.58
1436273280000 48.6
1436273340000 48.61
1436273460000 48.58
1436273520000 48.6
1436273580000 48.51
1436273640000 48.58
1436273700000 48.58
1436273760000 48.53
1436273820000 48.53
1436273880000 48.58
1436273940000 48.53
1436274000000 48.57
1436274060000 48.54
1436274120000 48.51
1436274180000 48.36
1436274240000 48.45
1436274360000 48.38
1436274420000 48.29
1436274540000 48.5
1436274660000 48.58
1436274720000 48.59
1436274780000 48.53
1436274840000 48.55
1436274900000 48.54
1436274960000 48.47
1436275080000 48.47
1436275140000 48.55
1436275200000 48.56
1436275320000 48.48
1436275380000 48.5
1436275440000 48.51
1436275500000 48.46
1436275560000 48.43
1436275620000 48.37
1436275680000 48.38
1436275740000 48.29
1436275800000 48.34
1436275860000 48.28
1436275920000 48.22
1436275980000 48.34
1436276040000 48.37
1436276100000 48.32
1436276160000 48.34
1436276220000 48.345
1436276280000 48.35
1436276340000 48.33
1436276400000 48.29
1436276520000 48.28
1436276580000 48.32
1436276640000 48.34
1436276700000 48.35
1436276760000 48.33
1436276820000 48.28
1436276880000 48.32
1436276940000 48.34
1436277000000 48.26
1436277060000 48.19
1436277120000 48.2
1436277180000 48.33
1436277240000 48.27
1436277300000 48.23
1436277360000 48.34
1436277420000 48.3
1436277480000 48.26
1436277540000 48.24
1436277660000 48.29
1436277780000 48.29
1436277840000 48.31
1436277900000 48.33
1436278080000 48.32
1436278140000 48.27
1436278200000 48.28
1436278260000 48.23
1436278320000 48.28
1436278380000 48.29
1436278440000 48.22
1436278500000 48.09
1436278620000 48.0
1436278680000 47.99
1436278740000 47.99
1436278800000 47.93
1436278860000 47.88
1436278920000 47.76
1436278980000 47.79
1436279040000 47.74
1436279100000 47.78
1436279220000 47.94
1436279280000 48.0
1436279340000 48.0
1436279400000 47.98
1436279520000 48.0
1436279580000 48.05
1436279640000 48.05
1436279700000 48.07
1436279760000 48.19
1436279820000 48.18
1436279880000 48.17
1436279940000 48.19
1436280000000 48.24
1436280060000 48.31
1436280120000 48.33
1436280180000 48.35
1436280240000 48.32
1436280300000 48.34
1436280360000 48.37
1436280420000 48.36
1436280480000 48.34
1436280540000 48.4
1436280600000 48.37
1436280660000 48.31
1436280720000 48.4
1436280780000 48.36
1436280840000 48.38
1436280900000 48.32
1436280960000 48.29
1436281020000 48.38
1436281080000 48.44
1436281140000 48.48
1436281200000 48.39
1436281260000 48.46
1436281320000 48.348
1436281380000 48.4
1436281440000 48.41
1436281500000 48.44
1436281560000 48.36
