1436262300000 10.55
1436262360000 10.54
1436262480000 10.5
1436262660000 10.46
1436262720000 10.39
1436262840000 10.42
1436263140000 10.44
1436264700000 10.45
1436265000000 10.47
1436266260000 10.48
1436266320000 10.48
1436270100000 10.53
1436270220000 10.43
1436270460000 10.46
1436270520000 10.56
1436270580000 10.42
1436271780000 10.39
1436271900000 10.4
1436272620000 10.37
1436272920000 10.36
1436273160000 10.4
1436273820000 10.51
1436273940000 10.63
1436274000000 10.51
1436274060000 10.48
1436274300000 10.471
1436274360000 10.47
1436274720000 10.47
1436275680000 10.44
1436275740000 10.45
1436276700000 10.46
1436277240000 10.45
1436278740000 10.44
1436278800000 10.405
1436278860000 10.43
1436278980000 10.401
1436279100000 10.51
1436279160000 10.39
1436279220000 10.42
