1436261400000 55.49
1436261460000 55.39
1436261580000 55.272
1436261640000 55.29
1436261700000 55.3
1436261760000 55.22
1436261820000 55.2
1436261880000 55.18
1436261940000 55.22
1436262000000 55.258
1436262120000 55.25
1436262180000 55.24
1436262240000 55.34
1436262300000 55.29
1436262360000 55.23
1436262420000 55.18
1436262480000 55.09
1436262540000 55.22
1436262600000 55.33
1436262720000 55.25
1436262780000 55.25
1436262840000 55.24
1436262900000 55.23
1436262960000 55.25
1436263020000 55.26
1436263080000 55.22
1436263140000 55.295
1436263200000 55.325
1436263260000 55.2
1436263320000 55.21
1436263380000 55.2
1436263440000 55.19
1436263500000 55.19
1436263620000 55.14
1436263680000 55.085
1436263740000 55.03
1436263800000 55.065
1436263860000 55.055
1436263920000 55.005
1436263980000 55.0
1436264040000 54.94
1436264100000 54.89
1436264160000 54.78
1436264220000 54.765
1436264280000 54.77
1436264340000 54.75
1436264400000 54.73
1436264460000 54.7
1436264520000 54.7
1436264580000 54.75
1436264640000 54.84
1436264700000 54.81
1436264760000 54.76
1436264820000 54.76
1436264880000 54.76
1436264940000 54.86
1436265000000 54.89
1436265060000 54.85
1436265120000 54.78
1436265180000 54.7899
1436265240000 54.685
1436265300000 54.71
1436265360000 54.63
1436265420000 54.68
1436265480000 54.67
1436265540000 54.64
1436265600000 54.63
1436265660000 54.57
1436265720000 54.53
1436265780000 54.54
1436265840000 54.55
1436265900000 54.52
1436265960000 54.555
1436266020000 54.62
1436266080000 54.59
1436266140000 54.6199
1436266200000 54.5499
1436266260000 54.52
1436266320000 54.58
1436266380000 54.635
1436266440000 54.7
1436266500000 54.78
1436266560000 54.7
1436266620000 54.78
1436266740000 54.71
1436266800000 54.715
1436266860000 54.67
1436266920000 54.71
1436266980000 54.72
1436267040000 54.77
1436267100000 54.77
1436267160000 54.75
1436267220000 54.79
1436267280000 54.8
1436267340000 54.8399
1436267400000 54.85
1436267460000 54.84
1436267520000 54.86
1436267580000 54.86
1436267640000 54.86
1436267700000 54.8099
1436267760000 54.805
1436267820000 54.81
1436267880000 54.77
1436267940000 54.77
1436268000000 54.7799
1436268060000 54.68
1436268120000 54.74
1436268180000 54.7899
1436268240000 54.85
1436268300000 54.78
1436268360000 54.84
1436268420000 54.83
1436268480000 54.88
1436268540000 54.82
1436268600000 54.82
1436268660000 54.84
1436268720000 54.81
1436268780000 54.8
1436268840000 54.74
1436268900000 54.7299
1436268960000 54.72
1436269020000 54.66
1436269080000 54.69
1436269140000 54.7
1436269200000 54.72
1436269260000 54.7199
1436269320000 54.72
1436269380000 54.77
1436269440000 54.78
1436269560000 54.805
1436269620000 54.79
1436269680000 54.84
1436269740000 54.83
1436269800000 54.865
1436269860000 54.87
1436269920000 54.85
1436269980000 54.87
1436270100000 54.88
1436270160000 54.9499
1436270220000 55.08
1436270280000 55.02
1436270340000 55.02
1436270460000 54.98
1436270520000 54.9
1436270580000 54.96
1436270640000 54.98
1436270700000 54.97
1436270760000 54.94
1436270820000 54.96
1436270940000 54.965
1436271000000 54.93
1436271060000 54.88
1436271120000 54.9
1436271180000 54.88
1436271300000 54.865
1436271360000 54.9
1436271420000 54.87
1436271480000 54.88
1436271540000 54.89
1436271600000 54.87
1436271660000 54.86
1436271720000 54.85
1436271780000 54.82
1436271840000 54.83
1436271900000 54.83
1436271960000 54.85
1436272020000 54.8899
1436272080000 54.91
1436272140000 54.91
1436272200000 54.8975
1436272260000 54.9
1436272320000 54.93
1436272380000 54.93
1436272500000 55.04
1436272560000 55.0799
1436272620000 55.1
1436272680000 55.12
1436272740000 55.18
1436272860000 55.2
1436272920000 55.21
1436272980000 55.2599
1436273040000 55.26
1436273100000 55.3
1436273160000 55.31
1436273220000 55.34
1436273280000 55.41
1436273340000 55.4
1436273400000 55.44
1436273460000 55.45
1436273520000 55.51
1436273580000 55.51
1436273640000 55.54
1436273700000 55.57
1436273760000 55.5
1436273820000 55.56
1436273880000 55.57
1436273940000 55.63
1436274000000 55.59
1436274060000 55.62
1436274120000 55.6
1436274180000 55.58
1436274240000 55.5899
1436274300000 55.59
1436274360000 55.61
1436274420000 55.54
1436274480000 55.53
1436274540000 55.55
1436274600000 55.5399
1436274660000 55.55
1436274720000 55.58
1436274780000 55.68
1436274840000 55.68
1436274900000 55.67
1436274960000 55.7
1436275020000 55.695
1436275080000 55.65
1436275140000 55.64
1436275200000 55.65
1436275260000 55.66
1436275320000 55.67
1436275380000 55.67
1436275440000 55.65
1436275500000 55.66
1436275560000 55.67
1436275620000 55.71
1436275680000 55.71
1436275740000 55.77
1436275800000 55.83
1436275860000 55.8
1436275920000 55.73
1436275980000 55.73
1436276040000 55.72
1436276100000 55.76
1436276160000 55.7572
1436276220000 55.74
1436276280000 55.72
1436276340000 55.72
1436276400000 55.71
1436276460000 55.71
1436276520000 55.73
1436276580000 55.8
1436276640000 55.79
1436276700000 55.83
1436276760000 55.8
1436276820000 55.79
1436276880000 55.77
1436276940000 55.79
1436277000000 55.81
1436277060000 55.76
1436277120000 55.75
1436277180000 55.72
1436277240000 55.7018
1436277300000 55.68
1436277360000 55.68
1436277420000 55.71
1436277480000 55.7
1436277540000 55.68
1436277600000 55.69
1436277660000 55.69
1436277720000 55.69
1436277780000 55.7
1436277840000 55.7
1436277900000 55.703
1436277960000 55.685
1436278020000 55.69
1436278080000 55.68
1436278140000 55.7
1436278200000 55.73
1436278260000 55.75
1436278320000 55.775
1436278380000 55.75
1436278440000 55.75
1436278500000 55.76
1436278560000 55.76
1436278620000 55.76
1436278680000 55.76
1436278740000 55.76
1436278800000 55.77
1436278860000 55.75
1436278920000 55.676
1436278980000 55.64
1436279040000 55.64
1436279100000 55.66
1436279160000 55.67
1436279220000 55.61
1436279280000 55.6
1436279340000 55.55
1436279400000 55.64
1436279460000 55.61
1436279520000 55.62
1436279580000 55.63
1436279640000 55.7
1436279700000 55.67
1436279760000 55.65
1436279820000 55.66
1436279880000 55.66
1436279940000 55.72
1436280000000 55.74
1436280060000 55.7882
1436280120000 55.83
1436280180000 55.85
1436280240000 55.94
1436280300000 55.99
1436280360000 55.99
1436280420000 56.0
1436280480000 56.0
1436280540000 56.05
1436280600000 56.04
1436280660000 56.04
1436280720000 56.03
1436280780000 56.06
1436280840000 56.08
1436280900000 56.08
1436280960000 56.08
1436281020000 56.06
1436281080000 56.11
1436281140000 56.16
1436281200000 56.13
1436281260000 56.14
1436281320000 56.14
1436281380000 56.2
1436281440000 56.21
1436281500000 56.24
1436281560000 56.235
1436281620000 56.24
