1436261580000 1.36
1436261700000 1.36
1436261940000 1.41
1436262000000 1.37
1436262480000 1.3745
1436262720000 1.36
1436262900000 1.36
1436262960000 1.36
1436263140000 1.41
1436263260000 1.37
1436263500000 1.36
1436264040000 1.36
1436264100000 1.36
1436264220000 1.36
1436264760000 1.38
1436264820000 1.36
1436264880000 1.36
1436264940000 1.36
1436265000000 1.36
1436265120000 1.36
1436265360000 1.3799
1436265420000 1.36
1436265480000 1.3601
1436265540000 1.36
1436265600000 1.36
1436265660000 1.3107
1436265780000 1.3221
1436265960000 1.31
1436266140000 1.28
1436266320000 1.28
1436266740000 1.28
1436266920000 1.28
1436266980000 1.28
1436267220000 1.28
1436267700000 1.28
1436267820000 1.27
1436268060000 1.25
1436268300000 1.26
1436268360000 1.26
1436268600000 1.25
1436268780000 1.25
1436268840000 1.25
1436268900000 1.25
1436269320000 1.25
1436269500000 1.2
1436269680000 1.2499
1436271420000 1.21
1436271540000 1.22
1436271660000 1.22
1436271960000 1.22
1436272320000 1.22
1436272500000 1.22
1436272980000 1.22
1436273820000 1.22
1436274780000 1.22
1436274840000 1.22
1436274900000 1.21
1436274960000 1.21
1436275860000 1.24
1436276520000 1.2432
1436276640000 1.21
1436277300000 1.21
1436277480000 1.24
1436277660000 1.21
1436277960000 1.249
1436278020000 1.21
1436278740000 1.21
1436278860000 1.2499
1436278980000 1.2416
1436279160000 1.23
1436279400000 1.23
1436279460000 1.23
1436279760000 1.21
1436280480000 1.21
1436280660000 1.2101
1436281260000 1.22
