1436261400000 48.69
1436261460000 48.77
1436261520000 48.82
1436261580000 48.78
1436261640000 48.73
1436261700000 48.665
1436261760000 48.59
1436261820000 48.59
1436261880000 48.6
1436261940000 48.55
1436262120000 48.51
1436262180000 48.525
1436262240000 48.465
1436262360000 48.44
1436262420000 48.5
1436262480000 48.52
1436262540000 48.6
1436262600000 48.62
1436262660000 48.6
1436262720000 48.64
1436262780000 48.62
1436262840000 48.64
1436262900000 48.61
1436262960000 48.56
1436263020000 48.54
1436263080000 48.5
1436263140000 48.475
1436263200000 48.55
1436263260000 48.59
1436263320000 48.58
1436263380000 48.55
1436263440000 48.56
1436263500000 48.57
1436263560000 48.565
1436263620000 48.56
1436263680000 48.525
1436263740000 48.47
1436263800000 48.4975
1436263860000 48.5
1436263920000 48.5
1436263980000 48.4838
1436264040000 48.46
1436264100000 48.39
1436264160000 48.37
1436264220000 48.38
1436264280000 48.39
1436264340000 48.36
1436264400000 48.32
1436264460000 48.32
1436264520000 48.29
1436264580000 48.27
1436264640000 48.22
1436264700000 48.22
1436264760000 48.19
1436264820000 48.16
1436264880000 48.1
1436264940000 48.11
1436265000000 48.09
1436265060000 48.09
1436265120000 48.07
1436265180000 48.05
1436265240000 48.03
1436265300000 48.04
1436265360000 47.98
1436265420000 47.99
1436265480000 47.99
1436265540000 47.95
1436265600000 47.91
1436265660000 47.8379
1436265720000 47.86
1436265780000 47.825
1436265840000 47.84
1436265900000 47.88
1436265960000 47.89
1436266020000 47.91
1436266080000 47.91
1436266140000 47.915
1436266200000 47.89
1436266260000 47.9
1436266320000 47.91
1436266380000 47.95
1436266440000 47.95
1436266500000 47.98
1436266560000 47.96
1436266620000 47.96
1436266680000 47.935
1436266740000 47.93
1436266800000 47.93
1436266860000 47.87
1436266920000 47.87
1436266980000 47.87
1436267040000 47.84
1436267100000 47.84
1436267160000 47.865
1436267220000 47.9
1436267280000 47.96
1436267340000 47.93
1436267400000 47.92
1436267460000 47.93
1436267520000 47.93
1436267580000 47.97
1436267640000 47.95
1436267700000 47.94
1436267760000 47.95
1436267820000 47.95
1436267880000 47.93
1436267940000 47.91
1436268000000 47.9
1436268060000 47.89
1436268120000 47.86
1436268180000 47.88
1436268240000 47.89
1436268300000 47.89
1436268360000 47.87
1436268420000 47.89
1436268480000 47.895
1436268540000 47.85
1436268600000 47.8525
1436268660000 47.87
1436268720000 47.88
1436268780000 47.92
1436268840000 47.89
1436268900000 47.89
1436268960000 47.865
1436269020000 47.9
1436269080000 47.94
1436269140000 47.97
1436269200000 47.97
1436269260000 48.01
1436269320000 48.01
1436269440000 48.06
1436269500000 48.08
1436269560000 48.07
1436269620000 48.04
1436269680000 48.05
1436269740000 48.04
1436269800000 48.06
1436269860000 48.05
1436269920000 48.05
1436269980000 48.04
1436270040000 48.04
1436270100000 48.05
1436270160000 48.1
1436270220000 48.23
1436270280000 48.18
1436270340000 48.195
1436270400000 48.17
1436270460000 48.16
1436270520000 48.1725
1436270580000 48.18
1436270640000 48.19
1436270700000 48.21
1436270760000 48.2
1436270820000 48.17
1436270880000 48.18
1436270940000 48.19
1436271000000 48.19
1436271060000 48.1625
1436271120000 48.16
1436271180000 48.1625
1436271240000 48.16
1436271300000 48.17
1436271360000 48.2
1436271420000 48.19
1436271480000 48.1762
1436271540000 48.19
1436271600000 48.21
1436271660000 48.22
1436271720000 48.22
1436271780000 48.2099
1436271840000 48.21
1436271900000 48.2101
1436271960000 48.22
1436272020000 48.245
1436272140000 48.24
1436272200000 48.2529
1436272260000 48.26
1436272320000 48.3
1436272380000 48.2945
1436272440000 48.29
1436272500000 48.29
1436272560000 48.25
1436272620000 48.26
1436272680000 48.25
1436272740000 48.28
1436272860000 48.3033
1436272920000 48.3
1436272980000 48.3
1436273040000 48.2828
1436273100000 48.3
1436273160000 48.36
1436273220000 48.36
1436273280000 48.36
1436273400000 48.37
1436273460000 48.375
1436273520000 48.41
1436273580000 48.4
1436273640000 48.41
1436273700000 48.45
1436273760000 48.46
1436273820000 48.46
1436273880000 48.47
1436273940000 48.4975
1436274000000 48.514
1436274060000 48.52
1436274120000 48.52
1436274180000 48.48
1436274240000 48.47
1436274300000 48.44
1436274360000 48.42
1436274420000 48.37
1436274480000 48.365
1436274540000 48.36
1436274600000 48.36
1436274660000 48.35
1436274720000 48.37
1436274780000 48.44
1436274840000 48.44
1436274900000 48.46
1436274960000 48.41
1436275020000 48.36
1436275080000 48.36
1436275140000 48.345
1436275200000 48.37
1436275260000 48.34
1436275320000 48.34
1436275380000 48.35
1436275440000 48.36
1436275500000 48.36
1436275560000 48.37
1436275620000 48.37
1436275680000 48.4
1436275740000 48.39
1436275800000 48.44
1436275860000 48.43
1436275920000 48.41
1436275980000 48.42
1436276040000 48.41
1436276100000 48.42
1436276160000 48.42
1436276220000 48.42
1436276340000 48.42
1436276400000 48.43
1436276460000 48.39
1436276520000 48.39
1436276640000 48.41
1436276700000 48.45
1436276760000 48.43
1436276820000 48.42
1436276880000 48.415
1436276940000 48.43
1436277000000 48.44
1436277060000 48.42
1436277120000 48.41
1436277180000 48.42
1436277240000 48.41
1436277300000 48.4
1436277360000 48.39
1436277420000 48.39
1436277480000 48.39
1436277540000 48.37
1436277660000 48.38
1436277720000 48.38
1436277780000 48.36
1436277840000 48.36
1436277900000 48.35
1436277960000 48.31
1436278020000 48.32
1436278080000 48.31
1436278140000 48.3
1436278200000 48.32
1436278260000 48.3
1436278320000 48.31
1436278380000 48.3
1436278440000 48.3058
1436278500000 48.3
1436278560000 48.29
1436278620000 48.31
1436278680000 48.31
1436278740000 48.3
1436278800000 48.27
1436278860000 48.28
1436278920000 48.25
1436278980000 48.25
1436279040000 48.27
1436279100000 48.26
1436279160000 48.305
1436279220000 48.3
1436279280000 48.3
1436279340000 48.285
1436279400000 48.28
1436279460000 48.285
1436279520000 48.261
1436279580000 48.28
1436279640000 48.27
1436279700000 48.27
1436279760000 48.27
1436279820000 48.26
1436279880000 48.27
1436279940000 48.28
1436280000000 48.28
1436280060000 48.31
1436280120000 48.33
1436280180000 48.35
1436280240000 48.42
1436280300000 48.425
1436280360000 48.43
1436280420000 48.43
1436280480000 48.46
1436280540000 48.45
1436280600000 48.445
1436280660000 48.44
1436280780000 48.44
1436280840000 48.46
1436280900000 48.47
1436280960000 48.48
1436281020000 48.51
1436281080000 48.52
1436281140000 48.6
1436281200000 48.61
1436281260000 48.62
1436281320000 48.62
1436281380000 48.61
1436281440000 48.59
1436281500000 48.58
1436281560000 48.54
1436281620000 48.53
