1436261400000 46.61
1436261520000 46.53
1436261820000 46.87
1436261940000 46.855
1436262000000 47.02
1436262120000 47.28
1436262180000 47.2
1436262360000 47.22
1436262480000 47.22
1436262600000 47.17
1436262900000 47.135
1436263020000 47.23
1436263140000 47.15
1436263320000 47.06
1436263500000 47.14
1436263620000 47.05
1436263680000 47.13
1436263800000 47.025
1436263860000 47.0
1436263980000 47.05
1436264040000 47.0
1436264100000 47.0
1436264220000 47.025
1436264280000 47.07
1436264460000 47.0
1436264520000 46.97
1436264580000 46.92
1436264940000 46.75
1436265000000 46.74
1436265060000 46.73
1436265480000 46.69
1436265540000 46.58
1436265840000 46.45
1436265900000 46.23
1436266020000 46.49
1436266260000 46.59
1436266440000 46.57
1436266500000 46.53
1436266800000 46.36
1436267220000 46.45
1436267280000 46.45
1436267340000 46.46
1436267580000 46.58
1436267640000 46.64
1436267760000 46.57
1436267820000 46.54
1436267880000 46.425
1436267940000 46.405
1436268000000 46.41
1436268060000 46.4
1436268120000 46.33
1436268840000 46.22
1436268960000 46.17
1436269200000 46.18
1436269380000 46.44
1436269440000 46.5
1436269500000 46.44
1436269560000 46.43
1436269860000 46.41
1436269920000 46.39
1436270040000 46.443
1436270160000 46.44
1436270220000 46.44
1436270280000 46.43
1436270340000 46.44
1436270400000 46.55
1436270580000 46.44
1436270640000 46.44
1436270820000 46.44
1436271600000 46.51
1436271720000 46.61
1436272020000 46.62
1436272140000 46.61
1436272320000 46.64
1436272440000 46.7
1436272500000 46.68
1436272560000 46.61
1436272620000 46.46
1436272740000 46.63
1436273220000 46.64
1436273280000 46.79
1436273340000 46.88
1436273520000 46.74
1436273580000 46.805
1436273640000 46.7
1436273820000 46.872
1436273880000 46.88
1436274060000 46.86
1436274120000 46.85
1436274180000 46.865
1436274240000 46.84
1436274420000 46.78
1436274480000 46.62
1436274600000 46.53
1436274720000 46.67
1436274780000 46.7
1436274840000 46.7
1436274900000 46.8699
1436274960000 46.73
1436275200000 46.71
1436275500000 46.66
1436275560000 46.77
1436275740000 46.64
1436275800000 46.73
1436275860000 46.75
1436275920000 46.76
1436275980000 46.74
1436276040000 46.68
1436276100000 46.73
1436276160000 46.72
1436276220000 46.72
1436276280000 46.68
1436276340000 46.715
1436276400000 46.56
1436276520000 46.59
1436276580000 46.55
1436276820000 46.52
1436276880000 46.5
1436276940000 46.55
1436277000000 46.38
1436277060000 46.354
1436277120000 46.348
1436277180000 46.165
1436277240000 46.31
1436277540000 46.34
1436277600000 46.475
1436277720000 46.484
1436277780000 46.355
1436277840000 46.48
1436278140000 46.5
1436278320000 46.54
1436278380000 46.42
1436278680000 46.54
1436278740000 46.44
1436278860000 46.42
1436279340000 46.51
1436279460000 46.5
1436279520000 46.51
1436279820000 46.525
1436279880000 46.55
1436279940000 46.61
1436280000000 46.6465
1436280060000 46.65
1436280420000 46.75
1436280480000 46.75
1436280600000 46.86
1436280660000 46.72
1436280720000 46.82
1436280780000 46.78
1436280900000 46.77
1436280960000 46.83
1436281020000 46.71
1436281080000 46.835
1436281140000 46.805
1436281200000 46.91
1436281260000 46.81
1436281380000 46.875
1436281500000 46.88
