1436261400000 3.13
1436261760000 3.12
1436261820000 3.09
1436261880000 3.09
1436261940000 3.09
1436262240000 3.07
1436262540000 3.06
1436262660000 3.06
1436262720000 3.05
1436262780000 3.04
1436262840000 3.04
1436262900000 3.0399
1436263020000 3.03
1436263080000 3.02
1436263140000 3.02
1436263200000 3.02
1436263320000 3.02
1436263380000 3.02
1436263500000 3.029
1436263560000 3.0299
1436263620000 3.02
1436263680000 3.01
1436263860000 3.01
1436263980000 3.02
1436264040000 3.0121
1436264100000 3.02
1436264160000 3.05
1436264220000 3.05
1436264580000 3.01
1436264640000 3.0101
1436264820000 3.02
1436264880000 3.01
1436264940000 3.03
1436265000000 3.03
1436265120000 3.04
1436265180000 3.04
1436265360000 3.04
1436265420000 3.03
1436265480000 3.029
1436265540000 3.02
1436265600000 3.02
1436265720000 3.01
1436265780000 3.01
1436265840000 3.0006
1436265900000 3.01
1436265960000 3.0001
1436266140000 3.0
1436266380000 3.02
1436266440000 3.03
1436266560000 3.05
1436266680000 3.0301
1436266740000 3.04
1436266800000 3.03
1436266980000 3.01
1436267040000 3.015
1436267100000 3.02
1436267160000 3.03
1436267280000 3.02
1436267340000 3.03
1436267700000 3.01
1436268060000 3.01
1436268120000 3.025
1436268180000 3.02
1436268480000 3.02
1436268780000 3.029
1436268840000 3.01
1436268900000 3.01
1436268960000 3.0
1436269200000 3.01
1436269260000 3.01
1436269860000 3.01
1436270100000 3.02
1436270160000 3.02
1436270220000 3.02
1436270520000 3.025
1436270580000 3.02
1436270700000 3.02
1436271360000 3.02
1436271480000 3.0271
1436271540000 3.015
1436271600000 3.02
1436271720000 3.02
1436272020000 3.02
1436272080000 3.02
1436272380000 3.01
1436272440000 3.01
1436272500000 3.0101
1436272560000 3.0105
1436272620000 3.0099
1436272680000 3.01
1436272800000 3.03
1436272860000 3.03
1436273160000 3.03
1436273220000 3.03
1436273460000 3.03
1436273520000 3.0301
1436273640000 3.04
1436273700000 3.04
1436273820000 3.05
1436274120000 3.06
1436274360000 3.06
1436274660000 3.06
1436274720000 3.07
1436274780000 3.07
1436274840000 3.08
1436275020000 3.09
1436275140000 3.1
1436275200000 3.11
1436275260000 3.11
1436275320000 3.11
1436275380000 3.11
1436275500000 3.1
1436275860000 3.09
1436276160000 3.09
1436276220000 3.06
1436276280000 3.07
1436276580000 3.06
1436276820000 3.06
1436277060000 3.06
1436277180000 3.06
1436277240000 3.07
1436277300000 3.07
1436277360000 3.07
1436278140000 3.07
1436278200000 3.07
1436278740000 3.06
1436278800000 3.05
1436278860000 3.05
1436278920000 3.07
1436279520000 3.05
1436279640000 3.05
1436279760000 3.0608
1436280180000 3.07
1436280660000 3.0501
1436280840000 3.0708
1436280900000 3.085
1436281080000 3.09
1436281140000 3.09
1436281200000 3.09
1436281440000 3.09
1436281500000 3.09
