1436261400000 1.26
1436261580000 1.27
1436263740000 1.27
1436264520000 1.27
1436264580000 1.2601
1436264880000 1.26
1436269380000 1.26
1436270760000 1.27
1436271900000 1.28
1436277000000 1.27
1436277060000 1.27
1436277180000 1.29
1436277360000 1.27
1436277420000 1.27
1436277480000 1.27
1436277540000 1.27
1436277600000 1.27
1436277660000 1.27
1436277720000 1.27
1436277780000 1.27
1436277840000 1.27
1436277900000 1.27
1436277960000 1.27
1436278020000 1.27
1436278080000 1.27
1436278140000 1.27
1436278200000 1.2799
1436278260000 1.27
1436278320000 1.27
1436278380000 1.27
1436278440000 1.27
1436278500000 1.27
1436278560000 1.27
1436278620000 1.28
1436278680000 1.27
1436278740000 1.27
1436278800000 1.27
1436278860000 1.27
1436278920000 1.27
1436278980000 1.27
1436279040000 1.27
1436279100000 1.27
1436279160000 1.27
1436279220000 1.27
1436279280000 1.27
1436279340000 1.27
1436279400000 1.27
1436279460000 1.27
1436279520000 1.27
1436279580000 1.27
1436279640000 1.27
1436279700000 1.27
1436279760000 1.27
1436279820000 1.27
1436279880000 1.27
1436279940000 1.27
1436280000000 1.27
1436280060000 1.27
1436280120000 1.27
1436280180000 1.27
1436280240000 1.27
1436280300000 1.27
1436280360000 1.27
1436280420000 1.27
1436280480000 1.27
1436280540000 1.27
1436280600000 1.27
1436280660000 1.27
1436280720000 1.27
1436280780000 1.27
1436280840000 1.27
1436280900000 1.27
1436280960000 1.27
1436281020000 1.27
1436281080000 1.27
1436281140000 1.27
1436281200000 1.27
1436281260000 1.27
1436281320000 1.27
1436281380000 1.27
1436281440000 1.27
1436281500000 1.27
1436281560000 1.27
1436281620000 1.27
