1436261400000 0.37
1436261640000 0.37
1436261880000 0.37
1436261940000 0.3701
1436262000000 0.3748
1436262060000 0.3749
1436262120000 0.38
1436262180000 0.38
1436262720000 0.38
1436262780000 0.3871
1436262840000 0.3898
1436262900000 0.3898
1436263680000 0.3898
1436263800000 0.385
1436264340000 0.385
1436264760000 0.3831
1436264880000 0.386
1436265300000 0.385
1436265360000 0.37
1436265420000 0.36
1436265480000 0.3551
1436265540000 0.355
1436265600000 0.355
1436265780000 0.36
1436265900000 0.3422
1436266260000 0.357
1436266440000 0.36
1436266560000 0.3585
1436266740000 0.3465
1436267220000 0.355
1436267280000 0.355
1436267460000 0.355
1436267640000 0.3551
1436267700000 0.355
1436268300000 0.3551
1436269860000 0.355
1436269920000 0.355
1436269980000 0.34
1436270220000 0.3316
1436270340000 0.3399
1436270400000 0.336
1436270460000 0.3396
1436271060000 0.3398
1436271180000 0.3399
1436271300000 0.3398
1436271900000 0.3431
1436271960000 0.3457
1436272080000 0.3491
1436272440000 0.3499
1436272560000 0.3499
1436272740000 0.3499
1436273280000 0.3449
1436273700000 0.345
1436273760000 0.345
1436273940000 0.358
1436274960000 0.3599
1436276100000 0.3594
1436276220000 0.3598
1436276280000 0.3598
1436276640000 0.3589
1436277720000 0.3599
1436279520000 0.3453
1436279580000 0.35
1436280060000 0.3551
1436280240000 0.3483
1436280420000 0.3549
1436281140000 0.3451
1436281440000 0.3569
1436281560000 0.3568
1436281620000 0.3594
