1436261400000 18.56
1436262120000 18.24
1436262300000 18.34
1436262420000 18.25
1436262480000 18.26
1436262540000 18.25
1436262600000 18.23
1436262720000 18.29
1436262780000 18.29
1436263020000 18.3
1436264460000 18.2
1436264760000 18.175
1436265000000 18.12
1436265060000 18.115
1436265600000 18.09
1436265780000 18.07
1436265960000 18.11
1436266080000 18.14
1436266260000 18.0901
1436266380000 18.14
1436266440000 18.15
1436266500000 18.17
1436266800000 18.15
1436266860000 18.13
1436267220000 18.13
1436267280000 18.13
1436267400000 18.16
1436267520000 18.16
1436267880000 18.2
1436268000000 18.17
1436268060000 18.13
1436268120000 18.1
1436268180000 18.11
1436268240000 18.12
1436268540000 18.08
1436268840000 18.04
1436269020000 18.03
1436269080000 18.04
1436269140000 18.08
1436269320000 18.11
1436269380000 18.14
1436269740000 18.11
1436269860000 18.11
1436270100000 18.13
1436270160000 18.17
1436270400000 18.16
1436270580000 18.14
1436270940000 18.16
1436271360000 18.16
1436272080000 18.18
1436272320000 18.17
1436272500000 18.19
1436272680000 18.2371
1436272740000 18.23
1436272920000 18.29
1436273160000 18.29
1436273820000 18.27
1436273880000 18.31
1436274060000 18.37
1436274120000 18.39
1436274240000 18.38
1436274420000 18.32
1436274660000 18.35
1436274720000 18.37
1436274780000 18.35
1436274960000 18.38
1436275020000 18.33
1436275200000 18.3238
1436275440000 18.33
1436275500000 18.33
1436275560000 18.32
1436275680000 18.3101
1436276640000 18.34
1436276820000 18.35
1436276940000 18.35
1436277540000 18.32
1436277840000 18.29
1436278500000 18.28
1436278620000 18.2792
1436278680000 18.27
1436278740000 18.22
1436278800000 18.19
1436279160000 18.18
1436279400000 18.2
1436279520000 18.185
1436279580000 18.18
1436279640000 18.185
1436279820000 18.2
1436279880000 18.23
1436280060000 18.28
1436280120000 18.31
1436280180000 18.33
1436280240000 18.33
1436280420000 18.37
1436280480000 18.34
1436280660000 18.355
1436280720000 18.36
1436280840000 18.3776
1436281020000 18.39
1436281080000 18.42
1436281140000 18.45
1436281320000 18.4639
1436281380000 18.44
1436281440000 18.4486
1436281500000 18.43
1436281560000 18.41
1436281620000 18.402
