1436261640000 10.98
1436262360000 10.93
1436262420000 10.92
1436262540000 10.97
1436262840000 10.91
1436263140000 10.8999
1436263320000 10.88
1436263560000 10.91
1436263620000 10.88
1436263680000 10.93
1436263740000 10.9699
1436263860000 10.91
1436263980000 10.914
1436264160000 10.91
1436264220000 10.85
1436265360000 10.8099
1436265780000 10.78
1436265900000 10.7799
1436266020000 10.785
1436266740000 10.75
1436266800000 10.75
1436266860000 10.75
1436266920000 10.7899
1436267040000 10.79
1436267460000 10.8099
1436267940000 10.8199
1436268180000 10.785
1436268540000 10.75
1436268660000 10.75
1436268840000 10.75
1436270160000 10.78
1436270220000 10.78
1436270400000 10.8199
1436271120000 10.8199
1436271660000 10.81
1436272020000 10.82
1436272260000 10.82
1436273400000 10.8799
1436273700000 10.89
1436273880000 10.89
1436274120000 10.91
1436274180000 10.91
1436274240000 10.91
1436276640000 11.0
1436276700000 11.0
1436278500000 11.04
1436278620000 11.04
1436278740000 11.04
1436278800000 11.04
1436280180000 11.07
1436281140000 11.12
1436281440000 11.13
1436281500000 11.22
