1436261400000 63.52
1436261460000 63.5
1436261580000 63.58
1436261640000 63.52
1436262240000 63.25
1436262900000 63.25
1436263020000 63.25
1436263140000 63.16
1436263200000 63.15
1436263260000 63.16
1436263560000 63.13
1436263620000 63.08
1436263740000 63.09
1436263800000 63.13
1436263860000 63.17
1436263980000 63.345
1436264040000 63.29
1436264100000 63.23
1436264160000 63.23
1436264220000 63.25
1436264280000 63.1804
1436264340000 63.18
1436264460000 63.21
1436264520000 63.28
1436264580000 63.33
1436264700000 63.425
1436264820000 63.41
1436264880000 63.27
1436264940000 63.126
1436265000000 63.08
1436265060000 63.09
1436265180000 63.1
1436265300000 63.03
1436265360000 63.01
1436265420000 63.01
1436265480000 62.98
1436265540000 62.92
1436265720000 62.95
1436265780000 62.89
1436265900000 62.905
1436266140000 62.85
1436266200000 62.845
1436266260000 62.83
1436266320000 62.85
1436266440000 62.9
1436266620000 63.01
1436266800000 63.08
1436266860000 62.95
1436267100000 62.84
1436267220000 63.025
1436267280000 62.84
1436267340000 63.08
1436267640000 62.93
1436267760000 62.85
1436267880000 62.865
1436268060000 62.855
1436268360000 62.89
1436268540000 62.8899
1436268600000 62.79
1436268660000 62.78
1436268780000 62.76
1436268900000 62.8199
1436269080000 62.755
1436269200000 62.81
1436269320000 62.805
1436269440000 62.9
1436269740000 62.87
1436269860000 62.79
1436270040000 62.77
1436270160000 62.82
1436270340000 62.815
1436270460000 62.805
1436270520000 62.85
1436270820000 62.9
1436271060000 62.84
1436271120000 62.79
1436271480000 62.83
1436271540000 62.78
1436271660000 62.79
1436271780000 62.83
1436271840000 62.79
1436272080000 62.8
1436272320000 62.81
1436272440000 62.82
1436272680000 62.82
1436272740000 62.825
1436272860000 62.89
1436272980000 62.86
1436273040000 62.92
1436273100000 62.85
1436273160000 62.87
1436273220000 62.895
1436273280000 62.93
1436273340000 63.0
1436273400000 63.0
1436273460000 63.0
1436273520000 63.0
1436273580000 63.01
1436273640000 63.1
1436273700000 63.07
1436273880000 63.17
1436273940000 63.14
1436274000000 63.14
1436274060000 63.14
1436274360000 63.04
1436274420000 63.06
1436274480000 63.06
1436274540000 63.1
1436274600000 63.17
1436274660000 63.22
1436274720000 63.235
1436274780000 63.25
1436274960000 63.32
1436275020000 63.21
1436275200000 63.21
1436275380000 63.25
1436275440000 63.18
1436275500000 63.23
1436275560000 63.19
1436275680000 63.16
1436275800000 63.18
1436275860000 63.312
1436276160000 63.26
1436276220000 63.31
1436276280000 63.25
1436276400000 63.24
1436276640000 63.42
1436277060000 63.45
1436277540000 63.4
1436277900000 63.43
1436278080000 63.4
1436278140000 63.42
1436278320000 63.47
1436278560000 63.35
1436278680000 63.35
1436278800000 63.31
1436278920000 63.28
1436278980000 63.325
1436279100000 63.3
1436279160000 63.39
1436279280000 63.39
1436279400000 63.39
1436279520000 63.3
1436279580000 63.38
1436279640000 63.64
1436279820000 63.61
1436279880000 63.58
1436280000000 63.6
1436280060000 63.63
1436280120000 63.63
1436280180000 63.661
1436280420000 63.6
1436280480000 63.61
1436280600000 63.62
1436280780000 63.6
1436281020000 63.64
1436281080000 63.64
1436281200000 63.61
1436281260000 63.61
1436281320000 63.62
1436281380000 63.66
1436281500000 63.66
