1436261400000 12.97
1436261700000 12.83
1436262000000 12.83
1436262060000 12.88
1436262540000 12.97
1436263200000 12.92
1436263260000 12.93
1436263440000 12.92
1436263620000 12.92
1436263800000 12.92
1436264100000 12.92
1436264160000 12.92
1436264400000 12.92
1436264460000 12.92
1436264520000 12.92
1436264580000 12.92
1436264700000 12.92
1436265060000 12.92
1436265120000 12.92
1436265180000 12.92
1436265240000 12.9199
1436265360000 12.91
1436265420000 12.92
1436265540000 12.95
1436265600000 12.95
1436265960000 12.95
1436266080000 12.96
1436266500000 12.93
1436266920000 12.96
1436267520000 12.968
1436268480000 12.97
1436268960000 12.97
1436269620000 12.97
1436269920000 13.0
1436270580000 13.039
1436270940000 13.02
1436271120000 13.038
1436271420000 12.98
1436271660000 13.016
1436271900000 12.99
1436272020000 12.97
1436272080000 12.93
1436272380000 12.96
1436272440000 12.958
1436272500000 12.96
1436272560000 12.92
1436272620000 12.92
1436272680000 12.95
1436272740000 12.9599
1436272800000 12.92
1436272980000 12.9599
1436273580000 12.976
1436273640000 12.9799
1436273700000 13.005
1436273760000 13.0
1436273820000 13.0
1436273880000 13.05
1436274000000 13.07
1436274660000 12.998
1436276280000 13.01
1436276460000 13.0
1436277360000 13.0
1436277840000 13.035
1436278440000 13.07
1436278500000 13.065
1436278800000 13.08
1436278860000 13.11
1436278920000 13.04
1436279820000 13.05
1436279880000 13.05
1436279940000 13.1
1436280120000 13.05
1436280240000 13.05
1436280300000 13.111
1436280360000 13.05
1436280420000 13.104
1436280480000 13.08
1436280540000 13.04
1436280600000 13.03
1436280660000 12.99
1436281200000 12.98
1436281320000 13.0
1436281440000 12.96
