1436261400000 8.06
1436261520000 8.07
1436262360000 8.03
1436262540000 7.98
1436262780000 8.03
1436263020000 8.03
1436263080000 8.04
1436263140000 8.02
1436263200000 7.99
1436263260000 8.06
1436263320000 8.06
1436263380000 8.06
1436263500000 8.06
1436263560000 8.06
1436263620000 8.055
1436263680000 8.06
1436263800000 8.06
1436264160000 8.06
1436264220000 8.07
1436264280000 8.06
1436264340000 8.06
1436264400000 8.06
1436264460000 8.06
1436264700000 8.08
1436264760000 8.07
1436264940000 8.06
1436265000000 8.06
1436265120000 8.06
1436265180000 8.06
1436265480000 8.05
1436265540000 8.05
1436265600000 8.05
1436265660000 8.05
1436265720000 8.05
1436265780000 8.05
1436265840000 8.05
1436265900000 8.05
1436266020000 8.055
1436266080000 8.05
1436266140000 8.06
1436266200000 8.05
1436266260000 8.05
1436266320000 8.05
1436266380000 8.055
1436266440000 8.055
1436266500000 8.05
1436266620000 8.05
1436266680000 8.05
1436266740000 8.05
1436266800000 8.05
1436266860000 8.05
1436266920000 8.05
1436266980000 8.05
1436267040000 8.05
1436267100000 8.05
1436267160000 8.05
1436267220000 8.055
1436267280000 8.05
1436267460000 8.05
1436267520000 8.05
1436267580000 8.06
1436267640000 8.05
1436267760000 8.02
1436268000000 8.05
1436268180000 8.02
1436268240000 8.03
1436268360000 8.03
1436268420000 8.04
1436268480000 8.035
1436268780000 8.03
1436268840000 8.03
1436269260000 8.01
1436269380000 8.02
1436269440000 8.04
1436269500000 8.04
1436269800000 8.03
1436269980000 8.035
1436270040000 8.035
1436270100000 8.03
1436270160000 8.035
1436270220000 8.035
1436270400000 8.03
1436270460000 8.035
1436270760000 8.03
1436270820000 8.03
1436270880000 8.03
1436271060000 8.02
1436271180000 8.03
1436271240000 8.01
1436271300000 8.0
1436271360000 8.0
1436271660000 8.0
1436271840000 8.0
1436272260000 7.995
1436272320000 7.99
1436272380000 7.99
1436272440000 7.99
1436272500000 7.99
1436272560000 7.99
1436272620000 7.99
1436272680000 7.97
1436272800000 7.99
1436273220000 7.99
1436273340000 7.98
1436273460000 7.98
1436273580000 7.98
1436273640000 7.985
1436273700000 7.95
1436273760000 7.95
1436273820000 7.95
1436273880000 7.95
1436273940000 7.95
1436274000000 7.9
1436274060000 7.9
1436274120000 7.92
1436274180000 7.91
1436274240000 7.9
1436274300000 7.9
1436274360000 7.89
1436274480000 7.9
1436274660000 7.9
1436274720000 7.9
1436274840000 7.9
1436274900000 7.9
1436274960000 7.9
1436275140000 7.9
1436275200000 7.9
1436275380000 7.92
1436275440000 7.92
1436275500000 7.94
1436275740000 7.95
1436275800000 7.95
1436275860000 7.95
1436276040000 7.93
1436276100000 7.91
1436276160000 7.91
1436276220000 7.95
1436276460000 7.92
1436276520000 7.9
1436276580000 7.9
1436276640000 7.9
1436276700000 7.9
1436276760000 7.88
1436276820000 7.91
1436276880000 7.9
1436277060000 7.9
1436277180000 7.89
1436277240000 7.9
1436277360000 7.89
1436277540000 7.88
1436277600000 7.88
1436277720000 7.885
1436277780000 7.88
1436277900000 7.88
1436278080000 7.885
1436278260000 7.885
1436278320000 7.88
1436278380000 7.86
1436278440000 7.88
1436278500000 7.88
1436278560000 7.88
1436278620000 7.865
1436278680000 7.86
1436278740000 7.88
1436278800000 7.89
1436278980000 7.89
1436279040000 7.91
1436279220000 7.91
1436279280000 7.92
1436279400000 7.92
1436279460000 7.92
1436279520000 7.92
1436279760000 7.92
1436279940000 7.91
1436280060000 7.93
1436280180000 7.94
1436280240000 7.94
1436280420000 7.95
1436280600000 7.95
1436280720000 7.94
1436280840000 7.97
1436280900000 7.97
1436280960000 7.99
1436281020000 8.0
1436281080000 8.0
1436281140000 8.0
1436281200000 8.01
1436281260000 7.99
1436281380000 7.99
1436281440000 7.99
