1436261400000 8.48
1436261460000 8.51
1436261520000 8.5
1436261700000 8.5
1436262000000 8.5
1436262060000 8.5
1436262180000 8.5
1436262420000 8.5
1436262780000 8.5
1436263020000 8.5
1436263140000 8.5
1436263320000 8.5
1436263440000 8.5
1436263560000 8.5
1436263620000 8.5
1436263680000 8.5
1436263740000 8.5
1436263980000 8.5
1436264040000 8.5
1436264340000 8.5
1436264700000 8.5
1436264820000 8.5
1436264880000 8.5
1436265120000 8.5
1436265360000 8.5
1436265420000 8.5
1436265600000 8.5
1436265780000 8.5
1436266080000 8.5
1436266140000 8.5
1436266260000 8.5
1436266500000 8.51
1436266560000 8.51
1436266740000 8.505
1436266800000 8.5
1436266860000 8.5
1436266920000 8.51
1436267160000 8.51
1436267460000 8.51
1436267640000 8.51
1436268060000 8.5
1436268120000 8.5
1436268300000 8.5
1436268360000 8.505
1436268420000 8.505
1436268540000 8.5
1436268600000 8.5
1436268660000 8.5
1436268780000 8.5
1436268900000 8.5
1436269140000 8.51
1436269260000 8.51
1436269320000 8.51
1436269440000 8.545
1436270160000 8.55
1436270220000 8.55
1436270280000 8.55
1436270340000 8.58
1436270580000 8.55
1436271060000 8.55
1436271240000 8.54
1436271300000 8.52
1436271540000 8.52
1436271660000 8.51
1436271900000 8.51
1436271960000 8.51
1436272140000 8.515
1436272320000 8.51
1436272740000 8.51
1436272860000 8.52
1436272920000 8.52
1436273040000 8.52
1436273760000 8.52
1436273820000 8.52
1436273940000 8.57
1436274180000 8.57
1436274240000 8.5598
1436274420000 8.56
1436274660000 8.58
1436274840000 8.6
1436275200000 8.59
1436275560000 8.54
1436275740000 8.54
1436276040000 8.54
1436276400000 8.53
1436276460000 8.53
1436276640000 8.53
1436276820000 8.52
1436276880000 8.52
1436276940000 8.51
1436277000000 8.51
1436277060000 8.51
1436277240000 8.51
1436277300000 8.51
1436277480000 8.51
1436277660000 8.5
1436277900000 8.5
1436277960000 8.51
1436278080000 8.52
1436278260000 8.54
1436278440000 8.54
1436278740000 8.51
1436278980000 8.51
1436279340000 8.52
1436279460000 8.51
1436279700000 8.5
1436279820000 8.5
1436279940000 8.5
1436280060000 8.505
1436280120000 8.5
1436280240000 8.51
1436280780000 8.515
1436280900000 8.5
1436280960000 8.51
1436281020000 8.51
1436281380000 8.51
1436281560000 8.5
