1436261400000 26.0
1436261520000 25.82
1436261640000 25.72
1436261700000 25.8
1436261760000 25.755
1436261820000 25.73
1436261880000 25.1101
1436261940000 25.21
1436262000000 25.53
1436262060000 25.54
1436262120000 25.42
1436262180000 25.45
1436262240000 25.65
1436262300000 25.65
1436262480000 25.68
1436262540000 25.47
1436262600000 25.55
1436262660000 25.44
1436262780000 25.55
1436263020000 25.59
1436263080000 25.5
1436263140000 25.5
1436263200000 25.5
1436263260000 25.38
1436263320000 25.514
1436263380000 25.53
1436263440000 25.525
1436263500000 25.605
1436263560000 25.605
1436263620000 25.605
1436263680000 25.605
1436263740000 25.58
1436263800000 25.62
1436263860000 25.5
1436263920000 25.62
1436263980000 25.65
1436264040000 25.65
1436264100000 25.66
1436264160000 25.68
1436264220000 25.68
1436264280000 25.73
1436264580000 25.685
1436264640000 25.685
1436264700000 25.7499
1436264760000 25.64
1436264880000 25.64
1436264940000 25.665
1436265000000 25.62
1436265120000 25.5
1436265180000 25.51
1436265240000 25.585
1436265300000 25.59
1436265420000 25.53
1436265480000 25.5
1436265600000 25.5
1436265660000 25.46
1436265720000 25.405
1436265780000 25.4325
1436265840000 25.52
1436265900000 25.55
1436265960000 25.55
1436266080000 25.63
1436266140000 25.65
1436266200000 25.64
1436266320000 25.58
1436266380000 25.61
1436266440000 25.68
1436266680000 25.62
1436266740000 25.69
1436266800000 25.69
1436266860000 25.64
1436266920000 25.67
1436266980000 25.69
1436267100000 25.69
1436267160000 25.68
1436267220000 25.69
1436267280000 25.72
1436267400000 25.75
1436267520000 25.604
1436267580000 25.645
1436267700000 25.61
1436267880000 25.6
1436268000000 25.5
1436268060000 25.475
1436268120000 25.4875
1436268180000 25.405
1436268240000 25.44
1436268300000 25.46
1436268420000 25.36
1436268480000 25.24
1436268600000 25.29
1436268660000 25.33
1436268720000 25.29
1436268780000 25.24
1436268840000 25.335
1436268900000 25.33
1436269020000 25.29
1436269080000 25.43
1436269140000 25.365
1436269200000 25.44
1436269260000 25.45
1436269320000 25.49
1436269380000 25.61
1436269440000 25.62
1436269500000 25.6
1436269560000 25.5
1436269620000 25.465
1436269680000 25.5
1436269740000 25.38
1436269800000 25.27
1436269860000 25.26
1436270040000 25.26
1436270160000 25.26
1436270220000 25.49
1436270280000 25.63
1436270340000 25.63
1436270400000 25.68
1436270460000 25.67
1436270520000 25.74
1436270640000 25.72
1436270700000 25.71
1436270760000 25.73
1436270820000 25.7
1436270880000 25.7005
1436270940000 25.7032
1436271000000 25.68
1436271060000 25.61
1436271120000 25.64
1436271180000 25.69
1436271240000 25.79
1436271300000 25.79
1436271420000 25.78
1436271480000 25.73
1436271540000 25.78
1436271600000 25.72
1436271660000 25.72
1436271720000 25.72
1436271960000 25.7
1436272020000 25.71
1436272080000 25.7
1436272200000 25.65
1436272260000 25.72
1436272320000 25.81
1436272380000 25.78
1436272440000 25.72
1436272500000 25.74
1436272560000 25.74
1436272740000 25.74
1436272800000 25.8
1436272980000 25.74
1436273280000 25.705
1436273340000 25.68
1436273400000 25.68
1436273520000 25.64
1436273580000 25.79
1436273640000 25.78
1436273700000 25.79
1436273760000 25.8
1436273820000 25.78
1436273880000 25.8
1436273940000 25.94
1436274000000 25.905
1436274180000 25.92
1436274300000 25.93
1436274360000 25.86
1436274420000 25.805
1436274480000 25.79
1436274540000 25.845
1436274660000 25.9
1436274720000 26.0
1436274780000 26.0
1436274840000 26.01
1436274900000 26.03
1436275020000 26.03
1436275080000 25.94
1436275200000 26.04
1436275260000 26.06
1436275380000 26.06
1436275440000 25.98
1436275500000 26.03
1436275560000 26.03
1436275680000 25.95
1436275740000 25.985
1436275860000 25.985
1436275920000 25.98
1436275980000 25.95
1436276040000 26.0
1436276100000 25.97
1436276220000 26.01
1436276280000 26.01
1436276400000 26.0
1436276520000 25.96
1436276580000 25.99
1436276640000 25.98
1436276700000 26.0
1436276880000 25.98
1436276940000 25.94
1436277000000 25.97
1436277060000 25.89
1436277120000 25.93
1436277240000 25.95
1436277300000 25.98
1436277420000 25.9
1436277480000 25.93
1436277660000 25.94
1436277780000 25.89
1436277840000 25.92
1436277900000 25.92
1436278080000 25.92
1436278140000 25.84
1436278320000 25.77
1436278500000 25.83
1436278560000 25.82
1436278740000 25.76
1436278800000 25.74
1436278860000 25.65
1436278920000 25.675
1436278980000 25.61
1436279040000 25.65
1436279100000 25.68
1436279220000 25.65
1436279340000 25.71
1436279400000 25.69
1436279460000 25.74
1436279520000 25.76
1436279700000 25.72
1436279880000 25.81
1436280060000 25.86
1436280120000 25.86
1436280180000 25.9
1436280300000 26.0
1436280360000 25.975
1436280420000 26.01
1436280480000 25.93
1436280660000 25.88
1436280720000 25.91
1436280900000 25.92
1436280960000 25.81
1436281080000 25.87
1436281140000 25.92
1436281200000 25.98
1436281260000 25.95
1436281320000 25.87
1436281380000 25.88
1436281440000 25.86
1436281560000 25.86
