1436261400000 5.93
1436261580000 5.7
1436261640000 5.49
1436261820000 5.63
1436262840000 5.7
1436262900000 5.7
1436263140000 5.7899
1436263380000 5.7
1436263800000 5.69
1436263860000 5.68
1436264220000 5.75
1436264280000 5.68
1436264700000 5.7884
1436264760000 5.6909
1436264940000 5.67
1436265300000 5.67
1436265360000 5.68
1436265420000 5.6701
1436265900000 5.679
1436266080000 5.68
1436266260000 5.68
1436266500000 5.68
1436266740000 5.681
1436266980000 5.68
1436267100000 5.66
1436267280000 5.65
1436267340000 5.6
1436267400000 5.6
1436267580000 5.65
1436267700000 5.59
1436267880000 5.57
1436267940000 5.56
1436268120000 5.55
1436268180000 5.63
1436268300000 5.63
1436268360000 5.61
1436268780000 5.65
1436268840000 5.63
1436268900000 5.6
1436269020000 5.53
1436269140000 5.54
1436269260000 5.6099
1436269680000 5.65
1436269800000 5.67
1436270220000 5.64
1436270280000 5.65
1436270460000 5.65
1436270880000 5.64
1436271000000 5.6
1436271120000 5.52
1436271420000 5.5497
1436272080000 5.6
1436272140000 5.57
1436272320000 5.54
1436272380000 5.5
1436272440000 5.5
1436272500000 5.5
1436272800000 5.5
1436272860000 5.519
1436273040000 5.518
1436274120000 5.58
1436274240000 5.61
1436274540000 5.6
1436274660000 5.6
1436274840000 5.58
1436274900000 5.5
1436274960000 5.565
1436275020000 5.565
1436275200000 5.5
1436275260000 5.555
1436275320000 5.49
1436275440000 5.49
1436275620000 5.48
1436275680000 5.43
1436275740000 5.465
1436275800000 5.46
1436275920000 5.46
1436275980000 5.46
1436276100000 5.46
1436276160000 5.46
1436276280000 5.46
1436276340000 5.475
1436276460000 5.49
1436276700000 5.54
1436276760000 5.535
1436276880000 5.49
1436277000000 5.5
1436277120000 5.5001
1436277180000 5.51
1436277240000 5.5
1436277420000 5.48
1436277480000 5.46
1436277900000 5.42
1436278020000 5.4
1436278140000 5.48
1436278260000 5.4
1436278380000 5.27
1436278620000 5.3201
1436278680000 5.3899
1436279040000 5.32
1436279100000 5.33
1436279160000 5.31
1436279520000 5.35
1436280060000 5.35
1436280240000 5.34
1436280360000 5.31
1436280420000 5.305
1436280480000 5.31
1436280780000 5.3
1436280840000 5.3
1436280900000 5.31
1436280960000 5.31
1436281020000 5.31
1436281080000 5.35
1436281140000 5.3499
1436281200000 5.34
