1436261400000 28.69
1436261940000 28.28
1436262720000 28.32
1436262780000 28.34
1436262840000 28.3
1436262900000 28.41
1436262960000 28.39
1436263020000 28.35
1436263080000 28.31
1436263140000 28.34
1436263200000 28.3
1436263320000 28.29
1436263380000 28.27
1436263680000 28.27
1436263800000 28.28
1436263860000 28.36
1436263920000 28.36
1436264100000 28.29
1436264160000 28.26
1436264340000 28.28
1436264460000 28.21
1436264520000 28.24
1436264580000 28.17
1436264700000 28.15
1436264760000 28.16
1436264820000 28.13
1436264940000 28.04
1436265060000 27.94
1436265120000 27.94
1436265300000 27.88
1436265420000 27.91
1436265540000 27.8392
1436265660000 27.92
1436265720000 27.86
1436265780000 27.91
1436265840000 27.895
1436265900000 27.91
1436265960000 27.84
1436266020000 27.9
1436266080000 27.92
1436266140000 27.98
1436266200000 27.944
1436266260000 27.89
1436266320000 27.97
1436266380000 27.95
1436266440000 27.93
1436266500000 27.95
1436266560000 27.86
1436266620000 27.9
1436266740000 27.84
1436266800000 27.76
1436266860000 27.735
1436266920000 27.69
1436266980000 27.66
1436267040000 27.66
1436267100000 27.69
1436267160000 27.67
1436267220000 27.71
1436267280000 27.7
1436267340000 27.72
1436267400000 27.69
1436267460000 27.71
1436267520000 27.82
1436267580000 27.83
1436267640000 27.77
1436267700000 27.74
1436267820000 27.86
1436267880000 27.81
1436267940000 27.86
1436268000000 27.87
1436268060000 27.9
1436268180000 27.94
1436268240000 27.915
1436268300000 27.93
1436268360000 27.93
1436268480000 27.93
1436268720000 27.85
1436268840000 27.79
1436268900000 27.76
1436268960000 27.755
1436269080000 27.84
1436269140000 27.79
1436269200000 27.89
1436269260000 27.95
1436269320000 27.965
1436269380000 28.01
1436269440000 28.02
1436269800000 28.07
1436269860000 28.11
1436269980000 28.1
1436270040000 28.11
1436270100000 28.13
1436270160000 28.14
1436270340000 28.18
1436270460000 28.12
1436270640000 28.16
1436270700000 28.16
1436270940000 28.17
1436271060000 28.09
1436271120000 28.08
1436271240000 28.08
1436271360000 28.1
1436271480000 28.11
1436271540000 28.12
1436271600000 28.12
1436271660000 28.14
1436271720000 28.1799
1436271900000 28.18
1436271960000 28.14
1436272020000 28.16
1436272140000 28.155
1436272260000 28.18
1436272320000 28.2
1436272740000 28.28
1436272860000 28.33
1436272920000 28.34
1436273160000 28.36
1436273220000 28.37
1436273280000 28.39
1436273460000 28.36
1436273580000 28.29
1436273820000 28.32
1436273880000 28.4
1436273940000 28.405
1436274240000 28.41
1436274360000 28.39
1436274660000 28.31
1436274780000 28.44
1436274900000 28.37
1436275200000 28.35
1436275260000 28.33
1436275500000 28.36
1436275800000 28.39
1436275920000 28.4
1436276160000 28.36
1436276280000 28.41
1436276460000 28.41
1436276520000 28.36
1436276640000 28.41
1436276940000 28.51
1436277000000 28.45
1436277060000 28.4
1436277480000 28.402
1436277540000 28.45
1436277660000 28.39
1436277720000 28.41
1436277840000 28.42
1436278140000 28.45
1436278320000 28.41
1436278440000 28.37
1436278680000 28.37
1436278740000 28.31
1436278860000 28.3
1436278980000 28.28
1436279100000 28.3
1436279280000 28.31
1436279340000 28.34
1436279520000 28.34
1436279820000 28.39
1436279880000 28.34
1436279940000 28.34
1436280000000 28.44
1436280120000 28.47
1436280180000 28.52
1436280240000 28.56
1436280300000 28.59
1436280360000 28.52
1436280420000 28.54
1436280600000 28.54
1436280780000 28.56
1436280900000 28.58
1436280960000 28.54
1436281080000 28.64
1436281140000 28.65
1436281260000 28.69
1436281320000 28.65
1436281380000 28.65
1436281440000 28.69
