1436261400000 15.2
1436261460000 15.13
1436261640000 15.22
1436261700000 15.19
1436261760000 15.19
1436261820000 15.14
1436262240000 15.1
1436262300000 15.101
1436262360000 15.09
1436262480000 15.08
1436262720000 15.08
1436263080000 15.03
1436263680000 15.02
1436263800000 14.99
1436263860000 15.0
1436263980000 15.04
1436264040000 15.09
1436264280000 15.08
1436264400000 15.06
1436264460000 15.0
1436264700000 14.99
1436264760000 14.99
1436264820000 15.01
1436264940000 15.1
1436265120000 15.065
1436265180000 15.06
1436265240000 15.04
1436265480000 15.09
1436265540000 15.045
1436265780000 15.0
1436265900000 14.985
1436265960000 15.0
1436266140000 15.06
1436266200000 15.02
1436266380000 15.05
1436266440000 15.06
1436266500000 15.0628
1436266560000 15.08
1436266740000 15.13
1436266800000 15.08
1436266860000 15.05
1436266920000 15.0
1436266980000 15.01
1436267040000 15.0
1436267160000 15.0
1436267220000 15.0
1436267280000 15.0
1436267400000 15.03
1436267460000 15.07
1436267580000 15.12
1436267880000 15.11
1436267940000 15.07
1436268060000 15.09
1436268420000 15.03
1436268480000 15.02
1436268540000 15.0
1436268600000 14.99
1436268660000 14.99
1436268840000 14.99
1436268900000 14.965
1436268960000 15.0
1436269020000 15.01
1436269200000 15.06
1436269320000 15.11
1436269380000 15.11
1436269620000 15.1645
1436269740000 15.14
1436269860000 15.13
1436269920000 15.13
1436270160000 15.16
1436270220000 15.19
1436270280000 15.21
1436270400000 15.22
1436270460000 15.25
1436270700000 15.2625
1436270760000 15.21
1436270820000 15.22
1436270940000 15.22
1436271180000 15.22
1436271360000 15.26
1436271420000 15.24
1436271480000 15.26
1436271540000 15.2167
1436271900000 15.25
1436271960000 15.25
1436272500000 15.3
1436272860000 15.44
1436272920000 15.58
1436273160000 15.54
1436273220000 15.55
1436273340000 15.56
1436273400000 15.55
1436273580000 15.53
1436274180000 15.51
1436274360000 15.51
1436274420000 15.43
1436274660000 15.44
1436274780000 15.52
1436274900000 15.5
1436274960000 15.5
1436275020000 15.51
1436275320000 15.49
1436275380000 15.4
1436275620000 15.38
1436275740000 15.344
1436275860000 15.34
1436275920000 15.31
1436276460000 15.27
1436276520000 15.27
1436276640000 15.3
1436277000000 15.37
1436277120000 15.34
1436277240000 15.35
1436277300000 15.35
1436277660000 15.39
1436277720000 15.28
1436278200000 15.32
1436278680000 15.32
1436278740000 15.32
1436278920000 15.26
1436278980000 15.21
1436279040000 15.2
1436279100000 15.2
1436279160000 15.32
1436279220000 15.36
1436279280000 15.38
1436279340000 15.39
1436279400000 15.38
1436279460000 15.32
1436279520000 15.35
1436279580000 15.43
1436279640000 15.43
1436279700000 15.45
1436279760000 15.44
1436279820000 15.39
1436279940000 15.398
1436280060000 15.45
1436280660000 15.48
1436280720000 15.53
1436280780000 15.46
1436280840000 15.46
1436280900000 15.53
1436281200000 15.54
1436281260000 15.54
