1436261400000 29.4
1436261640000 29.26
1436261700000 29.22
1436261760000 29.15
1436261820000 29.01
1436261880000 29.03
1436261940000 29.1164
1436262000000 29.13
1436262060000 29.11
1436262240000 29.13
1436262600000 29.07
1436262660000 29.08
1436262720000 29.11
1436262840000 29.1299
1436263020000 29.13
1436263140000 29.1
1436263200000 29.09
1436263440000 29.04
1436263500000 29.08
1436263680000 29.11
1436263740000 29.17
1436263860000 29.2
1436263920000 29.19
1436264040000 29.18
1436264100000 29.15
1436264220000 29.12
1436264280000 29.14
1436264340000 29.15
1436264400000 29.14
1436264460000 29.14
1436264640000 29.1
1436264700000 29.1
1436264760000 29.11
1436264820000 29.11
1436264940000 29.09
1436265000000 29.06
1436265060000 29.06
1436265180000 29.05
1436265300000 29.01
1436265360000 28.98
1436265420000 29.02
1436265660000 28.95
1436265780000 28.91
1436265900000 28.93
1436265960000 28.96
1436266020000 28.98
1436266200000 28.9679
1436266320000 29.02
1436266380000 29.01
1436266440000 29.035
1436266500000 29.06
1436266560000 29.045
1436266620000 29.06
1436266680000 29.06
1436266740000 29.05
1436266800000 29.01
1436267100000 28.94
1436267220000 28.95
1436267280000 28.92
1436267400000 28.94
1436267460000 28.95
1436267520000 28.94
1436267580000 28.95
1436267760000 28.92
1436267820000 28.92
1436268060000 28.89
1436268120000 28.87
1436268180000 28.89
1436268300000 28.89
1436268480000 28.9
1436268540000 28.86
1436268660000 28.8
1436268720000 28.79
1436268780000 28.78
1436268840000 28.75
1436268900000 28.77
1436268960000 28.76
1436269020000 28.77
1436269140000 28.83
1436269200000 28.88
1436269320000 28.86
1436269440000 28.9
1436269500000 28.9
1436269620000 28.81
1436269980000 28.81
1436270100000 28.86
1436270220000 28.94
1436270280000 28.93
1436270340000 28.91
1436271060000 28.9
1436271120000 28.9
1436271300000 28.88
1436271420000 28.905
1436271480000 28.9
1436271540000 28.902
1436271600000 28.88
1436271660000 28.88
1436271720000 28.88
1436271900000 28.84
1436271960000 28.86
1436272020000 28.91
1436272080000 28.91
1436272140000 28.87
1436272200000 28.84
1436272260000 28.87
1436272320000 28.91
1436272500000 28.91
1436272560000 28.91
1436272740000 28.89
1436272800000 28.9
1436272860000 28.91
1436272920000 28.905
1436272980000 28.9
1436273040000 28.925
1436273100000 28.94
1436273220000 28.94
1436273280000 28.96
1436273400000 28.96
1436273460000 28.96
1436273580000 28.96
1436273640000 28.96
1436273760000 29.01
1436273820000 29.0
1436273880000 29.02
1436273940000 29.02
1436274060000 29.02
1436274240000 29.03
1436274420000 29.005
1436274720000 29.015
1436274780000 29.01
1436274840000 29.01
1436274960000 29.03
1436275200000 29.04
1436275500000 29.01
1436275620000 29.04
1436275920000 29.01
1436276160000 29.03
1436276220000 29.04
1436276280000 29.03
1436276400000 29.04
1436276640000 29.05
1436276700000 29.07
1436276760000 29.065
1436276820000 29.08
1436276880000 29.06
1436276940000 29.1
1436277060000 29.1
1436277240000 29.1
1436277360000 29.11
1436277480000 29.08
1436277780000 29.08
1436277900000 29.1
1436277960000 29.1
1436278080000 29.08
1436278140000 29.08
1436278440000 29.1
1436278500000 29.08
1436278560000 29.11
1436278620000 29.09
1436278680000 29.08
1436278740000 29.08
1436278800000 29.05
1436279040000 29.07
1436279100000 29.07
1436279160000 29.07
1436279280000 29.08
1436279520000 29.09
1436279640000 29.1
1436279880000 29.12
1436279940000 29.11
1436280060000 29.14
1436280180000 29.19
1436280240000 29.17
1436280300000 29.17
1436280360000 29.17
1436280420000 29.22
1436280540000 29.19
1436280660000 29.18
1436280720000 29.17
1436280840000 29.2
1436280900000 29.22
1436280960000 29.23
1436281020000 29.22
1436281080000 29.22
1436281200000 29.25
1436281260000 29.3
1436281320000 29.28
1436281380000 29.27
1436281440000 29.285
1436281500000 29.23
1436281560000 29.23
1436281620000 29.23
