1436261400000 16.86
1436261460000 16.8301
1436261520000 16.84
1436261580000 16.8
1436261640000 16.78
1436261700000 16.75
1436261760000 16.775
1436261820000 16.78
1436261880000 16.75
1436261940000 16.75
1436262000000 16.74
1436262060000 16.73
1436262120000 16.73
1436262180000 16.73
1436262240000 16.73
1436262300000 16.74
1436262360000 16.74
1436262420000 16.75
1436262480000 16.76
1436262540000 16.74
1436262600000 16.73
1436262660000 16.725
1436262720000 16.72
1436262780000 16.75
1436262840000 16.73
1436262900000 16.74
1436262960000 16.72
1436263020000 16.73
1436263080000 16.69
1436263140000 16.6501
1436263200000 16.65
1436263260000 16.64
1436263320000 16.63
1436263380000 16.64
1436263440000 16.63
1436263500000 16.625
1436263560000 16.6201
1436263620000 16.61
1436263680000 16.585
1436263740000 16.5851
1436263800000 16.59
1436263860000 16.59
1436263920000 16.595
1436263980000 16.5954
1436264040000 16.58
1436264100000 16.5601
1436264160000 16.57
1436264220000 16.58
1436264280000 16.58
1436264340000 16.58
1436264400000 16.585
1436264460000 16.59
1436264520000 16.6
1436264580000 16.6
1436264640000 16.59
1436264700000 16.57
1436264760000 16.52
1436264820000 16.52
1436264880000 16.47
1436264940000 16.48
1436265000000 16.485
1436265060000 16.48
1436265120000 16.475
1436265180000 16.46
1436265240000 16.465
1436265300000 16.485
1436265360000 16.49
1436265420000 16.48
1436265540000 16.48
1436265600000 16.44
1436265660000 16.44
1436265720000 16.43
1436265780000 16.43
1436265840000 16.4301
1436265900000 16.44
1436265960000 16.46
1436266020000 16.49
1436266080000 16.5
1436266140000 16.5
1436266200000 16.495
1436266260000 16.49
1436266320000 16.5
1436266380000 16.51
1436266440000 16.54
1436266500000 16.54
1436266560000 16.54
1436266620000 16.545
1436266680000 16.54
1436266740000 16.53
1436266800000 16.52
1436266860000 16.49
1436266920000 16.475
1436266980000 16.45
1436267040000 16.44
1436267100000 16.44
1436267160000 16.43
1436267220000 16.41
1436267280000 16.4
1436267340000 16.391
1436267400000 16.4
1436267460000 16.41
1436267520000 16.415
1436267580000 16.415
1436267640000 16.4
1436267700000 16.4314
1436267760000 16.45
1436267820000 16.445
1436267880000 16.45
1436267940000 16.45
1436268000000 16.435
1436268060000 16.44
1436268120000 16.43
1436268180000 16.45
1436268240000 16.44
1436268300000 16.44
1436268360000 16.42
1436268420000 16.43
1436268480000 16.43
1436268540000 16.44
1436268600000 16.43
1436268660000 16.43
1436268720000 16.43
1436268780000 16.43
1436268840000 16.43
1436268900000 16.4
1436268960000 16.4
1436269020000 16.41
1436269080000 16.42
1436269140000 16.45
1436269200000 16.44
1436269260000 16.45
1436269320000 16.46
1436269380000 16.49
1436269440000 16.5
1436269500000 16.51
1436269560000 16.505
1436269620000 16.51
1436269680000 16.5
1436269740000 16.49
1436269800000 16.495
1436269860000 16.54
1436269920000 16.54
1436269980000 16.54
1436270040000 16.55
1436270100000 16.54
1436270160000 16.55
1436270220000 16.545
1436270280000 16.54
1436270340000 16.54
1436270400000 16.54
1436270460000 16.53
1436270520000 16.54
1436270580000 16.54
1436270640000 16.55
1436270700000 16.54
1436270760000 16.55
1436270820000 16.54
1436270880000 16.55
1436270940000 16.55
1436271000000 16.55
1436271060000 16.54
1436271120000 16.51
1436271180000 16.52
1436271240000 16.525
1436271300000 16.53
1436271360000 16.55
1436271420000 16.55
1436271480000 16.56
1436271540000 16.56
1436271600000 16.57
1436271660000 16.5899
1436271720000 16.585
1436271780000 16.58
1436271840000 16.58
1436271900000 16.575
1436271960000 16.57
1436272020000 16.57
1436272080000 16.58
1436272140000 16.57
1436272200000 16.5799
1436272260000 16.58
1436272320000 16.6199
1436272380000 16.6
1436272440000 16.62
1436272500000 16.56
1436272560000 16.56
1436272620000 16.58
1436272680000 16.59
1436272740000 16.62
1436272800000 16.635
1436272860000 16.63
1436272920000 16.64
1436272980000 16.6599
1436273040000 16.66
1436273100000 16.67
1436273160000 16.695
1436273220000 16.705
1436273280000 16.7
1436273340000 16.695
1436273460000 16.7
1436273520000 16.7
1436273580000 16.705
1436273640000 16.71
1436273700000 16.73
1436273760000 16.71
1436273820000 16.72
1436273880000 16.74
1436273940000 16.76
1436274000000 16.74
1436274060000 16.74
1436274120000 16.73
1436274180000 16.72
1436274240000 16.73
1436274300000 16.71
1436274360000 16.7
1436274420000 16.685
1436274480000 16.7099
1436274540000 16.73
1436274600000 16.74
1436274660000 16.74
1436274720000 16.75
1436274780000 16.75
1436274840000 16.74
1436274900000 16.74
1436274960000 16.74
1436275020000 16.735
1436275140000 16.72
1436275200000 16.73
1436275260000 16.73
1436275320000 16.73
1436275380000 16.7
1436275440000 16.6999
1436275500000 16.7
1436275560000 16.7
1436275620000 16.7
1436275680000 16.7
1436275740000 16.7
1436275800000 16.7
1436275860000 16.7
1436275920000 16.69
1436275980000 16.69
1436276040000 16.68
1436276100000 16.6999
1436276160000 16.695
1436276220000 16.69
1436276340000 16.69
1436276400000 16.7
1436276460000 16.7
1436276520000 16.695
1436276580000 16.7
1436276640000 16.7
1436276700000 16.7
1436276760000 16.7
1436276820000 16.695
1436276880000 16.69
1436276940000 16.695
1436277000000 16.6901
1436277060000 16.68
1436277120000 16.685
1436277180000 16.69
1436277240000 16.68
1436277300000 16.67
1436277360000 16.675
1436277420000 16.675
1436277480000 16.6737
1436277540000 16.67
1436277600000 16.68
1436277660000 16.68
1436277720000 16.69
1436277780000 16.67
1436277840000 16.67
1436277900000 16.6799
1436277960000 16.675
1436278020000 16.675
1436278080000 16.675
1436278140000 16.68
1436278260000 16.68
1436278320000 16.685
1436278380000 16.6868
1436278440000 16.6849
1436278500000 16.69
1436278560000 16.6902
1436278620000 16.7
1436278680000 16.7
1436278740000 16.69
1436278800000 16.6803
1436278860000 16.69
1436278920000 16.67
1436278980000 16.65
1436279040000 16.65
1436279100000 16.655
1436279160000 16.665
1436279220000 16.66
1436279280000 16.665
1436279340000 16.665
1436279400000 16.655
1436279460000 16.66
1436279520000 16.6649
1436279580000 16.69
1436279640000 16.7
1436279700000 16.6945
1436279760000 16.7
1436279820000 16.7
1436279880000 16.71
1436279940000 16.73
1436280000000 16.7378
1436280060000 16.755
1436280120000 16.795
1436280180000 16.7899
1436280240000 16.795
1436280300000 16.805
1436280360000 16.8
1436280420000 16.81
1436280480000 16.82
1436280540000 16.815
1436280600000 16.815
1436280660000 16.825
1436280720000 16.83
1436280780000 16.825
1436280840000 16.8399
1436280900000 16.84
1436280960000 16.82
1436281020000 16.84
1436281080000 16.855
1436281140000 16.85
1436281200000 16.87
1436281260000 16.875
1436281320000 16.87
1436281380000 16.86
1436281440000 16.865
1436281500000 16.88
1436281560000 16.865
1436281620000 16.87
