1436261400000 0.9433
1436261520000 0.9599
1436261640000 0.95
1436261700000 0.9496
1436262000000 0.9583
1436262180000 0.9452
1436262300000 0.9599
1436262360000 0.9592
1436262420000 0.9592
1436262480000 0.9592
1436262540000 0.9592
1436262720000 0.96
1436262840000 0.953
1436262900000 0.953
1436263080000 0.952
1436263140000 0.952
1436263800000 0.952
1436263920000 0.9521
1436264400000 0.952
1436264460000 0.952
1436265480000 0.96
1436265660000 0.955
1436265720000 0.96
1436265780000 0.955
1436266020000 0.9406
1436266080000 0.9403
1436266740000 0.94
1436266800000 0.948
1436266980000 0.9489
1436267280000 0.94
1436267460000 0.94
1436267940000 0.94
1436268060000 0.9324
1436268120000 0.932
1436268480000 0.9321
1436268900000 0.932
1436269140000 0.93
1436269980000 0.9101
1436271660000 0.9101
1436271720000 0.91
1436271840000 0.9101
1436272320000 0.9101
1436272560000 0.9101
1436272620000 0.91
1436272680000 0.9098
1436273040000 0.9096
1436273280000 0.9075
1436273340000 0.9075
1436273400000 0.9075
1436273520000 0.9027
1436274300000 0.9096
1436274600000 0.9088
1436274780000 0.9045
1436275140000 0.9048
1436275200000 0.9001
1436275500000 0.9001
1436277180000 0.9049
1436277480000 0.9103
1436278140000 0.91
1436278800000 0.9199
