1436261400000 12.12
1436261460000 12.13
1436261580000 12.1
1436261640000 12.11
1436261700000 12.05
1436261760000 12.01
1436261820000 11.98
1436261880000 11.967
1436261940000 12.0
1436262000000 12.03
1436262060000 12.01
1436262180000 12.04
1436262360000 12.03
1436262480000 12.03
1436263020000 12.01
1436263140000 12.01
1436263320000 12.02
1436263380000 12.02
1436263500000 12.02
1436263560000 12.025
1436263680000 12.0224
1436263740000 12.03
1436263800000 12.03
1436263860000 12.04
1436263920000 12.055
1436264040000 12.05
1436264100000 12.04
1436264160000 12.055
1436264400000 12.0348
1436264460000 12.04
1436264520000 12.05
1436264580000 12.03
1436264640000 12.0599
1436264700000 12.05
1436264760000 12.05
1436264820000 12.03
1436264940000 12.02
1436265000000 12.025
1436265060000 12.03
1436265240000 12.04
1436265300000 12.03
1436265360000 12.03
1436265540000 12.03
1436265600000 12.035
1436265660000 12.04
1436265780000 12.03
1436265840000 12.03
1436265960000 12.02
1436266140000 12.03
1436266260000 12.065
1436266320000 12.0301
1436266380000 12.04
1436266440000 12.07
1436266500000 12.08
1436266860000 12.07
1436266920000 12.07
1436266980000 12.05
1436267040000 12.06
1436267160000 12.05
1436267280000 12.05
1436267880000 12.07
1436267940000 12.06
1436268060000 12.05
1436268360000 12.07
1436268420000 12.05
1436268660000 12.04
1436268720000 12.05
1436268780000 12.05
1436268840000 12.06
1436268900000 12.065
1436268960000 12.065
1436269140000 12.07
1436269200000 12.13
1436269260000 12.1399
1436269320000 12.13
1436269380000 12.11
1436269440000 12.15
1436269500000 12.15
1436269680000 12.1533
1436269740000 12.15
1436269800000 12.155
1436269860000 12.155
1436269920000 12.155
1436270040000 12.15
1436270100000 12.155
1436270160000 12.16
1436270220000 12.19
1436270340000 12.19
1436270460000 12.19
1436270520000 12.17
1436270580000 12.17
1436271180000 12.17
1436271540000 12.165
1436272020000 12.17
1436272140000 12.17
1436272200000 12.19
1436272260000 12.18
1436272440000 12.175
1436272500000 12.17
1436272860000 12.19
1436272980000 12.21
1436273040000 12.22
1436273100000 12.22
1436273220000 12.21
1436273340000 12.19
1436273460000 12.1801
1436273520000 12.19
1436273640000 12.2
1436273880000 12.2
1436273940000 12.2
1436274000000 12.21
1436274300000 12.23
1436274420000 12.23
1436274720000 12.23
1436274780000 12.23
1436275020000 12.21
1436275080000 12.19
1436275200000 12.18
1436275440000 12.21
1436275500000 12.2
1436275680000 12.18
1436275800000 12.2
1436276160000 12.23
1436276220000 12.22
1436276340000 12.239
1436276400000 12.22
1436276460000 12.24
1436276580000 12.24
1436276640000 12.25
1436276700000 12.25
1436276820000 12.27
1436276880000 12.34
1436277000000 12.3045
1436277060000 12.26
1436277180000 12.29
1436277300000 12.262
1436277360000 12.2691
1436277420000 12.24
1436277540000 12.28
1436277600000 12.2472
1436277660000 12.267
1436277840000 12.24
1436277960000 12.18
1436278020000 12.195
1436278140000 12.22
1436278200000 12.18
1436278380000 12.18
1436278620000 12.2088
1436278740000 12.18
1436278800000 12.22
1436279100000 12.23
1436279160000 12.17
1436279400000 12.18
1436279820000 12.16
1436280060000 12.19
1436280120000 12.19
1436280300000 12.2199
1436280420000 12.21
1436280480000 12.22
1436280600000 12.19
1436280660000 12.22
1436280780000 12.22
1436280840000 12.21
1436280900000 12.21
1436281020000 12.2
1436281080000 12.2
1436281200000 12.211
1436281260000 12.2
1436281320000 12.205
1436281380000 12.21
1436281500000 12.235
