1405915200000 2.95
1406001600000 2.9
1406174400000 2.9999
1406260800000 2.9
1406606400000 3.0
1406865600000 3.0999
1407729600000 2.75
1407816000000 2.8
1407988800000 2.75
1408075200000 3.0
1408507200000 3.2
1408593600000 3.3
1409198400000 3.4
1409284800000 3.35
1409630400000 3.28
1409716800000 3.15
1410840000000 3.2
1410926400000 3.0
1411963200000 2.74
1412222400000 2.8
1412740800000 3.1
1413259200000 2.95
1413777600000 2.8
1414555200000 2.78
1415250000000 2.7
1415941200000 3.98
1416200400000 4.5
1416286800000 4.9
1416373200000 4.95
1416459600000 4.95
1416546000000 5.15
1416805200000 6.0
1416978000000 5.8011
1417582800000 6.77
1417669200000 6.5
1418014800000 7.0
1418187600000 7.0
1418274000000 7.4
1418706000000 7.2
1419570000000 6.23
1419829200000 6.52
1419915600000 6.4
1420002000000 6.5
1420434000000 5.0
1420520400000 4.88
1420606800000 4.86
1421038800000 2.79
1421125200000 3.25
1421211600000 3.21
1421298000000 2.8
1421384400000 3.17
1421730000000 3.05
1421816400000 2.96
1421902800000 3.0
1421989200000 2.94
1422248400000 2.86
1422334800000 3.02
1422421200000 3.0
1422507600000 3.65
