1436261400000 2.03
1436261460000 2.05
1436261640000 2.0688
1436261940000 2.0599
1436262000000 2.05
1436262060000 2.05
1436262240000 2.05
1436262720000 2.06
1436263200000 2.03
1436263320000 2.0411
1436263380000 2.04
1436263740000 2.0599
1436264160000 2.0435
1436264400000 2.039
1436264460000 2.03
1436264520000 2.03
1436264580000 2.0344
1436264640000 2.03
1436264700000 2.03
1436264760000 2.03
1436264820000 2.03
1436265240000 2.03
1436265300000 2.037
1436265480000 2.03
1436265660000 2.03
1436266020000 2.03
1436266620000 2.03
1436266800000 2.0399
1436266980000 2.03
1436267160000 2.03
1436267220000 2.03
1436267700000 2.03
1436267760000 2.03
1436267820000 2.03
1436267940000 2.03
1436268120000 2.03
1436268180000 2.03
1436268600000 2.03
1436268720000 2.03
1436268780000 2.03
1436268840000 2.031
1436268900000 2.03
1436269080000 2.031
1436269620000 2.03
1436269800000 2.03
1436269920000 2.0305
1436269980000 2.03
1436270220000 2.03
1436270640000 2.03
1436270700000 2.03
1436270880000 2.03
1436271300000 2.03
1436271540000 2.03
1436271600000 2.03
1436272560000 2.03
1436272980000 2.04
1436273040000 2.03
1436273220000 2.03
1436274000000 2.03
1436274240000 2.03
1436274480000 2.03
1436275500000 2.0399
1436275560000 2.03
1436275800000 2.03
1436276400000 2.03
1436276460000 2.03
1436276520000 2.03
1436277000000 2.03
1436277180000 2.03
1436277420000 2.04
1436277480000 2.03
1436277540000 2.03
1436277780000 2.03
1436278380000 2.03
1436278800000 2.03
1436279220000 2.03
1436279400000 2.03
1436279760000 2.03
1436279940000 2.0399
1436280900000 2.03
1436281200000 2.035
