1436261400000 12.87
1436261700000 12.87
1436261760000 12.84
1436261820000 12.84
1436261880000 12.83
1436261940000 12.84
1436262000000 12.83
1436262240000 12.83
1436262540000 12.85
1436262600000 12.85
1436262660000 12.84
1436262780000 12.85
1436262960000 12.85
1436263380000 12.84
1436263500000 12.84
1436263680000 12.83
1436264160000 12.8
1436264280000 12.8
1436264520000 12.8
1436264640000 12.75
1436264760000 12.79
1436264820000 12.79
1436265000000 12.79
1436265060000 12.75
1436265420000 12.72
1436265540000 12.72
1436265600000 12.71
1436265720000 12.7
1436266140000 12.71
1436266260000 12.65
1436266380000 12.64
1436266560000 12.71
1436266800000 12.73
1436266980000 12.71
1436267100000 12.7
1436267460000 12.7
1436267760000 12.75
1436268000000 12.72
1436268300000 12.72
1436268420000 12.71
1436268540000 12.74
1436268720000 12.65
1436268780000 12.665
1436269200000 12.6
1436269560000 12.58
1436270100000 12.6
1436270160000 12.6
1436270220000 12.6
1436270700000 12.62
1436270820000 12.57
1436271000000 12.62
1436271120000 12.63
1436271360000 12.62
1436272560000 12.6
1436272620000 12.6
1436272740000 12.61
1436272860000 12.6199
1436273100000 12.62
1436273460000 12.58
1436273520000 12.58
1436273820000 12.6
1436273880000 12.62
1436274060000 12.59
1436274120000 12.6
1436274180000 12.6
1436274480000 12.61
1436274840000 12.62
1436275200000 12.63
1436275380000 12.61
1436275500000 12.62
1436275980000 12.615
1436276160000 12.6
1436276460000 12.63
1436276640000 12.65
1436276880000 12.68
1436276940000 12.65
1436277060000 12.62
1436277420000 12.65
1436277480000 12.67
1436277720000 12.67
1436277900000 12.7
1436277960000 12.68
1436278080000 12.7
1436278260000 12.675
1436278500000 12.675
1436278740000 12.67
1436278860000 12.68
1436278920000 12.69
1436278980000 12.66
1436279040000 12.655
1436279100000 12.655
1436279160000 12.68
1436279280000 12.67
1436279640000 12.655
1436279760000 12.655
1436279880000 12.65
1436279940000 12.7
1436280000000 12.67
1436280060000 12.67
1436280360000 12.695
1436280420000 12.72
1436280480000 12.72
1436280660000 12.68
1436280960000 12.69
1436281260000 12.71
