1436261400000 12.75
1436261520000 12.69
1436261580000 12.73
1436261640000 12.7
1436261700000 12.68
1436261820000 12.67
1436262000000 12.71
1436262060000 12.7
1436262180000 12.7
1436262240000 12.7
1436262300000 12.69
1436262360000 12.68
1436262420000 12.67
1436262480000 12.68
1436262540000 12.68
1436262600000 12.685
1436262660000 12.6733
1436262780000 12.69
1436262840000 12.69
1436262900000 12.69
1436263020000 12.67
1436263080000 12.66
1436263140000 12.66
1436263200000 12.67
1436263260000 12.67
1436263320000 12.67
1436263380000 12.67
1436263500000 12.665
1436263560000 12.67
1436263620000 12.66
1436263680000 12.65
1436263740000 12.66
1436263800000 12.66
1436263860000 12.67
1436263920000 12.66
1436263980000 12.66
1436264040000 12.66
1436264100000 12.65
1436264160000 12.66
1436264220000 12.66
1436264280000 12.66
1436264340000 12.665
1436264400000 12.66
1436264460000 12.66
1436264520000 12.66
1436264700000 12.65
1436264760000 12.65
1436264820000 12.65
1436264880000 12.65
1436265000000 12.64
1436265060000 12.64
1436265120000 12.64
1436265180000 12.63
1436265240000 12.63
1436265360000 12.63
1436265420000 12.63
1436265480000 12.62
1436265540000 12.615
1436265600000 12.62
1436265660000 12.61
1436265780000 12.61
1436265960000 12.61
1436266020000 12.61
1436266080000 12.61
1436266140000 12.6
1436266200000 12.6
1436266260000 12.6
1436266320000 12.61
1436266380000 12.62
1436266440000 12.62
1436266500000 12.62
1436266560000 12.6
1436266620000 12.61
1436266680000 12.605
1436266740000 12.6
1436266800000 12.59
1436266860000 12.58
1436266920000 12.59
1436266980000 12.59
1436267040000 12.58
1436267100000 12.58
1436267160000 12.58
1436267220000 12.58
1436267280000 12.575
1436267340000 12.58
1436267400000 12.58
1436267460000 12.6
1436267580000 12.6
1436267640000 12.61
1436267760000 12.61
1436267820000 12.62
1436267940000 12.62
1436268000000 12.62
1436268060000 12.61
1436268120000 12.61
1436268180000 12.62
1436268240000 12.61
1436268300000 12.6
1436268420000 12.6
1436268480000 12.6
1436268540000 12.595
1436268600000 12.61
1436268660000 12.61
1436268780000 12.6149
1436268840000 12.6
1436268900000 12.595
1436268960000 12.6
1436269020000 12.6
1436269080000 12.61
1436269140000 12.62
1436269200000 12.62
1436269260000 12.62
1436269320000 12.62
1436269380000 12.63
1436269440000 12.63
1436269500000 12.62
1436269560000 12.62
1436269680000 12.62
1436269740000 12.6299
1436269800000 12.62
1436269860000 12.62
1436269920000 12.62
1436269980000 12.62
1436270040000 12.61
1436270100000 12.63
1436270160000 12.63
1436270220000 12.65
1436270280000 12.64
1436270340000 12.63
1436270400000 12.63
1436270460000 12.62
1436270520000 12.63
1436270580000 12.63
1436270640000 12.63
1436270700000 12.63
1436270760000 12.63
1436270880000 12.63
1436270940000 12.62
1436271000000 12.62
1436271060000 12.625
1436271120000 12.6187
1436271180000 12.61
1436271240000 12.62
1436271300000 12.62
1436271360000 12.62
1436271420000 12.62
1436271480000 12.61
1436271540000 12.61
1436271600000 12.62
1436271720000 12.62
1436271780000 12.62
1436271840000 12.61
1436271900000 12.61
1436271960000 12.615
1436272020000 12.61
1436272080000 12.61
1436272140000 12.62
1436272200000 12.61
1436272260000 12.61
1436272320000 12.62
1436272380000 12.62
1436272440000 12.62
1436272500000 12.62
1436272620000 12.61
1436272680000 12.61
1436272740000 12.62
1436272800000 12.62
1436272920000 12.62
1436272980000 12.62
1436273040000 12.61
1436273100000 12.61
1436273220000 12.62
1436273280000 12.62
1436273340000 12.62
1436273460000 12.62
1436273520000 12.63
1436273580000 12.62
1436273640000 12.63
1436273700000 12.63
1436273760000 12.63
1436273820000 12.63
1436273880000 12.64
1436273940000 12.63
1436274000000 12.64
1436274060000 12.64
1436274120000 12.64
1436274180000 12.63
1436274240000 12.64
1436274360000 12.63
1436274420000 12.63
1436274480000 12.625
1436274540000 12.63
1436274600000 12.64
1436274660000 12.65
1436274720000 12.66
1436274780000 12.66
1436274840000 12.65
1436274900000 12.66
1436274960000 12.65
1436275020000 12.64
1436275080000 12.64
1436275140000 12.64
1436275200000 12.66
1436275260000 12.65
1436275320000 12.66
1436275380000 12.65
1436275440000 12.65
1436275500000 12.66
1436275560000 12.65
1436275620000 12.645
1436275680000 12.64
1436275740000 12.65
1436275800000 12.655
1436275860000 12.66
1436275920000 12.655
1436275980000 12.66
1436276040000 12.66
1436276100000 12.67
1436276220000 12.675
1436276280000 12.675
1436276340000 12.675
1436276400000 12.675
1436276520000 12.675
1436276580000 12.68
1436276640000 12.69
1436276700000 12.7
1436276760000 12.69
1436276820000 12.69
1436276880000 12.68
1436276940000 12.69
1436277000000 12.69
1436277060000 12.68
1436277180000 12.68
1436277240000 12.68
1436277300000 12.6862
1436277360000 12.68
1436277480000 12.68
1436277540000 12.68
1436277600000 12.68
1436277660000 12.67
1436277720000 12.665
1436277780000 12.65
1436277840000 12.65
1436277900000 12.655
1436278020000 12.65
1436278080000 12.65
1436278140000 12.64
1436278200000 12.66
1436278260000 12.65
1436278320000 12.65
1436278380000 12.65
1436278440000 12.64
1436278500000 12.64
1436278560000 12.64
1436278620000 12.64
1436278680000 12.63
1436278740000 12.61
1436278800000 12.61
1436278860000 12.61
1436278920000 12.6
1436278980000 12.6
1436279040000 12.605
1436279100000 12.61
1436279160000 12.625
1436279220000 12.625
1436279340000 12.615
1436279400000 12.61
1436279460000 12.61
1436279520000 12.61
1436279580000 12.6
1436279640000 12.6
1436279700000 12.59
1436279760000 12.59
1436279820000 12.595
1436279880000 12.595
1436279940000 12.6
1436280000000 12.6
1436280060000 12.62
1436280120000 12.62
1436280180000 12.62
1436280240000 12.62
1436280300000 12.63
1436280420000 12.64
1436280480000 12.64
1436280540000 12.64
1436280600000 12.65
1436280660000 12.64
1436280720000 12.65
1436280780000 12.64
1436280840000 12.64
1436280900000 12.64
1436280960000 12.645
1436281020000 12.65
1436281080000 12.66
1436281140000 12.685
1436281260000 12.68
1436281320000 12.68
1436281380000 12.67
1436281440000 12.67
1436281500000 12.67
1436281560000 12.66
1436281620000 12.66
1436281680000 12.66
