1436261400000 19.88
1436261640000 19.77
1436261700000 19.77
1436261760000 19.77
1436261820000 19.77
1436261880000 19.77
1436262000000 19.75
1436262060000 19.7
1436262120000 19.76
1436262180000 19.73
1436262300000 19.72
1436262840000 19.72
1436262900000 19.75
1436262960000 19.71
1436263020000 19.71
1436263080000 19.71
1436263140000 19.74
1436263200000 19.73
1436263440000 19.73
1436263500000 19.7
1436263620000 19.65
1436263680000 19.65
1436263740000 19.62
1436263920000 19.63
1436263980000 19.66
1436264040000 19.665
1436264100000 19.61
1436264220000 19.65
1436264400000 19.6
1436264460000 19.51
1436265000000 19.52
1436265060000 19.51
1436265120000 19.51
1436265300000 19.51
1436265360000 19.51
1436265540000 19.526
1436265600000 19.51
1436265660000 19.5
1436265780000 19.4
1436265900000 19.45
1436266020000 19.49
1436266920000 19.49
1436267040000 19.46
1436267280000 19.475
1436267400000 19.48
1436267460000 19.49
1436267520000 19.53
1436268000000 19.49
1436268300000 19.5
1436268420000 19.47
1436268540000 19.47
1436268840000 19.48
1436268900000 19.45
1436268960000 19.4
1436269020000 19.4
1436269320000 19.44
1436269440000 19.49
1436269680000 19.525
1436269740000 19.49
1436269860000 19.55
1436269980000 19.55
1436270160000 19.49
1436270220000 19.54
1436271180000 19.68
1436271240000 19.58
1436271480000 19.52
1436271600000 19.5
1436271900000 19.5
1436272140000 19.5
1436272260000 19.56
1436272560000 19.53
1436272680000 19.48
1436272740000 19.57
1436273220000 19.68
1436273640000 19.69
1436273700000 19.72
1436273820000 19.68
1436273880000 19.72
1436273940000 19.72
1436274060000 19.75
1436274180000 19.74
1436274420000 19.65
1436274660000 19.67
1436274720000 19.64
1436274780000 19.65
1436274840000 19.68
1436275020000 19.68
1436275080000 19.65
1436275500000 19.64
1436275560000 19.625
1436275740000 19.53
1436275920000 19.59
1436276040000 19.6
1436276220000 19.54
1436276280000 19.54
1436276340000 19.54
1436276400000 19.54
1436276460000 19.6
1436276520000 19.6
1436276640000 19.67
1436276820000 19.68
1436277000000 19.68
1436277180000 19.7
1436277360000 19.69
1436277540000 19.67
1436277720000 19.68
1436277840000 19.65
1436277900000 19.67
1436278020000 19.64
1436278080000 19.61
1436278260000 19.65
1436278440000 19.67
1436278620000 19.59
1436278740000 19.62
1436278800000 19.61
1436278860000 19.6
1436278980000 19.56
1436279100000 19.51
1436279160000 19.62
1436279340000 19.65
1436279700000 19.72
1436279760000 19.76
1436279820000 19.68
1436280000000 19.64
1436280060000 19.61
1436280180000 19.71
1436280240000 19.66
1436280360000 19.68
1436280420000 19.7
1436280480000 19.78
1436280780000 19.84
1436280960000 19.82
1436281020000 19.75
1436281080000 19.75
1436281140000 19.85
1436281200000 19.87
1436281320000 19.78
1436281500000 19.8
1436281560000 19.79
