1436261400000 14.38
1436261460000 14.32
1436261520000 14.33
1436261640000 14.3
1436261760000 14.28
1436261940000 14.28
1436262000000 14.31
1436262060000 14.32
1436262120000 14.34
1436262240000 14.34
1436262300000 14.32
1436262360000 14.33
1436262540000 14.3
1436262600000 14.335
1436262720000 14.34
1436262780000 14.32
1436262840000 14.31
1436262960000 14.2966
1436263020000 14.27
1436263080000 14.29
1436263140000 14.26
1436263200000 14.27
1436263320000 14.3
1436263380000 14.29
1436263500000 14.3
1436263560000 14.26
1436263680000 14.235
1436263740000 14.234
1436263800000 14.27
1436263860000 14.25
1436263920000 14.25
1436263980000 14.29
1436264040000 14.264
1436264100000 14.26
1436264220000 14.25
1436264280000 14.243
1436264340000 14.24
1436264400000 14.26
1436264460000 14.24
1436264520000 14.22
1436264640000 14.22
1436264700000 14.22
1436264820000 14.19
1436264940000 14.18
1436265000000 14.185
1436265120000 14.175
1436265180000 14.17
1436265240000 14.16
1436265300000 14.15
1436265360000 14.14
1436265480000 14.12
1436265540000 14.1
1436265600000 14.1
1436265660000 14.08
1436265720000 14.076
1436265960000 14.04
1436266080000 14.08
1436266200000 14.08
1436266320000 14.09
1436266380000 14.11
1436266440000 14.14
1436266560000 14.18
1436266620000 14.15
1436266680000 14.14
1436266740000 14.12
1436266800000 14.12
1436266980000 14.08
1436267040000 14.11
1436267100000 14.09
1436267280000 14.08
1436267460000 14.11
1436267520000 14.11
1436267580000 14.12
1436267640000 14.12
1436267700000 14.1
1436267820000 14.1
1436267880000 14.09
1436267940000 14.07
1436268060000 14.065
1436268240000 14.05
1436268420000 14.05
1436268540000 14.03
1436268600000 14.01
1436268780000 14.03
1436268840000 13.99
1436268900000 13.97
1436268960000 13.9863
1436269080000 13.9821
1436269140000 14.03
1436269200000 14.06
1436269260000 14.06
1436269380000 14.07
1436269440000 14.08
1436269620000 14.07
1436269740000 14.08
1436269980000 14.1
1436270160000 14.1
1436270220000 14.13
1436270280000 14.16
1436270640000 14.14
1436270700000 14.139
1436271000000 14.09
1436271240000 14.09
1436271300000 14.08
1436271420000 14.08
1436271480000 14.08
1436271600000 14.08
1436271660000 14.1
1436271780000 14.09
1436271900000 14.055
1436272020000 14.05
1436272260000 14.06
1436272320000 14.06
1436272380000 14.05
1436272560000 14.06
1436272680000 14.05
1436272740000 14.059
1436272800000 14.08
1436273040000 14.06
1436273160000 14.08
1436273220000 14.08
1436273280000 14.09
1436273340000 14.09
1436273520000 14.09
1436273580000 14.08
1436273640000 14.07
1436273760000 14.09
1436273820000 14.09
1436273880000 14.09
1436274000000 14.08
1436274060000 14.08
1436274180000 14.08
1436274240000 14.08
1436274360000 14.085
1436274420000 14.07
1436274480000 14.05
1436274600000 14.05
1436274660000 14.06
1436274720000 14.07
1436274780000 14.13
1436274840000 14.11
1436274900000 14.11
1436274960000 14.11
1436275020000 14.085
1436275260000 14.07
1436275320000 14.07
1436275380000 14.08
1436275440000 14.1
1436275500000 14.12
1436275740000 14.1
1436275860000 14.11
1436275920000 14.09
1436275980000 14.09
1436276100000 14.11
1436276160000 14.1
1436276280000 14.11
1436276460000 14.1
1436276580000 14.11
1436276640000 14.12
1436276760000 14.115
1436276820000 14.11
1436276880000 14.11
1436276940000 14.14
1436277000000 14.12
1436277060000 14.13
1436277180000 14.13
1436277300000 14.1292
1436277360000 14.14
1436277420000 14.14
1436277480000 14.14
1436277660000 14.14
1436277780000 14.12
1436277960000 14.11
1436278080000 14.12
1436278260000 14.102
1436278440000 14.12
1436278500000 14.12
1436278560000 14.12
1436278740000 14.1
1436278800000 14.06
1436278860000 14.045
1436278920000 14.06
1436278980000 14.07
1436279040000 14.08
1436279220000 14.06
1436279400000 14.08
1436279580000 14.08
1436279760000 14.08
1436279820000 14.08
1436279880000 14.08
1436280120000 14.14
1436280180000 14.15
1436280240000 14.1777
1436280300000 14.155
1436280360000 14.17
1436280420000 14.18
1436280480000 14.18
1436280540000 14.19
1436280600000 14.19
1436280660000 14.2
1436280720000 14.19
1436280840000 14.2
1436280900000 14.2
1436281020000 14.19
1436281080000 14.21
1436281140000 14.23
1436281200000 14.26
1436281260000 14.255
1436281320000 14.245
1436281380000 14.245
1436281440000 14.25
1436281500000 14.26
1436281560000 14.25
