1436261400000 7.67
1436261460000 7.681
1436261520000 7.67
1436261580000 7.6949
1436261640000 7.7
1436261700000 7.7
1436261760000 7.6954
1436261820000 7.7
1436261880000 7.719
1436261940000 7.73
1436262000000 7.7486
1436262060000 7.74
1436262120000 7.71
1436262180000 7.72
1436262240000 7.71
1436262300000 7.72
1436262360000 7.715
1436262420000 7.715
1436262540000 7.72
1436262600000 7.715
1436262660000 7.715
1436262720000 7.73
1436262780000 7.73
1436262840000 7.73
1436262900000 7.73
1436262960000 7.73
1436263020000 7.76
1436263080000 7.76
1436263140000 7.75
1436263200000 7.755
1436263260000 7.7446
1436263320000 7.7479
1436263380000 7.745
1436263440000 7.74
1436263560000 7.7333
1436263620000 7.74
1436263680000 7.73
1436263740000 7.73
1436263920000 7.73
1436263980000 7.73
1436264040000 7.75
1436264100000 7.74
1436264160000 7.735
1436264220000 7.73
1436264280000 7.73
1436264340000 7.73
1436264400000 7.725
1436264460000 7.73
1436264520000 7.725
1436264580000 7.725
1436264640000 7.746
1436264700000 7.74
1436264760000 7.745
1436264820000 7.74
1436264880000 7.75
1436264940000 7.749
1436265000000 7.74
1436265060000 7.745
1436265120000 7.75
1436265180000 7.749
1436265240000 7.75
1436265300000 7.745
1436265360000 7.745
1436265420000 7.745
1436265480000 7.745
1436265540000 7.735
1436265600000 7.738
1436265660000 7.72
1436265720000 7.71
1436265780000 7.71
1436265840000 7.7
1436265900000 7.7
1436265960000 7.7
1436266020000 7.715
1436266080000 7.715
1436266140000 7.711
1436266200000 7.715
1436266260000 7.7175
1436266320000 7.71
1436266380000 7.7199
1436266440000 7.72
1436266500000 7.735
1436266560000 7.73
1436266620000 7.74
1436266680000 7.74
1436266740000 7.74
1436266800000 7.73
1436266860000 7.73
1436266920000 7.725
1436266980000 7.73
1436267040000 7.735
1436267100000 7.7301
1436267160000 7.739
1436267220000 7.7301
1436267280000 7.735
1436267340000 7.74
1436267400000 7.74
1436267460000 7.73
1436267520000 7.74
1436267580000 7.74
1436267640000 7.73
1436267700000 7.73
1436267760000 7.74
1436267820000 7.73
1436267880000 7.73
1436267940000 7.73
1436268000000 7.73
1436268060000 7.73
1436268120000 7.73
1436268180000 7.72
1436268240000 7.72
1436268300000 7.725
1436268360000 7.72
1436268420000 7.725
1436268480000 7.725
1436268540000 7.725
1436268600000 7.725
1436268660000 7.73
1436268720000 7.72
1436268780000 7.72
1436268840000 7.72
1436268900000 7.7
1436269080000 7.7038
1436269140000 7.71
1436269200000 7.705
1436269260000 7.705
1436269320000 7.7
1436269380000 7.71
1436269440000 7.73
1436269500000 7.72
1436269560000 7.73
1436269680000 7.7201
1436269800000 7.73
1436269860000 7.7238
1436269920000 7.73
1436269980000 7.729
1436270100000 7.72
1436270160000 7.73
1436270220000 7.74
1436270280000 7.7333
1436270340000 7.735
1436270400000 7.735
1436270460000 7.74
1436270520000 7.73
1436270640000 7.74
1436270700000 7.74
1436270760000 7.735
1436270820000 7.73
1436270880000 7.735
1436270940000 7.74
1436271000000 7.735
1436271060000 7.74
1436271120000 7.735
1436271180000 7.73
1436271240000 7.73
1436271300000 7.74
1436271360000 7.74
1436271420000 7.74
1436271480000 7.736
1436271540000 7.739
1436271600000 7.735
1436271660000 7.73
1436271720000 7.74
1436271780000 7.74
1436271840000 7.74
1436271900000 7.739
1436271960000 7.73
1436272020000 7.74
1436272080000 7.73
1436272140000 7.739
1436272200000 7.739
1436272260000 7.74
1436272320000 7.74
1436272380000 7.7399
1436272440000 7.74
1436272500000 7.739
1436272560000 7.739
1436272620000 7.73
1436272680000 7.74
1436272740000 7.74
1436272800000 7.74
1436272920000 7.75
1436272980000 7.75
1436273040000 7.75
1436273100000 7.749
1436273160000 7.75
1436273220000 7.75
1436273280000 7.75
1436273340000 7.75
1436273400000 7.75
1436273460000 7.75
1436273520000 7.75
1436273580000 7.75
1436273640000 7.745
1436273700000 7.76
1436273760000 7.76
1436273820000 7.76
1436273880000 7.759
1436273940000 7.76
1436274060000 7.76
1436274120000 7.7521
1436274180000 7.755
1436274240000 7.759
1436274300000 7.76
1436274360000 7.755
1436274420000 7.76
1436274480000 7.76
1436274540000 7.759
1436274600000 7.755
1436274720000 7.7599
1436274780000 7.76
1436274840000 7.76
1436274900000 7.76
1436274960000 7.76
1436275020000 7.759
1436275080000 7.75
1436275140000 7.7501
1436275200000 7.7501
1436275260000 7.755
1436275320000 7.76
1436275380000 7.75
1436275500000 7.7501
1436275560000 7.75
1436275620000 7.76
1436275680000 7.76
1436275740000 7.76
1436275800000 7.76
1436275860000 7.7506
1436275920000 7.75
1436275980000 7.76
1436276040000 7.755
1436276100000 7.76
1436276160000 7.759
1436276220000 7.76
1436276280000 7.75
1436276340000 7.75
1436276400000 7.77
1436276460000 7.77
1436276520000 7.76
1436276580000 7.765
1436276640000 7.77
1436276700000 7.78
1436276760000 7.775
1436276820000 7.7799
1436276880000 7.78
1436276940000 7.779
1436277000000 7.78
1436277060000 7.77
1436277120000 7.77
1436277180000 7.78
1436277300000 7.77
1436277360000 7.76
1436277480000 7.7501
1436277540000 7.755
1436277600000 7.76
1436277660000 7.75
1436277720000 7.755
1436277780000 7.76
1436277840000 7.75
1436277900000 7.755
1436277960000 7.76
1436278020000 7.755
1436278080000 7.755
1436278140000 7.76
1436278200000 7.755
1436278260000 7.75
1436278320000 7.755
1436278380000 7.7574
1436278440000 7.759
1436278500000 7.759
1436278560000 7.76
1436278680000 7.75
1436278740000 7.7501
1436278800000 7.75
1436278860000 7.76
1436278980000 7.76
1436279100000 7.75
1436279160000 7.75
1436279220000 7.745
1436279280000 7.749
1436279460000 7.75
1436279520000 7.75
1436279580000 7.75
1436279640000 7.74
1436279700000 7.7446
1436279760000 7.745
1436279820000 7.74
1436279880000 7.75
1436279940000 7.75
1436280000000 7.75
1436280060000 7.75
1436280120000 7.7699
1436280180000 7.77
1436280240000 7.775
1436280300000 7.78
1436280360000 7.775
1436280420000 7.775
1436280480000 7.77
1436280540000 7.775
1436280660000 7.775
1436280720000 7.7701
1436280780000 7.78
1436280840000 7.775
1436280900000 7.77
1436280960000 7.78
1436281020000 7.77
1436281080000 7.78
1436281140000 7.78
1436281200000 7.78
1436281260000 7.78
1436281320000 7.78
1436281380000 7.779
1436281440000 7.78
1436281500000 7.78
1436281560000 7.775
1436281620000 7.775
