1436261400000 1.25
1436261880000 1.251
1436262120000 1.25
1436262240000 1.2554
1436262900000 1.25
1436263200000 1.24
1436263320000 1.24
1436263380000 1.23
1436263740000 1.24
1436264520000 1.23
1436264820000 1.2347
1436264940000 1.2099
1436265360000 1.2
1436265780000 1.205
1436266200000 1.21
1436267040000 1.2
1436267220000 1.2099
1436267460000 1.209
1436267820000 1.203
1436268300000 1.21
1436268600000 1.2
1436268960000 1.2
1436269200000 1.2
1436269800000 1.2
1436269920000 1.16
1436269980000 1.13
1436270160000 1.138
1436270220000 1.1899
1436270940000 1.1303
1436271120000 1.15
1436271420000 1.17
1436271720000 1.17
1436271840000 1.17
1436271960000 1.1699
1436272140000 1.1685
1436273040000 1.165
1436273100000 1.1479
1436273220000 1.145
1436273760000 1.15
1436273880000 1.14
1436273940000 1.141
1436275560000 1.14
1436275920000 1.15
1436276700000 1.1401
1436277540000 1.1499
1436277780000 1.1472
1436278500000 1.14
1436278680000 1.1446
1436278920000 1.1479
1436279100000 1.15
1436279400000 1.14
1436279460000 1.1401
1436279520000 1.145
1436280060000 1.1501
1436280600000 1.1599
1436280900000 1.1599
1436281080000 1.1537
1436281260000 1.1567
