1436261700000 5.0068
1436261760000 5.0
1436261820000 4.99
1436262420000 4.99
1436262660000 5.01
1436262840000 4.9951
1436263020000 4.99
1436263080000 4.99
1436263140000 4.98
1436263500000 4.98
1436264100000 4.97
1436264160000 4.97
1436264220000 4.97
1436264340000 5.02
1436264460000 4.95
1436265060000 4.9101
1436265240000 4.91
1436265300000 4.95
1436266620000 4.93
1436266860000 4.91
1436266920000 4.9
1436266980000 4.9
1436267040000 4.86
1436267160000 4.8537
1436267220000 4.87
1436267400000 4.88
1436267520000 4.8653
1436267580000 4.88
1436267640000 4.92
1436268240000 4.9188
1436268480000 4.91
1436268780000 4.91
1436268900000 4.8966
1436269260000 4.9044
1436269680000 4.91
1436269800000 4.94
1436269980000 4.93
1436270220000 4.95
1436270460000 4.94
1436271960000 4.94
1436272260000 4.95
1436272680000 4.95
1436272860000 4.95
1436273040000 4.94
1436274180000 4.94
1436274420000 4.93
1436274480000 4.92
1436274540000 4.92
1436276160000 4.94
1436276340000 4.965
1436276460000 4.98
1436276940000 4.95
1436277120000 4.93
1436277300000 4.93
1436277480000 4.93
1436277600000 4.93
1436277720000 4.93
1436277900000 4.93
1436278020000 4.95
1436278200000 4.94
1436278260000 4.945
1436278320000 4.93
1436278380000 4.9446
1436278560000 4.93
1436278800000 4.94
1436280180000 4.96
1436280720000 4.97
1436281140000 4.97
1436281500000 4.9822
