1404705600000 22.69
1404792000000 22.09
1404878400000 22.09
1404964800000 22.02
1405310400000 22.02
1405396800000 22.07
1405483200000 21.8113
1405569600000 21.57
1405656000000 21.52
1405915200000 21.34
1406001600000 21.36
1406088000000 21.75
1406174400000 22.06
1406260800000 22.04
1406520000000 21.84
1406692800000 21.86
1406779200000 21.7
1406865600000 21.44
1407124800000 21.41
1407211200000 21.32
1407297600000 21.48
1407384000000 21.05
1407470400000 21.55
1407729600000 21.4799
1407816000000 21.1
1407902400000 21.78
1407988800000 21.17
1408075200000 21.03
1408334400000 21.42
1408420800000 21.3
1408507200000 21.24
1408593600000 21.47
1408680000000 21.79
1408939200000 21.87
1409025600000 21.96
1409112000000 21.86
1409198400000 21.735
1409284800000 21.94
1409630400000 22.02
1409716800000 22.2
1409803200000 22.87
1409889600000 22.61
1410148800000 22.52
1410235200000 22.13
1410321600000 22.47
1410408000000 22.64
1410494400000 22.69
1410753600000 22.52
1410840000000 22.43
1410926400000 22.54
1411012800000 23.19
1411099200000 22.75
