1436261400000 18.62
1436261640000 18.67
1436262000000 18.62
1436262060000 18.62
1436262300000 18.63
1436262660000 18.62
1436262900000 18.5504
1436263200000 18.6
1436263320000 18.51
1436263860000 18.56
1436263980000 18.56
1436264220000 18.67
1436264400000 18.6
1436265180000 18.4601
1436266140000 18.355
1436266260000 18.35
1436266380000 18.35
1436266500000 18.4
1436266800000 18.46
1436267100000 18.47
1436267640000 18.46
1436268480000 18.4801
1436268540000 18.46
1436268660000 18.42
1436268780000 18.52
1436268840000 18.4137
1436268900000 18.4
1436268960000 18.43
1436269080000 18.45
1436269320000 18.43
1436269500000 18.447
1436269800000 18.53
1436270220000 18.53
1436270640000 18.53
1436272920000 18.73
1436273520000 18.785
1436273640000 18.7
1436273700000 18.7
1436273760000 18.75
1436274120000 18.71
1436274540000 18.7
1436274600000 18.7
1436274720000 18.6
1436277600000 18.5601
1436278200000 18.53
1436278320000 18.6901
1436278560000 18.58
1436278740000 18.61
1436278980000 18.62
1436279400000 18.57
1436279460000 18.64
1436279580000 18.56
1436279640000 18.5
1436279700000 18.57
1436279820000 18.6
1436279880000 18.57
1436279940000 18.62
1436280000000 18.57
1436280360000 18.6
1436280420000 18.6
1436280480000 18.61
1436280600000 18.625
1436280660000 18.65
1436280780000 18.62
1436280960000 18.62
1436281020000 18.58
1436281080000 18.66
1436281320000 18.75
