1436261400000 67.96
1436261460000 67.89
1436261580000 67.74
1436261640000 67.72
1436261700000 67.88
1436261820000 67.51
1436261880000 67.535
1436261940000 67.77
1436262000000 67.78
1436262060000 67.54
1436262120000 67.59
1436262180000 67.66
1436262240000 67.63
1436262300000 67.52
1436262360000 67.52
1436262420000 67.5212
1436262480000 67.555
1436262540000 67.61
1436262600000 67.7
1436262660000 67.82
1436262720000 67.64
1436262780000 67.69
1436262840000 67.7
1436262900000 67.645
1436262960000 67.625
1436263020000 67.55
1436263080000 67.445
1436263140000 67.415
1436263200000 67.574
1436263260000 67.52
1436263320000 67.54
1436263380000 67.55
1436263440000 67.4797
1436263500000 67.48
1436263560000 67.48
1436263620000 67.45
1436263680000 67.31
1436263740000 67.38
1436263800000 67.5
1436263860000 67.52
1436263920000 67.52
1436263980000 67.52
1436264040000 67.44
1436264100000 67.33
1436264160000 67.22
1436264220000 67.3
1436264280000 67.3
1436264340000 67.25
1436264400000 67.22
1436264460000 67.23
1436264520000 67.35
1436264580000 67.37
1436264700000 67.31
1436264760000 67.2
1436264820000 67.19
1436264880000 67.19
1436264940000 67.17
1436265000000 67.16
1436265060000 67.08
1436265120000 67.115
1436265180000 67.07
1436265240000 67.08
1436265300000 67.09
1436265360000 66.97
1436265420000 67.01
1436265480000 66.97
1436265540000 66.88
1436265600000 66.9
1436265660000 66.91
1436265720000 66.83
1436265780000 66.8
1436265840000 66.83
1436265900000 66.895
1436265960000 66.81
1436266020000 66.93
1436266080000 66.87
1436266140000 66.91
1436266200000 66.839
1436266260000 66.84
1436266320000 66.8643
1436266380000 66.94
1436266440000 67.02
1436266500000 67.09
1436266560000 67.04
1436266620000 67.08
1436266680000 67.12
1436266740000 67.04
1436266800000 67.04
1436266860000 66.96
1436266920000 66.9
1436266980000 66.98
1436267040000 66.91
1436267100000 66.88
1436267160000 66.83
1436267220000 66.86
1436267280000 66.88
1436267340000 66.95
1436267400000 66.94
1436267460000 66.94
1436267520000 66.94
1436267580000 67.04
1436267640000 66.905
1436267700000 66.93
1436267760000 67.0
1436267820000 67.05
1436267880000 66.99
1436268000000 66.98
1436268060000 66.88
1436268120000 66.87
1436268180000 66.96
1436268240000 67.02
1436268300000 66.98
1436268360000 66.98
1436268420000 66.985
1436268480000 67.02
1436268540000 66.93
1436268660000 66.95
1436268720000 66.94
1436268780000 66.91
1436268840000 66.8168
1436268900000 66.77
1436268960000 66.75
1436269020000 66.76
1436269080000 66.83
1436269140000 66.9
1436269200000 66.89
1436269260000 66.97
1436269320000 66.95
1436269380000 67.01
1436269440000 67.03
1436269500000 67.01
1436269560000 66.99
1436269620000 66.94
1436269680000 66.95
1436269740000 66.91
1436269800000 66.95
1436269860000 66.99
1436269920000 66.95
1436269980000 66.9
1436270040000 66.96
1436270100000 66.98
1436270160000 67.06
1436270220000 67.21
1436270280000 67.19
1436270340000 67.21
1436270400000 67.18
1436270520000 67.15
1436270580000 67.14
1436270640000 67.18
1436270700000 67.23
1436270760000 67.14
1436270820000 67.09
1436270880000 67.11
1436270940000 67.15
1436271000000 67.16
1436271060000 67.07
1436271120000 67.08
1436271180000 67.1
1436271240000 67.11
1436271300000 67.16
1436271360000 67.2
1436271540000 67.12
1436271600000 67.14
1436271660000 67.13
1436271720000 67.15
1436271840000 67.09
1436271900000 67.11
1436271960000 67.17
1436272020000 67.17
1436272080000 67.17
1436272200000 67.17
1436272260000 67.14
1436272320000 67.2445
1436272380000 67.18
1436272440000 67.16
1436272500000 67.15
1436272560000 67.18
1436272620000 67.3
1436272680000 67.34
1436272740000 67.37
1436272800000 67.365
1436272860000 67.27
1436272920000 67.31
1436272980000 67.26
1436273040000 67.27
1436273100000 67.37
1436273160000 67.37
1436273220000 67.35
1436273280000 67.38
1436273340000 67.43
1436273460000 67.4
1436273520000 67.36
1436273580000 67.36
1436273640000 67.44
1436273700000 67.47
1436273760000 67.41
1436273820000 67.44
1436273880000 67.48
1436273940000 67.48
1436274000000 67.51
1436274060000 67.48
1436274120000 67.44
1436274180000 67.4
1436274300000 67.35
1436274360000 67.37
1436274420000 67.32
1436274480000 67.29
1436274540000 67.3
1436274600000 67.25
1436274660000 67.27
1436274720000 67.36
1436274780000 67.45
1436274840000 67.43
1436274900000 67.41
1436274960000 67.4
1436275020000 67.34
1436275080000 67.26
1436275140000 67.28
1436275200000 67.39
1436275260000 67.3
1436275320000 67.2632
1436275380000 67.29
1436275440000 67.35
1436275500000 67.35
1436275560000 67.27
1436275620000 67.28
1436275740000 67.36
1436275800000 67.35
1436275860000 67.39
1436275920000 67.33
1436275980000 67.34
1436276040000 67.32
1436276100000 67.33
1436276160000 67.3
1436276220000 67.29
1436276340000 67.3
1436276400000 67.3
1436276520000 67.33
1436276580000 67.37
1436276640000 67.39
1436276760000 67.4
1436276820000 67.38
1436276880000 67.39
1436276940000 67.36
1436277000000 67.42
1436277120000 67.35
1436277180000 67.36
1436277240000 67.29
1436277300000 67.29
1436277360000 67.27
1436277420000 67.29
1436277480000 67.3
1436277540000 67.29
1436277600000 67.29
1436277660000 67.28
1436277720000 67.26
1436277780000 67.22
1436277840000 67.3
1436277900000 67.26
1436277960000 67.29
1436278020000 67.32
1436278140000 67.34
1436278200000 67.38
1436278260000 67.37
1436278320000 67.34
1436278380000 67.35
1436278440000 67.37
1436278500000 67.36
1436278560000 67.29
1436278620000 67.31
1436278680000 67.32
1436278740000 67.28
1436278800000 67.26
1436278860000 67.24
1436278920000 67.15
1436278980000 67.18
1436279040000 67.16
1436279100000 67.17
1436279160000 67.19
1436279220000 67.15
1436279280000 67.13
1436279400000 67.06
1436279460000 67.04
1436279520000 67.03
1436279580000 67.08
1436279640000 67.03
1436279700000 67.02
1436279760000 67.03
1436279820000 67.0
1436279880000 67.02
1436279940000 67.0736
1436280000000 67.08
1436280060000 67.11
1436280120000 67.16
1436280180000 67.14
1436280240000 67.28
1436280300000 67.377
1436280360000 67.35
1436280420000 67.4
1436280480000 67.38
1436280540000 67.33
1436280600000 67.3
1436280660000 67.34
1436280720000 67.351
1436280780000 67.3794
1436280840000 67.45
1436280900000 67.442
1436280960000 67.46
1436281020000 67.46
1436281080000 67.412
1436281140000 67.61
1436281260000 67.64
1436281320000 67.6
1436281380000 67.57
1436281440000 67.59
1436281500000 67.6736
1436281560000 67.63
1436281620000 67.58
1436281680000 67.56
