1404705600000 17.32
1404792000000 17.36
1404878400000 17.41
1404964800000 17.41
1406865600000 17.0
1407729600000 17.62
1407816000000 17.61
1407902400000 17.54
1407988800000 17.32
1408075200000 17.89
1408334400000 17.6
1408420800000 17.71
1408507200000 17.72
1408680000000 17.97
1408939200000 17.47
1409025600000 17.8
1409112000000 17.81
1409284800000 18.1701
1409716800000 18.0
1410148800000 17.45
1410235200000 17.78
1410321600000 17.76
1410408000000 17.76
1410494400000 17.7
1410753600000 17.7
1410840000000 17.65
1411099200000 18.4
1411358400000 17.89
1411444800000 17.78
1411704000000 18.5
1412827200000 18.5
1412913600000 18.5
1414123200000 18.53
1414555200000 18.3999
1414641600000 18.99
1414728000000 18.99
1414990800000 18.97
1415077200000 19.0
1415163600000 18.9999
1416200400000 19.0001
1416459600000 18.9
1416546000000 18.9001
1417150800000 18.95
1417410000000 19.03
1417669200000 19.26
1418014800000 21.0
1418101200000 21.0
1418187600000 19.06
1418274000000 20.0
1418619600000 19.01
1418878800000 19.01
1419915600000 20.0
1420174800000 20.0
1420520400000 19.01
1420606800000 19.5
1420693200000 20.01
1421730000000 20.01
1422248400000 20.75
1422421200000 20.59
1422853200000 20.01
1423112400000 20.0101
1423198800000 20.18
1423458000000 20.12
1423544400000 20.45
1423630800000 20.2501
1423717200000 20.41
1424149200000 20.3501
1424322000000 20.6526
1424754000000 20.5
1424840400000 20.5
1424926800000 20.5
1425272400000 20.35
1425358800000 19.3
1425445200000 19.8
1425618000000 19.6
1426046400000 19.6
1426219200000 19.1524
1426478400000 19.41
1426564800000 19.45
1426651200000 19.8
1426737600000 19.81
1427083200000 20.01
1427169600000 20.01
1427256000000 19.9
1427342400000 20.01
1427428800000 20.01
1427688000000 20.01
1427774400000 20.07
1427860800000 20.02
1427947200000 20.02
1428292800000 20.065
1428379200000 20.15
1428465600000 20.1
1428552000000 20.1
1428638400000 20.1
1428897600000 20.16
1429070400000 20.2999
1429156800000 20.2639
1429675200000 20.3
1429761600000 20.1696
1429848000000 20.3
1430107200000 20.499
1430193600000 20.5501
1430280000000 20.154
1430366400000 20.5
1431057600000 20.5
1431576000000 20.3
1431662400000 20.2
1431921600000 20.39
1432008000000 20.3605
1432180800000 20.3
1432612800000 20.15
1432699200000 19.69
1432785600000 19.07
1433217600000 19.07
1433304000000 18.5
1433476800000 18.85
1433908800000 18.85
1434340800000 20.0
1434427200000 20.91
1434686400000 18.62
1435032000000 20.1
1435291200000 19.77
1435550400000 19.08
1435636800000 18.4
1435723200000 18.8
