1436261400000 32.74
1436261520000 33.03
1436261700000 32.63
1436262000000 32.47
1436262060000 32.515
1436262120000 32.65
1436262180000 32.77
1436262240000 32.57
1436262300000 32.59
1436262360000 32.82
1436262420000 32.64
1436262540000 32.78
1436262600000 32.73
1436262780000 32.94
1436262840000 32.68
1436262900000 32.74
1436263020000 32.81
1436263200000 32.43
1436263260000 32.49
1436263380000 32.5175
1436263440000 32.665
1436263500000 32.62
1436263560000 32.284
1436263620000 32.14
1436264280000 32.01
1436264340000 32.02
1436264400000 31.79
1436264760000 31.91
1436264820000 32.008
1436264880000 32.0
1436264940000 31.99
1436265000000 31.99
1436265060000 31.98
1436265120000 32.0
1436265180000 31.99
1436265240000 31.905
1436265420000 32.0
1436265780000 31.92
1436265840000 31.79
1436266080000 31.845
1436266140000 31.96
1436266200000 31.98
1436266260000 31.95
1436266380000 32.0
1436266440000 32.0
1436266560000 31.9
1436266740000 31.92
1436266800000 31.92
1436267100000 31.84
1436267460000 31.85
1436267580000 31.83
1436267940000 31.79
1436268000000 31.86
1436268060000 31.9
1436268540000 31.76
1436268660000 31.8
1436268720000 31.88
1436268780000 32.01
1436268900000 31.8999
1436269140000 31.79
1436269200000 31.8
1436269320000 31.715
1436269380000 31.78
1436270160000 31.76
1436270700000 31.95
1436271660000 31.82
1436271720000 31.81
1436271840000 31.88
1436272140000 31.89
1436272980000 31.89
1436273040000 31.9
1436273160000 31.98
1436273340000 31.98
1436273880000 32.01
1436273940000 31.96
1436274180000 32.01
1436275200000 32.0
1436275620000 31.96
1436275800000 31.895
1436275860000 31.87
1436275920000 31.87
1436276040000 31.93
1436277240000 31.94
1436277300000 31.89
1436277720000 31.81
1436278260000 31.82
1436278740000 31.7
1436278860000 31.73
1436279040000 31.72
1436279460000 31.73
1436279520000 31.66
1436279580000 31.67
1436279640000 31.67
1436279760000 31.665
1436279820000 31.75
1436279880000 31.86
1436279940000 31.89
1436280120000 32.015
1436280240000 32.09
1436280480000 32.095
1436280540000 32.17
1436280600000 32.132
1436280720000 32.2
1436281020000 32.19
1436281080000 32.29
1436281140000 32.2
1436281260000 32.19
