1436261400000 2.74
1436261700000 2.74
1436262000000 2.7799
1436262720000 2.71
1436262780000 2.71
1436264040000 2.709
1436265240000 2.73
1436266320000 2.69
1436266440000 2.7
1436266740000 2.69
1436266800000 2.675
1436266860000 2.675
1436267460000 2.7
1436267580000 2.7
1436267640000 2.7
1436267700000 2.7
1436268000000 2.6801
1436268060000 2.69
1436268120000 2.6807
1436268420000 2.68
1436268540000 2.68
1436268600000 2.68
1436268900000 2.68
1436268960000 2.68
1436269560000 2.7
1436269620000 2.7
1436269740000 2.68
1436269800000 2.68
1436269860000 2.68
1436269920000 2.68
1436269980000 2.68
1436270040000 2.7
1436270220000 2.7
1436270580000 2.68
1436270640000 2.68
1436270760000 2.68
1436271240000 2.68
1436271840000 2.63
1436271900000 2.63
1436272020000 2.63
1436273820000 2.63
1436274360000 2.61
1436276340000 2.52
1436276460000 2.52
1436277240000 2.59
1436278980000 2.54
1436280480000 2.63
1436281560000 2.63
