1436262300000 18.39
1436263200000 18.2799
1436263440000 18.185
1436264040000 18.17
1436264820000 18.14
1436264880000 18.154
1436264940000 18.14
1436265000000 18.105
1436265120000 18.18
1436265300000 18.18
1436265420000 18.15
1436265480000 18.23
1436265960000 18.25
1436266020000 18.18
1436266740000 18.23
1436266980000 18.23
1436267040000 18.18
1436267640000 18.12
1436268060000 18.12
1436268180000 18.14
1436268540000 18.05
1436269140000 18.145
1436269440000 18.18
1436269500000 18.19
1436269860000 18.18
1436270880000 18.2
1436270940000 18.17
1436271240000 18.13
1436272860000 18.15
1436272920000 18.18
1436273040000 18.16
1436273760000 18.15
1436274720000 18.2
1436275320000 18.2999
1436276400000 18.21
1436276640000 18.2
1436276700000 18.18
1436277840000 18.2
1436278200000 18.18
1436278260000 18.26
1436278440000 18.15
1436278860000 18.14
1436279880000 18.09
1436280180000 18.23
1436280540000 18.29
1436280720000 18.39
1436281380000 18.39
1436281440000 18.43
