1436261400000 51.2
1436261460000 51.32
1436261520000 51.48
1436261580000 51.35
1436261640000 51.22
1436261700000 51.16
1436261760000 50.99
1436261820000 50.8
1436261880000 50.82
1436261940000 50.64
1436262000000 50.84
1436262060000 50.88
1436262120000 50.82
1436262180000 50.85
1436262300000 50.76
1436262360000 50.49
1436262420000 50.4
1436262480000 50.485
1436262540000 50.44
1436262660000 50.41
1436262720000 50.3699
1436262780000 50.5
1436262900000 50.45
1436262960000 50.51
1436263020000 50.38
1436263080000 50.34
1436263140000 50.3
1436263200000 50.201
1436263260000 50.28
1436263320000 50.24
1436263500000 50.34
1436263560000 50.27
1436263620000 50.22
1436263740000 50.19
1436263800000 50.24
1436263860000 50.29
1436263920000 50.25
1436263980000 50.19
1436264040000 50.18
1436264100000 50.215
1436264160000 50.15
1436264220000 50.01
1436264280000 49.94
1436264340000 49.985
1436264400000 50.0
1436264460000 50.005
1436264520000 50.1245
1436264580000 50.11
1436264640000 50.056
1436264760000 49.99
1436264820000 49.87
1436264880000 49.69
1436264940000 49.73
1436265000000 49.76
1436265060000 49.81
1436265120000 49.8
1436265180000 49.79
1436265240000 49.84
1436265300000 49.8999
1436265360000 49.84
1436265420000 49.845
1436265540000 49.82
1436265600000 49.7145
1436265660000 49.7
1436265720000 49.62
1436265780000 49.45
1436265840000 49.24
1436265900000 49.26
1436265960000 49.2659
1436266020000 49.43
1436266080000 49.52
1436266140000 49.61
1436266200000 49.5
1436266260000 49.5699
1436266320000 49.61
1436266380000 49.7907
1436266440000 49.94
1436266500000 49.98
1436266620000 49.95
1436266680000 49.96
1436266740000 49.81
1436266800000 49.86
1436266860000 49.72
1436266920000 49.77
1436266980000 49.77
1436267040000 49.795
1436267100000 49.79
1436267160000 49.775
1436267220000 49.76
1436267280000 49.8
1436267340000 49.849
1436267400000 49.765
1436267460000 49.76
1436267520000 49.89
1436267580000 49.91
1436267640000 49.98
1436267700000 50.038
1436267760000 50.04
1436267820000 50.12
1436267880000 50.11
1436267940000 50.28
1436268060000 50.11
1436268120000 49.9101
1436268180000 50.01
1436268360000 49.9101
1436268420000 49.83
1436268480000 49.8365
1436268540000 49.82
1436268600000 49.69
1436268660000 49.71
1436268720000 49.71
1436268780000 49.68
1436268840000 49.66
1436268900000 49.57
1436268960000 49.6299
1436269020000 49.67
1436269080000 49.71
1436269140000 49.77
1436269200000 49.78
1436269260000 49.81
1436269320000 49.88
1436269440000 49.92
1436269500000 49.92
1436269680000 49.9223
1436269740000 49.95
1436269800000 49.8685
1436269920000 49.9207
1436269980000 49.95
1436270040000 49.98
1436270100000 50.01
1436270160000 50.11
1436270220000 50.28
1436270280000 50.24
1436270340000 50.29
1436270400000 50.23
1436270460000 50.24
1436270520000 50.18
1436270580000 50.2
1436270640000 50.3
1436270700000 50.28
1436270760000 50.28
1436270820000 50.28
1436270880000 50.23
1436270940000 50.25
1436271000000 50.24
1436271060000 50.16
1436271120000 50.13
1436271180000 50.135
1436271240000 50.1
1436271300000 50.12
1436271360000 50.1
1436271420000 50.0
1436271480000 49.98
1436271540000 49.95
1436271600000 49.95
1436271660000 49.9
1436271720000 49.84
1436271780000 49.81
1436271840000 49.72
1436271900000 49.7699
1436271960000 49.67
1436272020000 49.61
1436272080000 49.595
1436272140000 49.6
1436272200000 49.54
1436272260000 49.56
1436272380000 49.67
1436272440000 49.74
1436272500000 49.75
1436272560000 49.82
1436272620000 49.85
1436272680000 49.87
1436272740000 49.92
1436272800000 49.91
1436272860000 49.89
1436272920000 49.91
1436272980000 49.91
1436273100000 49.91
1436273160000 49.95
1436273220000 49.96
1436273280000 50.02
1436273340000 50.015
1436273400000 50.01
1436273460000 49.945
1436273520000 49.85
1436273580000 49.78
1436273640000 49.78
1436273760000 49.84
1436273820000 49.8508
1436273880000 49.89
1436273940000 49.93
1436274000000 49.93
1436274060000 49.93
1436274120000 49.9
1436274180000 49.83
1436274240000 49.87
1436274300000 49.8731
1436274360000 49.875
1436274420000 49.71
1436274480000 49.75
1436274540000 49.8
1436274600000 49.83
1436274660000 49.82
1436274720000 50.02
1436274780000 50.09
1436274840000 50.1699
1436274900000 50.188
1436274960000 50.03
1436275020000 49.92
1436275140000 49.85
1436275200000 49.86
1436275260000 49.83
1436275320000 49.9
1436275380000 49.9299
1436275440000 49.88
1436275500000 49.93
1436275560000 49.9
1436275620000 49.83
1436275680000 49.82
1436275800000 49.86
1436275860000 49.92
1436276040000 49.8725
1436276100000 49.84
1436276160000 49.94
1436276220000 49.96
1436276340000 50.01
1436276400000 50.01
1436276460000 50.02
1436276520000 49.95
1436276580000 49.92
1436276640000 49.99
1436276700000 50.14
1436276760000 50.1
1436276820000 50.055
1436276880000 50.02
1436276940000 50.04
1436277000000 50.09
1436277060000 50.05
1436277120000 50.055
1436277180000 50.06
1436277300000 50.05
1436277360000 50.09
1436277480000 50.1
1436277540000 50.075
1436277600000 50.02
1436277660000 50.11
1436277720000 50.06
1436277780000 49.96
1436277840000 50.02
1436277900000 50.0
1436277960000 50.01
1436278020000 50.02
1436278080000 50.02
1436278140000 49.99
1436278200000 50.02
1436278260000 50.025
1436278320000 49.99
1436278380000 49.985
1436278440000 49.99
1436278500000 49.961
1436278560000 49.97
1436278620000 49.95
1436278680000 49.9534
1436278740000 49.88
1436278920000 49.78
1436278980000 49.7508
1436279040000 49.69
1436279100000 49.73
1436279160000 49.75
1436279220000 49.79
1436279280000 49.76
1436279400000 49.83
1436279460000 49.87
1436279520000 49.96
1436279640000 49.88
1436279700000 49.84
1436279760000 49.88
1436279820000 49.93
1436279880000 49.95
1436280000000 49.9648
1436280060000 49.9
1436280120000 49.97
1436280180000 49.97
1436280240000 50.0151
1436280300000 50.02
1436280420000 50.07
1436280480000 50.07
1436280540000 50.05
1436280600000 50.07
1436280660000 50.05
1436280780000 50.1298
1436280840000 50.2435
1436280900000 50.16
1436281020000 50.2
1436281080000 50.24
1436281140000 50.27
1436281260000 50.296
1436281320000 50.34
1436281380000 50.3
1436281440000 50.3
1436281500000 50.29
1436281560000 50.25
