1436261400000 39.87
1436262000000 40.01
1436262060000 40.0
1436262240000 40.03
1436263080000 39.97
1436263260000 39.96
1436263680000 40.05
1436264520000 39.97
1436264580000 39.95
1436264940000 39.85
1436265000000 39.89
1436265120000 39.85
1436265180000 39.85
1436265300000 39.85
1436265780000 39.75
1436266200000 39.66
1436266320000 39.65
1436266380000 39.6
1436266680000 39.55
1436266740000 39.62
1436266800000 39.65
1436267400000 39.7
1436267460000 39.67
1436267640000 39.66
1436267700000 39.66
1436268480000 39.7212
1436268540000 39.7
1436269080000 39.85
1436269200000 39.81
1436269680000 39.8
1436269740000 39.79
1436269860000 39.83
1436270160000 39.79
1436270700000 39.83
1436271720000 39.88
1436271840000 39.91
1436271900000 39.95
1436271960000 39.99
1436272140000 39.99
1436272200000 39.95
1436272680000 39.98
1436272740000 39.95
1436272800000 40.05
1436273040000 40.05
1436273100000 40.1
1436273160000 40.05
1436273460000 40.0
1436274240000 40.16
1436274420000 40.15
1436274720000 40.22
1436276340000 40.26
1436276400000 40.27
1436276760000 40.34
1436277300000 40.32
1436277420000 40.42
1436277720000 40.44
1436277840000 40.47
1436277900000 40.47
1436277960000 40.48
1436278080000 40.48
1436278140000 40.48
1436279400000 40.405
1436279880000 40.49
1436279940000 40.49
1436280060000 40.54
1436280180000 40.54
1436280480000 40.58
1436280540000 40.58
1436281080000 40.58
1436281140000 40.58
1436281200000 40.59
1436281260000 40.59
1436281320000 40.59
1436281440000 40.59
1436281500000 40.59
