1436261400000 37.57
1436261640000 37.54
1436262600000 37.57
1436262840000 37.5
1436262900000 37.46
1436262960000 37.5099
1436263020000 37.45
1436263200000 37.38
1436263800000 37.36
1436263860000 37.43
1436264100000 37.4
1436264220000 37.31
1436264460000 37.34
1436264760000 37.35
1436264880000 37.34
1436265120000 37.24
1436265180000 37.18
1436265300000 37.26
1436265360000 37.26
1436265480000 37.19
1436265960000 37.23
1436266020000 37.175
1436266080000 37.18
1436266140000 37.15
1436266200000 37.16
1436266320000 37.18
1436266380000 37.18
1436266440000 37.21
1436266560000 37.22
1436266620000 37.17
1436266680000 37.157
1436266800000 37.15
1436266920000 37.16
1436266980000 37.14
1436267040000 37.134
1436267100000 37.13
1436267220000 37.01
1436267280000 37.03
1436267940000 37.03
1436268060000 36.91
1436268120000 36.89
1436268180000 36.97
1436268240000 36.93
1436268360000 36.96
1436268420000 36.96
1436268480000 36.96
1436268540000 36.94
1436268660000 36.9
1436268840000 36.83
1436268900000 36.81
1436269020000 36.81
1436269080000 36.86
1436269140000 36.94
1436269200000 36.92
1436269260000 36.98
1436269320000 37.0
1436269380000 36.98
1436269440000 36.945
1436269560000 36.97
1436269620000 36.88
1436269740000 36.94
1436269860000 36.935
1436269980000 36.96
1436270040000 36.97
1436270100000 36.98
1436270160000 37.025
1436270220000 37.11
1436270340000 37.13
1436270580000 37.07
1436270640000 37.1
1436270700000 37.095
1436270760000 37.095
1436270880000 37.105
1436271000000 37.12
1436271120000 37.15
1436271300000 37.12
1436271360000 37.15
1436271420000 37.1557
1436271480000 37.19
1436271540000 37.2
1436271600000 37.2
1436271660000 37.23
1436271840000 37.29
1436271900000 37.29
1436272020000 37.25
1436272080000 37.29
1436272140000 37.33
1436272260000 37.28
1436272320000 37.33
1436272380000 37.35
1436272500000 37.38
1436272560000 37.39
1436272680000 37.39
1436272740000 37.4
1436272800000 37.4
1436273100000 37.44
1436273160000 37.45
1436273220000 37.5
1436273280000 37.53
1436273580000 37.46
1436273640000 37.4895
1436273700000 37.5599
1436273760000 37.5
1436274120000 37.55
1436274180000 37.56
1436274240000 37.57
1436274300000 37.56
1436274360000 37.57
1436274540000 37.54
1436274600000 37.53
1436274660000 37.53
1436274840000 37.6
1436275020000 37.55
1436275260000 37.6
1436275320000 37.61
1436275380000 37.59
1436275440000 37.595
1436275560000 37.58
1436275680000 37.64
1436275920000 37.66
1436276040000 37.66
1436276100000 37.7
1436276160000 37.685
1436276220000 37.71
1436276340000 37.66
1436276640000 37.69
1436276880000 37.62
1436276940000 37.66
1436277060000 37.7
1436277120000 37.73
1436277180000 37.73
1436277360000 37.73
1436277600000 37.72
1436277660000 37.7
1436277840000 37.724
1436277900000 37.71
1436278080000 37.72
1436278260000 37.7
1436278320000 37.75
1436278440000 37.78
1436278500000 37.72
1436278620000 37.71
1436278680000 37.66
1436278740000 37.7
1436278800000 37.67
1436278860000 37.69
1436278920000 37.73
1436279280000 37.7
1436279520000 37.67
1436279580000 37.7
1436279640000 37.69
1436279760000 37.71
1436279880000 37.72
1436280060000 37.71
1436280120000 37.7
1436280300000 37.7
1436280420000 37.78
1436280600000 37.81
1436280660000 37.755
1436280720000 37.8
1436280900000 37.8
1436280960000 37.74
1436281080000 37.79
1436281140000 37.83
1436281200000 37.91
1436281260000 37.87
1436281320000 37.88
1436281440000 37.92
1436281560000 37.87
1436281620000 37.87
