1436261400000 21.38
1436261460000 21.31
1436261640000 21.35
1436261760000 21.34
1436262300000 21.34
1436262600000 21.32
1436262840000 21.48
1436262900000 21.33
1436263020000 21.32
1436263080000 21.25
1436263320000 21.33
1436263500000 21.34
1436263620000 21.26
1436263680000 21.26
1436264220000 21.21
1436264340000 21.2971
1436264700000 21.19
1436264760000 21.07
1436264940000 21.03
1436265240000 21.02
1436265360000 21.01
1436265420000 20.75
1436265540000 20.75
1436265600000 20.601
1436265720000 20.6899
1436265900000 20.63
1436265960000 20.67
1436266020000 20.7
1436266200000 20.87
1436266260000 20.87
1436266440000 20.96
1436266500000 21.06
1436266620000 21.09
1436266740000 21.11
1436266800000 21.1
1436266920000 20.97
1436267040000 21.0
1436267100000 21.1
1436267160000 21.1
1436267520000 21.06
1436267640000 21.09
1436267760000 21.05
1436267880000 21.01
1436267940000 21.09
1436268000000 21.0
1436268060000 20.91
1436268120000 20.936
1436268300000 20.96
1436268360000 20.87
1436268480000 20.9
1436268720000 20.93
1436268840000 20.85
1436269080000 20.82
1436269140000 20.83
1436269320000 20.88
1436269380000 20.867
1436269440000 20.93
1436269560000 20.9
1436269740000 20.9
1436269800000 20.88
1436270100000 20.82
1436270160000 20.86
1436270220000 20.96
1436270340000 20.96
1436270880000 21.02
1436271360000 20.88
1436271960000 20.87
1436272200000 20.925
1436272440000 20.98
1436273220000 21.06
1436273280000 21.11
1436273340000 21.1548
1436273400000 21.19
1436273460000 21.18
1436273640000 21.19
1436274060000 21.32
1436274120000 21.23
1436274420000 21.15
1436274660000 21.15
1436274840000 21.2662
1436274900000 21.23
1436275080000 21.23
1436275200000 21.23
1436275500000 21.29
1436275560000 21.27
1436276220000 21.3
1436276280000 21.28
1436276400000 21.279
1436277360000 21.31
1436278440000 21.26
1436278680000 21.24
1436278800000 21.1699
1436278980000 21.03
1436279220000 21.04
1436279280000 21.08
1436279520000 21.09
1436279640000 21.16
1436280360000 21.29
1436280480000 21.28
1436280780000 21.23
1436280840000 21.3
1436281320000 21.35
1436281440000 21.39
1436281500000 21.38
