1436261400000 17.44
1436261460000 17.42
1436261700000 17.29
1436261820000 17.2118
1436261880000 17.16
1436261940000 17.255
1436262060000 17.21
1436262180000 17.243
1436262240000 17.28
1436262360000 17.27
1436262420000 17.3
1436262540000 17.37
1436262600000 17.35
1436262660000 17.36
1436262720000 17.37
1436262780000 17.39
1436263020000 17.35
1436263080000 17.35
1436263140000 17.35
1436263200000 17.35
1436263260000 17.35
1436263320000 17.35
1436263380000 17.35
1436263440000 17.35
1436263500000 17.35
1436263560000 17.26
1436263680000 17.11
1436263740000 17.1195
1436263800000 17.11
1436263860000 17.05
1436263920000 17.05
1436263980000 17.03
1436264040000 17.07
1436264100000 17.077
1436264160000 17.1842
1436264220000 17.15
1436264280000 17.16
1436264340000 17.14
1436264400000 17.1
1436264460000 17.1
1436264520000 17.12
1436264580000 17.1
1436264640000 17.1
1436264700000 17.11
1436264760000 17.08
1436264820000 17.1182
1436265000000 17.12
1436265060000 17.05
1436265120000 17.0468
1436265300000 17.025
1436265360000 16.98
1436265420000 16.87
1436265480000 16.83
1436265540000 16.84
1436265600000 16.78
1436265660000 16.76
1436265720000 16.71
1436265780000 16.71
1436265840000 16.71
1436265900000 16.76
1436265960000 16.798
1436266020000 16.93
1436266080000 16.95
1436266140000 16.88
1436266200000 16.824
1436266260000 16.89
1436266320000 16.94
1436266380000 17.0
1436266440000 17.04
1436266500000 17.04
1436266560000 17.0001
1436266680000 17.081
1436266800000 17.07
1436266860000 17.02
1436266920000 17.01
1436266980000 17.05
1436267220000 17.0
1436267280000 16.99
1436267460000 17.0
1436267580000 17.143
1436267640000 17.03
1436267820000 17.03
1436267880000 17.049
1436267940000 17.0
1436268000000 16.9682
1436268060000 16.95
1436268180000 16.91
1436268360000 16.93
1436268420000 16.85
1436268540000 16.8
1436268660000 16.82
1436268720000 16.82
1436268780000 16.81
1436268840000 16.7601
1436269140000 16.84
1436269200000 16.86
1436269260000 16.88
1436269320000 16.9
1436269380000 16.938
1436269440000 16.93
1436269500000 16.97
1436269560000 16.8993
1436269680000 16.84
1436269740000 16.85
1436269800000 16.82
1436269860000 16.8
1436270040000 16.83
1436270160000 16.848
1436270220000 16.93
1436270340000 16.88
1436270580000 16.9
1436270640000 16.9199
1436270700000 16.86
1436270760000 16.86
1436270940000 16.87
1436271120000 16.864
1436271180000 16.85
1436271240000 16.85
1436271300000 16.83
1436271360000 16.81
1436271480000 16.76
1436271540000 16.78
1436271720000 16.795
1436271900000 16.8276
1436271960000 16.82
1436272020000 16.84
1436272320000 16.88
1436272380000 16.89
1436272500000 16.89
1436272560000 16.88
1436272620000 16.89
1436272740000 16.94
1436272920000 16.96
1436272980000 16.999
1436273100000 17.0
1436273160000 17.0
1436273220000 17.03
1436273340000 17.025
1436273520000 17.04
1436273580000 16.98
1436273640000 17.01
1436273700000 16.98
1436273820000 17.0
1436273880000 17.02
1436274000000 17.02
1436274060000 17.0599
1436274120000 17.03
1436274180000 16.97
1436274240000 16.97
1436274300000 16.97
1436274360000 16.92
1436274420000 16.9599
1436274480000 16.97
1436274600000 16.97
1436274660000 17.0199
1436274780000 17.03
1436274960000 16.98
1436275080000 16.99
1436275200000 16.94
1436275260000 16.95
1436275320000 16.95
1436275380000 16.98
1436275440000 17.0
1436275500000 16.97
1436275560000 16.98
1436275620000 16.95
1436275680000 16.98
1436275740000 16.98
1436275800000 16.99
1436275920000 16.95
1436275980000 17.0
1436276040000 17.0
1436276100000 17.0764
1436276160000 17.08
1436276280000 17.08
1436276340000 17.07
1436276400000 17.055
1436276460000 17.045
1436276520000 17.035
1436276580000 17.035
1436276640000 17.05
1436276700000 17.1
1436276760000 17.08
1436276940000 17.08
1436277060000 17.07
1436277120000 17.065
1436277180000 17.06
1436277240000 17.0783
1436277300000 17.08
1436277660000 17.07
1436277720000 17.07
1436277780000 17.08
1436277960000 17.1099
1436278200000 17.08
1436278260000 17.07
1436278320000 17.05
1436278380000 17.07
1436278440000 17.04
1436278500000 17.01
1436278560000 17.01
1436278620000 17.0
1436278680000 17.01
1436278740000 17.0
1436278800000 16.98
1436278860000 16.93
1436278920000 16.88
1436278980000 16.85
1436279100000 16.9
1436279280000 16.91
1436279340000 16.9
1436279400000 16.9099
1436279460000 16.9
1436279520000 16.91
1436279580000 16.95
1436279700000 16.95
1436279760000 16.95
1436279880000 17.0
1436280000000 17.05
1436280060000 17.07
1436280120000 17.152
1436280180000 17.14
1436280240000 17.1325
1436280300000 17.09
1436280360000 17.128
1436280420000 17.11
1436280480000 17.07
1436280540000 17.05
1436280600000 17.07
1436280660000 17.06
1436280780000 17.07
1436280960000 17.04
1436281080000 17.1
1436281140000 17.13
1436281200000 17.09
1436281260000 17.09
1436281320000 17.07
1436281440000 17.07
1436281500000 17.07
1436281560000 17.03
1436281620000 17.0
