1436261400000 0.465
1436261640000 0.465
1436261700000 0.4575
1436262240000 0.4552
1436262540000 0.4506
1436263140000 0.4506
1436263320000 0.4506
1436263860000 0.4599
1436264280000 0.4512
1436265240000 0.4506
1436265960000 0.45
1436266260000 0.4404
1436266500000 0.4436
1436266980000 0.449
1436267220000 0.45
1436267520000 0.4498
1436268060000 0.4499
1436268720000 0.4419
1436268840000 0.44
1436268900000 0.44
1436268960000 0.44
1436269020000 0.4496
1436269140000 0.44
1436269200000 0.44
1436269260000 0.44
1436269320000 0.44
1436269440000 0.44
1436269500000 0.4499
1436269560000 0.44
1436269620000 0.4416
1436269740000 0.44
1436269800000 0.44
1436269860000 0.4449
1436269920000 0.44
1436270040000 0.44
1436270100000 0.44
1436270160000 0.44
1436270220000 0.4498
1436270340000 0.44
1436270400000 0.44
1436270460000 0.4401
1436270520000 0.4496
1436270580000 0.4401
1436270640000 0.4401
1436270700000 0.44
1436270760000 0.44
1436270820000 0.44
1436270880000 0.4449
1436270940000 0.44
1436271000000 0.44
1436271060000 0.44
1436271120000 0.44
1436271180000 0.4496
1436271240000 0.44
1436271300000 0.44
1436271360000 0.4495
1436271420000 0.44
1436271540000 0.44
1436271600000 0.44
1436271660000 0.44
1436271720000 0.44
1436271840000 0.4401
1436271900000 0.44
1436271960000 0.44
1436272020000 0.4403
1436272080000 0.4489
1436272140000 0.4404
1436272200000 0.4402
1436272260000 0.44
1436272320000 0.4402
1436272440000 0.44
1436272500000 0.44
1436272560000 0.44
1436272620000 0.44
1436272740000 0.44
1436272800000 0.44
1436272860000 0.4496
1436272920000 0.44
1436272980000 0.44
1436273040000 0.44
1436273220000 0.4496
1436273280000 0.45
1436273340000 0.45
1436273460000 0.45
1436273520000 0.45
1436273580000 0.45
1436273880000 0.4578
1436274060000 0.4599
1436274300000 0.4599
1436274540000 0.4599
1436274660000 0.45
1436274720000 0.4598
1436274780000 0.45
1436274900000 0.45
1436274960000 0.4597
1436275020000 0.45
1436275080000 0.45
1436275140000 0.45
1436275200000 0.45
1436275260000 0.45
1436275320000 0.45
1436275380000 0.45
1436275440000 0.4595
1436275500000 0.45
1436275560000 0.4501
1436275620000 0.4501
1436275680000 0.45
1436275740000 0.45
1436275800000 0.45
1436275860000 0.45
1436275920000 0.45
1436275980000 0.45
1436276100000 0.45
1436276160000 0.45
1436276220000 0.45
1436276280000 0.45
1436276340000 0.45
1436276400000 0.45
1436276460000 0.45
1436276520000 0.45
1436276580000 0.45
1436276640000 0.45
1436276700000 0.45
1436276760000 0.45
1436276820000 0.45
1436276880000 0.45
1436276940000 0.45
1436277000000 0.45
1436277120000 0.4471
1436277180000 0.4425
1436277240000 0.4425
1436277300000 0.4425
1436277780000 0.442
1436277840000 0.442
1436277900000 0.442
1436277960000 0.442
1436278020000 0.442
1436278080000 0.442
1436278140000 0.442
1436278200000 0.442
1436278260000 0.442
1436278320000 0.442
1436278380000 0.442
1436278440000 0.442
1436278500000 0.442
1436278560000 0.442
1436278620000 0.442
1436278740000 0.442
1436278800000 0.442
1436278860000 0.442
1436278920000 0.442
1436278980000 0.442
1436279940000 0.4424
1436280360000 0.45
1436280900000 0.4568
