1436261400000 14.4
1436261460000 14.39
1436261520000 14.39
1436261580000 14.33
1436261700000 14.22
1436261760000 14.264
1436261820000 14.27
1436262000000 14.28
1436262120000 14.31
1436262240000 14.27
1436262360000 14.25
1436262420000 14.22
1436262480000 14.22
1436262600000 14.24
1436262660000 14.23
1436262720000 14.26
1436262780000 14.27
1436262840000 14.27
1436262900000 14.26
1436263140000 14.2
1436263200000 14.2
1436263260000 14.21
1436263320000 14.2
1436263380000 14.19
1436263440000 14.18
1436263500000 14.18
1436263560000 14.18
1436263620000 14.18
1436263680000 14.17
1436263740000 14.16
1436263800000 14.17
1436263920000 14.18
1436263980000 14.18
1436264040000 14.18
1436264100000 14.17
1436264160000 14.18
1436264220000 14.18
1436264280000 14.18
1436264340000 14.2099
1436264400000 14.19
1436264460000 14.19
1436264520000 14.19
1436264640000 14.19
1436264760000 14.17
1436264820000 14.16
1436264880000 14.15
1436264940000 14.15
1436265000000 14.14
1436265060000 14.15
1436265120000 14.13
1436265180000 14.14
1436265240000 14.13
1436265300000 14.14
1436265360000 14.14
1436265420000 14.13
1436265480000 14.11
1436265540000 14.11
1436265600000 14.11
1436265660000 14.1
1436265720000 14.1
1436265840000 14.09
1436265900000 14.08
1436265960000 14.08
1436266020000 14.105
1436266080000 14.1
1436266140000 14.09
1436266200000 14.09
1436266260000 14.0794
1436266320000 14.1
1436266440000 14.11
1436266500000 14.11
1436266560000 14.08
1436266620000 14.1
1436266680000 14.09
1436266800000 14.07
1436266860000 14.05
1436266920000 14.05
1436266980000 14.05
1436267040000 14.05
1436267100000 14.05
1436267160000 14.05
1436267220000 14.05
1436267280000 14.06
1436267340000 14.0517
1436267400000 14.06
1436267460000 14.08
1436267520000 14.08
1436267580000 14.09
1436267640000 14.0899
1436267700000 14.07
1436267760000 14.09
1436267820000 14.09
1436267880000 14.1
1436268000000 14.09
1436268060000 14.08
1436268120000 14.07
1436268240000 14.08
1436268300000 14.07
1436268360000 14.07
1436268480000 14.07
1436268540000 14.07
1436268600000 14.06
1436268720000 14.06
1436268780000 14.06
1436268840000 14.06
1436268900000 14.05
1436268960000 14.051
1436269020000 14.05
1436269080000 14.07
1436269140000 14.07
1436269200000 14.07
1436269320000 14.08
1436269380000 14.09
1436269440000 14.09
1436269500000 14.09
1436269680000 14.08
1436269800000 14.08
1436269860000 14.09
1436269980000 14.08
1436270100000 14.09
1436270160000 14.1
1436270220000 14.12
1436270280000 14.11
1436270400000 14.09
1436270580000 14.09
1436270640000 14.09
1436270700000 14.1
1436270760000 14.09
1436270820000 14.09
1436270880000 14.09
1436270940000 14.08
1436271000000 14.09
1436271060000 14.08
1436271120000 14.08
1436271240000 14.08
1436271300000 14.09
1436271420000 14.09
1436271480000 14.08
1436271540000 14.08
1436271720000 14.095
1436271840000 14.09
1436271900000 14.09
1436271960000 14.11
1436272020000 14.1
1436272080000 14.095
1436272140000 14.09
1436272260000 14.1
1436272440000 14.11
1436272500000 14.11
1436272560000 14.09
1436272620000 14.1
1436272680000 14.11
1436272740000 14.12
1436272800000 14.13
1436272920000 14.12
1436272980000 14.11
1436273040000 14.1
1436273100000 14.1
1436273160000 14.12
1436273220000 14.13
1436273340000 14.12
1436273400000 14.12
1436273460000 14.13
1436273640000 14.14
1436273760000 14.15
1436273820000 14.14
1436273880000 14.16
1436273940000 14.16
1436274060000 14.17
1436274180000 14.15
1436274240000 14.16
1436274300000 14.14
1436274360000 14.13
1436274420000 14.13
1436274480000 14.14
1436274600000 14.16
1436274660000 14.16
1436274720000 14.17
1436274780000 14.18
1436274840000 14.19
1436274900000 14.2
1436274960000 14.16
1436275020000 14.15
1436275140000 14.1595
1436275200000 14.17
1436275320000 14.17
1436275440000 14.18
1436275500000 14.18
1436275560000 14.17
1436275680000 14.16
1436275740000 14.17
1436275860000 14.17
1436275920000 14.16
1436275980000 14.16
1436276040000 14.17
1436276100000 14.17
1436276220000 14.16
1436276280000 14.15
1436276340000 14.15
1436276400000 14.16
1436276520000 14.16
1436276580000 14.16
1436276640000 14.17
1436276700000 14.19
1436276760000 14.17
1436276820000 14.17
1436276880000 14.17
1436277000000 14.18
1436277060000 14.17
1436277120000 14.17
1436277240000 14.155
1436277300000 14.15
1436277360000 14.14
1436277420000 14.14
1436277540000 14.13
1436277600000 14.13
1436277660000 14.14
1436277720000 14.14
1436277780000 14.13
1436277840000 14.13
1436277900000 14.13
1436277960000 14.13
1436278020000 14.13
1436278080000 14.13
1436278260000 14.13
1436278320000 14.1
1436278380000 14.11
1436278440000 14.11
1436278500000 14.11
1436278680000 14.1
1436278740000 14.09
1436278800000 14.08
1436278860000 14.08
1436278920000 14.07
1436278980000 14.07
1436279040000 14.08
1436279160000 14.09
1436279280000 14.095
1436279340000 14.08
1436279400000 14.08
1436279520000 14.08
1436279580000 14.0701
1436279640000 14.07
1436279700000 14.06
1436279820000 14.06
1436279880000 14.06
1436279940000 14.075
1436280000000 14.08
1436280060000 14.085
1436280120000 14.09
1436280180000 14.11
1436280240000 14.1199
1436280300000 14.13
1436280360000 14.13
1436280420000 14.15
1436280480000 14.15
1436280540000 14.145
1436280600000 14.15
1436280720000 14.16
1436280780000 14.1635
1436280840000 14.18
1436280900000 14.1701
1436280960000 14.17
1436281020000 14.17
1436281080000 14.19
1436281140000 14.21
1436281200000 14.22
1436281260000 14.22
1436281320000 14.21
1436281380000 14.21
1436281440000 14.21
1436281500000 14.22
1436281560000 14.19
1436281620000 14.19
