1436261400000 0.64
1436261460000 0.6301
1436261520000 0.6301
1436261580000 0.622
1436261640000 0.6231
1436261700000 0.6106
1436261820000 0.6202
1436261880000 0.6118
1436262000000 0.6107
1436262060000 0.6122
1436262120000 0.611
1436262300000 0.6106
1436262360000 0.6179
1436262480000 0.6194
1436262600000 0.6181
1436262660000 0.61
1436262720000 0.609
1436262780000 0.6014
1436262840000 0.6013
1436262900000 0.6035
1436262960000 0.6035
1436263020000 0.595
1436263080000 0.5959
1436263140000 0.5931
1436263200000 0.5959
1436263260000 0.59
1436263320000 0.5875
1436263380000 0.591
1436263500000 0.587
1436263560000 0.585
1436263620000 0.5879
1436263680000 0.5949
1436263740000 0.59
1436263800000 0.591
1436263860000 0.5876
1436263920000 0.59
1436263980000 0.5899
1436264040000 0.59
1436264160000 0.5959
1436264220000 0.61
1436264280000 0.6063
1436264340000 0.6099
1436264400000 0.6131
1436264520000 0.6195
1436264640000 0.61
1436264700000 0.6103
1436264760000 0.61
1436265120000 0.601
1436265180000 0.6024
1436265360000 0.601
1436265420000 0.601
1436265660000 0.6024
1436265780000 0.6012
1436265900000 0.6099
1436266020000 0.6011
1436266200000 0.6012
1436266560000 0.6116
1436266620000 0.6113
1436266680000 0.6113
1436266800000 0.6008
1436266980000 0.6008
1436267100000 0.6099
1436267160000 0.6061
1436267640000 0.6044
1436267760000 0.6044
1436268480000 0.6007
1436268600000 0.6
1436268840000 0.6001
1436268960000 0.6
1436269080000 0.5999
1436269200000 0.6
1436269440000 0.5999
1436269620000 0.5969
1436269680000 0.5941
1436270040000 0.594
1436270100000 0.59
1436270160000 0.59
1436270460000 0.5982
1436270520000 0.5984
1436270700000 0.5922
1436270820000 0.5984
1436270880000 0.5959
1436270940000 0.5969
1436271120000 0.5982
1436271180000 0.598
1436271540000 0.5975
1436271960000 0.598
1436272140000 0.5966
1436272260000 0.5946
1436272380000 0.5901
1436272500000 0.5983
1436272620000 0.5982
1436273100000 0.59
1436273160000 0.5984
1436273820000 0.5901
1436274060000 0.59
1436274660000 0.5896
1436274960000 0.586
1436275020000 0.5897
1436275140000 0.585
1436275200000 0.585
1436275380000 0.5849
1436275500000 0.582
1436275620000 0.5846
1436275800000 0.5833
1436275920000 0.581
1436276100000 0.581
1436276160000 0.581
1436276640000 0.5834
1436276760000 0.58
1436276880000 0.5801
1436277000000 0.5804
1436277300000 0.5801
1436277360000 0.58
1436277420000 0.58
1436277480000 0.5828
1436277840000 0.58
1436277900000 0.58
1436278020000 0.58
1436278080000 0.5845
1436278260000 0.58
1436279460000 0.5845
1436279520000 0.5845
1436279940000 0.5905
1436280240000 0.585
1436280780000 0.5835
1436280900000 0.587
1436281020000 0.58
1436281080000 0.58
1436281140000 0.5876
1436281200000 0.58
1436281320000 0.5837
1436281440000 0.5877
1436281500000 0.5899
1436281560000 0.5896
