1436261400000 36.75
1436261640000 36.49
1436261700000 36.4
1436261760000 36.75
1436261820000 36.58
1436262000000 36.344
1436262180000 36.43
1436262240000 36.32
1436262840000 36.3
1436262900000 36.09
1436263080000 36.09
1436263140000 36.09
1436263620000 36.04
1436263680000 36.03
1436263740000 36.01
1436263800000 36.03
1436264220000 36.0
1436264460000 36.27
1436264580000 36.39
1436264820000 36.36
1436264940000 36.22
1436265540000 36.19
1436265600000 36.08
1436265660000 36.25
1436265900000 36.22
1436266680000 36.23
1436266740000 36.1899
1436266800000 36.17
1436267220000 35.91
1436267280000 36.0
1436268000000 35.9422
1436268540000 36.02
1436268660000 36.0
1436268840000 36.01
1436268900000 36.05
1436270160000 36.04
1436270340000 36.0
1436271360000 36.06
1436271420000 35.97
1436272020000 36.03
1436272440000 36.05
1436272860000 36.29
1436272920000 36.19
1436273040000 36.02
1436273160000 35.975
1436273940000 35.96
1436274000000 36.08
1436274360000 36.22
1436276100000 36.15
1436276940000 36.23
1436277120000 36.185
1436277180000 36.31
1436277480000 36.24
1436277660000 36.28
1436278200000 36.2
1436278440000 36.105
1436278500000 36.19
1436278560000 36.18
1436278800000 36.14
1436278920000 36.19
1436278980000 36.21
1436279040000 36.2
1436279400000 36.0899
1436279580000 36.17
1436279700000 36.26
1436280720000 36.36
1436281140000 36.49
