1436261400000 53.0
1436261460000 52.66
1436261520000 52.86
1436261580000 52.875
1436261640000 52.96
1436261700000 52.89
1436261760000 52.915
1436261820000 53.03
1436261880000 53.09
1436261940000 53.035
1436262000000 52.9
1436262060000 53.06
1436262120000 53.05
1436262180000 53.07
1436262240000 53.07
1436262300000 53.01
1436262360000 52.91
1436262420000 52.89
1436262480000 52.83
1436262540000 52.77
1436262600000 52.67
1436262660000 52.75
1436262720000 52.76
1436262840000 52.97
1436262900000 53.07
1436262960000 53.08
1436263020000 53.1392
1436263080000 53.12
1436263140000 53.03
1436263200000 53.11
1436263260000 53.09
1436263320000 53.14
1436263380000 53.11
1436263440000 53.31
1436263500000 53.32
1436263560000 53.32
1436263620000 53.25
1436263680000 53.25
1436263740000 53.3197
1436263800000 53.39
1436263860000 53.44
1436263920000 53.535
1436263980000 53.56
1436264040000 53.59
1436264100000 53.5699
1436264160000 53.535
1436264220000 53.54
1436264280000 53.68
1436264340000 53.65
1436264400000 53.68
1436264460000 53.4
1436264580000 53.48
1436264640000 53.4
1436264700000 53.47
1436264760000 53.45
1436264820000 53.53
1436264880000 53.61
1436265000000 53.614
1436265060000 53.67
1436265120000 53.65
1436265180000 53.66
1436265240000 53.51
1436265300000 53.675
1436265360000 53.68
1436265480000 53.56
1436265540000 53.52
1436265600000 53.48
1436265660000 53.4
1436265720000 53.51
1436265780000 53.53
1436265840000 53.56
1436265900000 53.505
1436265960000 53.43
1436266020000 53.56
1436266080000 53.55
1436266200000 53.63
1436266260000 53.35
1436266320000 53.41
1436266380000 53.42
1436266440000 53.5
1436266560000 53.35
1436266620000 53.3
1436266680000 53.4
1436266740000 53.425
1436266800000 53.46
1436266860000 53.46
1436266920000 53.38
1436266980000 53.32
1436267040000 53.39
1436267160000 53.32
1436267220000 53.3
1436267280000 53.34
1436267400000 53.37
1436267520000 53.25
1436267580000 53.36
1436267640000 53.1
1436267700000 53.28
1436267760000 53.15
1436267880000 53.27
1436268060000 53.1
1436268120000 53.0
1436268180000 53.0186
1436268240000 53.1
1436268300000 53.18
1436268360000 53.21
1436268420000 53.1
1436268540000 53.02
1436268660000 52.91
1436268780000 52.96
1436268840000 52.94
1436268960000 53.1904
1436269140000 53.28
1436269200000 53.5224
1436269260000 53.2701
1436269320000 53.392
1436269380000 53.42
1436269620000 53.59
1436269680000 53.2401
1436269920000 53.0
1436270160000 53.06
1436270340000 53.13
1436270400000 53.09
1436270520000 53.0714
1436270580000 53.13
1436270940000 53.16
1436271000000 53.1
1436271060000 53.03
1436271120000 53.06
1436271240000 53.09
1436271300000 53.1
1436271540000 53.1
1436271600000 53.12
1436271660000 53.13
1436272140000 53.07
1436272200000 53.09
1436272260000 53.235
1436272500000 53.22
1436272680000 53.33
1436272740000 53.39
1436272980000 53.4
1436273100000 53.66
1436273160000 53.59
1436273220000 53.61
1436273280000 53.5999
1436273340000 53.6
1436273460000 53.63
1436273580000 53.68
1436273640000 53.68
1436273700000 53.58
1436273760000 53.41
1436273820000 53.45
1436273880000 53.6
1436273940000 53.605
1436274000000 53.465
1436274060000 53.68
1436274120000 53.63
1436274180000 53.572
1436274240000 53.64
1436274360000 53.53
1436274480000 53.22
1436274540000 53.31
1436274720000 53.49
1436274780000 53.48
1436274840000 53.57
1436274960000 53.57
1436275080000 53.47
1436275140000 53.46
1436275200000 53.39
1436275260000 53.34
1436275320000 53.41
1436275380000 53.46
1436275500000 53.42
1436275680000 53.32
1436275740000 53.44
1436275800000 53.45
1436275860000 53.49
1436275920000 53.445
1436275980000 53.52
1436276040000 53.44
1436276220000 53.59
1436276280000 53.51
1436276460000 53.47
1436276520000 53.4
1436276580000 53.26
1436276700000 53.27
1436276820000 53.38
1436276880000 53.5499
1436276940000 53.46
1436277000000 53.49
1436277060000 53.42
1436277120000 53.48
1436277180000 53.44
1436277300000 53.28
1436277360000 53.34
1436277600000 53.31
1436277660000 53.49
1436277720000 53.37
1436277780000 53.5099
1436277840000 53.46
1436277900000 53.44
1436277960000 53.46
1436278080000 53.35
1436278140000 53.35
1436278200000 53.33
1436278380000 53.3
1436278440000 53.29
1436278500000 53.22
1436278560000 53.31
1436278620000 53.28
1436278740000 53.2599
1436278860000 53.08
1436278920000 53.12
1436278980000 53.14
1436279040000 53.15
1436279100000 53.13
1436279160000 53.13
1436279220000 53.2
1436279280000 53.16
1436279340000 53.2
1436279400000 53.185
1436279460000 53.22
1436279520000 53.22
1436279580000 53.214
1436279640000 53.28
1436279700000 53.29
1436279760000 53.32
1436279820000 53.37
1436279880000 53.36
1436279940000 53.48
1436280000000 53.52
1436280060000 53.45
1436280120000 53.49
1436280180000 53.56
1436280240000 53.54
1436280360000 53.49
1436280420000 53.28
1436280600000 53.33
1436280660000 53.38
1436280720000 53.38
1436280780000 53.46
1436280840000 53.98
1436280900000 54.44
1436280960000 54.2388
1436281020000 54.3624
1436281080000 54.5196
1436281140000 54.6
1436281200000 54.52
1436281260000 54.465
1436281320000 54.5
1436281380000 54.75
1436281440000 54.71
1436281500000 54.65
1436281560000 54.8
1436281620000 54.77
