1404705600000 17.49
1404792000000 17.06
1404878400000 17.06
1404964800000 16.79
1405051200000 16.78
1405310400000 17.11
1405396800000 17.0
1405483200000 16.97
1405569600000 17.0
1405656000000 17.44
1405915200000 17.53
1406001600000 17.57
1406088000000 17.49
1406174400000 17.37
1406260800000 17.05
1406520000000 17.2
1406606400000 18.97
1406692800000 19.47
1406779200000 19.06
1406865600000 19.18
1407124800000 19.48
1407211200000 19.2
1407297600000 19.18
1407384000000 19.06
1407470400000 19.2
1407729600000 19.22
1407816000000 19.32
1407902400000 19.2
1407988800000 19.13
1408075200000 19.03
1408334400000 19.11
1408420800000 19.04
1408507200000 18.81
1408593600000 19.41
1408680000000 19.04
1408939200000 19.12
1409025600000 19.26
1409112000000 19.17
1409198400000 19.25
1409284800000 19.32
1409630400000 19.14
1409716800000 19.0
1409803200000 19.15
1409889600000 19.16
1410148800000 19.33
1410235200000 18.93
1410321600000 18.86
1410408000000 18.91
1410494400000 18.76
1410753600000 18.52
1410840000000 18.58
1410926400000 18.53
1411012800000 18.7
1411099200000 17.78
1411358400000 17.46
1411444800000 17.01
1411531200000 16.92
1411617600000 16.64
1411704000000 16.79
1411963200000 16.77
1412049600000 16.82
1412136000000 16.7
1412222400000 16.89
1412308800000 16.74
1412568000000 16.54
1412654400000 16.09
1412740800000 16.42
1412827200000 16.19
1412913600000 15.99
1413172800000 16.16
1413259200000 16.5
1413345600000 17.06
1413432000000 16.93
1413518400000 16.8
1413777600000 16.98
1413864000000 16.94
1413950400000 16.09
1414036800000 16.47
1414123200000 16.59
1414382400000 16.65
1414468800000 17.03
1414555200000 16.91
1414641600000 17.09
1414728000000 20.85
1414990800000 20.71
1415077200000 20.82
1415163600000 20.88
1415250000000 20.85
1415336400000 20.63
1415595600000 20.61
1415682000000 20.54
1415768400000 20.73
1415854800000 20.99
1415941200000 21.03
1416200400000 21.39
1416286800000 21.25
1416373200000 24.18
1416459600000 24.19
1416546000000 24.14
1416805200000 24.16
1416891600000 24.19
1416978000000 24.16
1417150800000 24.17
1417410000000 24.17
1417496400000 24.2
1417582800000 24.18
1417669200000 24.19
1417755600000 24.25
1418014800000 24.2
1418101200000 24.22
1418187600000 24.2
1418274000000 24.19
1418360400000 24.2
1418619600000 24.19
1418706000000 24.2
1418792400000 24.26
1418878800000 24.26
1418965200000 24.26
1419224400000 24.23
