1436261400000 4.79
1436261520000 4.79
1436261580000 4.78
1436261640000 4.74
1436261700000 4.7
1436261760000 4.663
1436261820000 4.665
1436261880000 4.68
1436261940000 4.6001
1436262000000 4.5801
1436262060000 4.6071
1436262120000 4.62
1436262180000 4.6199
1436262240000 4.59
1436262300000 4.58
1436262360000 4.57
1436262420000 4.568
1436262480000 4.54
1436262540000 4.5401
1436262600000 4.539
1436262660000 4.54
1436262720000 4.54
1436262780000 4.5401
1436262840000 4.535
1436262900000 4.521
1436262960000 4.5128
1436263020000 4.51
1436263080000 4.473
1436263140000 4.47
1436263200000 4.4597
1436263260000 4.44
1436263320000 4.43
1436263380000 4.4299
1436263440000 4.42
1436263500000 4.43
1436263560000 4.43
1436263620000 4.42
1436263680000 4.42
1436263740000 4.38
1436263800000 4.3872
1436263860000 4.4
1436263920000 4.4
1436263980000 4.41
1436264040000 4.41
1436264100000 4.41
1436264160000 4.38
1436264220000 4.38
1436264280000 4.39
1436264340000 4.39
1436264400000 4.39
1436264460000 4.39
1436264520000 4.3801
1436264580000 4.39
1436264640000 4.4
1436264700000 4.39
1436264760000 4.3999
1436264820000 4.39
1436264880000 4.398
1436264940000 4.39
1436265000000 4.38
1436265060000 4.37
1436265120000 4.38
1436265180000 4.39
1436265240000 4.385
1436265300000 4.385
1436265360000 4.39
1436265420000 4.4
1436265480000 4.39
1436265540000 4.39
1436265600000 4.3601
1436265660000 4.3654
1436265720000 4.3699
1436265780000 4.37
1436265840000 4.36
1436265900000 4.365
1436265960000 4.365
1436266020000 4.3699
1436266080000 4.3799
1436266140000 4.3899
1436266200000 4.385
1436266260000 4.395
1436266320000 4.395
1436266380000 4.394
1436266440000 4.3701
1436266500000 4.38
1436266560000 4.38
1436266620000 4.38
1436266680000 4.385
1436266740000 4.3867
1436266800000 4.37
1436266860000 4.37
1436266920000 4.36
1436266980000 4.37
1436267040000 4.37
1436267100000 4.377
1436267160000 4.38
1436267220000 4.39
1436267280000 4.39
1436267340000 4.39
1436267400000 4.3965
1436267460000 4.4
1436267520000 4.42
1436267580000 4.42
1436267640000 4.44
1436267700000 4.46
1436267760000 4.46
1436267820000 4.46
1436267880000 4.47
1436267940000 4.46
1436268000000 4.47
1436268060000 4.48
1436268120000 4.47
1436268180000 4.47
1436268240000 4.4616
1436268300000 4.475
1436268360000 4.48
1436268420000 4.485
1436268480000 4.4899
1436268540000 4.485
1436268600000 4.48
1436268660000 4.47
1436268720000 4.44
1436268780000 4.45
1436268840000 4.45
1436268900000 4.45
1436268960000 4.45
1436269020000 4.45
1436269080000 4.46
1436269140000 4.48
1436269200000 4.48
1436269260000 4.49
1436269320000 4.501
1436269380000 4.52
1436269440000 4.53
1436269500000 4.5379
1436269560000 4.53
1436269620000 4.53
1436269680000 4.53
1436269740000 4.5299
1436269800000 4.53
1436269860000 4.54
1436269920000 4.53
1436269980000 4.53
1436270040000 4.53
1436270100000 4.53
1436270160000 4.53
1436270220000 4.55
1436270280000 4.55
1436270340000 4.5583
1436270400000 4.56
1436270460000 4.55
1436270520000 4.53
1436270580000 4.54
1436270640000 4.54
1436270700000 4.54
1436270760000 4.54
1436270820000 4.55
1436270880000 4.545
1436270940000 4.545
1436271000000 4.55
1436271060000 4.55
1436271120000 4.53
1436271180000 4.53
1436271240000 4.53
1436271300000 4.53
1436271360000 4.528
1436271420000 4.52
1436271480000 4.5179
1436271540000 4.52
1436271600000 4.5101
1436271720000 4.52
1436271780000 4.53
1436271840000 4.52
1436271900000 4.54
1436271960000 4.54
1436272020000 4.55
1436272080000 4.56
1436272140000 4.58
1436272200000 4.58
1436272260000 4.61
1436272320000 4.61
1436272380000 4.63
1436272440000 4.63
1436272500000 4.62
1436272560000 4.62
1436272620000 4.6302
1436272680000 4.62
1436272740000 4.65
1436272800000 4.66
1436272860000 4.6544
1436272920000 4.66
1436272980000 4.66
1436273040000 4.68
1436273100000 4.6799
1436273160000 4.67
1436273220000 4.68
1436273280000 4.6944
1436273340000 4.7
1436273400000 4.695
1436273460000 4.687
1436273520000 4.685
1436273580000 4.68
1436273640000 4.69
1436273700000 4.7052
1436273760000 4.71
1436273820000 4.7
1436273880000 4.7
1436273940000 4.72
1436274000000 4.72
1436274060000 4.74
1436274120000 4.71
1436274240000 4.7189
1436274300000 4.7137
1436274360000 4.71
1436274420000 4.7079
1436274540000 4.71
1436274600000 4.71
1436274660000 4.69
1436274720000 4.69
1436274780000 4.69
1436274840000 4.69
1436274900000 4.69
1436274960000 4.67
1436275020000 4.6545
1436275080000 4.65
1436275140000 4.66
1436275200000 4.655
1436275260000 4.65
1436275320000 4.65
1436275380000 4.655
1436275440000 4.66
1436275500000 4.64
1436275560000 4.64
1436275620000 4.64
1436275680000 4.64
1436275740000 4.65
1436275800000 4.65
1436275860000 4.66
1436275920000 4.65
1436275980000 4.65
1436276040000 4.65
1436276100000 4.65
1436276160000 4.655
1436276220000 4.65
1436276280000 4.65
1436276340000 4.6599
1436276400000 4.6501
1436276460000 4.66
1436276520000 4.68
1436276580000 4.68
1436276640000 4.66
1436276700000 4.67
1436276760000 4.68
1436276820000 4.68
1436276880000 4.66
1436276940000 4.6665
1436277000000 4.65
1436277060000 4.65
1436277120000 4.65
1436277180000 4.64
1436277240000 4.64
1436277300000 4.64
1436277360000 4.6401
1436277420000 4.64
1436277480000 4.63
1436277540000 4.635
1436277600000 4.63
1436277660000 4.6399
1436277720000 4.635
1436277780000 4.64
1436277840000 4.63
1436277900000 4.64
1436277960000 4.64
1436278020000 4.62
1436278080000 4.59
1436278140000 4.5901
1436278200000 4.59
1436278260000 4.595
1436278320000 4.6001
1436278380000 4.605
1436278440000 4.615
1436278500000 4.61
1436278560000 4.61
1436278620000 4.6
1436278680000 4.61
1436278740000 4.61
1436278800000 4.61
1436278860000 4.62
1436278920000 4.64
1436278980000 4.62
1436279040000 4.63
1436279100000 4.63
1436279160000 4.63
1436279220000 4.635
1436279280000 4.64
1436279340000 4.64
1436279400000 4.635
1436279460000 4.635
1436279520000 4.63
1436279580000 4.64
1436279640000 4.64
1436279700000 4.635
1436279760000 4.63
1436279820000 4.64
1436279880000 4.635
1436279940000 4.65
1436280000000 4.65
1436280060000 4.65
1436280120000 4.655
1436280180000 4.67
1436280240000 4.685
1436280420000 4.68
1436280480000 4.68
1436280540000 4.685
1436280660000 4.69
1436280720000 4.7
1436280780000 4.71
1436280840000 4.7
1436280900000 4.7
1436280960000 4.7
1436281020000 4.7
1436281080000 4.705
1436281140000 4.7
1436281200000 4.7
1436281260000 4.71
1436281320000 4.7
1436281380000 4.7
1436281440000 4.705
1436281500000 4.7
1436281560000 4.7
