1436261400000 15.94
1436261460000 15.94
1436261640000 15.91
1436261820000 15.85
1436262000000 15.82
1436262060000 15.81
1436262120000 15.8
1436262240000 15.79
1436262300000 15.83
1436262360000 15.81
1436262480000 15.81
1436262540000 15.8
1436262600000 15.81
1436262660000 15.81
1436262720000 15.805
1436262780000 15.81
1436262840000 15.805
1436262900000 15.81
1436262960000 15.8
1436263020000 15.78
1436263080000 15.78
1436263140000 15.8
1436263200000 15.8
1436263380000 15.765
1436263440000 15.76
1436263500000 15.76
1436263560000 15.76
1436263620000 15.76
1436263680000 15.745
1436263740000 15.775
1436263800000 15.78
1436263860000 15.77
1436263920000 15.78
1436263980000 15.78
1436264040000 15.78
1436264100000 15.775
1436264160000 15.77
1436264220000 15.77
1436264280000 15.77
1436264340000 15.77
1436264400000 15.7681
1436264460000 15.76
1436264520000 15.76
1436264580000 15.76
1436264640000 15.755
1436264700000 15.75
1436264760000 15.73
1436264820000 15.7
1436264880000 15.72
1436265000000 15.75
1436265120000 15.72
1436265180000 15.705
1436265240000 15.71
1436265300000 15.72
1436265360000 15.72
1436265720000 15.67
1436265780000 15.69
1436265840000 15.69
1436265960000 15.67
1436266020000 15.68
1436266200000 15.68
1436266260000 15.67
1436266440000 15.69
1436266500000 15.69
1436266560000 15.69
1436266680000 15.67
1436266800000 15.64
1436266860000 15.64
1436267040000 15.62
1436267100000 15.6
1436267280000 15.61
1436267340000 15.61
1436267400000 15.62
1436267460000 15.65
1436267640000 15.66
1436267700000 15.65
1436267760000 15.65
1436268000000 15.6799
1436268060000 15.66
1436268600000 15.64
1436268720000 15.66
1436268840000 15.645
1436268900000 15.62
1436268960000 15.63
1436269080000 15.64
1436269140000 15.65
1436269200000 15.63
1436269260000 15.66
1436269380000 15.66
1436269440000 15.67
1436269560000 15.665
1436269800000 15.65
1436269860000 15.65
1436269980000 15.66
1436270040000 15.65
1436270100000 15.66
1436270160000 15.68
1436270280000 15.71
1436270340000 15.67
1436270400000 15.67
1436270520000 15.69
1436270640000 15.68
1436270760000 15.67
1436270820000 15.655
1436271000000 15.655
1436271180000 15.67
1436271240000 15.68
1436271300000 15.67
1436271360000 15.67
1436271480000 15.63
1436271540000 15.64
1436271600000 15.65
1436271900000 15.64
1436271960000 15.65
1436272020000 15.67
1436272080000 15.64
1436272140000 15.655
1436272500000 15.65
1436272800000 15.67
1436272980000 15.67
1436273220000 15.69
1436273280000 15.68
1436273340000 15.68
1436273520000 15.68
1436273580000 15.68
1436273640000 15.69
1436274180000 15.7
1436274240000 15.69
1436274300000 15.68
1436274360000 15.67
1436274420000 15.67
1436274480000 15.67
1436274540000 15.68
1436274660000 15.6995
1436274780000 15.68
1436275200000 15.69
1436275260000 15.71
1436275380000 15.7
1436275680000 15.7
1436275740000 15.69
1436275800000 15.7
1436275920000 15.71
1436276280000 15.69
1436276400000 15.69
1436276460000 15.7
1436276520000 15.71
1436276640000 15.72
1436276700000 15.733
1436276940000 15.73
1436277000000 15.73
1436277060000 15.73
1436277120000 15.735
1436277420000 15.69
1436277600000 15.69
1436277780000 15.69
1436277900000 15.69
1436277960000 15.71
1436278020000 15.71
1436278080000 15.7
1436278140000 15.7
1436278260000 15.71
1436278560000 15.69
1436278620000 15.695
1436278680000 15.6865
1436278800000 15.68
1436278860000 15.68
1436278920000 15.68
1436278980000 15.67
1436279040000 15.67
1436279160000 15.68
1436279220000 15.68
1436279520000 15.69
1436279580000 15.69
1436279640000 15.7
1436279880000 15.68
1436280000000 15.69
1436280060000 15.71
1436280120000 15.72
1436280180000 15.72
1436280360000 15.72
1436280420000 15.72
1436280480000 15.74
1436280540000 15.75
1436280660000 15.76
1436280780000 15.75
1436280840000 15.77
1436280900000 15.76
1436280960000 15.75
1436281020000 15.76
1436281080000 15.78
1436281140000 15.79
1436281200000 15.79
1436281260000 15.8
1436281320000 15.79
1436281440000 15.78
1436281500000 15.79
1436281560000 15.79
