1436261400000 233.25
1436261460000 232.88
1436261520000 232.935
1436261640000 233.33
1436261700000 232.68
1436261760000 232.55
1436261820000 232.59
1436261880000 233.0
1436261940000 233.0
1436262000000 232.75
1436262060000 232.75
1436262120000 232.47
1436262180000 232.78
1436262240000 232.86
1436262300000 232.81
1436262360000 232.51
1436262420000 232.78
1436262480000 232.88
1436262540000 232.93
1436262660000 232.58
1436262720000 232.73
1436262780000 232.68
1436262840000 232.79
1436262960000 232.71
1436263080000 232.67
1436263140000 232.63
1436263200000 232.34
1436263260000 232.34
1436263380000 232.32
1436263440000 232.4097
1436263560000 232.41
1436263620000 232.24
1436263680000 231.85
1436263740000 231.99
1436263800000 232.19
1436263860000 232.48
1436263920000 232.36
1436263980000 232.33
1436264040000 232.48
1436264100000 232.325
1436264160000 232.41
1436264220000 232.36
1436264280000 232.4
1436264340000 232.65
1436264400000 232.53
1436264460000 232.21
1436264520000 232.43
1436264580000 232.49
1436264640000 232.28
1436264760000 232.0
1436264820000 231.92
1436264880000 231.78
1436264940000 231.93
1436265000000 231.9199
1436265060000 231.8
1436265120000 231.8
1436265180000 231.86
1436265240000 231.56
1436265300000 231.5
1436265360000 231.4
1436265420000 231.495
1436265480000 231.47
1436265540000 231.47
1436265600000 231.49
1436265660000 231.45
1436265720000 231.2
1436265780000 231.15
1436265840000 231.29
1436265900000 231.33
1436265960000 231.3
1436266020000 231.7
1436266080000 231.59
1436266140000 231.615
1436266200000 231.59
1436266260000 231.58
1436266320000 231.66
1436266380000 231.69
1436266440000 231.928
1436266500000 232.05
1436266560000 231.8
1436266620000 231.99
1436266680000 231.92
1436266740000 231.97
1436266800000 231.928
1436266860000 231.85
1436266920000 231.98
1436266980000 232.04
1436267040000 231.7628
1436267100000 231.73
1436267160000 231.8
1436267220000 231.85
1436267280000 231.89
1436267340000 231.96
1436267400000 231.97
1436267460000 232.06
1436267520000 232.04
1436267580000 232.24
1436267640000 231.9801
1436267760000 232.13
1436267820000 231.98
1436267880000 231.85
1436268000000 231.7325
1436268060000 231.65
1436268120000 231.5
1436268180000 231.7012
1436268240000 231.85
1436268300000 231.68
1436268360000 231.68
1436268420000 231.68
1436268480000 231.82
1436268540000 231.54
1436268660000 231.43
1436268720000 231.39
1436268780000 231.295
1436268840000 231.21
1436268900000 231.185
1436268960000 231.21
1436269080000 231.38
1436269140000 231.5608
1436269200000 231.66
1436269260000 231.74
1436269320000 231.7
1436269380000 231.81
1436269440000 231.95
1436269500000 231.8866
1436269560000 232.0
1436269620000 232.05
1436269680000 231.95
1436269740000 232.04
1436269800000 231.92
1436269860000 231.8201
1436269920000 231.82
1436269980000 231.96
1436270040000 231.91
1436270100000 232.08
1436270160000 232.13
1436270220000 232.61
1436270280000 232.41
1436270340000 232.54
1436270400000 232.53
1436270460000 232.67
1436270520000 232.67
1436270580000 232.58
1436270760000 232.705
1436270820000 232.71
1436270880000 232.665
1436270940000 232.78
1436271000000 232.765
1436271060000 232.6
1436271120000 232.55
1436271180000 232.62
1436271240000 232.79
1436271300000 232.77
1436271360000 232.82
1436271420000 232.58
1436271480000 232.64
1436271540000 232.68
1436271600000 232.755
1436271660000 232.83
1436271720000 232.67
1436271840000 232.59
1436271900000 232.645
1436271960000 232.66
1436272020000 232.625
1436272080000 232.7
1436272200000 232.57
1436272260000 232.64
1436272320000 232.645
1436272380000 232.62
1436272440000 232.76
1436272500000 232.685
1436272560000 232.54
1436272620000 232.63
1436272680000 232.645
1436272740000 232.77
1436272800000 232.81
1436272860000 232.88
1436272920000 232.88
1436272980000 232.915
1436273040000 232.76
1436273100000 233.0
1436273160000 233.06
1436273220000 233.06
1436273340000 233.25
1436273400000 233.28
1436273460000 233.35
1436273580000 233.08
1436273640000 233.21
1436273760000 233.36
1436273820000 233.48
1436273880000 233.54
1436274120000 233.32
1436274180000 233.16
1436274240000 233.22
1436274300000 233.21
1436274360000 233.09
1436274420000 232.92
1436274480000 232.92
1436274660000 233.08
1436274720000 233.21
1436274780000 233.53
1436274840000 233.74
1436274900000 233.37
1436274960000 233.25
1436275080000 233.11
1436275140000 233.05
1436275200000 233.1
1436275260000 233.01
1436275320000 233.01
1436275380000 233.01
1436275560000 233.21
1436275620000 233.2
1436275680000 233.33
1436275740000 233.37
1436275800000 233.5
1436275860000 233.5
1436275920000 233.434
1436275980000 233.31
1436276040000 233.26
1436276160000 233.4016
1436276220000 233.37
1436276340000 233.46
1436276400000 233.365
1436276460000 233.26
1436276520000 233.3
1436276580000 233.35
1436276640000 233.46
1436276700000 233.47
1436276760000 233.47
1436276820000 233.35
1436276880000 233.24
1436276940000 233.38
1436277000000 233.35
1436277060000 233.18
1436277120000 233.12
1436277180000 233.13
1436277240000 233.13
1436277300000 233.15
1436277360000 233.21
1436277420000 233.3
1436277480000 233.17
1436277540000 233.13
1436277600000 233.14
1436277660000 233.07
1436277720000 233.06
1436277780000 233.04
1436277840000 233.07
1436277900000 233.0
1436277960000 233.13
1436278020000 233.08
1436278080000 233.11
1436278140000 233.1
1436278200000 233.09
1436278260000 233.08
1436278320000 232.98
1436278380000 232.87
1436278440000 232.815
1436278500000 232.61
1436278620000 232.6
1436278680000 232.47
1436278740000 232.42
1436278800000 232.32
1436278860000 232.36
1436278920000 232.33
1436278980000 232.29
1436279040000 232.36
1436279100000 232.22
1436279160000 232.36
1436279220000 232.25
1436279340000 232.28
1436279400000 232.24
1436279460000 232.26
1436279580000 232.67
1436279640000 232.63
1436279700000 232.58
1436279760000 232.59
1436279820000 232.59
1436279880000 232.56
1436279940000 232.78
1436280000000 232.79
1436280060000 232.85
1436280120000 233.17
1436280180000 233.205
1436280240000 233.64
1436280300000 233.59
1436280360000 233.57
1436280420000 233.56
1436280480000 233.35
1436280540000 233.34
1436280600000 233.23
1436280660000 233.23
1436280720000 233.23
1436280780000 233.26
1436280840000 233.365
1436280900000 233.64
1436280960000 233.63
1436281020000 233.59
1436281080000 233.83
1436281260000 234.1
1436281320000 234.16
1436281380000 234.05
1436281440000 233.89
1436281500000 234.04
1436281560000 233.77
1436281620000 233.79
