1436261400000 7.5
1436261460000 7.43
1436261520000 7.54
1436261580000 7.53
1436261640000 7.1264
1436261700000 7.33
1436261760000 7.38
1436261820000 7.39
1436261880000 7.34
1436261940000 7.37
1436262000000 7.38
1436262060000 7.35
1436262120000 7.29
1436262180000 7.3001
1436262240000 7.38
1436262300000 7.37
1436262360000 7.3703
1436262420000 7.4
1436262480000 7.38
1436262540000 7.271
1436262600000 7.29
1436262660000 7.344
1436262720000 7.359
1436262780000 7.35
1436262840000 7.3455
1436262900000 7.34
1436262960000 7.3
1436263020000 7.25
1436263080000 7.24
1436263140000 7.274
1436263200000 7.27
1436263260000 7.23
1436263320000 7.22
1436263380000 7.27
1436263500000 7.28
1436263560000 7.2701
1436263620000 7.29
1436263680000 7.32
1436263740000 7.33
1436263800000 7.37
1436263860000 7.37
1436263920000 7.48
1436263980000 7.45
1436264040000 7.44
1436264100000 7.442
1436264160000 7.2
1436264220000 7.1899
1436264280000 7.14
1436264340000 7.19
1436264460000 7.15
1436264520000 7.109
1436264580000 7.0894
1436264640000 7.06
1436264700000 7.0502
1436264760000 7.08
1436264820000 7.09
1436264880000 7.09
1436264940000 7.0999
1436265000000 7.05
1436265060000 7.07
1436265120000 7.0463
1436265240000 7.0701
1436265300000 7.1
1436265360000 7.1
1436265420000 7.11
1436265480000 7.19
1436265600000 7.1501
1436265660000 7.16
1436265720000 7.1201
1436265780000 7.15
1436265840000 7.18
1436265900000 7.19
1436265960000 7.2399
1436266140000 7.1701
1436266200000 7.17
1436266260000 7.1501
1436266320000 7.2132
1436266680000 7.1601
1436266740000 7.2
1436266920000 7.23
1436266980000 7.18
1436267100000 7.215
1436267160000 7.15
1436267280000 7.1103
1436267340000 7.1
1436267520000 7.12
1436267880000 7.16
1436267940000 7.15
1436268000000 7.1732
1436268180000 7.1682
1436268240000 7.128
1436268360000 7.11
1436268540000 7.11
1436268600000 7.11
1436268720000 7.129
1436268780000 7.1165
1436269320000 7.1404
1436269560000 7.11
1436269620000 7.15
1436269680000 7.17
1436269860000 7.2
1436269920000 7.1991
1436269980000 7.2195
1436270040000 7.199
1436270220000 7.1948
1436270940000 7.1501
1436271000000 7.2053
1436271120000 7.17
1436271180000 7.2173
1436271540000 7.16
1436271660000 7.13
1436271780000 7.11
1436271840000 7.1
1436272140000 7.13
1436272500000 7.1499
1436272620000 7.1274
1436272680000 7.15
1436272920000 7.15
1436272980000 7.12
1436273340000 7.14
1436273520000 7.121
1436273700000 7.15
1436273940000 7.15
1436274120000 7.15
1436274240000 7.149
1436275080000 7.13
1436275320000 7.13
1436275740000 7.1492
1436275860000 7.13
1436275920000 7.14
1436275980000 7.111
1436276280000 7.14
1436276640000 7.14
1436276760000 7.14
1436277000000 7.14
1436277060000 7.149
1436277300000 7.15
1436277420000 7.15
1436277840000 7.14
1436277900000 7.205
1436278080000 7.2
1436278380000 7.22
1436278440000 7.19
1436278620000 7.24
1436278860000 7.27
1436278920000 7.2896
1436278980000 7.29
1436279040000 7.26
1436279100000 7.279
1436279160000 7.265
1436279400000 7.2312
1436279520000 7.23
1436279640000 7.25
1436279880000 7.25
1436280360000 7.27
1436280480000 7.28
1436280540000 7.2799
1436280660000 7.275
1436280720000 7.3
1436280780000 7.29
1436280840000 7.29
1436280900000 7.29
1436280960000 7.295
1436281020000 7.29
1436281080000 7.29
1436281140000 7.295
1436281260000 7.29
1436281320000 7.29
1436281380000 7.26
1436281560000 7.22
