1436265660000 14.75
1436266500000 14.75
1436266740000 14.76
1436266920000 14.76
1436267040000 14.76
1436267220000 14.76
1436267340000 14.76
1436267520000 14.76
1436267640000 14.76
1436267820000 14.76
1436268000000 14.76
1436268120000 14.77
1436268300000 14.77
1436268480000 14.77
1436268600000 14.77
1436268780000 14.77
1436268960000 14.77
1436269140000 14.76
1436269320000 14.76
1436269440000 14.76
1436269620000 14.76
1436269800000 14.76
1436269980000 14.76
1436270160000 14.76
1436270400000 14.76
1436270580000 14.76
1436270760000 14.76
1436270940000 14.76
1436271120000 14.76
1436271360000 14.76
1436271480000 14.76
1436271540000 14.76
1436271720000 14.76
1436271960000 14.76
1436272080000 14.76
1436272140000 14.76
1436272260000 14.76
1436272380000 14.76
1436272500000 14.76
1436272620000 14.76
1436272740000 14.77
1436272800000 14.76
1436273040000 14.76
1436273160000 14.76
1436273280000 14.76
1436273460000 14.75
1436273700000 14.75
1436273940000 14.75
1436274060000 14.75
1436274120000 14.75
1436274240000 14.75
1436274360000 14.75
1436274600000 14.75
1436276760000 14.75
1436277180000 14.75
1436278020000 14.75
1436278200000 14.75
1436278380000 14.75
1436278500000 14.74
1436279580000 14.75
1436279700000 14.75
1436279880000 14.75
1436280000000 14.75
1436280180000 14.75
1436280300000 14.75
1436280420000 14.75
1436280540000 14.75
1436280720000 14.75
1436280840000 14.75
1436280960000 14.75
1436281080000 14.75
1436281260000 14.75
1436281440000 14.76
