1436261400000 19.52
1436261880000 19.57
1436262120000 19.53
1436262180000 19.54
1436262360000 19.54
1436262420000 19.59
1436263080000 19.53
1436263140000 19.45
1436263200000 19.45
1436263680000 19.462
1436263800000 19.406
1436264040000 19.42
1436264100000 19.4232
1436264520000 19.45
1436264640000 19.5
1436264760000 19.45
1436265000000 19.44
1436265060000 19.35
1436265240000 19.35
1436265360000 19.35
1436265480000 19.35
1436265540000 19.35
1436265600000 19.3533
1436265660000 19.35
1436265720000 19.35
1436265780000 19.35
1436265840000 19.36
1436265960000 19.41
1436266080000 19.57
1436266140000 19.505
1436266260000 19.44
1436266320000 19.47
1436266380000 19.52
1436266500000 19.5
1436266620000 19.49
1436266680000 19.55
1436266740000 19.43
1436266800000 19.4769
1436266860000 19.36
1436267040000 19.4158
1436267100000 19.35
1436267280000 19.42
1436267340000 19.38
1436267400000 19.37
1436267460000 19.37
1436267520000 19.4
1436267580000 19.38
1436267640000 19.35
1436267820000 19.35
1436267880000 19.35
1436267940000 19.35
1436268000000 19.3999
1436268060000 19.35
1436268120000 19.28
1436268180000 19.329
1436268240000 19.265
1436268300000 19.26
1436268360000 19.26
1436268420000 19.205
1436268540000 19.2
1436268780000 19.2
1436268840000 19.01
1436268900000 19.01
1436268960000 19.02
1436269020000 19.01
1436269080000 19.01
1436269140000 19.06
1436269200000 19.13
1436269260000 19.08
1436269320000 19.08
1436269500000 19.19
1436269740000 19.165
1436269800000 19.14
1436269860000 19.1
1436269920000 19.04
1436270040000 19.01
1436270100000 19.02
1436270160000 19.09
1436270220000 19.18
1436270340000 19.15
1436270400000 19.14
1436270460000 19.13
1436270520000 19.1065
1436270640000 19.11
1436270760000 19.16
1436270940000 19.14
1436271060000 19.09
1436271240000 19.02
1436271300000 19.09
1436271600000 19.085
1436271720000 19.0898
1436271900000 19.0875
1436271960000 19.07
1436272260000 19.09
1436272560000 19.2
1436272860000 19.22
1436272920000 19.25
1436272980000 19.15
1436273040000 19.11
1436273100000 19.12
1436273160000 19.14
1436273340000 19.2
1436273640000 19.23
1436273760000 19.25
1436274000000 19.25
1436274060000 19.23
1436274120000 19.21
1436274180000 19.21
1436274240000 19.2
1436274360000 19.2
1436274420000 19.16
1436274480000 19.12
1436274720000 19.155
1436274780000 19.18
1436274840000 19.21
1436275200000 19.19
1436275260000 19.17
1436275800000 19.185
1436276040000 19.22
1436276400000 19.24
1436276460000 19.205
1436276520000 19.225
1436276640000 19.25
1436276700000 19.25
1436276760000 19.25
1436276820000 19.22
1436277000000 19.24
1436277060000 19.22
1436277120000 19.18
1436277180000 19.19
1436277360000 19.18
1436277960000 19.205
1436278020000 19.2216
1436278080000 19.19
1436278140000 19.23
1436278380000 19.22
1436278440000 19.235
1436278500000 19.22
1436278560000 19.185
1436278680000 19.2
1436278860000 19.17
1436278920000 19.06
1436278980000 19.01
1436279040000 19.04
1436279100000 19.0
1436279160000 19.0
1436279280000 19.01
1436279340000 19.04
1436279400000 19.04
1436279460000 19.024
1436279700000 19.01
1436279760000 19.02
1436279820000 19.05
1436280000000 19.04
1436280060000 19.09
1436280180000 19.085
1436280240000 19.16
1436280300000 19.16
1436280360000 19.13
1436280420000 19.2
1436280540000 19.2
1436280600000 19.18
1436280660000 19.2
1436280720000 19.2
1436280780000 19.2
1436280900000 19.2
1436281080000 19.21
1436281140000 19.25
1436281200000 19.23
1436281260000 19.21
1436281320000 19.2299
1436281380000 19.18
