1436261400000 71.21
1436261640000 70.82
1436262000000 70.76
1436262120000 70.875
1436262240000 70.875
1436262300000 70.88
1436262420000 70.95
1436262480000 71.205
1436262540000 71.12
1436262900000 71.23
1436262960000 71.16
1436263020000 71.26
1436263080000 71.26
1436263140000 71.15
1436263380000 71.14
1436263440000 71.21
1436263620000 71.12
1436263680000 70.86
1436263740000 70.85
1436263860000 71.05
1436263980000 71.095
1436264040000 71.09
1436264100000 70.855
1436264160000 71.2
1436264220000 70.87
1436264280000 71.03
1436264340000 70.98
1436264400000 70.99
1436264460000 70.95
1436264520000 71.2
1436264580000 71.1
1436264640000 71.07
1436264700000 71.01
1436264760000 71.0
1436264820000 71.03
1436264880000 71.09
1436264940000 71.11
1436265000000 71.05
1436265060000 71.01
1436265120000 70.88
1436265180000 70.905
1436265240000 70.98
1436265300000 71.03
1436265360000 70.95
1436265420000 71.03
1436265540000 71.0
1436265720000 70.895
1436265780000 70.9
1436265840000 70.78
1436265900000 70.79
1436265960000 70.72
1436266140000 70.71
1436266320000 70.85
1436266380000 70.79
1436266440000 70.785
1436266500000 70.99
1436266560000 70.94
1436266620000 70.97
1436266680000 70.92
1436266740000 70.96
1436266800000 70.98
1436266860000 70.87
1436266920000 71.035
1436267040000 70.96
1436267100000 70.86
1436267280000 70.97
1436267400000 70.97
1436267520000 70.96
1436267580000 70.95
1436267700000 70.9
1436267760000 70.88
1436267820000 70.91
1436267940000 70.93
1436268000000 70.92
1436268240000 70.72
1436268300000 70.85
1436268360000 70.72
1436268420000 70.78
1436268480000 70.76
1436268540000 70.64
1436268840000 70.39
1436268900000 69.89
1436268960000 70.03
1436269080000 70.13
1436269140000 70.135
1436269200000 69.93
1436269260000 69.95
1436269440000 70.03
1436269500000 70.02
1436269560000 69.995
1436269740000 69.99
1436269800000 69.97
1436270100000 69.97
1436270160000 70.03
1436270220000 70.39
1436270280000 70.685
1436270340000 70.59
1436270400000 70.6
1436270460000 70.7
1436270520000 70.57
1436270580000 70.52
1436270640000 70.65
1436270700000 70.39
1436270760000 70.48
1436270880000 70.36
1436271240000 70.17
1436271420000 70.168
1436271660000 70.1
1436271840000 70.17
1436271900000 70.01
1436271960000 70.01
1436272200000 70.1
1436272260000 70.03
1436272320000 70.22
1436272380000 70.21
1436272440000 70.07
1436272500000 70.07
1436272560000 70.12
1436272740000 70.17
1436272800000 70.17
1436272860000 70.17
1436273160000 70.21
1436273220000 70.28
1436273280000 70.29
1436273460000 70.29
1436273760000 70.31
1436273880000 70.44
1436273940000 70.54
1436274000000 70.52
1436274240000 70.315
1436274360000 70.3
1436274420000 70.36
1436274660000 70.28
1436274720000 70.4
1436274780000 70.44
1436274840000 70.55
1436275080000 70.61
1436275200000 70.5
1436275440000 70.5
1436275560000 70.5
1436275620000 70.5
1436275680000 70.67
1436275740000 70.54
1436275800000 70.59
1436276040000 70.51
1436276820000 70.41
1436277000000 70.26
1436277060000 70.18
1436277120000 70.115
1436277240000 70.17
1436277300000 70.24
1436277360000 70.291
1436277780000 70.23
1436277840000 70.24
1436277960000 70.2
1436278260000 70.2
1436278380000 70.18
1436278740000 70.17
1436278800000 70.0
1436279100000 70.0
1436279160000 69.99
1436279280000 70.145
1436279460000 70.1
1436279640000 70.11
1436279760000 70.11
1436279940000 70.04
1436280060000 70.17
1436280180000 70.41
1436280360000 70.46
1436280420000 70.59
1436280480000 70.55
1436280660000 70.41
1436280840000 70.41
1436280960000 70.49
1436281020000 70.48
1436281080000 70.49
1436281140000 70.55
1436281200000 70.6335
1436281260000 70.7
1436281440000 70.57
1436281500000 70.57
1436281560000 70.52
