1436261760000 1.04
1436262480000 1.01
1436262540000 1.01
1436262720000 1.0
1436262960000 1.02
1436263500000 1.01
1436263800000 1.016
1436263860000 1.01
1436264100000 1.01
1436264280000 1.0
1436264340000 1.0
1436264520000 1.0
1436264580000 1.0
1436264640000 1.01
1436266260000 1.01
1436266560000 1.0196
1436266680000 1.01
1436266740000 1.0099
1436266920000 1.0
1436267100000 1.03
1436267220000 1.0101
1436268180000 1.01
1436268420000 1.0
1436268600000 1.0199
1436268660000 1.02
1436268720000 1.01
1436268900000 1.0
1436269020000 1.01
1436269560000 1.01
1436269680000 1.001
1436270280000 1.0099
1436271120000 1.0
1436271720000 1.0
1436272860000 1.0
1436272980000 1.0
1436273100000 1.0
1436276820000 1.0099
1436277540000 1.0
1436280300000 1.0
1436280780000 1.0
