1436261460000 21.68
1436261580000 21.88
1436261940000 21.53
1436262060000 21.517
1436262240000 21.5508
1436262360000 21.55
1436262840000 21.54
1436262960000 21.4601
1436263020000 21.4875
1436263500000 21.38
1436263680000 21.37
1436263800000 21.3
1436263920000 21.28
1436263980000 21.3
1436264220000 21.29
1436264280000 21.3
1436264340000 21.42
1436264460000 21.37
1436264700000 21.28
1436264760000 21.32
1436264820000 21.31
1436265000000 21.24
1436265420000 21.2
1436265480000 21.18
1436265540000 21.14
1436265600000 21.14
1436265720000 21.17
1436265780000 21.17
1436265840000 21.19
1436265960000 21.23
1436266140000 21.43
1436266260000 21.4
1436266440000 21.51
1436266500000 21.51
1436266560000 21.47
1436267160000 21.4
1436267640000 21.47
1436267940000 21.47
1436268000000 21.4699
1436268720000 21.37
1436268780000 21.32
1436268840000 21.27
1436268900000 21.3
1436268960000 21.3
1436269140000 21.35
1436269260000 21.38
1436269440000 21.45
1436269860000 21.48
1436269980000 21.429
1436270160000 21.51
1436270220000 21.55
1436270400000 21.48
1436270700000 21.51
1436270760000 21.49
1436270940000 21.46
1436271480000 21.36
1436271540000 21.44
1436271780000 21.48
1436271840000 21.42
1436272200000 21.4
1436272560000 21.44
1436272740000 21.42
1436272800000 21.42
1436272920000 21.41
1436272980000 21.44
1436273520000 21.46
1436274000000 21.59
1436274120000 21.6
1436274300000 21.55
1436274480000 21.5
1436274720000 21.52
1436275080000 21.64
1436275200000 21.58
1436275620000 21.59
1436275920000 21.55
1436276280000 21.56
1436276640000 21.52
1436276820000 21.53
1436276880000 21.51
1436277120000 21.54
1436277180000 21.47
1436277360000 21.44
1436277480000 21.41
1436277540000 21.43
1436278080000 21.44
1436278140000 21.39
1436278500000 21.43
1436278800000 21.36
1436279100000 21.37
1436279460000 21.37
1436279520000 21.37
1436279880000 21.39
1436280180000 21.45
1436280420000 21.48
1436280480000 21.5
1436280780000 21.5175
1436280960000 21.51
1436281080000 21.53
1436281140000 21.55
1436281200000 21.55
1436281320000 21.61
