1436261400000 39.44
1436261460000 39.24
1436261520000 39.415
1436261580000 39.44
1436261640000 39.5
1436261700000 39.38
1436261760000 39.3
1436261820000 39.11
1436261880000 39.13
1436261940000 39.21
1436262000000 39.2
1436262060000 39.13
1436262120000 39.17
1436262180000 39.2
1436262240000 39.31
1436262300000 39.32
1436262360000 39.33
1436262540000 39.36
1436262600000 39.19
1436262780000 39.12
1436262840000 39.05
1436262960000 39.03
1436263020000 39.0
1436263080000 38.96
1436263140000 38.95
1436263200000 38.95
1436263260000 38.97
1436263320000 38.94
1436263380000 38.9
1436263440000 38.88
1436263500000 38.84
1436263560000 38.8
1436263620000 38.82
1436263680000 38.8
1436263740000 38.76
1436263800000 38.785
1436263860000 38.83
1436263920000 38.83
1436263980000 38.87
1436264040000 38.83
1436264100000 38.78
1436264160000 38.77
1436264220000 38.78
1436264280000 38.8
1436264340000 38.8
1436264400000 38.76
1436264520000 38.77
1436264640000 38.79
1436264700000 38.73
1436264760000 38.73
1436264820000 38.72
1436264880000 38.71
1436264940000 38.7
1436265060000 38.66
1436265120000 38.65
1436265180000 38.68
1436265240000 38.64
1436265300000 38.65
1436265360000 38.59
1436265420000 38.57
1436265540000 38.55
1436265600000 38.48
1436265660000 38.46
1436265720000 38.4144
1436265780000 38.38
1436265840000 38.37
1436265900000 38.4
1436265960000 38.41
1436266020000 38.475
1436266080000 38.54
1436266140000 38.54
1436266200000 38.55
1436266260000 38.71
1436266320000 38.69
1436266380000 38.73
1436266440000 38.7
1436266500000 38.74
1436266560000 38.75
1436266620000 38.77
1436266680000 38.75
1436266740000 38.75
1436266800000 38.765
1436266860000 38.75
1436266920000 38.78
1436266980000 38.78
1436267100000 38.75
1436267160000 38.72
1436267340000 38.67
1436267400000 38.67
1436267460000 38.69
1436267520000 38.75
1436267580000 38.82
1436267700000 38.79
1436267760000 38.79
1436267820000 38.82
1436268000000 38.88
1436268060000 38.88
1436268120000 38.9
1436268180000 38.895
1436268240000 38.92
1436268300000 38.93
1436268360000 38.91
1436268420000 38.94
1436268480000 38.95
1436268540000 38.91
1436268660000 38.86
1436268720000 38.845
1436268780000 38.845
1436268900000 38.85
1436268960000 38.83
1436269080000 38.82
1436269140000 38.86
1436269200000 38.85
1436269260000 38.88
1436269320000 38.88
1436269380000 38.89
1436269440000 38.89
1436269500000 38.9
1436269560000 38.895
1436269620000 38.92
1436269740000 38.9179
1436269860000 38.93
1436269920000 38.945
1436269980000 38.955
1436270040000 38.96
1436270100000 38.97
1436270160000 39.01
1436270220000 39.12
1436270280000 39.1044
1436270400000 39.12
1436270460000 39.15
1436270520000 39.15
1436270580000 39.15
1436270700000 39.17
1436270760000 39.165
1436270820000 39.17
1436270940000 39.19
1436271000000 39.2
1436271060000 39.18
1436271120000 39.19
1436271180000 39.19
1436271240000 39.18
1436271300000 39.18
1436271360000 39.2
1436271420000 39.21
1436271480000 39.19
1436271540000 39.2
1436271600000 39.2
1436271660000 39.21
1436271780000 39.195
1436271840000 39.18
1436271900000 39.145
1436272020000 39.17
1436272080000 39.175
1436272140000 39.2
1436272200000 39.19
1436272260000 39.18
1436272320000 39.18
1436272440000 39.17
1436272500000 39.18
1436272560000 39.15
1436272680000 39.17
1436272740000 39.2
1436272800000 39.185
1436272860000 39.19
1436272920000 39.21
1436272980000 39.245
1436273040000 39.27
1436273100000 39.26
1436273220000 39.25
1436273280000 39.24
1436273340000 39.245
1436273580000 39.26
1436273640000 39.26
1436273700000 39.26
1436273820000 39.25
1436273880000 39.26
1436273940000 39.25
1436274000000 39.27
1436274060000 39.27
1436274120000 39.25
1436274180000 39.25
1436274240000 39.23
1436274300000 39.17
1436274360000 39.21
1436274420000 39.21
1436274480000 39.21
1436274660000 39.27
1436274720000 39.25
1436274780000 39.28
1436274840000 39.28
1436274900000 39.26
1436274960000 39.2
1436275080000 39.19
1436275140000 39.21
1436275200000 39.255
1436275260000 39.3
1436275380000 39.3
1436275500000 39.28
1436275560000 39.26
1436275680000 39.25
1436275740000 39.28
1436275800000 39.3
1436275860000 39.29
1436275980000 39.25
1436276040000 39.26
1436276100000 39.25
1436276160000 39.25
1436276220000 39.27
1436276280000 39.2621
1436276340000 39.27
1436276400000 39.27
1436276460000 39.24
1436276520000 39.24
1436276580000 39.26
1436276640000 39.26
1436276700000 39.26
1436276760000 39.25
1436276820000 39.24
1436276880000 39.25
1436276940000 39.265
1436277000000 39.27
1436277060000 39.24
1436277180000 39.24
1436277360000 39.24
1436277420000 39.22
1436277480000 39.22
1436277600000 39.25
1436277780000 39.27
1436277840000 39.25
1436277900000 39.25
1436277960000 39.26
1436278020000 39.25
1436278080000 39.24
1436278200000 39.26
1436278260000 39.25
1436278320000 39.25
1436278440000 39.25
1436278500000 39.23
1436278560000 39.21
1436278740000 39.22
1436278800000 39.194
1436278860000 39.2
1436278980000 39.19
1436279040000 39.19
1436279160000 39.21
1436279220000 39.21
1436279400000 39.27
1436279460000 39.27
1436279520000 39.28
1436279580000 39.27
1436279640000 39.27
1436279760000 39.27
1436279820000 39.27
1436279880000 39.27
1436279940000 39.29
1436280000000 39.28
1436280060000 39.29
1436280120000 39.27
1436280180000 39.29
1436280240000 39.31
1436280300000 39.34
1436280420000 39.34
1436280480000 39.34
1436280540000 39.355
1436280600000 39.36
1436280720000 39.39
1436280780000 39.41
1436280840000 39.44
1436280900000 39.445
1436280960000 39.45
1436281020000 39.45
1436281080000 39.44
1436281140000 39.485
1436281200000 39.48
1436281260000 39.53
1436281320000 39.53
1436281440000 39.51
1436281500000 39.52
1436281560000 39.49
1436281620000 39.47
1436281680000 39.45
