1436261640000 1.34
1436261820000 1.33
1436261880000 1.33
1436262540000 1.32
1436262600000 1.32
1436262660000 1.31
1436262720000 1.25
1436262780000 1.2799
1436262840000 1.27
1436262960000 1.271
1436263020000 1.3
1436263200000 1.29
1436263320000 1.2803
1436263380000 1.28
1436263440000 1.28
1436263680000 1.28
1436264040000 1.31
1436264100000 1.282
1436264220000 1.29
1436264760000 1.3001
1436264820000 1.3
1436265000000 1.301
1436265060000 1.3
1436266080000 1.2921
1436266260000 1.2905
1436266500000 1.2902
1436266560000 1.2901
1436266740000 1.3062
1436266860000 1.3
1436267040000 1.3
1436268600000 1.2952
1436268900000 1.29
1436269320000 1.2843
1436269500000 1.3
1436270460000 1.3
1436270580000 1.3
1436271300000 1.3099
1436271960000 1.312
1436272020000 1.33
1436272920000 1.3101
1436273220000 1.3101
1436273340000 1.31
1436273520000 1.32
1436275500000 1.311
1436275620000 1.3
1436276100000 1.32
1436278560000 1.3
1436279280000 1.2829
1436281200000 1.29
1436281500000 1.2901
