1436261400000 77.27
1436261580000 77.37
1436261640000 77.5
1436261700000 77.495
1436261760000 77.4
1436261820000 77.2
1436261880000 77.08
1436261940000 77.525
1436262000000 77.39
1436262060000 77.335
1436262120000 77.57
1436262180000 77.43
1436262240000 77.395
1436262300000 77.4
1436262360000 77.35
1436262420000 77.62
1436262480000 77.89
1436262540000 77.81
1436262600000 78.05
1436262660000 77.87
1436262720000 77.86
1436262780000 78.025
1436262840000 78.03
1436262900000 78.06
1436262960000 77.99
1436263020000 78.12
1436263080000 78.0799
1436263140000 77.92
1436263200000 77.96
1436263260000 78.07
1436263320000 77.99
1436263380000 77.96
1436263440000 77.8401
1436263500000 78.1
1436263620000 78.01
1436263740000 77.98
1436263800000 78.11
1436263860000 78.185
1436263920000 78.19
1436263980000 78.13
1436264040000 78.08
1436264100000 77.99
1436264160000 77.85
1436264220000 77.82
1436264280000 77.91
1436264340000 77.99
1436264400000 78.08
1436264460000 78.08
1436264580000 78.08
1436264640000 78.08
1436264700000 78.12
1436264760000 78.08
1436264820000 78.02
1436264880000 77.9
1436264940000 77.84
1436265000000 77.83
1436265060000 77.89
1436265120000 77.83
1436265180000 77.74
1436265300000 77.65
1436265360000 77.56
1436265420000 77.55
1436265480000 77.64
1436265540000 77.49
1436265600000 77.39
1436265660000 77.49
1436265720000 77.14
1436265780000 77.28
1436265840000 77.3
1436265960000 77.28
1436266020000 77.34
1436266200000 77.36
1436266260000 77.36
1436266320000 77.37
1436266380000 77.38
1436266440000 77.26
1436266500000 77.322
1436266560000 77.33
1436266680000 77.34
1436266740000 77.31
1436266800000 77.2608
1436266860000 77.26
1436266920000 77.3
1436267100000 77.43
1436267220000 77.4399
1436267280000 77.43
1436267460000 77.52
1436267520000 77.56
1436267580000 77.61
1436267640000 77.64
1436267700000 77.65
1436267760000 77.61
1436267820000 77.67
1436267880000 77.67
1436267940000 77.69
1436268000000 77.74
1436268060000 77.72
1436268120000 77.685
1436268180000 77.7
1436268240000 77.63
1436268300000 77.6
1436268360000 77.58
1436268480000 77.51
1436268540000 77.46
1436268600000 77.335
1436268720000 77.23
1436268840000 77.21
1436268960000 77.0
1436269020000 77.04
1436269140000 77.09
1436269200000 77.14
1436269320000 77.25
1436269440000 77.35
1436269680000 77.43
1436269740000 77.4
1436269800000 77.31
1436269860000 77.32
1436269920000 77.25
1436270160000 77.24
1436270220000 77.38
1436270340000 77.52
1436270400000 77.56
1436270520000 77.4
1436270820000 77.3
1436271000000 77.22
1436271060000 77.22
1436271180000 77.0
1436271240000 76.885
1436271300000 77.015
1436271360000 76.95
1436271420000 76.935
1436271480000 76.97
1436271540000 76.95
1436271600000 76.96
1436271660000 77.09
1436271720000 77.12
1436271780000 77.23
1436271840000 77.18
1436271900000 77.13
1436272020000 77.2
1436272080000 77.2
1436272200000 77.31
1436272260000 77.35
1436272380000 77.36
1436272440000 77.37
1436272560000 77.37
1436272620000 77.39
1436272680000 77.45
1436272740000 77.49
1436272920000 77.55
1436273040000 77.6
1436273100000 77.67
1436273160000 77.72
1436273220000 77.74
1436273280000 77.83
1436273340000 77.92
1436273400000 77.97
1436273460000 77.97
1436273520000 77.94
1436273580000 77.97
1436273640000 77.98
1436273700000 78.09
1436273820000 78.16
1436273880000 78.24
1436274000000 78.3599
1436274060000 78.39
1436274120000 78.35
1436274180000 78.285
1436274240000 78.31
1436274300000 78.355
1436274360000 78.33
1436274420000 78.37
1436274480000 78.34
1436274540000 78.48
1436274660000 78.46
1436274720000 78.49
1436274780000 78.6399
1436274960000 78.48
1436275020000 78.46
1436275140000 78.3
1436275200000 78.32
1436275260000 78.4
1436275320000 78.29
1436275380000 78.18
1436275500000 78.24
1436275560000 78.17
1436275620000 78.4
1436275680000 78.31
1436275860000 78.24
1436275920000 78.26
1436275980000 78.19
1436276100000 78.23
1436276160000 78.19
1436276280000 78.22
1436276340000 78.23
1436276400000 78.22
1436276460000 78.14
1436276580000 78.17
1436276640000 78.175
1436276700000 78.11
1436276760000 78.165
1436276820000 78.36
1436277000000 78.34
1436277060000 78.27
1436277180000 78.31
1436277240000 78.36
1436277360000 78.31
1436277600000 78.33
1436277660000 78.38
1436277720000 78.39
1436277780000 78.385
1436277900000 78.395
1436277960000 78.355
1436278020000 78.3
1436278080000 78.25
1436278140000 78.31
1436278200000 78.31
1436278320000 78.37
1436278380000 78.43
1436278500000 78.4
1436278560000 78.38
1436278620000 78.35
1436278680000 78.38
1436278740000 78.3
1436278800000 78.29
1436278860000 78.29
1436278920000 78.29
1436278980000 78.25
1436279040000 78.28
1436279160000 78.31
1436279220000 78.32
1436279280000 78.32
1436279400000 78.23
1436279460000 78.15
1436279520000 78.14
1436279580000 78.23
1436279640000 78.185
1436279700000 78.22
1436279760000 78.23
1436279820000 78.36
1436279940000 78.4
1436280000000 78.3631
1436280060000 78.3543
1436280120000 78.58
1436280180000 78.57
1436280240000 78.64
1436280300000 78.62
1436280360000 78.58
1436280420000 78.66
1436280480000 78.66
1436280540000 78.66
1436280600000 78.65
1436280660000 78.66
1436280720000 78.71
1436280840000 78.76
1436280900000 78.715
1436280960000 78.685
1436281020000 78.82
1436281080000 78.85
1436281140000 78.995
1436281260000 78.81
1436281320000 78.85
1436281440000 78.86
1436281500000 78.95
1436281560000 78.84
1436281620000 78.8
