1436261400000 27.44
1436261460000 27.31
1436261520000 27.33
1436261580000 27.31
1436261700000 27.36
1436261760000 27.34
1436261820000 27.32
1436261880000 27.0
1436261940000 27.08
1436262000000 27.3
1436262060000 27.3001
1436262120000 27.34
1436262240000 27.47
1436262300000 27.34
1436262360000 27.33
1436262420000 27.21
1436262480000 27.24
1436262540000 27.23
1436262600000 27.245
1436262660000 27.16
1436262720000 27.17
1436262840000 27.25
1436262900000 27.14
1436263020000 27.12
1436263080000 27.1448
1436263140000 27.02
1436263200000 27.05
1436263260000 27.04
1436263320000 26.903
1436263440000 26.8001
1436263500000 26.8
1436263560000 26.85
1436263620000 26.91
1436263680000 26.76
1436263740000 26.7601
1436263800000 26.8309
1436263860000 26.8492
1436263920000 26.77
1436263980000 26.76
1436264040000 26.75
1436264100000 26.6
1436264160000 26.55
1436264220000 26.62
1436264400000 26.72
1436264460000 26.74
1436264520000 26.8
1436264580000 26.81
1436264640000 26.75
1436264700000 26.72
1436264760000 26.67
1436264820000 26.58
1436264880000 26.6295
1436264940000 26.54
1436265000000 26.35
1436265060000 26.37
1436265120000 26.4
1436265240000 26.4293
1436265300000 26.39
1436265360000 26.35
1436265420000 26.4799
1436265480000 26.45
1436265540000 26.35
1436265600000 26.23
1436265660000 26.12
1436265720000 26.03
1436265780000 26.08
1436265840000 26.04
1436265900000 26.18
1436265960000 26.21
1436266020000 26.5734
1436266080000 26.65
1436266140000 26.72
1436266200000 26.67
1436266260000 26.56
1436266380000 26.67
1436266440000 26.75
1436266500000 26.78
1436266560000 26.8
1436266620000 26.8
1436266680000 26.79
1436266740000 26.68
1436266800000 26.585
1436266860000 26.595
1436267040000 26.495
1436267100000 26.51
1436267160000 26.5
1436267220000 26.39
1436267280000 26.43
1436267340000 26.43
1436267400000 26.42
1436267460000 26.41
1436267520000 26.41
1436267580000 26.63
1436267640000 26.51
1436267760000 26.48
1436267820000 26.49
1436267880000 26.45
1436267940000 26.46
1436268000000 26.46
1436268060000 26.3997
1436268180000 26.35
1436268240000 26.33
1436268300000 26.33
1436268360000 26.36
1436268420000 26.33
1436268480000 26.38
1436268540000 26.34
1436268600000 26.36
1436268660000 26.32
1436268720000 26.3799
1436268780000 26.29
1436268840000 26.25
1436268900000 26.2
1436268960000 26.23
1436269020000 26.27
1436269140000 26.42
1436269200000 26.5
1436269260000 26.54
1436269320000 26.54
1436269500000 26.54
1436269560000 26.5
1436269680000 26.43
1436269740000 26.42
1436269860000 26.34
1436269920000 26.18
1436269980000 26.19
1436270100000 26.36
1436270220000 26.5999
1436270280000 26.58
1436270340000 26.55
1436270400000 26.55
1436270460000 26.32
1436270520000 26.2614
1436270580000 26.37
1436270640000 26.49
1436270760000 26.42
1436270940000 26.44
1436271060000 26.35
1436271120000 26.32
1436271180000 26.3985
1436271240000 26.38
1436271300000 26.5
1436271420000 26.45
1436271480000 26.45
1436271540000 26.49
1436271600000 26.5
1436271660000 26.45
1436271780000 26.38
1436271840000 26.4
1436271900000 26.43
1436271960000 26.43
1436272080000 26.41
1436272140000 26.42
1436272200000 26.46
1436272260000 26.52
1436272320000 26.49
1436272380000 26.51
1436272440000 26.62
1436272500000 26.58
1436272560000 26.63
1436272740000 26.75
1436272800000 26.76
1436272920000 26.761
1436273040000 26.72
1436273100000 26.8
1436273160000 26.82
1436273220000 26.78
1436273280000 26.9
1436273340000 26.82
1436273400000 26.871
1436273460000 26.86
1436273520000 26.82
1436273580000 26.8
1436273640000 26.865
1436273700000 26.89
1436273760000 26.855
1436273820000 26.8501
1436273880000 27.0
1436273940000 26.91
1436274000000 26.89
1436274060000 26.87
1436274120000 26.91
1436274180000 26.85
1436274240000 26.9
1436274300000 26.86
1436274360000 26.785
1436274480000 26.78
1436274540000 26.88
1436274720000 26.88
1436274780000 26.85
1436274840000 26.8
1436274900000 26.895
1436274960000 26.81
1436275020000 26.82
1436275080000 26.86
1436275140000 26.891
1436275200000 26.99
1436275260000 26.88
1436275380000 26.8614
1436275440000 26.92
1436275560000 27.01
1436275800000 26.97
1436275920000 26.85
1436275980000 26.9299
1436276040000 26.79
1436276100000 26.87
1436276160000 26.915
1436276220000 26.86
1436276280000 26.785
1436276340000 26.855
1436276400000 26.77
1436276460000 26.86
1436276520000 26.82
1436276580000 26.86
1436276640000 26.84
1436276700000 26.86
1436276820000 26.8
1436276880000 26.82
1436276940000 26.85
1436277000000 26.8427
1436277060000 26.81
1436277120000 26.81
1436277240000 26.83
1436277300000 26.825
1436277360000 26.8
1436277420000 26.9399
1436277480000 26.79
1436277540000 26.79
1436277600000 26.84
1436277660000 26.82
1436277720000 26.79
1436277780000 26.75
1436277840000 26.74
1436277960000 26.7699
1436278020000 26.78
1436278080000 26.77
1436278140000 26.76
1436278200000 26.83
1436278260000 26.78
1436278320000 26.79
1436278440000 26.79
1436278500000 26.65
1436278560000 26.619
1436278620000 26.6
1436278680000 26.61
1436278740000 26.54
1436278860000 26.58
1436278920000 26.38
1436278980000 26.45
1436279040000 26.43
1436279100000 26.48
1436279160000 26.55
1436279220000 26.51
1436279280000 26.58
1436279340000 26.58
1436279400000 26.5
1436279460000 26.55
1436279520000 26.52
1436279640000 26.58
1436279700000 26.56
1436279760000 26.65
1436279820000 26.65
1436279940000 26.66
1436280000000 26.69
1436280060000 26.75
1436280120000 26.71
1436280180000 26.69
1436280240000 26.75
1436280300000 26.73
1436280420000 26.85
1436280480000 26.79
1436280540000 26.81
1436280660000 26.72
1436280780000 26.75
1436280840000 26.77
1436280900000 26.72
1436280960000 26.75
1436281020000 26.79
1436281080000 26.76
1436281140000 26.88
1436281200000 26.87
1436281320000 26.84
1436281380000 26.82
1436281440000 26.8
1436281500000 26.86
1436281560000 26.79
1436281620000 26.81
