1404705600000 4.56
1404792000000 4.75
1404878400000 4.75
1404964800000 4.7
1405051200000 4.45
1405310400000 4.26
1405396800000 4.05
1405483200000 4.12
1405569600000 4.17
1405656000000 4.3
1405915200000 4.34
1406001600000 4.3
1406088000000 4.15
1406174400000 3.99
1406260800000 3.73
1406520000000 3.64
1406606400000 3.61
1406692800000 3.26
1406779200000 3.12
1406865600000 3.09
1407124800000 3.5
1407211200000 3.35
1407297600000 3.3099
1407384000000 3.31
1407470400000 3.2
1407729600000 3.41
1407816000000 3.21
1407902400000 3.17
1407988800000 3.02
1408075200000 3.02
1408334400000 3.16
1408420800000 3.44
1408507200000 3.335
1408593600000 3.44
1408680000000 3.44
1408939200000 3.67
1409025600000 3.63
1409112000000 3.51
1409198400000 3.45
1409284800000 3.46
1409630400000 3.34
1409716800000 3.45
1409803200000 3.49
1409889600000 3.35
1410148800000 3.29
1410235200000 3.35
1410321600000 3.39
1410408000000 3.38
1410494400000 3.282
1410753600000 3.45
1410840000000 3.41
1410926400000 3.51
1411012800000 3.68
1411099200000 3.82
1411358400000 3.66
1411444800000 3.76
1411531200000 3.5
1411617600000 3.41
1411704000000 3.29
1411963200000 3.36
1412049600000 3.25
1412136000000 3.16
1412222400000 3.34
1412308800000 3.4
1412568000000 3.61
1412654400000 3.36
1412740800000 3.13
1412827200000 2.88
1412913600000 2.8516
1413172800000 2.81
1413259200000 2.45
1413345600000 2.32
1413432000000 2.381
1413518400000 2.54
1413777600000 2.49
1413864000000 2.59
1413950400000 2.59
1414036800000 2.45
1414123200000 2.68
1414382400000 2.69
1414468800000 2.6
1414555200000 2.6
1414641600000 2.55
1414728000000 2.61
1414990800000 2.69
1415077200000 3.06
1415163600000 3.21
1415250000000 3.42
1415336400000 4.22
1415595600000 4.0
1415682000000 3.94
1415768400000 4.3
1415854800000 4.2
1415941200000 4.16
1416200400000 4.14
1416286800000 3.83
1416373200000 3.58
1416459600000 3.5
1416546000000 3.9
1416805200000 3.95
1416891600000 3.75
1416978000000 3.76
1417150800000 3.7799
1417410000000 3.48
