1436261460000 12.87
1436263020000 12.8
1436263140000 12.75
1436263320000 12.76
1436263380000 12.83
1436263560000 12.85
1436264400000 12.8
1436264460000 12.79
1436264520000 12.79
1436264640000 12.79
1436265540000 12.75
1436266440000 12.73
1436268660000 12.6
1436269680000 12.63
1436269980000 12.65
1436270160000 12.66
1436272920000 12.64
1436273100000 12.65
1436273580000 12.65
1436274660000 12.68
1436274720000 12.73
1436276640000 12.72
1436276940000 12.75
1436277000000 12.75
1436277840000 12.68
1436278440000 12.66
1436278980000 12.6
1436279100000 12.6
1436279160000 12.6
1436279520000 12.56
1436279760000 12.51
1436279880000 12.56
1436279940000 12.52
1436280300000 12.57
1436280360000 12.58
1436280540000 12.57
1436281080000 12.58
