1436261400000 14.65
1436261460000 14.65
1436263200000 14.39
1436263860000 14.499
1436264100000 14.46
1436264460000 14.4029
1436264940000 14.38
1436265120000 14.4025
1436265900000 14.36
1436266320000 14.3551
1436266920000 14.3701
1436267340000 14.37
1436267520000 14.4
1436267940000 14.3999
1436268300000 14.39
1436268660000 14.398
1436269560000 14.38
1436269680000 14.37
1436269740000 14.37
1436269980000 14.37
1436270040000 14.39
1436270340000 14.39
1436271180000 14.38
1436271420000 14.4
1436271480000 14.38
1436271660000 14.39
1436271900000 14.36
1436271960000 14.399
1436272020000 14.4
1436272080000 14.42
1436272140000 14.387
1436272200000 14.44
1436272320000 14.45
1436272380000 14.46
1436272440000 14.5
1436272500000 14.51
1436272740000 14.52
1436272860000 14.52
1436272920000 14.49
1436272980000 14.51
1436273460000 14.39
1436274480000 14.42
1436274540000 14.47
1436275440000 14.48
1436275560000 14.48
1436275740000 14.52
1436276220000 14.52
1436278140000 14.51
1436278440000 14.474
1436278680000 14.5
1436279040000 14.4701
1436279220000 14.5
1436279280000 14.48
1436280000000 14.5
1436280360000 14.5
1436280540000 14.497
1436280780000 14.51
1436280840000 14.51
1436280900000 14.5
1436280960000 14.5
1436281080000 14.5
1436281260000 14.49
1436281320000 14.5
