1436261400000 5.36
1436261640000 5.36
1436261700000 5.38
1436261760000 5.34
1436261820000 5.39
1436261880000 5.39
1436261940000 5.38
1436262000000 5.39
1436262060000 5.39
1436262120000 5.42
1436262180000 5.4
1436262300000 5.38
1436262360000 5.36
1436262420000 5.33
1436262480000 5.35
1436262540000 5.35
1436262600000 5.35
1436262660000 5.35
1436262840000 5.34
1436262900000 5.35
1436262960000 5.349
1436263020000 5.35
1436263080000 5.3279
1436263320000 5.32
1436263500000 5.33
1436263560000 5.32
1436263620000 5.31
1436263680000 5.28
1436263740000 5.28
1436263800000 5.28
1436263860000 5.3
1436263920000 5.3
1436263980000 5.3
1436264040000 5.29
1436264100000 5.27
1436264160000 5.27
1436264220000 5.26
1436264280000 5.27
1436264340000 5.265
1436264460000 5.27
1436264700000 5.26
1436264760000 5.24
1436264820000 5.23
1436264880000 5.24
1436264940000 5.23
1436265000000 5.24
1436265120000 5.23
1436265180000 5.23
1436265240000 5.23
1436265300000 5.21
1436265360000 5.21
1436265420000 5.21
1436265480000 5.21
1436265540000 5.22
1436265600000 5.2
1436265660000 5.2
1436265720000 5.18
1436265780000 5.18
1436265840000 5.19
1436265900000 5.22
1436265960000 5.22
1436266020000 5.27
1436266080000 5.24
1436266140000 5.2
1436266200000 5.19
1436266260000 5.18
1436266320000 5.19
1436266380000 5.23
1436266440000 5.24
1436266500000 5.24
1436266620000 5.23
1436266800000 5.22
1436266860000 5.2
1436266920000 5.2
1436266980000 5.2
1436267040000 5.2
1436267160000 5.19
1436267280000 5.1851
1436267520000 5.21
1436267640000 5.215
1436267700000 5.22
1436267760000 5.22
1436267880000 5.22
1436267940000 5.18
1436268000000 5.19
1436268060000 5.18
1436268120000 5.17
1436268180000 5.17
1436268240000 5.17
1436268300000 5.17
1436268360000 5.17
1436268420000 5.15
1436268480000 5.155
1436268540000 5.16
1436268600000 5.15
1436268660000 5.145
1436268720000 5.155
1436268780000 5.15
1436268840000 5.14
1436268900000 5.11
1436268960000 5.11
1436269020000 5.115
1436269080000 5.15
1436269140000 5.15
1436269200000 5.18
1436269260000 5.2
1436269320000 5.2
1436269560000 5.22
1436269680000 5.22
1436269800000 5.21
1436269860000 5.2
1436269920000 5.19
1436269980000 5.2
1436270100000 5.21
1436270160000 5.22
1436270220000 5.26
1436270280000 5.27
1436270400000 5.25
1436270460000 5.24
1436270520000 5.24
1436270580000 5.25
1436270700000 5.25
1436270760000 5.24
1436270820000 5.23
1436271000000 5.22
1436271060000 5.21
1436271120000 5.21
1436271180000 5.2
1436271240000 5.2
1436271300000 5.2099
1436271360000 5.2
1436271420000 5.2001
1436271480000 5.19
1436271540000 5.19
1436271600000 5.19
1436271780000 5.22
1436271840000 5.2199
1436271900000 5.22
1436271960000 5.215
1436272020000 5.22
1436272080000 5.23
1436272200000 5.2399
1436272260000 5.2399
1436272380000 5.25
1436272440000 5.25
1436272500000 5.25
1436272560000 5.24
1436272680000 5.24
1436272740000 5.2501
1436272860000 5.26
1436272920000 5.26
1436272980000 5.2699
1436273040000 5.27
1436273100000 5.28
1436273160000 5.283
1436273220000 5.29
1436273340000 5.3
1436273460000 5.2999
1436273520000 5.3
1436273580000 5.295
1436273640000 5.3
1436273700000 5.3
1436273760000 5.29
1436273820000 5.29
1436273880000 5.3
1436274000000 5.3
1436274060000 5.3
1436274120000 5.3
1436274180000 5.29
1436274240000 5.28
1436274300000 5.27
1436274360000 5.27
1436274600000 5.25
1436274660000 5.26
1436274720000 5.27
1436274780000 5.28
1436274840000 5.298
1436274900000 5.29
1436274960000 5.28
1436275020000 5.2699
1436275080000 5.26
1436275140000 5.26
1436275200000 5.26
1436275260000 5.25
1436275320000 5.24
1436275440000 5.24
1436275500000 5.25
1436275620000 5.239
1436275680000 5.235
1436275740000 5.24
1436275800000 5.24
1436275860000 5.24
1436276040000 5.24
1436276100000 5.2499
1436276160000 5.25
1436276460000 5.24
1436276520000 5.23
1436276580000 5.235
1436276640000 5.24
1436276700000 5.27
1436276760000 5.275
1436276820000 5.27
1436276880000 5.275
1436277000000 5.27
1436277120000 5.24
1436277180000 5.24
1436277240000 5.24
1436277300000 5.22
1436277420000 5.22
1436277480000 5.22
1436277540000 5.22
1436277720000 5.22
1436277900000 5.23
1436277960000 5.22
1436278020000 5.225
1436278080000 5.22
1436278140000 5.23
1436278200000 5.24
1436278260000 5.2401
1436278440000 5.24
1436278500000 5.24
1436278560000 5.22
1436278620000 5.217
1436278740000 5.21
1436278800000 5.21
1436278860000 5.2
1436278920000 5.19
1436278980000 5.16
1436279040000 5.18
1436279160000 5.19
1436279220000 5.2
1436279520000 5.185
1436279580000 5.19
1436279700000 5.2
1436279760000 5.2
1436279880000 5.2099
1436279940000 5.2199
1436280060000 5.22
1436280120000 5.23
1436280180000 5.26
1436280420000 5.26
1436280480000 5.27
1436280600000 5.26
1436280720000 5.25
1436280780000 5.245
1436280840000 5.24
1436280960000 5.25
1436281080000 5.26
1436281140000 5.29
1436281200000 5.3
1436281260000 5.2999
1436281320000 5.29
1436281380000 5.28
1436281440000 5.28
1436281500000 5.29
1436281560000 5.27
