1436261400000 46.51
1436261460000 46.555
1436261520000 46.405
1436261580000 46.37
1436261640000 46.31
1436261700000 46.17
1436261760000 46.14
1436261820000 46.14
1436261880000 46.21
1436261940000 46.19
1436262000000 46.18
1436262060000 46.1
1436262120000 46.08
1436262180000 46.03
1436262240000 46.025
1436262300000 46.015
1436262360000 46.03
1436262420000 46.03
1436262480000 46.05
1436262540000 46.0799
1436262600000 46.03
1436262660000 46.03
1436262720000 46.03
1436262780000 46.005
1436262840000 46.01
1436262900000 46.03
1436262960000 45.97
1436263020000 46.0
1436263080000 45.93
1436263140000 45.91
1436263200000 45.825
1436263260000 45.9
1436263320000 45.84
1436263380000 45.8599
1436263440000 45.85
1436263500000 45.83
1436263560000 45.84
1436263620000 45.86
1436263680000 45.84
1436263740000 45.81
1436263800000 45.89
1436263920000 45.9
1436263980000 45.85
1436264040000 45.87
1436264100000 45.86
1436264160000 45.92
1436264220000 45.92
1436264280000 45.9
1436264340000 45.87
1436264400000 45.84
1436264460000 45.84
1436264520000 45.85
1436264580000 45.87
1436264640000 45.885
1436264700000 45.87
1436264760000 45.84
1436264820000 45.86
1436264940000 45.76
1436265000000 45.73
1436265060000 45.66
1436265120000 45.6
1436265180000 45.59
1436265240000 45.57
1436265300000 45.58
1436265360000 45.58
1436265420000 45.55
1436265480000 45.45
1436265540000 45.44
1436265600000 45.45
1436265660000 45.42
1436265720000 45.36
1436265780000 45.33
1436265840000 45.38
1436265900000 45.37
1436265960000 45.39
1436266020000 45.45
1436266080000 45.45
1436266140000 45.36
1436266200000 45.35
1436266260000 45.34
1436266320000 45.35
1436266380000 45.39
1436266440000 45.4
1436266500000 45.44
1436266560000 45.4
1436266620000 45.44
1436266680000 45.47
1436266740000 45.5
1436266800000 45.47
1436266980000 45.44
1436267040000 45.42
1436267100000 45.41
1436267160000 45.41
1436267220000 45.38
1436267280000 45.39
1436267340000 45.4
1436267400000 45.44
1436267460000 45.44
1436267520000 45.44
1436267580000 45.47
1436267640000 45.45
1436267700000 45.43
1436267760000 45.47
1436267820000 45.51
1436267880000 45.53
1436267940000 45.55
1436268000000 45.49
1436268060000 45.44
1436268120000 45.44
1436268180000 45.44
1436268240000 45.45
1436268300000 45.48
1436268360000 45.49
1436268420000 45.51
1436268480000 45.53
1436268540000 45.46
1436268600000 45.47
1436268660000 45.49
1436268720000 45.46
1436268780000 45.52
1436268840000 45.51
1436268900000 45.45
1436268960000 45.45
1436269020000 45.4832
1436269080000 45.51
1436269140000 45.52
1436269200000 45.51
1436269260000 45.52
1436269320000 45.48
1436269380000 45.52
1436269440000 45.55
1436269500000 45.53
1436269560000 45.49
1436269620000 45.49
1436269680000 45.49
1436269800000 45.51
1436269860000 45.5
1436269920000 45.51
1436269980000 45.485
1436270040000 45.48
1436270100000 45.48
1436270160000 45.51
1436270220000 45.66
1436270280000 45.66
1436270340000 45.7
1436270400000 45.65
1436270520000 45.64
1436270580000 45.6
1436270640000 45.66
1436270700000 45.68
1436270760000 45.65
1436270820000 45.61
1436270880000 45.6
1436270940000 45.59
1436271000000 45.55
1436271060000 45.54
1436271120000 45.49
1436271180000 45.49
1436271300000 45.5
1436271360000 45.54
1436271420000 45.5
1436271600000 45.54
1436271660000 45.55
1436271720000 45.53
1436271780000 45.4902
1436271840000 45.47
1436271900000 45.48
1436271960000 45.49
1436272020000 45.5
1436272140000 45.5
1436272260000 45.488
1436272320000 45.51
1436272380000 45.542
1436272440000 45.545
1436272500000 45.57
1436272620000 45.543
1436272680000 45.56
1436272740000 45.59
1436272800000 45.6
1436272860000 45.59
1436272980000 45.57
1436273040000 45.56
1436273100000 45.55
1436273160000 45.58
1436273220000 45.58
1436273340000 45.61
1436273400000 45.6
1436273460000 45.61
1436273520000 45.61
1436273580000 45.6
1436273640000 45.61
1436273700000 45.64
1436273760000 45.72
1436273820000 45.7
1436273880000 45.72
1436273940000 45.7199
1436274000000 45.75
1436274060000 45.74
1436274120000 45.75
1436274180000 45.7
1436274300000 45.72
1436274360000 45.68
1436274420000 45.65
1436274480000 45.6401
1436274540000 45.68
1436274600000 45.7
1436274660000 45.73
1436274720000 45.78
1436274780000 45.82
1436274840000 45.81
1436274900000 45.85
1436275020000 45.81
1436275080000 45.73
1436275140000 45.76
1436275200000 45.8
1436275260000 45.77
1436275320000 45.77
1436275380000 45.74
1436275440000 45.79
1436275500000 45.77
1436275560000 45.72
1436275620000 45.7449
1436275680000 45.74
1436275740000 45.75
1436275800000 45.75
1436275860000 45.73
1436275920000 45.71
1436275980000 45.72
1436276040000 45.73
1436276160000 45.76
1436276220000 45.72
1436276280000 45.68
1436276340000 45.69
1436276400000 45.72
1436276460000 45.71
1436276520000 45.75
1436276580000 45.75
1436276640000 45.75
1436276700000 45.8
1436276760000 45.77
1436276820000 45.77
1436276880000 45.75
1436276940000 45.73
1436277000000 45.76
1436277060000 45.74
1436277120000 45.77
1436277180000 45.79
1436277240000 45.78
1436277300000 45.78
1436277420000 45.81
1436277480000 45.79
1436277540000 45.75
1436277660000 45.815
1436277720000 45.79
1436277780000 45.77
1436277840000 45.77
1436277900000 45.76
1436277960000 45.75
1436278020000 45.77
1436278080000 45.76
1436278140000 45.75
1436278200000 45.73
1436278260000 45.73
1436278380000 45.71
1436278440000 45.66
1436278500000 45.65
1436278620000 45.63
1436278680000 45.62
1436278740000 45.61
1436278860000 45.5825
1436278920000 45.535
1436278980000 45.54
1436279040000 45.58
1436279100000 45.62
1436279160000 45.66
1436279220000 45.68
1436279280000 45.67
1436279340000 45.63
1436279400000 45.62
1436279460000 45.61
1436279520000 45.61
1436279580000 45.61
1436279640000 45.62
1436279760000 45.595
1436279820000 45.6
1436279880000 45.61
1436280000000 45.65
1436280060000 45.67
1436280120000 45.7
1436280180000 45.73
1436280240000 45.75
1436280300000 45.79
1436280360000 45.79
1436280420000 45.81
1436280480000 45.82
1436280540000 45.805
1436280600000 45.83
1436280720000 45.82
1436280780000 45.82
1436280840000 45.83
1436280900000 45.84
1436280960000 45.85
1436281020000 45.86
1436281080000 45.93
1436281140000 45.93
1436281200000 45.93
1436281260000 45.95
1436281320000 45.93
1436281380000 45.89
1436281440000 45.92
1436281500000 45.94
1436281560000 45.88
1436281620000 45.9
