1436261400000 48.25
1436261460000 48.34
1436261520000 48.36
1436261580000 48.43
1436261700000 48.355
1436261760000 48.32
1436261820000 48.29
1436261880000 48.22
1436261940000 48.35
1436262000000 48.34
1436262060000 48.29
1436262120000 48.27
1436262180000 48.35
1436262240000 48.36
1436262300000 48.37
1436262360000 48.31
1436262420000 48.32
1436262480000 48.31
1436262540000 48.28
1436262600000 48.1825
1436262660000 48.17
1436262720000 48.25
1436262780000 48.305
1436262840000 48.26
1436262900000 48.27
1436262960000 48.2401
1436263020000 48.26
1436263080000 48.17
1436263140000 48.11
1436263200000 48.11
1436263260000 48.11
1436263320000 48.11
1436263380000 48.075
1436263440000 47.98
1436263500000 47.94
1436263560000 47.93
1436263620000 47.92
1436263680000 47.82
1436263740000 47.86
1436263800000 47.91
1436263860000 47.98
1436263920000 48.0
1436263980000 47.98
1436264040000 48.0
1436264100000 47.98
1436264160000 47.96
1436264220000 47.89
1436264280000 47.93
1436264340000 47.9
1436264400000 47.88
1436264460000 47.87
1436264520000 47.87
1436264580000 47.9
1436264640000 47.855
1436264700000 47.87
1436264760000 47.82
1436264820000 47.845
1436264880000 47.82
1436264940000 47.84
1436265000000 47.82
1436265060000 47.82
1436265120000 47.81
1436265180000 47.832
1436265240000 47.81
1436265300000 47.83
1436265360000 47.78
1436265420000 47.81
1436265480000 47.8
1436265540000 47.7743
1436265600000 47.73
1436265660000 47.7
1436265720000 47.66
1436265780000 47.64
1436265840000 47.67
1436265900000 47.64
1436265960000 47.66
1436266020000 47.71
1436266080000 47.71
1436266140000 47.7
1436266200000 47.65
1436266260000 47.64
1436266320000 47.65
1436266380000 47.72
1436266440000 47.69
1436266500000 47.74
1436266560000 47.65
1436266620000 47.665
1436266680000 47.65
1436266740000 47.63
1436266800000 47.61
1436266860000 47.55
1436266920000 47.6
1436266980000 47.6232
1436267040000 47.58
1436267100000 47.56
1436267160000 47.51
1436267220000 47.52
1436267280000 47.52
1436267340000 47.5366
1436267400000 47.52
1436267460000 47.54
1436267520000 47.54
1436267580000 47.6
1436267640000 47.5657
1436267700000 47.56
1436267760000 47.61
1436267820000 47.6504
1436267880000 47.615
1436267940000 47.6
1436268000000 47.57
1436268060000 47.5
1436268120000 47.45
1436268180000 47.45
1436268240000 47.55
1436268300000 47.51
1436268360000 47.5
1436268420000 47.5
1436268480000 47.49
1436268540000 47.45
1436268600000 47.41
1436268660000 47.39
1436268720000 47.36
1436268780000 47.3601
1436268840000 47.35
1436268900000 47.31
1436268960000 47.29
1436269020000 47.34
1436269080000 47.32
1436269140000 47.34
1436269200000 47.37
1436269260000 47.42
1436269320000 47.41
1436269380000 47.49
1436269440000 47.5
1436269500000 47.46
1436269560000 47.41
1436269620000 47.38
1436269680000 47.38
1436269740000 47.38
1436269800000 47.37
1436269860000 47.35
1436269920000 47.32
1436269980000 47.32
1436270040000 47.31
1436270100000 47.32
1436270160000 47.41
1436270220000 47.52
1436270280000 47.5
1436270340000 47.49
1436270400000 47.4448
1436270460000 47.41
1436270520000 47.41
1436270580000 47.41
1436270640000 47.41
1436270700000 47.445
1436270760000 47.4217
1436270820000 47.4
1436270880000 47.39
1436270940000 47.39
1436271000000 47.36
1436271060000 47.3683
1436271120000 47.35
1436271180000 47.36
1436271240000 47.36
1436271300000 47.3601
1436271360000 47.42
1436271420000 47.39
1436271480000 47.36
1436271540000 47.38
1436271600000 47.4
1436271660000 47.44
1436271720000 47.43
1436271780000 47.38
1436271840000 47.4
1436271900000 47.36
1436271960000 47.36
1436272020000 47.36
1436272080000 47.4
1436272140000 47.38
1436272200000 47.35
1436272260000 47.38
1436272320000 47.43
1436272380000 47.4
1436272440000 47.43
1436272500000 47.44
1436272560000 47.41
1436272620000 47.425
1436272680000 47.435
1436272740000 47.45
1436272800000 47.4599
1436272860000 47.44
1436272920000 47.46
1436272980000 47.44
1436273040000 47.45
1436273100000 47.47
1436273160000 47.53
1436273220000 47.56
1436273280000 47.51
1436273340000 47.5
1436273400000 47.525
1436273460000 47.49
1436273520000 47.49
1436273580000 47.47
1436273640000 47.46
1436273700000 47.57
1436273760000 47.57
1436273820000 47.6
1436273880000 47.6
1436273940000 47.6101
1436274000000 47.64
1436274060000 47.64
1436274120000 47.6
1436274180000 47.56
1436274240000 47.5826
1436274300000 47.57
1436274360000 47.56
1436274420000 47.55
1436274480000 47.5368
1436274540000 47.59
1436274600000 47.6
1436274660000 47.61
1436274720000 47.67
1436274780000 47.72
1436274840000 47.71
1436274900000 47.74
1436274960000 47.69
1436275020000 47.65
1436275080000 47.64
1436275140000 47.6299
1436275200000 47.66
1436275260000 47.63
1436275320000 47.64
1436275380000 47.61
1436275440000 47.67
1436275500000 47.69
1436275560000 47.68
1436275620000 47.68
1436275680000 47.69
1436275740000 47.73
1436275800000 47.72
1436275860000 47.72
1436275920000 47.67
1436275980000 47.66
1436276040000 47.641
1436276100000 47.66
1436276160000 47.67
1436276220000 47.69
1436276280000 47.68
1436276340000 47.675
1436276400000 47.69
1436276460000 47.68
1436276520000 47.69
1436276580000 47.71
1436276640000 47.725
1436276700000 47.76
1436276760000 47.72
1436276820000 47.7
1436276880000 47.67
1436276940000 47.72
1436277000000 47.72
1436277060000 47.68
1436277120000 47.675
1436277180000 47.64
1436277240000 47.635
1436277300000 47.64
1436277360000 47.675
1436277420000 47.7
1436277480000 47.67
1436277540000 47.6601
1436277600000 47.68
1436277660000 47.72
1436277720000 47.71
1436277780000 47.67
1436277840000 47.68
1436277900000 47.69
1436277960000 47.6899
1436278020000 47.65
1436278080000 47.65
1436278140000 47.66
1436278200000 47.695
1436278260000 47.68
1436278320000 47.675
1436278380000 47.65
1436278440000 47.64
1436278500000 47.63
1436278560000 47.61
1436278620000 47.625
1436278680000 47.6
1436278740000 47.56
1436278800000 47.53
1436278860000 47.55
1436278920000 47.5
1436278980000 47.4972
1436279040000 47.54
1436279100000 47.57
1436279160000 47.59
1436279220000 47.6
1436279280000 47.6
1436279340000 47.58
1436279400000 47.59
1436279460000 47.585
1436279520000 47.585
1436279580000 47.6228
1436279640000 47.64
1436279700000 47.64
1436279760000 47.65
1436279820000 47.65
1436279880000 47.62
1436279940000 47.695
1436280000000 47.7
1436280060000 47.73
1436280120000 47.79
1436280180000 47.8
1436280240000 47.85
1436280300000 47.87
1436280360000 47.86
1436280420000 47.89
1436280480000 47.9
1436280540000 47.9
1436280600000 47.91
1436280660000 47.88
1436280720000 47.89
1436280780000 47.9
1436280840000 47.96
1436280900000 47.93
1436280960000 47.95
1436281020000 47.98
1436281080000 47.98
1436281140000 48.06
1436281200000 48.07
1436281260000 48.0803
1436281320000 48.08
1436281380000 48.07
1436281440000 48.068
1436281500000 48.1
1436281560000 48.07
1436281620000 48.02
