1436261400000 16.28
1436261460000 16.185
1436261520000 16.16
1436261580000 16.105
1436261640000 16.11
1436261700000 16.08
1436261760000 16.08
1436261820000 16.07
1436261880000 16.11
1436261940000 16.1
1436262000000 16.09
1436262060000 16.09
1436262120000 16.08
1436262180000 16.1
1436262240000 16.08
1436262300000 16.07
1436262360000 16.06
1436262420000 16.06
1436262480000 16.055
1436262540000 16.07
1436262600000 16.06
1436262660000 16.04
1436262720000 16.055
1436262780000 16.03
1436262840000 16.04
1436262900000 16.05
1436262960000 16.03
1436263020000 16.02
1436263080000 16.02
1436263140000 16.0197
1436263200000 16.01
1436263260000 16.02
1436263320000 16.01
1436263380000 16.015
1436263440000 16.01
1436263500000 16.01
1436263560000 16.0
1436263620000 16.015
1436263680000 15.995
1436263740000 15.98
1436263800000 15.971
1436263860000 15.99
1436263920000 16.0
1436263980000 16.0
1436264040000 16.0
1436264100000 15.99
1436264160000 15.98
1436264220000 15.98
1436264280000 15.97
1436264340000 15.97
1436264400000 15.975
1436264460000 15.98
1436264520000 15.98
1436264580000 15.975
1436264640000 15.97
1436264700000 15.98
1436264760000 15.96
1436264820000 15.96
1436264880000 15.94
1436264940000 15.95
1436265000000 15.95
1436265060000 15.95
1436265120000 15.94
1436265180000 15.94
1436265240000 15.93
1436265300000 15.927
1436265360000 15.94
1436265420000 15.94
1436265480000 15.925
1436265540000 15.93
1436265600000 15.92
1436265660000 15.93
1436265720000 15.91
1436265780000 15.925
1436265840000 15.93
1436265900000 15.93
1436265960000 15.93
1436266020000 15.94
1436266080000 15.94
1436266140000 15.93
1436266200000 15.913
1436266260000 15.91
1436266320000 15.93
1436266380000 15.94
1436266440000 15.94
1436266500000 15.95
1436266560000 15.92
1436266620000 15.94
1436266680000 15.93
1436266740000 15.92
1436266800000 15.91
1436266860000 15.89
1436266920000 15.88
1436266980000 15.87
1436267040000 15.86
1436267100000 15.85
1436267160000 15.85
1436267220000 15.86
1436267280000 15.86
1436267340000 15.87
1436267400000 15.87
1436267460000 15.875
1436267520000 15.9
1436267580000 15.92
1436267640000 15.9
1436267700000 15.9
1436267760000 15.91
1436267820000 15.9199
1436267880000 15.92
1436267940000 15.91
1436268000000 15.91
1436268060000 15.8901
1436268120000 15.88
1436268180000 15.89
1436268240000 15.89
1436268300000 15.88
1436268360000 15.889
1436268420000 15.8821
1436268480000 15.9
1436268540000 15.87
1436268600000 15.88
1436268660000 15.88
1436268720000 15.87
1436268780000 15.88
1436268840000 15.88
1436268900000 15.87
1436268960000 15.86
1436269020000 15.86
1436269080000 15.88
1436269140000 15.89
1436269200000 15.87
1436269260000 15.88
1436269320000 15.89
1436269380000 15.9
1436269440000 15.89
1436269500000 15.9
1436269560000 15.8975
1436269620000 15.89
1436269680000 15.9
1436269740000 15.895
1436269800000 15.9
1436269860000 15.915
1436269920000 15.91
1436269980000 15.915
1436270040000 15.91
1436270100000 15.905
1436270160000 15.925
1436270220000 15.96
1436270280000 15.94
1436270340000 15.94
1436270400000 15.93
1436270460000 15.9174
1436270520000 15.9238
1436270580000 15.93
1436270640000 15.945
1436270700000 15.9526
1436270760000 15.945
1436270820000 15.935
1436270880000 15.93
1436270940000 15.925
1436271000000 15.93
1436271060000 15.9201
1436271120000 15.92
1436271180000 15.92
1436271240000 15.91
1436271300000 15.9
1436271360000 15.92
1436271420000 15.9
1436271480000 15.91
1436271540000 15.91
1436271600000 15.9114
1436271660000 15.93
1436271720000 15.93
1436271780000 15.93
1436271840000 15.92
1436271900000 15.915
1436271960000 15.92
1436272020000 15.915
1436272080000 15.92
1436272140000 15.925
1436272200000 15.93
1436272260000 15.93
1436272320000 15.92
1436272380000 15.925
1436272440000 15.92
1436272500000 15.93
1436272560000 15.92
1436272620000 15.93
1436272680000 15.925
1436272740000 15.94
1436272800000 15.9413
1436272860000 15.93
1436272920000 15.93
1436272980000 15.93
1436273040000 15.92
1436273100000 15.92
1436273160000 15.94
1436273220000 15.94
1436273280000 15.95
1436273340000 15.95
1436273400000 15.95
1436273460000 15.96
1436273520000 15.96
1436273580000 15.96
1436273640000 15.965
1436273700000 15.98
1436273760000 15.98
1436273820000 15.955
1436273880000 15.96
1436273940000 15.97
1436274000000 15.97
1436274060000 15.98
1436274120000 15.96
1436274240000 15.95
1436274300000 15.95
1436274360000 15.955
1436274420000 15.94
1436274480000 15.945
1436274600000 15.97
1436274660000 15.97
1436274720000 15.975
1436274780000 15.985
1436274840000 15.98
1436274900000 15.995
1436274960000 15.97
1436275020000 15.9699
1436275080000 15.96
1436275140000 15.96
1436275200000 15.96
1436275260000 15.955
1436275320000 15.955
1436275380000 15.94
1436275440000 15.95
1436275500000 15.955
1436275560000 15.9401
1436275620000 15.94
1436275680000 15.945
1436275740000 15.945
1436275800000 15.96
1436275860000 15.955
1436275920000 15.9507
1436275980000 15.945
1436276040000 15.935
1436276160000 15.9451
1436276220000 15.94
1436276280000 15.92
1436276400000 15.93
1436276460000 15.935
1436276520000 15.94
1436276580000 15.94
1436276640000 15.94
1436276700000 15.96
1436276760000 15.96
1436276820000 15.955
1436276880000 15.95
1436276940000 15.95
1436277000000 15.96
1436277060000 15.96
1436277120000 15.95
1436277180000 15.955
1436277240000 15.945
1436277300000 15.94
1436277360000 15.94
1436277420000 15.94
1436277480000 15.94
1436277540000 15.94
1436277600000 15.95
1436277660000 15.955
1436277720000 15.96
1436277780000 15.94
1436277840000 15.935
1436277900000 15.935
1436277960000 15.94
1436278020000 15.935
1436278080000 15.93
1436278140000 15.93
1436278200000 15.935
1436278260000 15.95
1436278320000 15.94
1436278380000 15.941
1436278440000 15.9442
1436278500000 15.94
1436278560000 15.92
1436278620000 15.9209
1436278680000 15.92
1436278740000 15.91
1436278800000 15.9
1436278860000 15.905
1436278920000 15.89
1436278980000 15.9
1436279040000 15.9001
1436279100000 15.915
1436279160000 15.92
1436279220000 15.92
1436279280000 15.93
1436279340000 15.92
1436279400000 15.91
1436279460000 15.91
1436279520000 15.92
1436279580000 15.93
1436279640000 15.925
1436279700000 15.905
1436279760000 15.8949
1436279820000 15.9
1436279880000 15.91
1436279940000 15.92
1436280000000 15.93
1436280060000 15.925
1436280120000 15.945
1436280180000 15.94
1436280240000 15.95
1436280300000 15.9549
1436280360000 15.96
1436280420000 15.97
1436280480000 15.96
1436280540000 15.96
1436280600000 15.96
1436280660000 15.965
1436280720000 15.97
1436280780000 15.98
1436280840000 15.98
1436280900000 15.98
1436280960000 15.975
1436281020000 15.99
1436281080000 15.99
1436281140000 16.007
1436281200000 15.99
1436281260000 16.004
1436281320000 16.0
1436281380000 15.995
1436281440000 15.99
1436281500000 15.99
1436281560000 15.975
1436281620000 15.98
