1436261400000 1.66
1436261460000 1.701
1436261520000 1.64
1436261580000 1.61
1436261640000 1.65
1436261700000 1.665
1436261760000 1.7
1436261820000 1.764
1436261880000 1.73
1436261940000 1.71
1436262000000 1.6699
1436262060000 1.63
1436262120000 1.66
1436262180000 1.64
1436262240000 1.65
1436262300000 1.66
1436262360000 1.6599
1436262420000 1.651
1436262480000 1.65
1436262540000 1.6449
1436262600000 1.58
1436262660000 1.56
1436262720000 1.5499
1436262780000 1.55
1436262840000 1.54
1436262900000 1.4999
1436262960000 1.52
1436263020000 1.535
1436263080000 1.5499
1436263140000 1.53
1436263200000 1.5101
1436263260000 1.54
1436263320000 1.52
1436263380000 1.52
1436263440000 1.5
1436263500000 1.4692
1436263560000 1.465
1436263620000 1.44
1436263680000 1.449
1436263740000 1.455
1436263800000 1.46
1436263860000 1.48
1436263920000 1.46
1436263980000 1.44
1436264040000 1.4415
1436264100000 1.44
1436264160000 1.46
1436264220000 1.4599
1436264280000 1.4695
1436264340000 1.4886
1436264400000 1.5105
1436264460000 1.51
1436264520000 1.51
1436264580000 1.5
1436264640000 1.5
1436264700000 1.51
1436264760000 1.53
1436264820000 1.5
1436264880000 1.5
1436264940000 1.5082
1436265000000 1.495
1436265060000 1.4904
1436265120000 1.475
1436265180000 1.4701
1436265240000 1.4799
1436265300000 1.47
1436265360000 1.4701
1436265420000 1.4701
1436265480000 1.48
1436265540000 1.4799
1436265600000 1.49
1436265660000 1.4999
1436265720000 1.49
1436265780000 1.481
1436265840000 1.49
1436265900000 1.47
1436265960000 1.49
1436266020000 1.48
1436266080000 1.47
1436266200000 1.47
1436266260000 1.47
1436266320000 1.4499
1436266380000 1.45
1436266440000 1.45
1436266500000 1.4546
1436266560000 1.4599
1436266620000 1.4594
1436266680000 1.45
1436266740000 1.4501
1436266800000 1.45
1436266860000 1.45
1436266920000 1.45
1436266980000 1.46
1436267100000 1.4501
1436267160000 1.4586
1436267220000 1.46
1436267280000 1.46
1436267340000 1.46
1436267400000 1.46
1436267460000 1.4563
1436267520000 1.4541
1436267580000 1.46
1436267640000 1.46
1436267700000 1.47
1436267760000 1.47
1436267820000 1.4699
1436267880000 1.467
1436267940000 1.4637
1436268000000 1.4601
1436268120000 1.4799
1436268180000 1.48
1436268240000 1.4763
1436268420000 1.47
1436268480000 1.47
1436268540000 1.469
1436268600000 1.46
1436268660000 1.45
1436268720000 1.4599
1436268780000 1.4501
1436268840000 1.4501
1436268900000 1.45
1436268960000 1.4499
1436269020000 1.45
1436269080000 1.4401
1436269140000 1.44
1436269200000 1.44
1436269260000 1.435
1436269380000 1.445
1436269440000 1.44
1436269620000 1.4465
1436269680000 1.4499
1436269740000 1.443
1436269800000 1.455
1436269860000 1.4665
1436269920000 1.4696
1436269980000 1.47
1436270040000 1.4599
1436270100000 1.46
1436270160000 1.47
1436270220000 1.4601
1436270280000 1.4601
1436270340000 1.46
1436270400000 1.45
1436270460000 1.44
1436270520000 1.45
1436270580000 1.45
1436270640000 1.46
1436270700000 1.46
1436270760000 1.46
1436270820000 1.469
1436270880000 1.47
1436270940000 1.46
1436271060000 1.4699
1436271120000 1.4699
1436271180000 1.47
1436271240000 1.465
1436271360000 1.47
1436271420000 1.469
1436271480000 1.46
1436271600000 1.4616
1436271720000 1.465
1436271780000 1.4616
1436271960000 1.4635
1436272020000 1.4672
1436272080000 1.465
1436272140000 1.4695
1436272200000 1.465
1436272260000 1.47
1436272320000 1.465
1436272440000 1.4699
1436272560000 1.47
1436272620000 1.4694
1436272740000 1.47
1436272860000 1.4744
1436272980000 1.4799
1436273040000 1.475
1436273100000 1.475
1436273160000 1.48
1436273280000 1.4999
1436273340000 1.51
1436273400000 1.519
1436273460000 1.515
1436273520000 1.5002
1436273580000 1.5065
1436273700000 1.51
1436273760000 1.51
1436273820000 1.5
1436273880000 1.5099
1436273940000 1.51
1436274000000 1.49
1436274060000 1.4901
1436274120000 1.491
1436274180000 1.49
1436274240000 1.4999
1436274300000 1.4999
1436274360000 1.4988
1436274420000 1.49
1436274480000 1.5
1436274540000 1.49
1436274600000 1.4901
1436274660000 1.499
1436274720000 1.5
1436274780000 1.5
1436274840000 1.5
1436274960000 1.4988
1436275020000 1.5
1436275080000 1.4999
1436275140000 1.4999
1436275200000 1.5
1436275260000 1.51
1436275320000 1.51
1436275380000 1.52
1436275440000 1.53
1436275500000 1.535
1436275560000 1.5394
1436275620000 1.53
1436275680000 1.539
1436275740000 1.54
1436275800000 1.5399
1436275860000 1.53
1436275920000 1.5428
1436276040000 1.54
1436276100000 1.5501
1436276160000 1.555
1436276220000 1.56
1436276280000 1.545
1436276340000 1.5599
1436276400000 1.557
1436276460000 1.56
1436276520000 1.585
1436276580000 1.5801
1436276640000 1.58
1436276700000 1.59
1436276760000 1.58
1436276820000 1.575
1436276880000 1.57
1436276940000 1.5799
1436277000000 1.5799
1436277060000 1.58
1436277120000 1.5401
1436277180000 1.5566
1436277240000 1.56
1436277300000 1.5666
1436277360000 1.5699
1436277420000 1.564
1436277480000 1.5634
1436277540000 1.56
1436277600000 1.56
1436277660000 1.575
1436277720000 1.57
1436277780000 1.5699
1436277840000 1.5696
1436277900000 1.5699
1436277960000 1.5605
1436278020000 1.5699
1436278080000 1.5601
1436278140000 1.5695
1436278200000 1.57
1436278260000 1.585
1436278320000 1.5899
1436278380000 1.591
1436278440000 1.595
1436278500000 1.619
1436278560000 1.63
1436278620000 1.627
1436278680000 1.61
1436278740000 1.6
1436278800000 1.58
1436278860000 1.58
1436278920000 1.58
1436278980000 1.59
1436279040000 1.59
1436279100000 1.59
1436279160000 1.59
1436279220000 1.5919
1436279280000 1.6
1436279340000 1.6001
1436279400000 1.595
1436279460000 1.5999
1436279520000 1.605
1436279580000 1.6046
1436279640000 1.61
1436279700000 1.6
1436279760000 1.605
1436279820000 1.605
1436279880000 1.61
1436279940000 1.6
1436280000000 1.63
1436280060000 1.63
1436280120000 1.62
1436280180000 1.63
1436280240000 1.63
1436280300000 1.63
1436280360000 1.635
1436280420000 1.64
1436280480000 1.6301
1436280540000 1.64
1436280600000 1.64
1436280660000 1.64
1436280720000 1.6301
1436280780000 1.6399
1436280840000 1.64
1436280900000 1.6001
1436280960000 1.62
1436281020000 1.62
1436281140000 1.62
1436281200000 1.61
1436281260000 1.6199
1436281320000 1.6001
1436281380000 1.6
1436281440000 1.57
1436281500000 1.59
1436281560000 1.57
1436281620000 1.5768
1436281680000 1.5601
