1436261400000 12.45
1436261460000 12.37
1436261520000 12.378
1436261580000 12.44
1436261700000 12.45
1436261760000 12.39
1436261940000 12.4299
1436262060000 12.45
1436262120000 12.43
1436262240000 12.45
1436262300000 12.42
1436262360000 12.42
1436262420000 12.38
1436262540000 12.38
1436262720000 12.3608
1436262780000 12.37
1436262840000 12.35
1436262960000 12.35
1436263020000 12.34
1436263080000 12.33
1436263200000 12.34
1436263380000 12.337
1436263440000 12.32
1436263500000 12.33
1436263560000 12.33
1436263620000 12.33
1436263680000 12.33
1436263860000 12.34
1436263920000 12.35
1436263980000 12.34
1436264040000 12.34
1436264100000 12.33
1436264160000 12.3
1436264280000 12.35
1436264340000 12.35
1436264400000 12.3599
1436264460000 12.34
1436264520000 12.36
1436264640000 12.36
1436264760000 12.31
1436264880000 12.34
1436265000000 12.31
1436265120000 12.3
1436265360000 12.28
1436265480000 12.29
1436265660000 12.29
1436265720000 12.27
1436265840000 12.24
1436265960000 12.24
1436266020000 12.2496
1436266080000 12.2401
1436266320000 12.27
1436266380000 12.29
1436266560000 12.29
1436266740000 12.27
1436266920000 12.24
1436266980000 12.23
1436267280000 12.225
1436267340000 12.2386
1436267400000 12.25
1436267580000 12.22
1436267760000 12.2
1436267820000 12.2
1436267940000 12.23
1436268000000 12.23
1436268060000 12.23
1436268180000 12.2299
1436268240000 12.215
1436268360000 12.16
1436268420000 12.179
1436268480000 12.18
1436268600000 12.15
1436268720000 12.16
1436268780000 12.15
1436268840000 12.135
1436268900000 12.135
1436268960000 12.13
1436269080000 12.15
1436269140000 12.18
1436269260000 12.1905
1436269380000 12.2
1436269440000 12.26
1436269500000 12.25
1436269560000 12.2275
1436269620000 12.26
1436269860000 12.29
1436269980000 12.29
1436270160000 12.29
1436270520000 12.29
1436270580000 12.29
1436270700000 12.3
1436270760000 12.31
1436270880000 12.3
1436270940000 12.3
1436271000000 12.3
1436271120000 12.299
1436271180000 12.26
1436271540000 12.3
1436271600000 12.3
1436271660000 12.3
1436271720000 12.31
1436271780000 12.31
1436271960000 12.31
1436272080000 12.28
1436272500000 12.28
1436272740000 12.32
1436272860000 12.306
1436272920000 12.29
1436273040000 12.2904
1436273220000 12.3
1436273280000 12.33
1436273520000 12.36
1436273640000 12.35
1436273700000 12.36
1436273760000 12.36
1436273820000 12.36
1436273880000 12.37
1436273940000 12.37
1436274000000 12.38
1436274060000 12.37
1436274120000 12.37
1436274180000 12.36
1436274240000 12.36
1436274360000 12.36
1436274480000 12.37
1436274540000 12.38
1436274600000 12.4
1436274660000 12.36
1436274720000 12.35
1436274780000 12.37
1436274840000 12.38
1436274960000 12.35
1436275080000 12.33
1436275140000 12.3293
1436275200000 12.36
1436275260000 12.35
1436275320000 12.35
1436275380000 12.35
1436275440000 12.38
1436275500000 12.38
1436275560000 12.3515
1436275620000 12.36
1436275980000 12.35
1436276040000 12.35
1436276220000 12.35
1436276340000 12.35
1436276460000 12.35
1436276580000 12.36
1436276640000 12.36
1436276760000 12.39
1436276820000 12.4
1436276940000 12.4
1436277000000 12.39
1436277240000 12.39
1436277360000 12.39
1436277420000 12.39
1436277480000 12.39
1436277600000 12.4
1436277720000 12.39
1436277840000 12.38
1436277900000 12.35
1436277960000 12.24
1436278020000 12.28
1436278080000 12.29
1436278140000 12.24
1436278200000 12.23
1436278260000 12.25
1436278320000 12.25
1436278380000 12.25
1436278440000 12.26
1436278500000 12.26
1436278560000 12.26
1436278620000 12.26
1436278680000 12.28
1436278740000 12.25
1436278800000 12.26
1436278860000 12.27
1436278920000 12.27
1436278980000 12.27
1436279040000 12.28
1436279100000 12.2551
1436279160000 12.28
1436279220000 12.28
1436279280000 12.28
1436279340000 12.3
1436279400000 12.33
1436279460000 12.34
1436279520000 12.34
1436279580000 12.36
1436279700000 12.38
1436279760000 12.38
1436279820000 12.37
1436279940000 12.38
1436280000000 12.39
1436280060000 12.39
1436280120000 12.4
1436280180000 12.4
1436280300000 12.3798
1436280360000 12.38
1436280420000 12.39
1436280480000 12.4
1436280540000 12.4
1436280600000 12.4
1436280660000 12.4
1436280720000 12.4
1436280840000 12.39
1436280900000 12.39
1436280960000 12.39
1436281020000 12.38
1436281080000 12.39
1436281140000 12.4
1436281200000 12.39
1436281260000 12.4
1436281320000 12.4
1436281380000 12.4
1436281440000 12.4
1436281500000 12.39
