1436261400000 64.28
1436261460000 64.15
1436261520000 64.08
1436261580000 64.2
1436261640000 64.0899
1436261700000 63.9
1436261760000 63.949
1436261820000 63.84
1436261880000 63.75
1436261940000 63.97
1436262000000 63.99
1436262060000 63.99
1436262120000 63.98
1436262180000 63.97
1436262240000 63.9
1436262300000 63.79
1436262360000 63.89
1436262420000 63.8963
1436262480000 63.86
1436262540000 63.84
1436262600000 63.86
1436262660000 63.81
1436262720000 63.85
1436262780000 63.91
1436262840000 63.885
1436262900000 63.85
1436262960000 63.84
1436263020000 63.85
1436263080000 63.74
1436263140000 63.64
1436263200000 63.65
1436263260000 63.63
1436263320000 63.6
1436263380000 63.6175
1436263440000 63.59
1436263500000 63.57
1436263560000 63.57
1436263620000 63.55
1436263680000 63.49
1436263740000 63.5
1436263800000 63.52
1436263860000 63.58
1436263920000 63.57
1436263980000 63.59
1436264040000 63.62
1436264100000 63.57
1436264160000 63.61
1436264220000 63.67
1436264280000 63.68
1436264340000 63.7
1436264400000 63.65
1436264460000 63.65
1436264520000 63.65
1436264580000 63.63
1436264640000 63.66
1436264700000 63.67
1436264760000 63.66
1436264820000 63.68
1436264880000 63.63
1436264940000 63.69
1436265000000 63.74
1436265060000 63.67
1436265120000 63.67
1436265180000 63.69
1436265240000 63.66
1436265300000 63.67
1436265360000 63.62
1436265420000 63.65
1436265480000 63.63
1436265540000 63.59
1436265600000 63.56
1436265660000 63.48
1436265720000 63.47
1436265780000 63.45
1436265840000 63.46
1436265900000 63.46
1436265960000 63.51
1436266020000 63.55
1436266080000 63.59
1436266140000 63.6
1436266200000 63.6
1436266260000 63.62
1436266320000 63.65
1436266380000 63.67
1436266440000 63.66
1436266500000 63.74
1436266560000 63.64
1436266620000 63.69
1436266680000 63.63
1436266740000 63.64
1436266800000 63.62
1436266860000 63.57
1436266920000 63.61
1436266980000 63.59
1436267040000 63.56
1436267100000 63.56
1436267160000 63.51
1436267220000 63.53
1436267280000 63.52
1436267340000 63.53
1436267400000 63.57
1436267460000 63.59
1436267520000 63.63
1436267580000 63.67
1436267640000 63.66
1436267700000 63.66
1436267760000 63.665
1436267820000 63.73
1436267880000 63.71
1436267940000 63.65
1436268000000 63.64
1436268060000 63.62
1436268120000 63.58
1436268180000 63.61
1436268240000 63.63
1436268300000 63.61
1436268360000 63.56
1436268420000 63.57
1436268480000 63.58
1436268540000 63.54
1436268600000 63.43
1436268660000 63.41
1436268720000 63.42
1436268780000 63.4
1436268840000 63.39
1436268900000 63.33
1436268960000 63.33
1436269020000 63.36
1436269080000 63.35
1436269140000 63.4
1436269200000 63.39
1436269260000 63.44
1436269320000 63.44
1436269380000 63.49
1436269440000 63.47
1436269500000 63.58
1436269560000 63.54
1436269620000 63.52
1436269680000 63.54
1436269740000 63.53
1436269800000 63.5
1436269860000 63.505
1436269920000 63.48
1436269980000 63.445
1436270040000 63.45
1436270100000 63.46
1436270160000 63.56
1436270220000 63.77
1436270280000 63.711
1436270340000 63.67
1436270400000 63.66
1436270460000 63.62
1436270520000 63.63
1436270580000 63.65
1436270640000 63.67
1436270700000 63.67
1436270760000 63.63
1436270820000 63.6
1436270880000 63.58
1436270940000 63.58
1436271000000 63.58
1436271060000 63.55
1436271120000 63.51
1436271180000 63.5
1436271300000 63.52
1436271360000 63.52
1436271420000 63.49
1436271480000 63.47
1436271540000 63.46
1436271600000 63.47
1436271660000 63.5
1436271720000 63.5
1436271780000 63.47
1436271840000 63.48
1436271900000 63.48
1436271960000 63.51
1436272020000 63.54
1436272080000 63.54
1436272140000 63.55
1436272200000 63.52
1436272260000 63.54
1436272320000 63.56
1436272380000 63.55
1436272440000 63.56
1436272500000 63.56
1436272560000 63.56
1436272620000 63.58
1436272680000 63.61
1436272740000 63.65
1436272800000 63.65
1436272920000 63.66
1436272980000 63.65
1436273040000 63.62
1436273100000 63.64
1436273160000 63.7
1436273220000 63.72
1436273280000 63.71
1436273340000 63.68
1436273400000 63.68
1436273460000 63.66
1436273520000 63.68
1436273580000 63.63
1436273640000 63.6
1436273700000 63.69
1436273760000 63.68
1436273820000 63.68
1436273880000 63.72
1436273940000 63.741
1436274000000 63.76
1436274060000 63.77
1436274120000 63.75
1436274180000 63.72
1436274240000 63.72
1436274300000 63.71
1436274360000 63.7
1436274420000 63.7
1436274480000 63.73
1436274540000 63.79
1436274600000 63.82
1436274660000 63.85
1436274720000 63.91
1436274780000 63.99
1436274840000 63.98
1436274900000 64.02
1436274960000 63.94
1436275020000 63.87
1436275080000 63.8162
1436275140000 63.78
1436275200000 63.81
1436275260000 63.77
1436275320000 63.74
1436275380000 63.71
1436275440000 63.73
1436275500000 63.73
1436275560000 63.73
1436275620000 63.75
1436275680000 63.79
1436275740000 63.81
1436275800000 63.84
1436275860000 63.83
1436275920000 63.76
1436275980000 63.78
1436276040000 63.76
1436276100000 63.77
1436276160000 63.8
1436276220000 63.77
1436276280000 63.75
1436276340000 63.735
1436276400000 63.74
1436276460000 63.73
1436276520000 63.72
1436276580000 63.745
1436276640000 63.74
1436276700000 63.83
1436276760000 63.79
1436276820000 63.75
1436276880000 63.73
1436276940000 63.76
1436277000000 63.75
1436277060000 63.722
1436277120000 63.76
1436277180000 63.74
1436277240000 63.73
1436277300000 63.72
1436277360000 63.7201
1436277420000 63.73
1436277480000 63.7047
1436277540000 63.72
1436277600000 63.75
1436277660000 63.79
1436277720000 63.77
1436277780000 63.73
1436277840000 63.74
1436277900000 63.74
1436277960000 63.74
1436278020000 63.74
1436278080000 63.73
1436278140000 63.73
1436278200000 63.76
1436278260000 63.76
1436278320000 63.78
1436278380000 63.79
1436278440000 63.78
1436278500000 63.77
1436278560000 63.76
1436278620000 63.76
1436278680000 63.75
1436278740000 63.71
1436278800000 63.67
1436278860000 63.69
1436278920000 63.62
1436278980000 63.61
1436279040000 63.63
1436279100000 63.67
1436279160000 63.685
1436279220000 63.68
1436279280000 63.67
1436279340000 63.64
1436279400000 63.645
1436279460000 63.65
1436279520000 63.64
1436279580000 63.67
1436279640000 63.6899
1436279700000 63.66
1436279760000 63.68
1436279820000 63.68
1436279880000 63.65
1436279940000 63.76
1436280000000 63.76
1436280060000 63.81
1436280120000 63.91
1436280180000 63.89
1436280240000 63.97
1436280300000 64.0
1436280360000 63.99
1436280420000 64.02
1436280480000 64.0
1436280540000 64.0
1436280600000 64.02
1436280660000 64.01
1436280720000 64.01
1436280780000 64.0
1436280840000 64.04
1436280900000 64.05
1436280960000 64.06
1436281020000 64.09
1436281080000 64.11
1436281140000 64.24
1436281200000 64.22
1436281260000 64.23
1436281320000 64.24
1436281380000 64.21
1436281440000 64.19
1436281500000 64.2
1436281560000 64.17
1436281620000 64.14
