1436261400000 24.35
1436261640000 24.14
1436261700000 24.32
1436261820000 24.06
1436261880000 24.03
1436262120000 24.002
1436262240000 23.97
1436262300000 23.98
1436262360000 23.98
1436262540000 23.87
1436262780000 23.94
1436262840000 23.96
1436263260000 23.96
1436263620000 23.9
1436263800000 23.9
1436264340000 23.79
1436264580000 23.92
1436264700000 23.85
1436265240000 23.69
1436265300000 23.65
1436265480000 23.62
1436265540000 23.67
1436265840000 23.55
1436265900000 23.56
1436265960000 23.39
1436266200000 23.61
1436266260000 23.5
1436266440000 23.63
1436266560000 23.63
1436266680000 23.62
1436266740000 23.62
1436266860000 23.56
1436267460000 23.55
1436267520000 23.55
1436267760000 23.53
1436268000000 23.4901
1436268240000 23.49
1436268300000 23.5
1436268480000 23.5
1436268540000 23.49
1436268660000 23.58
1436268840000 23.46
1436269320000 23.57
1436269560000 23.69
1436269620000 23.69
1436269740000 23.61
1436270160000 23.7
1436270220000 23.72
1436270460000 23.84
1436270640000 23.9
1436270760000 23.8784
1436271060000 23.84
1436271180000 23.69
1436271240000 23.71
1436271660000 23.76
1436271720000 23.71
1436272440000 23.79
1436272500000 23.79
1436272680000 23.79
1436272740000 23.76
1436272920000 23.79
1436272980000 23.73
1436273220000 23.8
1436273280000 23.8
1436273340000 23.8
1436273400000 23.8
1436273460000 23.8
1436273520000 23.8
1436273640000 23.8
1436273700000 23.8
1436273880000 23.8
1436273940000 23.82
1436274300000 23.77
1436274780000 23.89
1436274960000 23.88
1436275200000 23.89
1436276940000 23.81
1436277840000 23.75
1436277900000 23.72
1436278740000 23.8
1436279340000 23.82
1436279880000 23.86
1436279940000 23.89
1436280840000 23.9
1436281080000 23.98
1436281140000 23.98
1436281440000 23.99
