1436261400000 35.82
1436261460000 35.78
1436261520000 35.9725
1436261580000 36.01
1436261640000 35.88
1436261700000 35.93
1436261760000 35.92
1436262240000 35.98
1436262360000 35.99
1436262480000 36.02
1436262780000 36.04
1436262840000 36.11
1436263020000 36.13
1436263080000 36.13
1436263140000 36.15
1436263620000 36.05
1436263680000 36.05
1436263800000 36.11
1436263860000 36.08
1436263980000 36.09
1436264040000 36.08
1436264100000 36.06
1436264160000 36.05
1436264220000 36.04
1436264340000 36.06
1436264520000 36.045
1436264640000 36.05
1436264760000 36.06
1436264820000 35.95
1436264880000 35.9142
1436265000000 35.91
1436265060000 35.9
1436265240000 35.86
1436265300000 35.87
1436265480000 35.865
1436265600000 35.86
1436265660000 35.835
1436265780000 35.84
1436265840000 35.845
1436266020000 35.86
1436266080000 35.85
1436266140000 35.9
1436266200000 35.86
1436266260000 35.84
1436266440000 35.9
1436266500000 35.89
1436266800000 35.82
1436266980000 35.77
1436267100000 35.74
1436267280000 35.7
1436267340000 35.6942
1436267520000 35.67
1436267640000 35.67
1436267760000 35.68
1436268060000 35.67
1436268120000 35.63
1436268180000 35.6849
1436268360000 35.6626
1436268480000 35.69
1436268540000 35.65
1436268600000 35.61
1436268660000 35.66
1436268720000 35.64
1436268840000 35.55
1436269140000 35.52
1436269260000 35.56
1436269320000 35.55
1436269380000 35.62
1436269440000 35.65
1436269620000 35.66
1436269680000 35.6597
1436269740000 35.66
1436269920000 35.65
1436269980000 35.66
1436270160000 35.71
1436270640000 35.78
1436270700000 35.79
1436271180000 35.74
1436271300000 35.75
1436271420000 35.73
1436271540000 35.7208
1436271720000 35.77
1436271900000 35.71
1436272260000 35.74
1436272320000 35.73
1436272380000 35.73
1436272500000 35.71
1436272620000 35.73
1436272680000 35.73
1436273040000 35.7504
1436273100000 35.77
1436273340000 35.79
1436273640000 35.8
1436273700000 35.86
1436273820000 35.84
1436273880000 35.848
1436274120000 35.82
1436274240000 35.85
1436274300000 35.87
1436274420000 35.83
1436274660000 35.84
1436274720000 35.85
1436274780000 35.87
1436274840000 35.895
1436274960000 35.93
1436275020000 35.9
1436275080000 35.88
1436275200000 35.87
1436275320000 35.875
1436275380000 35.87
1436275500000 35.905
1436275620000 35.86
1436275680000 35.88
1436275740000 35.91
1436275800000 35.87
1436275860000 35.86
1436275920000 35.89
1436275980000 35.905
1436276100000 35.9
1436276280000 35.93
1436276340000 35.93
1436276400000 35.92
1436276520000 35.91
1436276640000 35.94
1436277000000 35.92
1436277060000 35.89
1436277240000 35.84
1436277300000 35.86
1436277540000 35.85
1436277600000 35.83
1436277780000 35.81
1436278020000 35.815
1436278260000 35.78
1436278440000 35.8
1436278740000 35.74
1436278800000 35.73
1436278860000 35.66
1436278920000 35.7
1436278980000 35.72
1436279700000 35.75
1436279760000 35.75
1436279880000 35.73
1436279940000 35.78
1436280060000 35.8
1436280180000 35.86
1436280240000 35.92
1436280360000 35.94
1436280420000 35.93
1436280540000 35.93
1436280660000 35.93
1436280720000 35.93
1436280840000 35.96
1436280900000 35.93
1436280960000 35.92
1436281020000 35.93
1436281140000 35.99
1436281200000 36.03
1436281260000 36.06
1436281320000 36.08
1436281380000 36.04
1436281440000 36.05
