1436261400000 1.32
1436261460000 1.26
1436261940000 1.29
1436262420000 1.31
1436262480000 1.31
1436262900000 1.32
1436263380000 1.31
1436263440000 1.31
1436263560000 1.31
1436263920000 1.32
1436263980000 1.31
1436264040000 1.31
1436264100000 1.31
1436264520000 1.302
1436264640000 1.31
1436264700000 1.31
1436265840000 1.305
1436266080000 1.31
1436267400000 1.31
1436267460000 1.31
1436268060000 1.31
1436268240000 1.31
1436268540000 1.31
1436268720000 1.31
1436268840000 1.3
1436268900000 1.31
1436269980000 1.305
1436270700000 1.305
1436271360000 1.31
1436272140000 1.305
1436272500000 1.31
1436273040000 1.31
1436273640000 1.305
1436273940000 1.31
1436274060000 1.31
1436274180000 1.31
1436274240000 1.32
1436275800000 1.32
1436275860000 1.31
1436276460000 1.32
1436276580000 1.32
1436276640000 1.32
1436276700000 1.32
1436277600000 1.32
1436278020000 1.32
1436278320000 1.32
1436278380000 1.325
1436278440000 1.33
1436279280000 1.33
1436279340000 1.33
1436280060000 1.33
1436280180000 1.33
1436280240000 1.365
1436280300000 1.37
1436280360000 1.365
1436280420000 1.37
1436280480000 1.375
1436280540000 1.38
1436280660000 1.38
1436280720000 1.37
1436281200000 1.365
1436281260000 1.36
1436281320000 1.36
1436281380000 1.36
