1436261400000 69.4
1436261520000 69.53
1436261760000 69.19
1436261820000 69.22
1436261880000 68.89
1436262000000 69.0
1436262120000 69.12
1436262180000 69.22
1436262240000 69.22
1436262300000 69.12
1436262360000 69.11
1436262420000 69.02
1436262480000 69.07
1436262540000 69.11
1436262600000 69.285
1436262660000 69.4
1436262840000 69.29
1436262960000 69.3
1436263020000 69.265
1436263080000 68.91
1436263140000 69.0
1436263200000 68.96
1436263260000 68.92
1436263320000 69.14
1436263380000 69.05
1436263440000 69.12
1436263500000 69.13
1436263560000 69.1
1436263620000 69.02
1436263680000 68.91
1436263800000 68.93
1436263860000 68.973
1436263920000 68.9
1436263980000 69.17
1436264040000 69.1
1436264100000 69.08
1436264160000 68.95
1436264280000 68.72
1436264340000 68.79
1436264460000 68.71
1436264520000 68.82
1436264580000 68.72
1436264640000 68.63
1436264700000 68.54
1436264760000 68.525
1436264820000 68.575
1436264880000 68.4
1436264940000 68.46
1436265000000 68.33
1436265060000 68.1
1436265180000 67.96
1436265300000 67.97
1436265360000 67.92
1436265420000 67.93
1436265480000 67.9843
1436265540000 67.99
1436265660000 67.76
1436265720000 67.5501
1436265780000 67.55
1436265840000 67.46
1436265900000 67.5
1436265960000 67.5401
1436266080000 67.97
1436266140000 67.98
1436266200000 67.8
1436266260000 67.52
1436266320000 67.75
1436266380000 67.93
1436266440000 68.0
1436266500000 68.03
1436266560000 67.93
1436266620000 67.94
1436266680000 67.99
1436266740000 68.0
1436266800000 68.04
1436266860000 67.76
1436266920000 67.82
1436266980000 67.83
1436267100000 67.93
1436267160000 67.97
1436267220000 68.0
1436267280000 67.97
1436267340000 68.0
1436267400000 67.95
1436267460000 67.91
1436267520000 67.99
1436267580000 68.07
1436267640000 68.01
1436267700000 68.0495
1436267760000 68.07
1436267820000 68.05
1436267880000 68.01
1436267940000 67.8432
1436268000000 67.75
1436268060000 67.84
1436268180000 67.9403
1436268300000 67.78
1436268360000 67.76
1436268420000 67.93
1436268480000 67.7809
1436268540000 67.78
1436268660000 67.63
1436268720000 67.63
1436268780000 67.71
1436268840000 67.62
1436268960000 67.44
1436269020000 67.56
1436269080000 67.57
1436269140000 67.78
1436269200000 68.02
1436269260000 68.06
1436269320000 68.22
1436269380000 68.11
1436269440000 68.04
1436269500000 68.09
1436269560000 68.03
1436269620000 68.0
1436269680000 68.05
1436269740000 67.98
1436269860000 67.9
1436269920000 67.86
1436269980000 67.91
1436270040000 68.0
1436270100000 68.03
1436270160000 68.07
1436270220000 68.35
1436270280000 68.19
1436270340000 68.15
1436270400000 67.99
1436270460000 68.01
1436270580000 68.1
1436270640000 68.08
1436270880000 68.15
1436271000000 68.15
1436271060000 68.03
1436271180000 68.03
1436271240000 68.18
1436271300000 68.02
1436271360000 68.0
1436271480000 68.01
1436271540000 68.13
1436271600000 68.13
1436271660000 68.02
1436271720000 68.07
1436271840000 68.14
1436271900000 68.01
1436271960000 68.01
1436272020000 68.01
1436272200000 67.98
1436272260000 67.98
1436272320000 68.032
1436272380000 68.03
1436272440000 68.04
1436272500000 68.04
1436272560000 67.95
1436272620000 68.03
1436272680000 68.0
1436272740000 68.035
1436272800000 68.02
1436272860000 68.07
1436272920000 68.06
1436272980000 68.115
1436273040000 68.01
1436273100000 68.02
1436273220000 68.07
1436273280000 68.045
1436273400000 68.01
1436273460000 68.0
1436273520000 68.03
1436273580000 68.02
1436273640000 68.02
1436273700000 68.13
1436273760000 68.09
1436273820000 68.1495
1436273880000 68.0
1436273940000 68.16
1436274000000 68.07
1436274120000 68.07
1436274180000 68.04
1436274240000 68.01
1436274300000 68.0
1436274360000 67.97
1436274420000 67.91
1436274480000 67.89
1436274540000 67.86
1436274600000 67.9084
1436274660000 67.97
1436274720000 68.03
1436274780000 68.29
1436274840000 68.13
1436274960000 68.145
1436275020000 67.97
1436275200000 68.05
1436275380000 68.1
1436275440000 68.16
1436275560000 68.13
1436275620000 68.045
1436275800000 68.1
1436275860000 68.215
1436275920000 68.16
1436276040000 68.17
1436276100000 68.22
1436276220000 68.21
1436276280000 68.11
1436276340000 68.1
1436276460000 68.25
1436276520000 68.18
1436276580000 68.08
1436276640000 68.1
1436276700000 68.17
1436277000000 68.35
1436277060000 68.26
1436277180000 68.24
1436277240000 68.19
1436277300000 68.2
1436277540000 68.225
1436277600000 68.23
1436277660000 68.24
1436277720000 68.24
1436277780000 68.206
1436277900000 68.27
1436277960000 68.21
1436278020000 68.21
1436278080000 68.2
1436278200000 68.2
1436278260000 68.32
1436278380000 68.18
1436278440000 68.13
1436278500000 68.1
1436278560000 68.05
1436278620000 68.05
1436278680000 68.0
1436278740000 67.9
1436278860000 67.81
1436278920000 67.81
1436278980000 67.68
1436279040000 67.71
1436279280000 67.73
1436279460000 67.815
1436279520000 67.93
1436279580000 67.94
1436279640000 68.05
1436279700000 68.1
1436280000000 68.075
1436280060000 68.48
1436280120000 68.68
1436280180000 68.67
1436280420000 68.67
1436280600000 68.63
1436280660000 68.534
1436280780000 68.48
1436280840000 68.91
1436280900000 68.6936
1436280960000 68.89
1436281020000 68.77
1436281080000 68.82
1436281140000 68.9899
1436281200000 68.9259
1436281260000 68.98
1436281380000 68.75
1436281500000 68.7
1436281560000 68.73
1436281620000 68.73
