1436261400000 7.0
1436262240000 6.98
1436262300000 7.0
1436262420000 7.0
1436262660000 7.0
1436263020000 7.0
1436263380000 7.0
1436263620000 7.0
1436263740000 7.0
1436264100000 7.0
1436264460000 7.0
1436264880000 7.0
1436265240000 7.0
1436265300000 7.0
1436265660000 7.0
1436266080000 7.01
1436266680000 7.0
1436267340000 6.98
1436267760000 6.98
1436267940000 6.98
1436268060000 6.85
1436268120000 6.85
1436268300000 6.86
1436269800000 6.92
1436269980000 6.92
1436272320000 6.95
1436272800000 6.97
1436272860000 6.97
1436274720000 7.0
1436274960000 7.0
1436275200000 6.99
1436275920000 7.0
1436276220000 7.0
1436276640000 7.0
1436277060000 7.01
1436277420000 7.01
1436278140000 7.0
1436278200000 6.99
1436278860000 6.99
1436279040000 6.99
1436280000000 6.96
1436280180000 6.95
1436280720000 6.95
1436280960000 6.95
1436281380000 6.95
1436281500000 6.98
