1436261400000 35.27
1436261700000 35.49
1436262480000 35.16
1436262840000 35.16
1436263020000 35.11
1436263140000 35.02
1436263560000 34.76
1436263740000 34.76
1436263860000 34.725
1436263980000 34.72
1436264340000 34.65
1436264400000 34.71
1436264460000 34.71
1436264640000 34.6935
1436264760000 34.69
1436264820000 34.72
1436264880000 34.72
1436265000000 34.66
1436265060000 34.63
1436265120000 34.54
1436265180000 34.4401
1436265360000 34.495
1436265420000 34.4
1436265480000 34.36
1436265540000 34.36
1436265660000 34.3
1436265720000 34.26
1436265960000 34.21
1436266020000 34.39
1436266080000 34.47
1436266200000 34.54
1436266380000 34.48
1436266440000 34.6
1436266560000 34.61
1436266620000 34.61
1436266680000 34.53
1436266860000 34.49
1436266920000 34.49
1436266980000 34.4
1436267040000 34.31
1436267100000 34.36
1436267160000 34.49
1436267220000 34.4
1436267280000 34.32
1436267340000 34.28
1436267460000 34.29
1436267580000 34.21
1436267760000 34.2
1436267820000 34.09
1436267880000 34.24
1436268000000 34.36
1436268180000 34.15
1436268240000 34.11
1436268300000 34.13
1436268540000 34.21
1436268720000 34.09
1436268840000 34.07
1436269320000 34.12
1436269620000 34.1202
1436270160000 34.22
1436270280000 34.37
1436270640000 34.24
1436271060000 34.2
1436271540000 34.11
1436271900000 34.17
1436272500000 34.2
1436272620000 34.29
1436272680000 34.38
1436272740000 34.38
1436272860000 34.31
1436272920000 34.31
1436273820000 34.47
1436274120000 34.56
1436274780000 34.8
1436274840000 34.85
1436274900000 34.86
1436274960000 34.77
1436275080000 34.78
1436275200000 34.69
1436275260000 34.7
1436275740000 34.74
1436275860000 34.67
1436275980000 34.775
1436276040000 34.78
1436276160000 34.775
1436276220000 34.77
1436276280000 34.83
1436276580000 34.86
1436276760000 34.71
1436276940000 34.8
1436277000000 34.79
1436277120000 34.815
1436277240000 34.805
1436277300000 34.74
1436277420000 34.69
1436277480000 34.8
1436277540000 34.84
1436277900000 34.77
1436278080000 34.82
1436278200000 34.78
1436278380000 34.83
1436278560000 34.78
1436278680000 34.69
1436278740000 34.69
1436278800000 34.68
1436278860000 34.69
1436278920000 34.705
1436278980000 34.68
1436279040000 34.8
1436279160000 34.815
1436279340000 34.7
1436279400000 34.78
1436279580000 34.77
1436279640000 34.73
1436279880000 34.73
1436280060000 34.76
1436280120000 34.77
1436280180000 34.91
1436280240000 34.97
1436280360000 34.87
1436280420000 34.9
1436280660000 34.88
1436280780000 34.84
1436280960000 34.85
1436281020000 34.91
1436281080000 34.98
1436281140000 35.02
1436281200000 35.1
1436281320000 35.1
1436281560000 35.06
