1436261400000 48.62
1436261460000 48.47
1436261520000 48.47
1436261580000 48.3501
1436261640000 48.01
1436261700000 47.97
1436261760000 48.02
1436261880000 47.98
1436261940000 47.99
1436262000000 48.09
1436262060000 48.09
1436262120000 48.2
1436262180000 47.87
1436262240000 48.0
1436262300000 47.94
1436262360000 47.8
1436262420000 47.84
1436262480000 47.91
1436262540000 48.02
1436262600000 47.86
1436262660000 47.88
1436262720000 47.9675
1436262780000 48.07
1436262840000 48.02
1436262900000 48.03
1436262960000 47.98
1436263020000 47.88
1436263080000 47.8
1436263140000 47.7
1436263200000 47.66
1436263260000 47.63
1436263320000 47.52
1436263380000 47.42
1436263440000 47.53
1436263500000 47.54
1436263560000 47.44
1436263620000 47.31
1436263680000 47.31
1436263740000 47.35
1436263800000 47.4
1436263860000 47.46
1436263920000 47.43
1436263980000 47.385
1436264040000 47.42
1436264100000 47.32
1436264160000 47.21
1436264220000 47.24
1436264280000 47.22
1436264340000 47.22
1436264400000 47.29
1436264460000 47.315
1436264520000 47.27
1436264580000 47.46
1436264640000 47.5
1436264700000 47.51
1436264760000 47.43
1436264820000 47.357
1436264880000 47.39
1436264940000 47.46
1436265000000 47.51
1436265060000 47.54
1436265120000 47.5799
1436265180000 47.68
1436265240000 47.61
1436265300000 47.605
1436265360000 47.52
1436265420000 47.53
1436265480000 47.57
1436265540000 47.49
1436265600000 47.37
1436265660000 47.41
1436265720000 47.4
1436265780000 47.39
1436265840000 47.41
1436265900000 47.39
1436265960000 47.39
1436266020000 47.48
1436266080000 47.65
1436266140000 47.71
1436266200000 47.72
1436266260000 47.72
1436266320000 47.62
1436266380000 47.74
1436266440000 47.79
1436266500000 47.95
1436266560000 47.91
1436266620000 47.94
1436266680000 47.85
1436266740000 47.83
1436266800000 47.8692
1436266860000 47.81
1436266920000 47.82
1436266980000 47.895
1436267040000 47.865
1436267100000 47.98
1436267160000 47.9275
1436267220000 47.995
1436267280000 48.05
1436267340000 48.11
1436267400000 48.21
1436267460000 48.215
1436267520000 48.43
1436267580000 48.39
1436267640000 48.49
1436267700000 48.58
1436267760000 48.6
1436267820000 48.68
1436267880000 48.66
1436267940000 48.54
1436268000000 48.54
1436268060000 48.52
1436268120000 48.491
1436268180000 48.46
1436268240000 48.45
1436268300000 48.47
1436268360000 48.43
1436268420000 48.4
1436268480000 48.46
1436268540000 48.46
1436268600000 48.29
1436268660000 48.27
1436268720000 48.21
1436268780000 48.23
1436268840000 48.21
1436268900000 48.16
1436268960000 48.09
1436269020000 48.085
1436269080000 48.12
1436269140000 48.14
1436269200000 48.17
1436269260000 48.29
1436269320000 48.29
1436269380000 48.3
1436269440000 48.44
1436269500000 48.64
1436269560000 48.53
1436269620000 48.46
1436269680000 48.49
1436269740000 48.54
1436269800000 48.62
1436269860000 48.76
1436269920000 48.72
1436269980000 48.75
1436270040000 48.71
1436270100000 48.67
1436270160000 48.62
1436270220000 48.875
1436270280000 48.78
1436270340000 48.69
1436270400000 48.7534
1436270460000 48.65
1436270520000 48.65
1436270580000 48.7272
1436270640000 48.68
1436270700000 48.69
1436270760000 48.69
1436270820000 48.73
1436270880000 48.8
1436270940000 49.15
1436271000000 48.94
1436271060000 49.01
1436271120000 48.995
1436271180000 48.97
1436271240000 48.95
1436271300000 48.925
1436271360000 48.82
1436271420000 48.8
1436271480000 48.84
1436271540000 48.83
1436271600000 48.85
1436271660000 48.82
1436271720000 48.88
1436271840000 48.84
1436271900000 48.85
1436271960000 49.02
1436272020000 49.1
1436272080000 49.12
1436272140000 49.17
1436272200000 49.25
1436272260000 49.28
1436272320000 49.34
1436272380000 49.44
1436272440000 49.26
1436272500000 49.31
1436272560000 49.24
1436272620000 49.35
1436272680000 49.38
1436272740000 49.54
1436272800000 49.43
1436272860000 49.29
1436272920000 49.39
1436272980000 49.54
1436273040000 49.45
1436273100000 49.45
1436273160000 49.53
1436273220000 49.59
1436273280000 49.65
1436273340000 49.55
1436273400000 49.48
1436273460000 49.53
1436273520000 49.59
1436273580000 49.6
1436273640000 49.74
1436273700000 49.78
1436273760000 49.8
1436273820000 49.87
1436273880000 49.92
1436273940000 49.96
1436274000000 50.06
1436274060000 49.96
1436274120000 49.95
1436274180000 49.98
1436274240000 49.93
1436274300000 50.0
1436274360000 49.89
1436274420000 49.66
1436274480000 49.68
1436274540000 49.71
1436274600000 49.71
1436274660000 49.82
1436274720000 49.9
1436274780000 49.96
1436274840000 49.82
1436274900000 49.89
1436274960000 49.77
1436275020000 49.74
1436275080000 49.69
1436275140000 49.75
1436275200000 49.8
1436275260000 49.78
1436275320000 49.65
1436275380000 49.53
1436275440000 49.57
1436275500000 49.62
1436275560000 49.67
1436275620000 49.705
1436275680000 49.7
1436275740000 49.71
1436275800000 49.75
1436275860000 49.79
1436275920000 49.63
1436275980000 49.63
1436276040000 49.58
1436276100000 49.6
1436276160000 49.64
1436276220000 49.66
1436276280000 49.62
1436276340000 49.53
1436276400000 49.57
1436276460000 49.54
1436276520000 49.48
1436276580000 49.62
1436276640000 49.67
1436276700000 49.68
1436276760000 49.68
1436276820000 49.48
1436276880000 49.53
1436276940000 49.58
1436277000000 49.6
1436277060000 49.46
1436277120000 49.38
1436277180000 49.33
1436277240000 49.29
1436277300000 49.28
1436277360000 49.265
1436277420000 49.29
1436277480000 49.24
1436277540000 49.27
1436277600000 49.38
1436277660000 49.38
1436277720000 49.44
1436277780000 49.35
1436277840000 49.36
1436277900000 49.36
1436277960000 49.2524
1436278020000 49.21
1436278080000 49.2324
1436278140000 49.27
1436278200000 49.4
1436278260000 49.57
1436278320000 49.52
1436278380000 49.55
1436278440000 49.52
1436278500000 49.56
1436278560000 49.55
1436278620000 49.62
1436278680000 49.64
1436278740000 49.709
1436278800000 49.7
1436278860000 49.74
1436278920000 49.62
1436278980000 49.53
1436279040000 49.67
1436279100000 49.785
1436279160000 49.88
1436279220000 49.92
1436279280000 49.935
1436279340000 49.925
1436279400000 49.96
1436279460000 50.02
1436279520000 50.03
1436279580000 49.99
1436279640000 49.95
1436279700000 49.92
1436279760000 50.0
1436279820000 49.97
1436279880000 49.9
1436279940000 50.02
1436280000000 50.01
1436280060000 50.05
1436280120000 50.13
1436280180000 50.12
1436280240000 50.15
1436280300000 50.24
1436280360000 50.23
1436280420000 50.24
1436280480000 50.36
1436280540000 50.23
1436280600000 50.2
1436280660000 50.23
1436280720000 50.26
1436280780000 50.28
1436280840000 50.24
1436280900000 50.3
1436280960000 50.39
1436281020000 50.4832
1436281080000 50.56
1436281140000 50.65
1436281200000 50.64
1436281260000 50.65
1436281320000 50.57
1436281380000 50.52
1436281440000 50.525
1436281500000 50.53
1436281560000 50.4863
