1436261400000 49.36
1436261460000 49.36
1436261520000 49.235
1436261580000 49.28
1436261700000 49.32
1436261760000 49.321
1436261820000 49.31
1436261940000 49.2
1436262000000 49.25
1436262060000 49.29
1436262120000 49.21
1436262180000 49.35
1436262240000 49.335
1436262300000 49.235
1436262360000 49.22
1436262420000 49.16
1436262480000 49.16
1436262540000 49.13
1436262600000 49.09
1436262660000 49.09
1436262720000 49.1
1436262780000 49.14
1436262840000 49.14
1436262900000 49.08
1436262960000 49.07
1436263020000 49.05
1436263080000 48.99
1436263140000 48.98
1436263200000 49.02
1436263260000 48.99
1436263320000 48.97
1436263380000 48.97
1436263500000 48.98
1436263560000 48.99
1436263620000 48.96
1436263680000 48.91
1436263740000 48.91
1436263800000 48.96
1436263860000 49.0
1436263920000 49.01
1436263980000 49.0
1436264040000 49.0
1436264100000 48.95
1436264160000 48.92
1436264220000 48.92
1436264340000 48.94
1436264400000 48.93
1436264460000 48.92
1436264520000 48.95
1436264580000 48.97
1436264640000 48.96
1436264700000 48.96
1436264760000 48.93
1436264820000 48.91
1436264880000 48.9
1436264940000 48.91
1436265000000 48.89
1436265120000 48.81
1436265180000 48.83
1436265240000 48.8
1436265300000 48.818
1436265360000 48.81
1436265420000 48.8
1436265480000 48.81
1436265540000 48.76
1436265600000 48.76
1436265660000 48.7
1436265720000 48.69
1436265780000 48.69
1436265840000 48.69
1436265960000 48.71
1436266020000 48.77
1436266080000 48.77
1436266140000 48.75
1436266200000 48.76
1436266260000 48.75
1436266320000 48.77
1436266380000 48.77
1436266440000 48.8
1436266500000 48.83
1436266560000 48.8
1436266620000 48.84
1436266680000 48.79
1436266740000 48.78
1436266800000 48.75
1436266860000 48.7
1436266920000 48.72
1436267040000 48.72
1436267100000 48.72
1436267160000 48.71
1436267220000 48.72
1436267280000 48.71
1436267340000 48.73
1436267400000 48.75
1436267460000 48.75
1436267520000 48.78
1436267580000 48.8
1436267640000 48.77
1436267700000 48.745
1436267760000 48.76
1436267820000 48.77
1436268000000 48.7699
1436268060000 48.71
1436268120000 48.65
1436268180000 48.69
1436268240000 48.69
1436268300000 48.67
1436268360000 48.6501
1436268480000 48.66
1436268540000 48.61
1436268660000 48.62
1436268720000 48.61
1436268780000 48.62
1436268840000 48.58
1436268960000 48.58
1436269020000 48.61
1436269080000 48.6266
1436269140000 48.67
1436269200000 48.67
1436269260000 48.7
1436269320000 48.71
1436269440000 48.8
1436269500000 48.8
1436269620000 48.79
1436269740000 48.79
1436269860000 48.76
1436269920000 48.74
1436269980000 48.74
1436270100000 48.76
1436270160000 48.83
1436270220000 48.92
1436270280000 48.86
1436270340000 48.87
1436270400000 48.85
1436270460000 48.82
1436270520000 48.83
1436270580000 48.86
1436270640000 48.88
1436270700000 48.91
1436270760000 48.88
1436270820000 48.86
1436270880000 48.85
1436270940000 48.87
1436271000000 48.86
1436271060000 48.85
1436271120000 48.87
1436271180000 48.87
1436271240000 48.87
1436271300000 48.89
1436271360000 48.9
1436271420000 48.9
1436271480000 48.92
1436271540000 48.9
1436271600000 48.92
1436271660000 48.94
1436271720000 48.96
1436271780000 48.94
1436271840000 48.92
1436271900000 48.94
1436271960000 48.92
1436272020000 48.92
1436272080000 48.94
1436272140000 48.9001
1436272200000 48.89
1436272260000 48.87
1436272320000 48.89
1436272380000 48.89
1436272440000 48.91
1436272500000 48.91
1436272620000 48.91
1436272680000 48.92
1436272740000 48.93
1436272800000 48.96
1436272920000 48.96
1436272980000 48.95
1436273040000 48.94
1436273100000 48.96
1436273160000 49.0
1436273220000 49.01
1436273280000 49.0
1436273340000 49.0
1436273400000 49.0
1436273460000 48.985
1436273520000 48.99
1436273580000 48.99
1436273640000 48.99
1436273700000 49.055
1436273760000 49.035
1436273820000 49.04
1436273880000 49.05
1436273940000 49.05
1436274000000 49.07
1436274060000 49.07
1436274120000 49.0602
1436274180000 49.03
1436274240000 49.04
1436274300000 49.04
1436274360000 49.04
1436274420000 49.0
1436274480000 49.0399
1436274540000 49.07
1436274660000 49.08
1436274720000 49.1
1436274780000 49.16
1436274840000 49.15
1436274900000 49.17
1436274960000 49.09
1436275020000 49.07
1436275080000 49.07
1436275140000 49.08
1436275200000 49.1
1436275260000 49.07
1436275320000 49.07
1436275380000 49.07
1436275440000 49.1
1436275500000 49.1068
1436275560000 49.12
1436275680000 49.1
1436275740000 49.11
1436275800000 49.12
1436275860000 49.14
1436275920000 49.09
1436275980000 49.11
1436276040000 49.11
1436276100000 49.12
1436276160000 49.14
1436276220000 49.13
1436276280000 49.11
1436276340000 49.135
1436276400000 49.15
1436276460000 49.09
1436276520000 49.11
1436276580000 49.14
1436276640000 49.15
1436276700000 49.16
1436276760000 49.15
1436276820000 49.12
1436276880000 49.12
1436276940000 49.145
1436277000000 49.13
1436277060000 49.11
1436277120000 49.12
1436277180000 49.11
1436277240000 49.13
1436277300000 49.11
1436277360000 49.115
1436277480000 49.13
1436277540000 49.1209
1436277600000 49.13
1436277660000 49.15
1436277720000 49.16
1436277780000 49.145
1436277840000 49.15
1436277900000 49.15
1436277960000 49.15
1436278020000 49.1
1436278080000 49.08
1436278140000 49.09
1436278200000 49.1
1436278260000 49.09
1436278320000 49.075
1436278380000 49.09
1436278440000 49.07
1436278500000 49.05
1436278560000 49.03
1436278620000 49.05
1436278680000 49.04
1436278740000 49.03
1436278800000 49.01
1436278860000 49.02
1436278920000 48.97
1436278980000 48.97
1436279040000 49.0233
1436279100000 49.02
1436279160000 49.03
1436279220000 49.05
1436279280000 49.065
1436279340000 49.07
1436279460000 49.08
1436279520000 49.09
1436279580000 49.13
1436279640000 49.125
1436279700000 49.14
1436279820000 49.16
1436279880000 49.14
1436279940000 49.17
1436280000000 49.175
1436280060000 49.22
1436280120000 49.275
1436280180000 49.26
1436280240000 49.285
1436280300000 49.28
1436280360000 49.29
1436280420000 49.31
1436280480000 49.3
1436280540000 49.3
1436280600000 49.2966
1436280660000 49.29
1436280720000 49.31
1436280780000 49.32
1436280840000 49.33
1436280900000 49.31
1436280960000 49.325
1436281020000 49.33
1436281080000 49.34
1436281140000 49.41
1436281200000 49.41
1436281260000 49.41
1436281320000 49.39
1436281380000 49.37
1436281440000 49.38
1436281500000 49.4
1436281560000 49.38
1436281620000 49.38
