1436261400000 1.75
1436261460000 1.74
1436261520000 1.711
1436261580000 1.74
1436261640000 1.7553
1436261700000 1.7699
1436261760000 1.76
1436261820000 1.7194
1436261880000 1.7033
1436261940000 1.7214
1436262000000 1.73
1436262120000 1.702
1436262180000 1.68
1436262240000 1.6636
1436262300000 1.6855
1436262360000 1.6801
1436262420000 1.6803
1436262480000 1.67
1436262540000 1.6001
1436262600000 1.6101
1436262660000 1.7
1436262720000 1.691
1436262900000 1.72
1436263200000 1.6899
1436263260000 1.68
1436263320000 1.71
1436263380000 1.701
1436263500000 1.7227
1436263560000 1.6918
1436263920000 1.74
1436263980000 1.746
1436264520000 1.7299
1436264580000 1.76
1436264640000 1.7599
1436264700000 1.7699
1436264760000 1.8
1436264880000 1.75
1436265240000 1.76
1436265300000 1.73
1436265360000 1.6701
1436265420000 1.66
1436265720000 1.72
1436265840000 1.66
1436265900000 1.6992
1436266020000 1.69
1436266980000 1.6201
1436267100000 1.67
1436267160000 1.69
1436267580000 1.68
1436268900000 1.69
1436268960000 1.69
1436269320000 1.6894
1436269500000 1.69
1436269860000 1.685
1436270220000 1.68
1436271720000 1.664
1436272200000 1.6601
1436272380000 1.69
1436272680000 1.68
1436273340000 1.69
1436275080000 1.695
1436275620000 1.7146
1436276880000 1.6948
1436278020000 1.6736
1436278620000 1.71
1436278680000 1.7312
1436279100000 1.73
1436279580000 1.73
1436280780000 1.71
1436280840000 1.7086
