1436261400000 22.61
1436261640000 22.6
1436261700000 22.58
1436261820000 22.42
1436261940000 22.41
1436262000000 22.39
1436262060000 22.35
1436262180000 22.36
1436262240000 22.43
1436262300000 22.43
1436262600000 22.45
1436262660000 22.54
1436263020000 22.455
1436263200000 22.53
1436263320000 22.43
1436263500000 22.5
1436263620000 22.47
1436263740000 22.52
1436263860000 22.52
1436264040000 22.45
1436264100000 22.44
1436264160000 22.455
1436264580000 22.56
1436264640000 22.54
1436264760000 22.5
1436264820000 22.5
1436264940000 22.445
1436265000000 22.41
1436265180000 22.4
1436265360000 22.4
1436265480000 22.33
1436265720000 22.32
1436265780000 22.32
1436265960000 22.33
1436266080000 22.43
1436266140000 22.48
1436266200000 22.41
1436266260000 22.36
1436266320000 22.39
1436266380000 22.42
1436266440000 22.52
1436266620000 22.53
1436266800000 22.485
1436266980000 22.47
1436267040000 22.455
1436267100000 22.47
1436267160000 22.42
1436267400000 22.44
1436267760000 22.49
1436267880000 22.49
1436268060000 22.43
1436268300000 22.38
1436268480000 22.3
1436268540000 22.3
1436268720000 22.26
1436268840000 22.3
1436269080000 22.27
1436269200000 22.37
1436269320000 22.41
1436269380000 22.43
1436269440000 22.45
1436269500000 22.44
1436269560000 22.42
1436269740000 22.41
1436270160000 22.42
1436270220000 22.54
1436270280000 22.56
1436270340000 22.51
1436270400000 22.5
1436270640000 22.44
1436270760000 22.49
1436270880000 22.54
1436270940000 22.54
1436271120000 22.51
1436271180000 22.51
1436271240000 22.47
1436271540000 22.49
1436271600000 22.49
1436271720000 22.48
1436271960000 22.48
1436272140000 22.47
1436272260000 22.5
1436272320000 22.505
1436272440000 22.53
1436272560000 22.525
1436272620000 22.5
1436272680000 22.5
1436272740000 22.61
1436272800000 22.6
1436272920000 22.59
1436273040000 22.5794
1436273160000 22.61
1436273220000 22.64
1436273280000 22.64
1436273340000 22.64
1436273400000 22.63
1436273460000 22.63
1436273640000 22.66
1436273760000 22.7
1436273880000 22.69
1436273940000 22.7
1436274060000 22.7
1436274120000 22.68
1436274180000 22.66
1436274240000 22.71
1436274300000 22.67
1436274360000 22.66
1436274420000 22.64
1436274660000 22.64
1436274840000 22.68
1436274960000 22.69
1436275140000 22.62
1436275200000 22.66
1436275320000 22.675
1436275380000 22.7
1436275440000 22.7
1436275500000 22.67
1436275920000 22.64
1436275980000 22.63
1436276220000 22.64
1436276340000 22.64
1436276460000 22.62
1436276640000 22.59
1436276880000 22.64
1436277060000 22.62
1436277180000 22.66
1436277360000 22.64
1436277420000 22.66
1436277480000 22.64
1436277660000 22.63
1436277900000 22.61
1436278020000 22.57
1436278200000 22.6
1436278320000 22.65
1436278380000 22.6
1436278500000 22.6
1436278680000 22.58
1436278920000 22.5
1436279400000 22.5
1436279580000 22.57
1436279640000 22.55
1436279700000 22.49
1436279820000 22.54
1436280060000 22.6
1436280120000 22.61
1436280180000 22.64
1436280420000 22.69
1436280480000 22.73
1436280540000 22.68
1436280720000 22.69
1436280780000 22.69
1436280960000 22.71
1436281020000 22.68
1436281080000 22.72
1436281140000 22.79
1436281320000 22.76
1436281440000 22.7512
1436281500000 22.73
