1436261400000 28.77
1436261460000 28.6
1436261580000 28.61
1436261640000 28.64
1436261700000 28.7
1436261820000 28.82
1436261880000 28.86
1436261940000 28.85
1436262000000 28.87
1436262060000 28.88
1436262120000 28.9399
1436262180000 28.86
1436262240000 28.87
1436262300000 28.93
1436262360000 28.8
1436262420000 28.79
1436262540000 28.83
1436262600000 28.845
1436262660000 28.845
1436262720000 28.83
1436262780000 28.87
1436262840000 28.85
1436262900000 28.82
1436263020000 28.82
1436263080000 28.82
1436263200000 28.8
1436263260000 28.8
1436263320000 28.81
1436263380000 28.83
1436263440000 28.81
1436263500000 28.81
1436263560000 28.81
1436263620000 28.815
1436263680000 28.79
1436263740000 28.85
1436263860000 28.93
1436263920000 28.92
1436263980000 28.91
1436264040000 28.96
1436264100000 28.95
1436264160000 28.885
1436264220000 28.87
1436264280000 28.85
1436264340000 28.89
1436264400000 28.89
1436264460000 28.89
1436264520000 28.91
1436264580000 28.94
1436264640000 28.92
1436264700000 28.92
1436264760000 28.92
1436264820000 28.9
1436264880000 28.88
1436264940000 28.88
1436265000000 28.88
1436265060000 28.9
1436265120000 28.9
1436265180000 28.92
1436265240000 28.925
1436265300000 28.94
1436265360000 28.955
1436265420000 28.94
1436265480000 28.945
1436265540000 28.9
1436265600000 28.9
1436265660000 28.88
1436265720000 28.82
1436265780000 28.77
1436265840000 28.79
1436265960000 28.78
1436266020000 28.84
1436266080000 28.8499
1436266140000 28.85
1436266200000 28.83
1436266260000 28.825
1436266320000 28.9099
1436266380000 28.905
1436266440000 28.91
1436266500000 28.99
1436266560000 28.99
1436266620000 29.04
1436266680000 29.02
1436266740000 29.0399
1436266800000 29.04
1436266920000 29.0
1436266980000 29.04
1436267040000 29.0
1436267100000 28.99
1436267160000 28.95
1436267220000 28.94
1436267280000 28.92
1436267340000 28.91
1436267400000 28.95
1436267460000 28.98
1436267580000 29.01
1436267640000 29.03
1436267700000 29.01
1436267760000 29.01
1436267820000 29.03
1436267880000 28.99
1436267940000 28.94
1436268000000 28.94
1436268060000 28.905
1436268180000 28.87
1436268240000 28.96
1436268300000 28.95
1436268360000 28.95
1436268420000 28.96
1436268480000 28.96
1436268540000 28.95
1436268600000 28.9645
1436268720000 28.97
1436268780000 28.96
1436268840000 28.98
1436268900000 28.97
1436268960000 28.97
1436269020000 29.0
1436269080000 28.99
1436269140000 29.01
1436269200000 28.985
1436269260000 28.97
1436269320000 28.97
1436269380000 28.97
1436269440000 28.97
1436269500000 28.98
1436269560000 28.96
1436269620000 28.95
1436269740000 28.95
1436269800000 28.95
1436269860000 28.92
1436269920000 28.915
1436269980000 28.95
1436270100000 28.98
1436270160000 28.99
1436270220000 29.08
1436270280000 29.0867
1436270400000 29.05
1436270460000 28.99
1436270640000 29.05
1436270700000 29.05
1436270760000 29.07
1436270820000 29.06
1436270880000 29.08
1436271000000 29.09
1436271060000 29.05
1436271120000 29.03
1436271300000 29.05
1436271360000 29.06
1436271420000 29.035
1436271540000 29.035
1436271600000 29.03
1436271660000 29.03
1436271720000 29.03
1436271780000 29.02
1436271840000 28.97
1436271900000 28.98
1436271960000 29.02
1436272020000 29.02
1436272080000 29.01
1436272140000 28.95
1436272200000 28.98
1436272260000 29.005
1436272320000 29.02
1436272380000 29.01
1436272440000 29.01
1436272500000 28.99
1436272560000 28.98
1436272620000 28.98
1436272680000 29.04
1436272740000 29.06
1436272800000 29.02
1436272860000 28.98
1436272920000 29.0
1436272980000 29.005
1436273040000 29.0
1436273100000 29.0
1436273160000 29.02
1436273220000 29.04
1436273280000 29.04
1436273340000 29.02
1436273400000 29.025
1436273460000 29.01
1436273520000 29.015
1436273580000 28.985
1436273640000 28.99
1436273700000 29.05
1436273760000 29.03
1436273820000 29.02
1436273880000 29.03
1436273940000 29.03
1436274060000 29.07
1436274120000 29.07
1436274180000 29.07
1436274240000 29.06
1436274300000 29.07
1436274360000 29.06
1436274420000 29.0
1436274480000 29.02
1436274540000 29.025
1436274660000 29.04
1436274720000 29.06
1436274780000 29.11
1436274840000 29.13
1436274900000 29.15
1436274960000 29.065
1436275020000 29.055
1436275140000 29.09
1436275200000 29.1
1436275320000 29.1
1436275380000 29.097
1436275440000 29.07
1436275500000 29.07
1436275560000 29.05
1436275620000 29.0502
1436275680000 29.04
1436275740000 29.06
1436275800000 29.05
1436275860000 29.04
1436275920000 29.04
1436275980000 29.03
1436276040000 29.03
1436276220000 29.04
1436276280000 29.02
1436276340000 29.02
1436276400000 29.0
1436276460000 28.99
1436276520000 28.99
1436276580000 28.99
1436276640000 29.0
1436276760000 29.03
1436276820000 29.01
1436276880000 28.96
1436276940000 28.99
1436277000000 29.0
1436277060000 29.0
1436277120000 28.96
1436277180000 28.95
1436277300000 28.955
1436277360000 28.96
1436277420000 28.96
1436277480000 28.965
1436277540000 28.94
1436277600000 28.94
1436277660000 28.95
1436277720000 28.95
1436277780000 28.92
1436277840000 28.95
1436278020000 28.94
1436278080000 28.91
1436278200000 28.95
1436278260000 28.95
1436278320000 28.95
1436278440000 28.96
1436278500000 28.98
1436278560000 28.98
1436278620000 28.98
1436278680000 28.97
1436278740000 28.97
1436278800000 28.97
1436278860000 28.98
1436278920000 28.98
1436278980000 28.98
1436279040000 28.99
1436279100000 29.01
1436279160000 29.02
1436279220000 29.03
1436279280000 29.04
1436279340000 29.07
1436279400000 29.07
1436279460000 29.06
1436279520000 29.06
1436279580000 29.09
1436279640000 29.1
1436279700000 29.09
1436279760000 29.09
1436279820000 29.07
1436279880000 29.05
1436280000000 29.05
1436280060000 29.08
1436280120000 29.1
1436280180000 29.11
1436280240000 29.14
1436280300000 29.17
1436280360000 29.17
1436280420000 29.18
1436280480000 29.21
1436280540000 29.2
1436280600000 29.2
1436280660000 29.24
1436280720000 29.22
1436280780000 29.22
1436280840000 29.2776
1436280900000 29.25
1436280960000 29.23
1436281020000 29.3
1436281080000 29.326
1436281140000 29.4
1436281200000 29.37
1436281320000 29.41
1436281380000 29.37
1436281440000 29.37
1436281500000 29.4
1436281560000 29.4
1436281620000 29.4
