1436261400000 18.34
1436261520000 18.34
1436261580000 18.2925
1436261640000 18.23
1436261700000 18.2
1436261820000 18.24
1436261880000 18.23
1436261940000 18.24
1436262000000 18.259
1436262060000 18.27
1436262180000 18.22
1436262240000 18.2
1436262300000 18.21
1436262360000 18.16
1436262420000 18.14
1436262540000 18.19
1436262600000 18.21
1436262660000 18.22
1436262720000 18.19
1436262780000 18.22
1436262840000 18.22
1436262900000 18.21
1436262960000 18.22
1436263020000 18.2
1436263080000 18.19
1436263140000 18.18
1436263200000 18.2
1436263260000 18.2
1436263320000 18.16
1436263440000 18.17
1436263500000 18.17
1436263620000 18.18
1436263680000 18.17
1436263740000 18.16
1436263860000 18.2
1436263920000 18.19
1436263980000 18.22
1436264040000 18.2
1436264100000 18.17
1436264160000 18.22
1436264220000 18.21
1436264280000 18.23
1436264340000 18.24
1436264400000 18.23
1436264460000 18.23
1436264520000 18.27
1436264580000 18.26
1436264640000 18.26
1436264700000 18.25
1436264820000 18.26
1436264880000 18.24
1436264940000 18.26
1436265000000 18.24
1436265060000 18.24
1436265120000 18.2224
1436265240000 18.21
1436265300000 18.18
1436265360000 18.18
1436265420000 18.175
1436265480000 18.17
1436265540000 18.145
1436265660000 18.11
1436265720000 18.05
1436265780000 18.0447
1436265840000 18.03
1436265900000 18.02
1436265960000 18.03
1436266020000 18.09
1436266080000 18.12
1436266140000 18.13
1436266200000 18.09
1436266260000 18.11
1436266320000 18.11
1436266380000 18.13
1436266440000 18.15
1436266500000 18.19
1436266560000 18.16
1436266620000 18.14
1436266680000 18.14
1436266800000 18.1
1436266860000 18.1
1436266920000 18.11
1436266980000 18.13
1436267040000 18.12
1436267100000 18.12
1436267160000 18.12
1436267220000 18.13
1436267280000 18.13
1436267340000 18.12
1436267400000 18.12
1436267460000 18.11
1436267520000 18.13
1436267580000 18.12
1436267700000 18.13
1436267760000 18.13
1436267820000 18.13
1436267880000 18.13
1436267940000 18.1
1436268000000 18.11
1436268060000 18.09
1436268120000 18.09
1436268180000 18.13
1436268240000 18.13
1436268300000 18.11
1436268360000 18.1
1436268420000 18.1
1436268480000 18.12
1436268540000 18.1
1436268600000 18.09
1436268660000 18.1
1436268720000 18.11
1436268780000 18.11
1436268840000 18.11
1436268900000 18.1
1436268960000 18.12
1436269020000 18.13
1436269140000 18.14
1436269200000 18.18
1436269260000 18.18
1436269320000 18.18
1436269380000 18.18
1436269440000 18.18
1436269500000 18.1701
1436269560000 18.18
1436269620000 18.16
1436269680000 18.16
1436269740000 18.17
1436269860000 18.18
1436269920000 18.16
1436269980000 18.14
1436270040000 18.13
1436270100000 18.12
1436270160000 18.16
1436270220000 18.2
1436270280000 18.21
1436270340000 18.23
1436270400000 18.19
1436270460000 18.18
1436270520000 18.19
1436270580000 18.18
1436270640000 18.21
1436270700000 18.21
1436270760000 18.2
1436270820000 18.2
1436270880000 18.19
1436270940000 18.19
1436271000000 18.19
1436271060000 18.17
1436271120000 18.16
1436271180000 18.14
1436271240000 18.14
1436271360000 18.16
1436271420000 18.14
1436271540000 18.14
1436271600000 18.13
1436271660000 18.13
1436271720000 18.165
1436271780000 18.17
1436271840000 18.19
1436271900000 18.19
1436271960000 18.21
1436272020000 18.23
1436272080000 18.24
1436272140000 18.24
1436272260000 18.27
1436272320000 18.26
1436272380000 18.26
1436272440000 18.29
1436272500000 18.2872
1436272560000 18.3
1436272620000 18.32
1436272740000 18.36
1436272860000 18.35
1436272920000 18.37
1436272980000 18.36
1436273040000 18.36
1436273100000 18.37
1436273160000 18.38
1436273220000 18.4
1436273280000 18.4
1436273340000 18.3823
1436273460000 18.39
1436273580000 18.41
1436273640000 18.39
1436273700000 18.42
1436273760000 18.42
1436273820000 18.39
1436273880000 18.39
1436273940000 18.395
1436274000000 18.38
1436274060000 18.38
1436274120000 18.38
1436274180000 18.37
1436274240000 18.36
1436274300000 18.37
1436274360000 18.37
1436274420000 18.34
1436274480000 18.37
1436274540000 18.38
1436274600000 18.38
1436274660000 18.38
1436274720000 18.38
1436274780000 18.4
1436274840000 18.4
1436274900000 18.39
1436274960000 18.38
1436275020000 18.36
1436275140000 18.37
1436275200000 18.37
1436275260000 18.37
1436275320000 18.37
1436275380000 18.35
1436275440000 18.36
1436275560000 18.39
1436275680000 18.4
1436275740000 18.4
1436275800000 18.39
1436275860000 18.39
1436275920000 18.38
1436275980000 18.375
1436276040000 18.38
1436276100000 18.39
1436276160000 18.39
1436276220000 18.395
1436276280000 18.38
1436276400000 18.39
1436276460000 18.36
1436276520000 18.35
1436276580000 18.38
1436276640000 18.38
1436276700000 18.4
1436276760000 18.39
1436276880000 18.4
1436276940000 18.39
1436277000000 18.4
1436277060000 18.39
1436277120000 18.38
1436277180000 18.38
1436277240000 18.38
1436277300000 18.38
1436277360000 18.375
1436277420000 18.38
1436277480000 18.37
1436277540000 18.36
1436277600000 18.34
1436277660000 18.35
1436277720000 18.36
1436277780000 18.355
1436277840000 18.36
1436277900000 18.36
1436277960000 18.345
1436278020000 18.34
1436278140000 18.345
1436278200000 18.345
1436278260000 18.34
1436278320000 18.34
1436278380000 18.34
1436278440000 18.34
1436278500000 18.335
1436278560000 18.34
1436278620000 18.34
1436278680000 18.3365
1436278740000 18.325
1436278800000 18.32
1436278860000 18.31
1436278920000 18.3
1436278980000 18.3
1436279040000 18.31
1436279100000 18.33
1436279160000 18.34
1436279220000 18.35
1436279280000 18.34
1436279340000 18.34
1436279400000 18.34
1436279460000 18.335
1436279520000 18.35
1436279580000 18.36
1436279640000 18.35
1436279700000 18.35
1436279820000 18.35
1436279880000 18.35
1436279940000 18.38
1436280000000 18.38
1436280060000 18.38
1436280120000 18.44
1436280180000 18.45
1436280240000 18.46
1436280300000 18.46
1436280420000 18.47
1436280480000 18.46
1436280540000 18.47
1436280600000 18.48
1436280660000 18.47
1436280720000 18.47
1436280780000 18.47
1436280900000 18.47
1436280960000 18.485
1436281020000 18.49
1436281080000 18.5
1436281140000 18.53
1436281200000 18.51
1436281260000 18.52
1436281320000 18.5
1436281380000 18.49
1436281440000 18.49
1436281500000 18.49
1436281560000 18.47
1436281620000 18.46
