1404705600000 6.53
1404792000000 6.51
1404878400000 6.51
1404964800000 6.5
1405051200000 6.52
1405310400000 6.5
1405396800000 6.6495
1405483200000 6.5
1405656000000 6.5001
1405915200000 6.5
1406088000000 6.5
1406174400000 6.53
1406260800000 6.6701
1406520000000 6.68
1406606400000 6.55
1406692800000 6.59
1406779200000 6.5
1407124800000 6.5001
1407211200000 6.5
1407297600000 6.54
1407384000000 6.5
1407470400000 6.54
1407729600000 6.55
1407816000000 6.58
1407902400000 6.55
1407988800000 6.55
1408075200000 6.54
1408334400000 6.6
1408420800000 6.6
1408507200000 6.55
1408593600000 6.5
1408680000000 6.5
1408939200000 6.55
1409025600000 6.57
1409112000000 6.55
1409198400000 6.52
1409284800000 6.5
1409630400000 6.31
1409716800000 6.36
1409803200000 6.49
1409889600000 6.35
1410148800000 6.47
1410235200000 6.35
1410321600000 6.4
1410408000000 6.35
1410494400000 6.35
1410753600000 6.37
1410840000000 6.49
1410926400000 6.41
1411012800000 6.45
1411099200000 6.35
1411358400000 6.42
1411444800000 6.4
1411531200000 6.4101
1411617600000 6.42
1411704000000 6.49
1411963200000 6.4
1412049600000 6.35
1412136000000 6.01
1412222400000 6.07
1412308800000 5.955
1412568000000 5.9
1412654400000 6.41
1412740800000 6.4
1412827200000 6.23
1412913600000 6.23
1413172800000 6.17
1413259200000 6.27
1413345600000 6.23
1413432000000 6.17
1413518400000 6.22
1413777600000 6.16
1413864000000 6.16
1413950400000 6.15
1414036800000 6.163
1414123200000 6.19
1414382400000 6.1949
1414641600000 6.16
1414728000000 6.15
1414990800000 6.15
1415077200000 6.16
1415163600000 6.15
1415250000000 6.15
1415336400000 6.21
1415595600000 6.1912
1415682000000 6.03
1415768400000 6.08
1415854800000 6.08
1416200400000 6.19
1416286800000 6.081
1416373200000 6.15
1416459600000 6.01
1416546000000 6.1
1416805200000 6.12
1416891600000 6.05
1416978000000 6.1
1417150800000 6.17
1417410000000 6.01
1417496400000 6.03
1417582800000 5.72
1417669200000 5.8843
1417755600000 5.96
1418014800000 6.01
1418101200000 5.9201
1418187600000 5.9
1418274000000 5.947
1418360400000 5.9032
1418619600000 5.94
1418706000000 5.9
1418792400000 6.0312
1418878800000 6.2
1418965200000 6.261
1419224400000 6.041
1419310800000 6.0
1419397200000 6.015
1419829200000 6.02
1419915600000 6.03
1420002000000 6.0
1420174800000 6.35
1420434000000 6.0
1420520400000 6.0
1420606800000 5.91
1420693200000 5.98
1420779600000 5.92
1421038800000 6.03
1421125200000 5.911
1421211600000 5.98
1421384400000 5.91
1421730000000 5.8284
1421816400000 5.6
1421902800000 5.6
1422248400000 5.75
1422334800000 5.6
1422421200000 5.7485
1422853200000 5.55
1422939600000 5.51
1423112400000 5.53
1423198800000 5.51
1423458000000 5.51
1423544400000 5.56
1423717200000 5.48
1424149200000 5.51
1424235600000 5.63
1424667600000 5.5951
1424926800000 5.48
1425272400000 5.41
1425358800000 5.41
1425531600000 5.41
1425873600000 5.4
1426046400000 5.42
1426219200000 5.42
1426478400000 5.44
1426564800000 5.45
1426737600000 5.42
1426824000000 5.42
1427083200000 5.41
1427169600000 5.4
1427256000000 5.39
1427342400000 5.38
1427428800000 5.39
1427688000000 5.41
1427860800000 5.41
1427947200000 5.46
1428292800000 5.39
1428379200000 5.4
1428465600000 5.4
1428552000000 5.4
1428638400000 5.4
1428897600000 5.4
1428984000000 5.39
1429070400000 5.37
1429156800000 5.4
1429243200000 5.3955
1429502400000 5.37
1429675200000 5.36
1429761600000 5.35
1429848000000 5.39
1430107200000 5.35
1430193600000 5.34
1430366400000 5.33
1430452800000 5.37
1430712000000 5.37
1430798400000 5.38
1430884800000 5.38
1431057600000 5.38
1431316800000 5.48
1431403200000 5.36
1431489600000 5.36
1431576000000 5.35
1431662400000 5.4
1431921600000 5.39
1432008000000 5.4
1432094400000 5.3735
1432180800000 5.4
1432267200000 5.34
1432612800000 5.3873
1432699200000 5.35
1432785600000 5.37
1432872000000 5.3427
1433131200000 5.32
1433217600000 5.36
1433304000000 5.4
1433390400000 5.4356
1433476800000 5.5
1433736000000 5.6
1433822400000 5.74
1433908800000 5.74
1433995200000 5.8
1434081600000 5.795
1434340800000 6.0
1434427200000 5.81
1434513600000 5.89
1434600000000 5.86
1434686400000 5.66
1434945600000 5.66
1435032000000 5.7074
1435118400000 5.98
1435204800000 5.82
1435291200000 5.79
1435550400000 5.7
1435636800000 5.68
1435723200000 5.621
1435809600000 5.63
