1436261400000 24.64
1436262000000 24.49
1436262960000 24.49
1436263020000 24.49
1436263080000 24.48
1436263440000 24.48
1436263800000 24.49
1436263920000 24.51
1436264040000 24.43
1436264160000 24.49
1436264220000 24.48
1436264280000 24.48
1436264340000 24.49
1436264460000 24.44
1436264700000 24.46
1436264820000 24.46
1436264880000 24.46
1436264940000 24.47
1436265000000 24.3975
1436265060000 24.4
1436265180000 24.45
1436265540000 24.43
1436265600000 24.43
1436265660000 24.43
1436265780000 24.43
1436265840000 24.4075
1436265900000 24.3
1436266200000 24.43
1436266260000 24.35
1436266500000 24.44
1436266620000 24.37
1436266740000 24.35
1436266800000 24.4
1436267040000 24.4
1436267160000 24.39
1436267220000 24.39
1436267280000 24.32
1436267400000 24.39
1436267700000 24.33
1436267760000 24.37
1436267880000 24.3185
1436268060000 24.37
1436268120000 24.35
1436268180000 24.3375
1436268300000 24.34
1436268360000 24.34
1436268420000 24.28
1436268600000 24.28
1436268660000 24.27
1436268780000 24.25
1436269080000 24.23
1436269140000 24.2799
1436269260000 24.27
1436269380000 24.29
1436269440000 24.31
1436269920000 24.32
1436269980000 24.31
1436270100000 24.28
1436270160000 24.35
1436270220000 24.4
1436270820000 24.34
1436271000000 24.39
1436271120000 24.4
1436271300000 24.34
1436271360000 24.34
1436271660000 24.4
1436271960000 24.5
1436272080000 24.42
1436272260000 24.42
1436272680000 24.49
1436272740000 24.5
1436272920000 24.5
1436273340000 24.44
1436273400000 24.44
1436273640000 24.48
1436273700000 24.54
1436273880000 24.59
1436274000000 24.57
1436274360000 24.53
1436274660000 24.59
1436274780000 24.59
1436274900000 24.55
1436274960000 24.55
1436275080000 24.6
1436275320000 24.6
1436275380000 24.6
1436275440000 24.6
1436275800000 24.56
1436275920000 24.56
1436276040000 24.52
1436276340000 24.59
1436276580000 24.59
1436276640000 24.53
1436277000000 24.53
1436277180000 24.59
1436277240000 24.53
1436277540000 24.59
1436277780000 24.59
1436277900000 24.53
1436277960000 24.53
1436278080000 24.52
1436278320000 24.51
1436278440000 24.51
1436278680000 24.53
1436278920000 24.46
1436278980000 24.5
1436279340000 24.43
1436279400000 24.48
1436279520000 24.46
1436279820000 24.44
1436280000000 24.44
1436280060000 24.44
1436280240000 24.55
1436280300000 24.58
1436280420000 24.57
1436280480000 24.6
1436280540000 24.6
1436280780000 24.6
1436280900000 24.55
1436281080000 24.59
1436281200000 24.63
1436281440000 24.62
