1404705600000 68.95
1404792000000 68.75
1404878400000 70.55
1404964800000 70.35
1405051200000 70.45
1405310400000 70.47
1405396800000 69.92
1405483200000 70.03
1405569600000 69.05
1405656000000 69.03
1405915200000 69.16
1406001600000 69.34
1406088000000 70.09
1406174400000 70.77
1406260800000 70.26
1406520000000 70.46
1406606400000 70.23
1406692800000 69.41
1406779200000 68.14
1406865600000 67.43
1407124800000 68.09
1407211200000 68.03
1407297600000 67.71
1407384000000 67.02
1407470400000 67.8
1407729600000 68.56
1407816000000 68.485
1407902400000 68.15
1407988800000 68.68
1408075200000 68.5
1408334400000 68.44
1408420800000 69.7
1408507200000 70.52
1408593600000 69.67
1408680000000 69.92
1408939200000 70.5
1409025600000 70.87
1409112000000 71.32
1409198400000 71.55
1409284800000 71.57
1409630400000 71.85
1409716800000 71.88
1409803200000 72.27
1409889600000 71.83
1410148800000 71.26
1410235200000 70.41
1410321600000 70.3
1410408000000 70.5
1410494400000 70.5
1410753600000 70.36
1410840000000 70.87
1410926400000 70.98
1411012800000 71.0
1411099200000 70.53
1411358400000 70.06
1411444800000 70.01
1411531200000 70.73
1411617600000 70.2
1411704000000 70.59
1411963200000 70.19
1412049600000 70.09
1412136000000 67.86
1412222400000 67.88
1412308800000 68.0
1412568000000 67.63
1412654400000 66.66
1412740800000 67.46
1412827200000 66.51
1412913600000 64.83
1413172800000 64.73
1413259200000 65.86
1413345600000 64.69
1413432000000 65.61
1413518400000 66.77
1413777600000 67.63
1413864000000 69.01
1413950400000 68.88
1414036800000 68.64
1414123200000 69.45
1414382400000 69.41
1414468800000 70.06
1414555200000 71.48
1414641600000 72.02
1414728000000 72.35
1414990800000 71.7
1415077200000 70.7
1415163600000 70.4
1415250000000 71.64
1415336400000 72.54
1415595600000 72.74
1415682000000 72.57
1415768400000 72.77
1415854800000 72.85
1415941200000 72.84
1416200400000 73.61
1416286800000 73.62
1416373200000 78.19
1416459600000 78.13
1416546000000 78.7
1416805200000 78.25
1416891600000 78.71
1416978000000 78.21
1417150800000 78.76
1417410000000 78.61
1417496400000 79.08
1417582800000 79.44
1417669200000 79.11
1417755600000 78.2
1418014800000 77.99
1418101200000 78.82
1418187600000 77.45
1418274000000 78.44
1418360400000 77.67
1418619600000 80.97
1418706000000 81.02
1418792400000 81.335
1418878800000 81.44
1418965200000 81.31
1419224400000 81.165
1419310800000 81.13
1419397200000 81.16
1419570000000 81.21
1419829200000 81.18
1419915600000 81.16
1420002000000 81.295
1420174800000 81.38
1420434000000 81.19
1420520400000 81.26
1420606800000 81.21
1420693200000 81.2
1420779600000 81.07
1421038800000 81.04
1421125200000 81.21
1421211600000 81.22
1421298000000 81.38
1421384400000 81.465
1421730000000 81.23
1421816400000 81.5
1421902800000 81.47
1421989200000 81.5
1422248400000 81.45
1422334800000 81.47
1422421200000 81.54
1422507600000 81.62
1422594000000 81.705
1422853200000 82.19
1422939600000 82.45
1423026000000 82.54
1423112400000 82.55
1423198800000 82.51
1423458000000 82.45
1423544400000 82.5
1423630800000 82.5
1423717200000 82.665
1423803600000 82.7
1424149200000 82.77
1424235600000 82.84
1424322000000 82.88
1424408400000 82.91
1424667600000 82.95
1424754000000 82.99
1424840400000 82.97
1424926800000 82.9
1425013200000 82.91
1425272400000 82.94
1425358800000 82.93
1425445200000 82.93
1425531600000 82.98
1425618000000 82.91
1425873600000 82.96
1425960000000 82.95
1426046400000 82.98
