1436261400000 29.26
1436261640000 29.2222
1436262060000 28.965
1436262300000 29.0
1436262480000 29.05
1436262600000 29.06
1436262840000 29.0
1436262960000 29.0
1436263020000 29.0
1436263080000 29.0
1436263140000 29.05
1436263620000 29.0
1436263860000 29.0
1436263920000 29.02
1436263980000 29.06
1436264040000 29.1
1436264100000 29.14
1436264160000 29.15
1436264220000 29.16
1436264520000 29.25
1436265000000 29.13
1436265420000 29.01
1436265540000 29.0
1436265720000 29.0
1436265960000 29.03
1436266020000 29.04
1436266080000 29.04
1436266260000 29.04
1436266440000 29.03
1436266800000 29.01
1436267100000 29.0
1436267460000 29.04
1436268540000 29.0
1436268840000 29.0
1436268900000 28.95
1436269500000 29.03
1436269980000 28.96
1436270160000 29.01
1436270220000 29.04
1436270280000 29.04
1436270400000 29.0
1436270700000 29.03
1436271360000 28.94
1436272020000 28.94
1436272080000 28.94
1436272260000 28.98
1436272740000 29.0
1436273100000 29.0
1436273340000 28.99
1436273640000 28.99
1436274000000 29.0
1436274180000 29.0
1436274240000 29.0
1436274360000 28.925
1436274840000 29.0
1436275740000 29.0
1436276640000 29.0
1436277600000 28.965
1436280420000 29.0
1436280540000 29.0
1436280600000 29.0
1436280900000 28.99
1436281140000 28.99
