1436261400000 1.16
1436261460000 1.16
1436261520000 1.16
1436261640000 1.16
1436261700000 1.14
1436261820000 1.14
1436262000000 1.11
1436262480000 1.12
1436262900000 1.11
1436263020000 1.11
1436263080000 1.11
1436263140000 1.11
1436263200000 1.11
1436263260000 1.11
1436263320000 1.11
1436263560000 1.12
1436263980000 1.11
1436264040000 1.11
1436264100000 1.12
1436264460000 1.1443
1436264520000 1.12
1436264760000 1.12
1436264880000 1.115
1436264940000 1.11
1436265120000 1.11
1436265300000 1.11
1436265420000 1.11
1436265480000 1.11
1436265540000 1.11
1436265600000 1.11
1436265780000 1.11
1436265960000 1.11
1436266020000 1.09
1436266380000 1.09
1436266560000 1.09
1436266860000 1.08
1436267100000 1.1
1436267340000 1.1
1436267640000 1.09
1436268420000 1.11
1436268480000 1.111
1436268540000 1.11
1436268720000 1.1141
1436268900000 1.11
1436268960000 1.11
1436269020000 1.11
1436269140000 1.11
1436269260000 1.1128
1436269320000 1.11
1436269740000 1.11
1436269860000 1.105
1436270280000 1.1
1436270580000 1.107
1436270760000 1.1
1436270820000 1.1
1436271240000 1.09
1436271300000 1.09
1436271360000 1.085
1436271420000 1.1
1436271900000 1.08
1436272860000 1.09
1436273040000 1.1
1436273280000 1.11
1436273520000 1.1
1436274420000 1.1
1436274480000 1.1
1436274660000 1.1
1436274960000 1.1
1436275200000 1.1
1436275260000 1.1
1436275500000 1.1
1436275560000 1.1
1436275620000 1.11
1436276340000 1.09
1436276400000 1.09
1436276460000 1.09
1436276760000 1.09
1436276820000 1.09
1436276880000 1.09
1436277000000 1.09
1436277060000 1.0801
1436277420000 1.09
1436277480000 1.09
1436277540000 1.09
1436277600000 1.09
1436277960000 1.09
1436278020000 1.09
1436278080000 1.085
1436278140000 1.0899
1436278560000 1.085
1436278920000 1.085
1436279040000 1.085
1436279400000 1.09
1436280240000 1.09
1436280360000 1.09
1436280540000 1.09
1436280600000 1.09
1436281140000 1.09
1436281380000 1.085
