1436261400000 3.05
1436261580000 3.06
1436261640000 3.041
1436261700000 3.05
1436262000000 3.04
1436262240000 3.035
1436262420000 3.035
1436262540000 3.05
1436262840000 3.05
1436262960000 3.03
1436263020000 3.05
1436263140000 3.05
1436263680000 3.05
1436263740000 3.04
1436263800000 3.03
1436263860000 3.03
1436264160000 3.03
1436264220000 3.03
1436264820000 3.03
1436264940000 3.02
1436265480000 3.02
1436265540000 3.03
1436265600000 3.03
1436265660000 3.02
1436265960000 3.01
1436266020000 3.08
1436266080000 3.08
1436266200000 3.06
1436266500000 3.035
1436266620000 3.07
1436267640000 3.07
1436268540000 3.06
1436269260000 3.05
1436270280000 3.07
1436270340000 3.06
1436270400000 3.06
1436271360000 3.07
1436271420000 3.06
1436271540000 3.05
1436271840000 3.03
1436272380000 3.05
1436272500000 3.04
1436272740000 3.04
1436272800000 3.04
1436273040000 3.03
1436273280000 3.04
1436273340000 3.04
1436273460000 3.05
1436273700000 3.05
1436273940000 3.05
1436274180000 3.04
1436275200000 3.05
1436275320000 3.05
1436275500000 3.05
1436275620000 3.055
1436275980000 3.06
1436276220000 3.05
1436276520000 3.06
1436276700000 3.06
1436276880000 3.05
1436277300000 3.06
1436277420000 3.05
1436277480000 3.05
1436278620000 3.05
1436278740000 3.04
1436278800000 3.04
1436278860000 3.04
1436278920000 3.04
1436279160000 3.04
1436279640000 3.04
1436279700000 3.05
1436279760000 3.04
1436280000000 3.049
1436280060000 3.04
1436280180000 3.05
1436280240000 3.05
1436280540000 3.05
1436280660000 3.05
1436280720000 3.04
1436280780000 3.04
1436280840000 3.04
1436280900000 3.04
1436281140000 3.05
1436281200000 3.06
1436281320000 3.06
1436281380000 3.06
1436281560000 3.05
