1436261400000 13.87
1436261460000 13.89
1436261520000 13.88
1436261580000 13.85
1436261700000 13.89
1436261760000 13.79
1436262120000 13.72
1436262180000 13.72
1436262240000 13.86
1436262300000 13.8
1436262360000 13.8
1436262720000 13.74
1436262840000 13.7
1436262960000 13.73
1436263020000 13.88
1436263080000 13.88
1436263200000 13.88
1436263320000 13.88
1436263380000 13.89
1436263440000 13.88
1436263500000 13.88
1436263560000 13.88
1436263620000 13.88
1436263680000 13.88
1436263740000 13.88
1436263800000 13.88
1436263920000 13.88
1436264100000 13.84
1436264220000 13.83
1436264400000 13.82
1436264460000 13.8
1436264700000 13.85
1436265000000 13.85
1436265240000 13.87
1436265300000 13.86
1436265480000 13.875
1436265540000 13.83
1436265660000 13.81
1436265720000 13.78
1436265900000 13.81
1436265960000 13.88
1436266140000 13.88
1436266320000 13.875
1436266380000 13.88
1436266440000 13.89
1436266500000 13.89
1436266560000 13.89
1436266620000 13.89
1436266680000 13.89
1436266800000 13.86
1436266860000 13.85
1436266980000 13.86
1436267040000 13.84
1436267160000 13.86
1436267220000 13.84
1436267280000 13.85
1436267580000 13.88
1436267880000 13.89
1436267940000 13.89
1436268060000 13.87
1436268120000 13.86
1436268240000 13.84
1436268360000 13.84
1436268600000 13.85
1436268720000 13.85
1436268900000 13.83
1436268960000 13.82
1436269020000 13.81
1436269080000 13.81
1436269140000 13.82
1436269200000 13.83
1436269380000 13.87
1436269440000 13.87
1436269500000 13.87
1436269800000 13.87
1436270100000 13.875
1436270160000 13.88
1436270220000 13.89
1436270280000 13.89
1436270340000 13.89
1436270640000 13.87
1436271060000 13.86
1436271120000 13.86
1436271180000 13.85
1436271240000 13.85
1436271300000 13.84
1436271360000 13.84
1436271420000 13.81
1436271480000 13.83
1436271540000 13.83
1436271600000 13.83
1436271660000 13.84
1436271720000 13.84
1436271840000 13.82
1436272140000 13.83
1436272200000 13.81
1436272260000 13.84
1436272500000 13.84
1436272560000 13.83
1436272860000 13.84
1436273340000 13.81
1436273400000 13.85
1436273640000 13.85
1436273760000 13.82
1436273820000 13.85
1436273880000 13.85
1436274000000 13.84
1436274420000 13.84
1436274720000 13.82
1436275200000 13.82
1436275440000 13.81
1436275500000 13.81
1436275620000 13.75
1436275800000 13.79
1436276460000 13.77
1436276580000 13.79
1436276640000 13.82
1436277300000 13.78
1436277420000 13.75
1436277480000 13.76
1436277600000 13.77
1436277720000 13.78
1436277840000 13.8
1436277900000 13.83
1436278020000 13.82
1436278140000 13.85
1436278320000 13.85
1436278440000 13.85
1436278560000 13.85
1436278680000 13.85
1436278740000 13.86
1436278800000 13.8
1436278920000 13.83
1436279040000 13.85
1436279100000 13.82
1436279160000 13.8
1436279280000 13.79
1436279340000 13.79
1436279580000 13.8
1436279640000 13.85
1436279760000 13.84
1436279940000 13.85
1436280060000 13.86
1436280120000 13.86
1436280180000 13.88
1436280360000 13.88
1436280420000 13.89
1436280480000 13.89
1436280900000 13.88
1436281020000 13.89
1436281080000 13.9
1436281140000 13.9
1436281200000 13.9
1436281320000 13.89
1436281380000 13.88
1436281440000 13.89
1436281500000 13.89
