1436261400000 22.3
1436261580000 22.3
1436262000000 22.17
1436262360000 22.13
1436263080000 22.13
1436263140000 22.0
1436265660000 21.97
1436265720000 21.98
1436265960000 22.13
1436266860000 22.12
1436266920000 21.99
1436267040000 21.99
1436268060000 22.17
1436268240000 22.136
1436269440000 22.19
1436270220000 22.24
1436271120000 22.24
1436271300000 22.25
1436271360000 22.3
1436271540000 22.26
1436271900000 22.27
1436272080000 22.25
1436272440000 22.29
1436273460000 22.26
1436273640000 22.24
1436273700000 22.25
1436273880000 22.25
1436273940000 22.25
1436274000000 22.25
1436274240000 22.25
1436274660000 22.24
1436274720000 22.25
1436274780000 22.24
1436274840000 22.24
1436274960000 22.245
1436276220000 22.27
1436277720000 22.26
1436278320000 22.26
1436278560000 22.27
1436278920000 22.24
1436279400000 22.28
1436279460000 22.24
1436279520000 22.24
1436279640000 22.15
1436280060000 22.3
1436280780000 22.25
1436281080000 22.31
1436281140000 22.25
