1436261400000 7.13
1436261460000 7.24
1436261520000 7.24
1436261580000 7.31
1436261640000 7.25
1436261700000 7.2799
1436261760000 7.26
1436261820000 7.24
1436261880000 7.24
1436261940000 7.27
1436262000000 7.27
1436262060000 7.29
1436262120000 7.28
1436262180000 7.31
1436262240000 7.3
1436262300000 7.32
1436262360000 7.29
1436262420000 7.29
1436262480000 7.3099
1436262540000 7.29
1436262600000 7.3
1436262660000 7.29
1436262720000 7.3
1436262780000 7.31
1436262840000 7.295
1436262900000 7.29
1436262960000 7.28
1436263020000 7.26
1436263140000 7.26
1436263200000 7.26
1436263260000 7.23
1436263320000 7.24
1436263380000 7.24
1436263500000 7.24
1436263620000 7.23
1436263680000 7.12
1436263740000 7.14
1436263800000 7.1712
1436263860000 7.21
1436263920000 7.1801
1436263980000 7.21
1436264040000 7.1901
1436264100000 7.18
1436264160000 7.19
1436264220000 7.19
1436264280000 7.2
1436264340000 7.21
1436264400000 7.22
1436264460000 7.19
1436264520000 7.2
1436264700000 7.18
1436264760000 7.18
1436264820000 7.19
1436264880000 7.19
1436264940000 7.2
1436265000000 7.2
1436265060000 7.2
1436265120000 7.19
1436265180000 7.19
1436265240000 7.19
1436265300000 7.18
1436265360000 7.18
1436265420000 7.19
1436265480000 7.18
1436265540000 7.18
1436265600000 7.16
1436265660000 7.16
1436265720000 7.15
1436265780000 7.14
1436265840000 7.14
1436265960000 7.145
1436266020000 7.2001
1436266080000 7.219
1436266140000 7.24
1436266200000 7.24
1436266260000 7.18
1436266320000 7.2
1436266380000 7.2004
1436266440000 7.27
1436266500000 7.26
1436266560000 7.23
1436266620000 7.243
1436266680000 7.23
1436266740000 7.229
1436266800000 7.21
1436266860000 7.16
1436266920000 7.17
1436266980000 7.17
1436267040000 7.18
1436267100000 7.1779
1436267160000 7.184
1436267220000 7.18
1436267280000 7.18
1436267340000 7.19
1436267400000 7.19
1436267460000 7.19
1436267520000 7.21
1436267640000 7.2
1436267700000 7.19
1436267760000 7.202
1436267820000 7.2
1436267880000 7.22
1436267940000 7.22
1436268060000 7.22
1436268120000 7.17
1436268180000 7.17
1436268240000 7.1799
1436268360000 7.18
1436268480000 7.18
1436268540000 7.16
1436268600000 7.16
1436268660000 7.17
1436268840000 7.14
1436268960000 7.15
1436269020000 7.16
1436269080000 7.155
1436269140000 7.18
1436269200000 7.23
1436269320000 7.22
1436269380000 7.24
1436269440000 7.25
1436269500000 7.24
1436269620000 7.21
1436269740000 7.2
1436269860000 7.2
1436269920000 7.1994
1436269980000 7.2
1436270040000 7.19
1436270100000 7.2
1436270160000 7.22
1436270220000 7.29
1436270280000 7.3
1436270340000 7.27
1436270400000 7.23
1436270580000 7.23
1436270640000 7.23
1436270760000 7.23
1436270940000 7.23
1436271060000 7.19
1436271180000 7.16
1436271240000 7.1599
1436271300000 7.16
1436271420000 7.19
1436271540000 7.189
1436271600000 7.19
1436271660000 7.2
1436271720000 7.24
1436271780000 7.23
1436271840000 7.24
1436271960000 7.24
1436272020000 7.2488
1436272140000 7.24
1436272260000 7.26
1436272380000 7.27
1436272500000 7.29
1436272560000 7.27
1436272680000 7.27
1436272740000 7.3
1436272800000 7.299
1436272860000 7.3
1436272980000 7.32
1436273040000 7.32
1436273160000 7.33
1436273220000 7.35
1436273280000 7.39
1436273340000 7.3702
1436273400000 7.379
1436273460000 7.3642
1436273520000 7.3896
1436273640000 7.39
1436273700000 7.39
1436273760000 7.38
1436273820000 7.38
1436273880000 7.4
1436273940000 7.46
1436274000000 7.46
1436274060000 7.48
1436274120000 7.47
1436274180000 7.39
1436274240000 7.39
1436274300000 7.34
1436274360000 7.33
1436274420000 7.31
1436274480000 7.32
1436274600000 7.32
1436274660000 7.33
1436274720000 7.34
1436274840000 7.35
1436274900000 7.35
1436275020000 7.3
1436275080000 7.31
1436275140000 7.33
1436275200000 7.34
1436275320000 7.33
1436275380000 7.33
1436275440000 7.33
1436275560000 7.33
1436275620000 7.3
1436275740000 7.3
1436275800000 7.31
1436275860000 7.31
1436276040000 7.31
1436276100000 7.31
1436276220000 7.31
1436276400000 7.3
1436276460000 7.29
1436276520000 7.29
1436276640000 7.3
1436276700000 7.34
1436276760000 7.32
1436276880000 7.32
1436276940000 7.32
1436277000000 7.31
1436277120000 7.31
1436277180000 7.31
1436277240000 7.3102
1436277300000 7.31
1436277360000 7.31
1436277480000 7.31
1436277600000 7.3
1436277840000 7.29
1436277960000 7.2901
1436278140000 7.285
1436278200000 7.28
1436278380000 7.27
1436278440000 7.27
1436278500000 7.26
1436278560000 7.22
1436278620000 7.22
1436278680000 7.23
1436278740000 7.23
1436278800000 7.21
1436278860000 7.2
1436278920000 7.18
1436279040000 7.17
1436279220000 7.19
1436279280000 7.18
1436279340000 7.2119
1436279520000 7.21
1436279580000 7.23
1436279700000 7.24
1436279760000 7.25
1436279880000 7.26
1436279940000 7.25
1436280000000 7.26
1436280060000 7.29
1436280120000 7.3
1436280180000 7.28
1436280240000 7.27
1436280300000 7.2292
1436280360000 7.27
1436280420000 7.31
1436280540000 7.28
1436280660000 7.27
1436280780000 7.29
1436280840000 7.28
1436280900000 7.28
1436280960000 7.29
1436281020000 7.3
1436281080000 7.32
1436281140000 7.32
1436281200000 7.33
1436281260000 7.34
1436281320000 7.31
1436281440000 7.31
1436281500000 7.34
1436281560000 7.32
1436281620000 7.33
