1436261400000 14.3
1436261460000 14.2906
1436261700000 14.28
1436261940000 14.18
1436262240000 14.195
1436262300000 14.19
1436262360000 14.16
1436262420000 14.16
1436262480000 14.16
1436262540000 14.17
1436262600000 14.17
1436262660000 14.2
1436262720000 14.2
1436262780000 14.2
1436262840000 14.21
1436262960000 14.22
1436263020000 14.2
1436263080000 14.2
1436263140000 14.2
1436263200000 14.21
1436263380000 14.2
1436263620000 14.2
1436263680000 14.2
1436263740000 14.15
1436263860000 14.18
1436264040000 14.18
1436264100000 14.19
1436264280000 14.16
1436264340000 14.18
1436264400000 14.16
1436264460000 14.16
1436264520000 14.17
1436264580000 14.18
1436264640000 14.16
1436264700000 14.16
1436264760000 14.16
1436264820000 14.17
1436265060000 14.16
1436265120000 14.17
1436265180000 14.15
1436265300000 14.1
1436265360000 14.09
1436265420000 14.06
1436265540000 14.04
1436265660000 13.97
1436265720000 13.92
1436265780000 13.9
1436265840000 13.93
1436265900000 13.93
1436265960000 13.94
1436266020000 13.935
1436266080000 13.95
1436266140000 13.96
1436266200000 13.96
1436266380000 13.98
1436266440000 14.0
1436266500000 14.04
1436266740000 14.01
1436266860000 13.94
1436266980000 13.98
1436267040000 13.94
1436267160000 13.94
1436267280000 13.94
1436267400000 13.96
1436267460000 13.96
1436267640000 13.99
1436267760000 13.98
1436267820000 13.98
1436267880000 13.97
1436267940000 13.97
1436268000000 13.97
1436268060000 13.93
1436268120000 13.93
1436268180000 13.92
1436268300000 13.92
1436268480000 13.91
1436268540000 13.91
1436268600000 13.87
1436268840000 13.83
1436268900000 13.8
1436269020000 13.81
1436269080000 13.8
1436269140000 13.83
1436269200000 13.82
1436269260000 13.85
1436269320000 13.86
1436269380000 13.88
1436269440000 13.94
1436269500000 14.0
1436269560000 14.0
1436269620000 14.0
1436269680000 14.0
1436269740000 14.01
1436269800000 14.04
1436269860000 14.07
1436270160000 14.07
1436270340000 14.16
1436270400000 14.14
1436270520000 14.1
1436270700000 14.1274
1436270760000 14.1
1436271060000 14.1
1436271180000 14.1
1436271360000 14.07
1436271600000 14.05
1436271780000 14.05
1436272080000 14.08
1436272140000 14.1
1436272200000 14.1
1436272260000 14.11
1436272440000 14.1
1436272560000 14.11
1436272620000 14.11
1436273040000 14.15
1436273100000 14.12
1436273220000 14.14
1436273280000 14.12
1436273340000 14.13
1436273580000 14.14
1436273760000 14.1617
1436273880000 14.15
1436274060000 14.1699
1436274120000 14.17
1436274240000 14.16
1436274480000 14.13
1436274660000 14.14
1436274720000 14.15
1436274840000 14.18
1436274900000 14.2
1436274960000 14.2
1436275020000 14.2
1436275140000 14.1955
1436275200000 14.17
1436275320000 14.2
1436275560000 14.1973
1436275800000 14.18
1436275920000 14.17
1436276040000 14.14
1436276160000 14.12
1436276220000 14.12
1436276280000 14.12
1436276520000 14.12
1436276640000 14.1399
1436277240000 14.14
1436277300000 14.14
1436277360000 14.11
1436277480000 14.12
1436277600000 14.09
1436277720000 14.09
1436278020000 14.08
1436278080000 14.07
1436278200000 14.09
1436278680000 14.07
1436278800000 14.04
1436278920000 14.01
1436278980000 14.01
1436279040000 14.01
1436279100000 14.02
1436279160000 14.03
1436279220000 14.02
1436279280000 14.019
1436279400000 14.03
1436279520000 14.04
1436279820000 14.04
1436279880000 14.06
1436280180000 14.11
1436280300000 14.125
1436280420000 14.14
1436280480000 14.14
1436280900000 14.12
1436281020000 14.13
1436281080000 14.14
1436281140000 14.16
1436281260000 14.15
1436281440000 14.15
1436281500000 14.14
