1436261760000 13.69
1436261940000 13.6135
1436262240000 13.63
1436262420000 13.605
1436262480000 13.605
1436262540000 13.605
1436262600000 13.64
1436262840000 13.615
1436263020000 13.61
1436263140000 13.61
1436263200000 13.62
1436263260000 13.62
1436263380000 13.62
1436263440000 13.62
1436263500000 13.6
1436263560000 13.605
1436263620000 13.57
1436263680000 13.52
1436263860000 13.56
1436264100000 13.57
1436264280000 13.568
1436264340000 13.57
1436264400000 13.56
1436264520000 13.56
1436264640000 13.57
1436264700000 13.56
1436264760000 13.57
1436264820000 13.56
1436264880000 13.56
1436264940000 13.57
1436265000000 13.56
1436265060000 13.56
1436265120000 13.57
1436265180000 13.59
1436265300000 13.57
1436265360000 13.56
1436265420000 13.5501
1436265540000 13.55
1436265600000 13.55
1436265660000 13.53
1436265900000 13.52
1436265960000 13.52
1436266020000 13.53
1436266260000 13.54
1436266320000 13.55
1436266440000 13.56
1436266500000 13.5801
1436266560000 13.58
1436266620000 13.56
1436266860000 13.55
1436266920000 13.544
1436266980000 13.55
1436267040000 13.5501
1436267160000 13.53
1436267400000 13.55
1436267520000 13.55
1436267580000 13.5201
1436267640000 13.53
1436267700000 13.52
1436267940000 13.521
1436268000000 13.53
1436268180000 13.521
1436268600000 13.537
1436268660000 13.51
1436268720000 13.47
1436268780000 13.48
1436268840000 13.48
1436268960000 13.5082
1436269080000 13.45
1436269140000 13.4743
1436269260000 13.46
1436269320000 13.51
1436269380000 13.51
1436269500000 13.51
1436269620000 13.491
1436269680000 13.49
1436269980000 13.47
1436270040000 13.47
1436270160000 13.5
1436270220000 13.53
1436270340000 13.55
1436270400000 13.54
1436270520000 13.5
1436270580000 13.5
1436270820000 13.495
1436270940000 13.49
1436271000000 13.496
1436271120000 13.49
1436271180000 13.48
1436271360000 13.48
1436271420000 13.48
1436271480000 13.49
1436271660000 13.49
1436271780000 13.51
1436271900000 13.54
1436271960000 13.54
1436272260000 13.56
1436272320000 13.565
1436272440000 13.56
1436272860000 13.54
1436272920000 13.57
1436273040000 13.54
1436273100000 13.568
1436273160000 13.5243
1436273220000 13.54
1436273340000 13.56
1436273400000 13.56
1436273460000 13.55
1436273580000 13.56
1436273640000 13.56
1436273700000 13.555
1436274000000 13.56
1436274060000 13.54
1436274180000 13.51
1436274300000 13.53
1436274480000 13.52
1436274660000 13.53
1436274720000 13.53
1436274840000 13.53
1436274900000 13.52
1436275680000 13.5001
1436275860000 13.5
1436276160000 13.5
1436276520000 13.51
1436276580000 13.51
1436276760000 13.52
1436277180000 13.52
1436277420000 13.51
1436277540000 13.49
1436277600000 13.49
1436277660000 13.4899
1436278200000 13.51
1436278440000 13.5028
1436278620000 13.52
1436278680000 13.51
1436278740000 13.51
1436278800000 13.49
1436278920000 13.48
1436279040000 13.48
1436279100000 13.49
1436279340000 13.4801
1436279400000 13.48
1436279700000 13.49
1436279820000 13.5
1436279880000 13.5
1436279940000 13.525
1436280180000 13.53
1436280420000 13.5
1436280600000 13.49
1436280660000 13.4901
1436280900000 13.5001
1436281020000 13.52
1436281080000 13.53
1436281140000 13.53
1436281200000 13.53
1436281260000 13.53
1436281320000 13.53
1436281380000 13.53
1436281440000 13.53
1436281500000 13.53
1436281560000 13.53
