1436262000000 7.97
1436262360000 7.97
1436262660000 7.97
1436262960000 7.97
1436263260000 7.97
1436263560000 7.97
1436263680000 7.99
1436263860000 8.0
1436264340000 8.0
1436264460000 7.97
1436264760000 7.97
1436265360000 7.97
1436265960000 7.97
1436266260000 7.97
1436266560000 7.97
1436266620000 7.97
1436266680000 7.95
1436266860000 7.95
1436267160000 7.95
1436267460000 7.95
1436267760000 7.94
1436268060000 7.87
1436268360000 7.87
1436268660000 7.86
1436268960000 7.86
1436269260000 7.86
1436271180000 7.87
1436271480000 7.87
1436271840000 7.87
1436272020000 7.86
1436272200000 7.81
1436272260000 7.8
1436273580000 7.81
1436273640000 7.8
1436275380000 7.8
1436275440000 7.8
1436276220000 7.8
1436276340000 7.8
1436276400000 7.8
1436276880000 7.8
1436279160000 7.81
1436279220000 7.8
1436279460000 7.8
1436279640000 7.76
1436279820000 7.76
1436280060000 7.76
1436280240000 7.76
1436280420000 7.73
1436280660000 7.73
1436280840000 7.73
1436281020000 7.72
1436281200000 7.73
1436281440000 7.72
