1436261400000 9.42
1436261460000 9.47
1436261520000 9.42
1436261640000 9.42
1436261700000 9.42
1436261880000 9.23
1436261940000 9.22
1436262000000 9.23
1436262060000 9.25
1436262120000 9.2412
1436262180000 9.24
1436262240000 9.22
1436262300000 9.265
1436262480000 9.25
1436262540000 9.24
1436262600000 9.24
1436262720000 9.25
1436262960000 9.28
1436263020000 9.28
1436263080000 9.28
1436263140000 9.28
1436263200000 9.27
1436263260000 9.27
1436263320000 9.2783
1436263380000 9.27
1436263620000 9.275
1436263680000 9.28
1436263920000 9.26
1436263980000 9.27
1436264100000 9.27
1436264160000 9.29
1436264280000 9.27
1436264400000 9.28
1436264460000 9.275
1436264520000 9.28
1436264580000 9.28
1436264700000 9.28
1436264760000 9.26
1436264820000 9.27
1436264940000 9.28
1436265000000 9.28
1436265060000 9.28
1436265120000 9.275
1436265180000 9.29
1436265240000 9.27
1436265300000 9.3
1436265360000 9.305
1436265420000 9.305
1436265540000 9.3
1436265600000 9.31
1436265660000 9.285
1436265720000 9.29
1436265780000 9.29
1436265840000 9.29
1436265900000 9.29
1436265960000 9.31
1436266020000 9.33
1436266080000 9.33
1436266260000 9.35
1436266320000 9.36
1436266380000 9.36
1436266500000 9.36
1436266680000 9.37
1436266740000 9.35
1436266800000 9.35
1436266860000 9.35
1436266920000 9.34
1436266980000 9.34
1436267040000 9.34
1436267100000 9.34
1436267160000 9.34
1436267220000 9.34
1436267280000 9.34
1436267460000 9.3401
1436267520000 9.34
1436267640000 9.34
1436267700000 9.34
1436267820000 9.35
1436267880000 9.34
1436267940000 9.34
1436268000000 9.34
1436268060000 9.34
1436268180000 9.33
1436268240000 9.34
1436268360000 9.34
1436268420000 9.34
1436268480000 9.34
1436268540000 9.35
1436268600000 9.34
1436268660000 9.34
1436268780000 9.34
1436268840000 9.33
1436268900000 9.34
1436268960000 9.34
1436269020000 9.34
1436269080000 9.35
1436269200000 9.35
1436269320000 9.36
1436269680000 9.35
1436269740000 9.35
1436269800000 9.35
1436269860000 9.35
1436269920000 9.345
1436270040000 9.345
1436270100000 9.35
1436270160000 9.36
1436270220000 9.37
1436270280000 9.385
1436270460000 9.37
1436270520000 9.36
1436270700000 9.35
1436270760000 9.35
1436270820000 9.34
1436270880000 9.35
1436270940000 9.35
1436271000000 9.355
1436271060000 9.35
1436271120000 9.345
1436271240000 9.34
1436271540000 9.34
1436271600000 9.345
1436271660000 9.34
1436271720000 9.34
1436271840000 9.35
1436271900000 9.36
1436271960000 9.36
1436272020000 9.39
1436272080000 9.38
1436272140000 9.38
1436272200000 9.3799
1436272260000 9.38
1436272320000 9.395
1436272500000 9.39
1436272560000 9.39
1436272620000 9.387
1436272680000 9.38
1436272740000 9.39
1436272800000 9.41
1436272920000 9.4
1436273040000 9.3999
1436273100000 9.4
1436273160000 9.42
1436273340000 9.43
1436273400000 9.43
1436273460000 9.415
1436273520000 9.43
1436273760000 9.43
1436273820000 9.41
1436273880000 9.43
1436274060000 9.44
1436274120000 9.44
1436274180000 9.43
1436274240000 9.44
1436274300000 9.44
1436274360000 9.43
1436274420000 9.41
1436274660000 9.41
1436274900000 9.42
1436274960000 9.42
1436275080000 9.42
1436275200000 9.42
1436275260000 9.425
1436275320000 9.43
1436275680000 9.435
1436275740000 9.43
1436275860000 9.44
1436275920000 9.43
1436276040000 9.44
1436276100000 9.445
1436276400000 9.45
1436276460000 9.45
1436276580000 9.455
1436276640000 9.46
1436276760000 9.47
1436276820000 9.48
1436276880000 9.47
1436277060000 9.46
1436277180000 9.4446
1436277240000 9.44
1436277360000 9.43
1436277420000 9.435
1436277480000 9.43
1436277540000 9.43
1436277600000 9.435
1436277660000 9.435
1436277720000 9.435
1436277780000 9.43
1436277840000 9.445
1436277900000 9.45
1436277960000 9.44
1436278020000 9.43
1436278080000 9.43
1436278140000 9.43
1436278260000 9.43
1436278320000 9.43
1436278500000 9.43
1436278560000 9.43
1436278680000 9.43
1436278740000 9.43
1436278800000 9.42
1436278860000 9.43
1436278920000 9.43
1436278980000 9.43
1436279040000 9.43
1436279100000 9.43
1436279160000 9.44
1436279220000 9.43
1436279280000 9.43
1436279340000 9.43
1436279400000 9.43
1436279580000 9.44
1436279640000 9.43
1436279700000 9.44
1436279880000 9.43
1436279940000 9.43
1436280060000 9.44
1436280120000 9.43
1436280180000 9.44
1436280240000 9.43
1436280360000 9.43
1436280420000 9.44
1436280540000 9.43
1436280600000 9.43
1436280660000 9.43
1436280780000 9.43
1436280840000 9.44
1436280900000 9.44
1436280960000 9.4351
1436281020000 9.43
1436281080000 9.43
1436281140000 9.44
1436281260000 9.44
1436281320000 9.44
1436281440000 9.43
1436281500000 9.44
1436281560000 9.43
