1436261400000 66.19
1436261460000 66.16
1436261760000 66.38
1436261820000 66.14
1436261880000 66.0
1436261940000 66.16
1436262000000 66.535
1436262060000 66.41
1436262120000 66.55
1436262240000 66.56
1436262300000 66.52
1436262420000 66.41
1436262480000 66.41
1436262600000 66.4399
1436262660000 66.71
1436262720000 66.95
1436262780000 67.28
1436262840000 67.25
1436262900000 66.96
1436263020000 66.9
1436263080000 66.93
1436263200000 66.805
1436263260000 66.84
1436263380000 66.95
1436263440000 67.04
1436263500000 67.07
1436263560000 67.0
1436263620000 66.925
1436263680000 66.92
1436263740000 66.94
1436263800000 67.12
1436263860000 67.17
1436263920000 67.155
1436263980000 67.25
1436264040000 67.2
1436264100000 67.165
1436264160000 67.19
1436264220000 67.18
1436264280000 67.22
1436264340000 67.145
1436264400000 67.13
1436264460000 67.05
1436264580000 67.05
1436264700000 67.05
1436264760000 66.95
1436264820000 66.93
1436264880000 66.8
1436264940000 66.8
1436265060000 66.69
1436265120000 66.685
1436265180000 66.55
1436265240000 66.48
1436265300000 66.3375
1436265360000 66.28
1436265420000 66.27
1436265480000 66.26
1436265540000 66.295
1436265600000 66.23
1436265660000 65.93
1436265720000 65.92
1436265780000 65.9
1436265840000 66.0
1436265900000 66.0
1436265960000 65.9675
1436266020000 66.0
1436266080000 66.0
1436266200000 65.96
1436266260000 65.84
1436266320000 66.0
1436266380000 66.03
1436266440000 66.03
1436266500000 66.03
1436266560000 66.0
1436266620000 66.0
1436266740000 65.93
1436266800000 65.83
1436266860000 65.75
1436266920000 65.72
1436266980000 65.75
1436267040000 65.95
1436267100000 65.95
1436267220000 65.895
1436267280000 65.9
1436267340000 65.85
1436267400000 65.92
1436267460000 65.97
1436267520000 65.97
1436267580000 65.95
1436267640000 66.0
1436267760000 66.02
1436267820000 65.99
1436267880000 65.91
1436267940000 65.94
1436268000000 65.99
1436268060000 65.96
1436268120000 65.95
1436268180000 65.98
1436268240000 65.9
1436268360000 65.83
1436268420000 65.85
1436268480000 65.82
1436268540000 65.775
1436268600000 65.77
1436268660000 65.615
1436268840000 65.62
1436268960000 65.46
1436269080000 65.54
1436269140000 65.62
1436269200000 65.65
1436269320000 65.66
1436269380000 65.86
1436269500000 65.85
1436269560000 65.8
1436269860000 65.79
1436269920000 65.82
1436269980000 65.855
1436270040000 65.855
1436270100000 66.0
1436270220000 66.2
1436270280000 66.125
1436270400000 66.28
1436270520000 66.365
1436270700000 66.29
1436270760000 66.185
1436270820000 66.12
1436270880000 66.24
1436271000000 66.27
1436271060000 66.205
1436271120000 66.27
1436271180000 66.33
1436271300000 66.26
1436271360000 66.22
1436271420000 66.22
1436271480000 66.24
1436271600000 66.25
1436271660000 66.41
1436271780000 66.38
1436271900000 66.34
1436272020000 66.22
1436272080000 66.22
1436272140000 66.34
1436272260000 66.34
1436272320000 66.3
1436272380000 66.29
1436272500000 66.35
1436272620000 66.28
1436272680000 66.32
1436272800000 66.365
1436272860000 66.36
1436272980000 66.35
1436273040000 66.33
1436273100000 66.35
1436273160000 66.4
1436273220000 66.43
1436273340000 66.63
1436273400000 66.65
1436273460000 66.59
1436273520000 66.58
1436273580000 66.61
1436273640000 66.55
1436273700000 66.63
1436273760000 66.59
1436273820000 66.52
1436273940000 66.565
1436274000000 66.56
1436274120000 66.48
1436274180000 66.37
1436274240000 66.3
1436274300000 66.4
1436274360000 66.36
1436274480000 66.22
1436274660000 66.28
1436274720000 66.28
1436274780000 66.39
1436274900000 66.41
1436274960000 66.31
1436275020000 66.24
1436275080000 66.255
1436275140000 66.28
1436275200000 66.23
1436275320000 66.26
1436275380000 66.24
1436275440000 66.27
1436275500000 66.16
1436275680000 66.13
1436275740000 66.145
1436275800000 66.14
1436275860000 66.115
1436275920000 66.1
1436276040000 66.22
1436276160000 66.215
1436276280000 66.21
1436276340000 66.22
1436276400000 66.31
1436276460000 66.22
1436276520000 66.29
1436276580000 66.34
1436276640000 66.29
1436276760000 66.24
1436276820000 66.25
1436276880000 66.235
1436276940000 66.27
1436277000000 66.24
1436277060000 66.22
1436277120000 66.225
1436277180000 66.27
1436277240000 66.29
1436277360000 66.27
1436277420000 66.26
1436277540000 66.22
1436277600000 66.215
1436277660000 66.19
1436277720000 66.21
1436277780000 66.16
1436277840000 66.16
1436277900000 66.11
1436277960000 66.1399
1436278020000 66.12
1436278080000 66.19
1436278140000 66.18
1436278200000 66.165
1436278380000 66.18
1436278440000 66.185
1436278560000 66.1
1436278620000 66.08
1436278680000 65.95
1436278740000 65.93
1436278800000 65.91
1436278860000 65.89
1436278980000 65.82
1436279100000 65.84
1436279160000 65.82
1436279220000 65.79
1436279280000 65.805
1436279340000 65.81
1436279460000 65.775
1436279520000 65.765
1436279580000 65.81
1436279640000 65.975
1436279880000 65.94
1436279940000 66.0
1436280060000 66.04
1436280120000 66.19
1436280240000 66.415
1436280300000 66.385
1436280360000 66.41
1436280420000 66.45
1436280480000 66.49
1436280600000 66.42
1436280720000 66.37
1436280780000 66.38
1436280840000 66.385
1436280900000 66.34
1436280960000 66.34
1436281020000 66.35
1436281080000 66.37
1436281140000 66.51
1436281200000 66.52
1436281260000 66.54
1436281320000 66.62
1436281380000 66.58
1436281440000 66.59
1436281500000 66.61
1436281560000 66.49
