1436261400000 4.32
1436261520000 4.33
1436261640000 4.32
1436261760000 4.32
1436261820000 4.32
1436261880000 4.32
1436261940000 4.32
1436262000000 4.3
1436262060000 4.3
1436262120000 4.3
1436262240000 4.3
1436262300000 4.3
1436262720000 4.3
1436262900000 4.3
1436263020000 4.3
1436263080000 4.3
1436263500000 4.25
1436263620000 4.25
1436263680000 4.25
1436263740000 4.25
1436263980000 4.25
1436264100000 4.25
1436264160000 4.26
1436264280000 4.26
1436264700000 4.26
1436264820000 4.2559
1436264880000 4.27
1436265360000 4.26
1436265420000 4.26
1436265540000 4.26
1436265720000 4.26
1436265780000 4.26
1436265840000 4.26
1436266260000 4.2601
1436266320000 4.26
1436266380000 4.27
1436267100000 4.2899
1436267220000 4.29
1436267340000 4.27
1436268000000 4.27
1436268060000 4.26
1436268240000 4.26
1436268300000 4.25
1436268420000 4.26
1436268540000 4.25
1436268600000 4.25
1436268900000 4.25
1436268960000 4.25
1436269080000 4.25
1436269200000 4.25
1436269560000 4.26
1436270160000 4.25
1436270580000 4.26
1436270820000 4.253
1436271060000 4.25
1436271300000 4.25
1436271600000 4.25
1436271660000 4.25
1436271840000 4.26
1436272200000 4.26
1436272680000 4.25
1436272740000 4.24
1436272980000 4.24
1436273040000 4.24
1436273400000 4.23
1436273460000 4.23
1436274060000 4.23
1436274180000 4.23
1436274300000 4.23
1436274420000 4.23
1436274480000 4.24
1436274960000 4.24
1436275080000 4.23
1436275380000 4.23
1436275680000 4.24
1436276100000 4.23
1436276640000 4.23
1436276760000 4.23
1436276880000 4.24
1436276940000 4.24
1436277360000 4.23
1436277420000 4.24
1436278260000 4.24
1436278440000 4.23
1436278740000 4.23
1436278800000 4.23
1436279460000 4.231
1436279520000 4.23
1436279820000 4.2346
1436280060000 4.24
1436280180000 4.24
1436280540000 4.25
1436280960000 4.249
1436281080000 4.24
1436281140000 4.24
1436281200000 4.24
1436281440000 4.24
1436281500000 4.24
