1436261400000 2.31
1436261700000 2.31
1436261760000 2.3
1436261940000 2.28
1436262060000 2.24
1436262180000 2.22
1436262480000 2.2002
1436262660000 2.23
1436262780000 2.23
1436262840000 2.27
1436262900000 2.27
1436263020000 2.28
1436263080000 2.29
1436263140000 2.295
1436263260000 2.29
1436263380000 2.295
1436263440000 2.295
1436263500000 2.2999
1436263560000 2.29
1436263620000 2.28
1436263680000 2.27
1436264040000 2.28
1436264820000 2.26
1436265480000 2.26
1436265540000 2.26
1436265780000 2.2609
1436266080000 2.255
1436266620000 2.26
1436267160000 2.25
1436267520000 2.26
1436267580000 2.26
1436267700000 2.24
1436267880000 2.24
1436267940000 2.23
1436268000000 2.23
1436268060000 2.23
1436268180000 2.21
1436268300000 2.2119
1436268660000 2.22
1436268720000 2.22
1436268900000 2.22
1436268960000 2.22
1436269500000 2.22
1436269620000 2.22
1436270760000 2.221
1436270820000 2.221
1436270880000 2.211
1436272860000 2.22
1436272920000 2.2199
1436273100000 2.24
1436273160000 2.25
1436273460000 2.27
1436273580000 2.25
1436273940000 2.2514
1436274300000 2.25
1436274840000 2.26
1436275380000 2.26
1436275980000 2.2501
1436276100000 2.26
1436276280000 2.24
1436276520000 2.2645
1436278500000 2.2601
1436278860000 2.2612
1436279280000 2.2799
1436279760000 2.27
1436279820000 2.27
1436279880000 2.27
1436280120000 2.2751
1436280480000 2.27
1436280660000 2.27
1436281320000 2.2701
