1436261400000 75.1
1436261700000 75.07
1436261820000 74.67
1436261880000 74.44
1436262660000 74.42
1436263080000 74.1
1436263140000 73.94
1436263260000 74.0
1436263560000 73.9
1436263800000 73.8
1436264040000 73.84
1436264460000 73.75
1436264520000 74.23
1436265300000 73.715
1436265480000 73.2701
1436266320000 73.325
1436266380000 73.18
1436266440000 73.48
1436266500000 73.9
1436267760000 73.75
1436267820000 73.71
1436268000000 73.702
1436268900000 73.77
1436269860000 74.12
1436269920000 73.81
1436269980000 73.76
1436270220000 74.13
1436270640000 73.89
1436272920000 74.08
1436273160000 73.92
1436273880000 74.29
1436273940000 74.155
1436274060000 74.01
1436274600000 74.17
1436274720000 74.34
1436274780000 74.34
1436274840000 74.14
1436275200000 74.27
1436275380000 74.15
1436275920000 74.25
1436276280000 74.34
1436276340000 74.455
1436277300000 74.53
1436277480000 74.54
1436277600000 74.52
1436278740000 74.27
1436279400000 74.4
1436279820000 74.45
1436280060000 74.35
1436280600000 74.4
1436280660000 74.405
1436280780000 74.29
1436280900000 74.49
1436281080000 74.46
1436281320000 74.57
1436281500000 74.41
1436281560000 74.41
