1436261400000 8.15
1436261460000 8.09
1436261520000 8.08
1436261580000 8.09
1436261640000 8.08
1436261700000 8.02
1436261760000 8.03
1436261880000 8.01
1436261940000 8.03
1436262000000 8.04
1436262060000 8.02
1436262120000 8.01
1436262180000 8.02
1436262240000 8.01
1436262300000 8.02
1436262360000 8.02
1436262420000 8.025
1436262540000 8.025
1436262600000 8.02
1436262660000 8.0
1436262720000 8.0
1436262780000 7.99
1436262840000 7.99
1436262900000 8.01
1436263020000 7.99
1436263080000 7.97
1436263140000 7.96
1436263200000 7.96
1436263260000 7.96
1436263320000 7.955
1436263440000 7.955
1436263500000 7.93
1436263560000 7.93
1436263620000 7.91
1436263680000 7.89
1436263740000 7.89
1436263800000 7.9
1436263860000 7.93
1436263920000 7.925
1436263980000 7.925
1436264040000 7.925
1436264100000 7.89
1436264160000 7.9
1436264220000 7.895
1436264280000 7.91
1436264340000 7.91
1436264400000 7.91
1436264460000 7.9
1436264520000 7.895
1436264580000 7.9
1436264640000 7.89
1436264700000 7.89
1436264760000 7.87
1436264820000 7.87
1436264880000 7.85
1436264940000 7.85
1436265000000 7.85
1436265060000 7.85
1436265120000 7.835
1436265180000 7.85
1436265240000 7.85
1436265360000 7.84
1436265420000 7.845
1436265480000 7.85
1436265540000 7.845
1436265600000 7.84
1436265660000 7.84
1436265720000 7.835
1436265780000 7.825
1436265840000 7.83
1436265900000 7.835
1436265960000 7.85
1436266020000 7.87
1436266080000 7.89
1436266140000 7.89
1436266200000 7.89
1436266260000 7.88
1436266320000 7.89
1436266380000 7.91
1436266440000 7.92
1436266500000 7.92
1436266560000 7.9
1436266620000 7.91
1436266680000 7.9
1436266740000 7.9
1436266800000 7.9
1436266860000 7.89
1436266920000 7.895
1436266980000 7.905
1436267040000 7.91
1436267100000 7.905
1436267160000 7.9
1436267220000 7.915
1436267280000 7.93
1436267340000 7.93
1436267460000 7.93
1436267520000 7.93
1436267580000 7.94
1436267700000 7.94
1436267820000 7.93
1436267880000 7.93
1436267940000 7.925
1436268000000 7.925
1436268060000 7.935
1436268120000 7.92
1436268180000 7.925
1436268240000 7.94
1436268360000 7.94
1436268420000 7.93
1436268480000 7.93
1436268540000 7.93
1436268660000 7.93
1436268720000 7.935
1436268780000 7.93
1436268840000 7.93
1436268900000 7.93
1436268960000 7.915
1436269020000 7.915
1436269080000 7.93
1436269140000 7.93
1436269200000 7.945
1436269260000 7.95
1436269320000 7.95
1436269380000 7.965
1436269440000 7.96
1436269500000 7.96
1436269620000 7.96
1436269680000 7.959
1436269740000 7.95
1436269860000 7.955
1436269920000 7.95
1436269980000 7.955
1436270040000 7.95
1436270100000 7.955
1436270160000 7.96
1436270220000 7.99
1436270280000 7.97
1436270340000 7.965
1436270400000 7.96
1436270460000 7.95
1436270520000 7.95
1436270580000 7.95
1436270640000 7.955
1436270700000 7.97
1436270820000 7.9603
1436270880000 7.965
1436270940000 7.96
1436271000000 7.96
1436271060000 7.95
1436271120000 7.95
1436271180000 7.95
1436271240000 7.955
1436271300000 7.95
1436271360000 7.965
1436271420000 7.955
1436271540000 7.95
1436271600000 7.955
1436271660000 7.955
1436271720000 7.955
1436271780000 7.95
1436271840000 7.95
1436271900000 7.95
1436271960000 7.96
1436272020000 7.96
1436272080000 7.96
1436272140000 7.975
1436272260000 7.97
1436272320000 7.985
1436272380000 7.985
1436272500000 7.99
1436272560000 7.99
1436272620000 8.0
1436272680000 8.0
1436272740000 8.01
1436272800000 8.01
1436272860000 8.01
1436272920000 8.01
1436272980000 8.03
1436273100000 8.03
1436273220000 8.04
1436273280000 8.045
1436273340000 8.05
1436273400000 8.045
1436273460000 8.05
1436273520000 8.04
1436273580000 8.035
1436273700000 8.04
1436273760000 8.04
1436273880000 8.05
1436273940000 8.05
1436274060000 8.055
1436274120000 8.055
1436274180000 8.055
1436274240000 8.06
1436274300000 8.08
1436274360000 8.08
1436274420000 8.065
1436274540000 8.065
1436274600000 8.065
1436274660000 8.065
1436274720000 8.08
1436274780000 8.1
1436274840000 8.1
1436274900000 8.1
1436274960000 8.08
1436275020000 8.07
1436275140000 8.06
1436275200000 8.08
1436275260000 8.07
1436275320000 8.08
1436275380000 8.1
1436275440000 8.1
1436275620000 8.11
1436275680000 8.105
1436275860000 8.11
1436275920000 8.091
1436275980000 8.09
1436276040000 8.095
1436276100000 8.11
1436276220000 8.105
1436276280000 8.1
1436276340000 8.1
1436276400000 8.1
1436276460000 8.1
1436276520000 8.1
1436276580000 8.11
1436276640000 8.11
1436276700000 8.13
1436276880000 8.135
1436276940000 8.14
1436277000000 8.13
1436277060000 8.125
1436277180000 8.13
1436277240000 8.125
1436277300000 8.13
1436277360000 8.125
1436277420000 8.12
1436277480000 8.12
1436277540000 8.13
1436277600000 8.13
1436277660000 8.13
1436277720000 8.125
1436277780000 8.125
1436277840000 8.13
1436277900000 8.13
1436277960000 8.135
1436278020000 8.135
1436278080000 8.13
1436278140000 8.125
1436278200000 8.12
1436278260000 8.135
1436278320000 8.14
1436278380000 8.135
1436278440000 8.135
1436278500000 8.14
1436278560000 8.135
1436278680000 8.12
1436278740000 8.12
1436278800000 8.12
1436278860000 8.11
1436278920000 8.11
1436278980000 8.11
1436279040000 8.11
1436279100000 8.1
1436279160000 8.09
1436279220000 8.09
1436279280000 8.09
1436279340000 8.09
1436279400000 8.09
1436279460000 8.09
1436279520000 8.09
1436279580000 8.095
1436279640000 8.09
1436279700000 8.09
1436279760000 8.095
1436279820000 8.095
1436279880000 8.1
1436279940000 8.125
1436280000000 8.12
1436280060000 8.125
1436280120000 8.13
1436280180000 8.14
1436280240000 8.14
1436280360000 8.15
1436280420000 8.15
1436280480000 8.15
1436280540000 8.15
1436280600000 8.145
1436280660000 8.145
1436280720000 8.15
1436280780000 8.15
1436280840000 8.16
1436280900000 8.16
1436280960000 8.16
1436281020000 8.16
1436281080000 8.17
1436281140000 8.19
1436281260000 8.2
1436281320000 8.2
1436281380000 8.175
1436281440000 8.1799
1436281500000 8.17
1436281560000 8.15
1436281620000 8.15
