1436261400000 6.37
1436261460000 6.48
1436261520000 6.47
1436261580000 6.48
1436261700000 6.44
1436261760000 6.48
1436261820000 6.48
1436261880000 6.48
1436262420000 6.48
1436262480000 6.48
1436262540000 6.48
1436262600000 6.48
1436262660000 6.47
1436262840000 6.47
1436262900000 6.44
1436262960000 6.47
1436263020000 6.47
1436263080000 6.48
1436263140000 6.48
1436263200000 6.48
1436263260000 6.48
1436263320000 6.48
1436263380000 6.48
1436263560000 6.48
1436263680000 6.47
1436263740000 6.47
1436263800000 6.4501
1436263860000 6.45
1436264040000 6.46
1436264100000 6.46
1436264160000 6.46
1436264220000 6.46
1436264280000 6.46
1436264340000 6.46
1436264400000 6.46
1436264460000 6.46
1436264520000 6.46
1436264580000 6.46
1436264880000 6.46
1436264940000 6.46
1436265000000 6.46
1436265060000 6.45
1436265120000 6.43
1436265180000 6.46
1436265240000 6.46
1436265300000 6.46
1436265360000 6.46
1436265420000 6.46
1436265480000 6.46
1436265540000 6.46
1436265600000 6.46
1436265660000 6.46
1436265720000 6.46
1436265780000 6.46
1436265840000 6.46
1436265900000 6.46
1436265960000 6.46
1436266020000 6.46
1436266080000 6.46
1436266140000 6.46
1436266200000 6.46
1436266260000 6.46
1436266320000 6.46
1436266380000 6.46
1436266440000 6.46
1436266500000 6.46
1436266560000 6.46
1436266620000 6.46
1436266680000 6.46
1436266740000 6.46
1436266800000 6.46
1436266860000 6.46
1436266920000 6.46
1436266980000 6.46
1436267040000 6.46
1436267100000 6.46
1436267160000 6.46
1436267220000 6.46
1436267280000 6.46
1436267340000 6.46
1436267400000 6.46
1436267460000 6.46
1436267520000 6.46
1436267580000 6.46
1436267640000 6.46
1436267700000 6.43
1436267760000 6.46
1436267820000 6.46
1436267880000 6.45
1436267940000 6.46
1436268000000 6.45
1436268060000 6.43
1436268120000 6.45
1436268180000 6.44
1436268240000 6.45
1436268300000 6.45
1436268360000 6.44
1436268420000 6.45
1436268480000 6.44
1436268540000 6.45
1436268600000 6.45
1436268660000 6.45
1436268720000 6.45
1436268780000 6.45
1436268840000 6.43
1436268900000 6.43
1436269140000 6.44
1436269200000 6.44
1436269260000 6.45
1436269320000 6.45
1436269380000 6.45
1436269440000 6.45
1436269500000 6.45
1436269560000 6.45
1436269620000 6.45
1436269680000 6.45
1436269740000 6.45
1436269800000 6.44
1436269920000 6.43
1436270100000 6.44
1436270160000 6.45
1436270220000 6.45
1436270280000 6.45
1436270340000 6.45
1436270400000 6.45
1436270460000 6.45
1436270520000 6.45
1436270580000 6.45
1436270640000 6.45
1436270700000 6.45
1436270760000 6.431
1436270820000 6.43
1436270880000 6.44
1436270940000 6.44
1436271000000 6.45
1436271060000 6.45
1436271120000 6.45
1436271180000 6.45
1436271240000 6.45
1436271300000 6.45
1436271360000 6.45
1436271420000 6.45
1436271480000 6.45
1436271540000 6.45
1436271600000 6.45
1436271660000 6.45
1436271720000 6.45
1436271780000 6.45
1436271840000 6.45
1436271900000 6.45
1436271960000 6.45
1436272020000 6.45
1436272080000 6.44
1436272140000 6.44
1436272200000 6.45
1436272260000 6.45
1436272320000 6.45
1436272380000 6.45
1436272440000 6.45
1436272500000 6.45
1436272560000 6.44
1436272620000 6.45
1436272680000 6.45
1436272740000 6.45
1436272800000 6.45
1436272860000 6.45
1436272920000 6.45
1436272980000 6.45
1436273040000 6.44
1436273340000 6.44
1436273400000 6.44
1436273460000 6.45
1436273520000 6.44
1436273580000 6.45
1436273640000 6.45
1436273700000 6.45
1436273760000 6.45
1436273820000 6.45
1436273880000 6.45
1436273940000 6.45
1436274000000 6.45
1436274060000 6.445
1436274120000 6.44
1436274240000 6.44
1436274360000 6.45
1436274420000 6.43
1436274480000 6.43
1436274540000 6.4351
1436274660000 6.44
1436274720000 6.44
1436274780000 6.44
1436274840000 6.45
1436274900000 6.45
1436274960000 6.45
1436275020000 6.45
1436275080000 6.45
1436275140000 6.45
1436275200000 6.45
1436275260000 6.45
1436275320000 6.45
1436275380000 6.45
1436275440000 6.45
1436275500000 6.45
1436275560000 6.45
1436275620000 6.45
1436275680000 6.45
1436275740000 6.45
1436275800000 6.45
1436275860000 6.45
1436275920000 6.45
1436275980000 6.45
1436276040000 6.45
1436276100000 6.45
1436276160000 6.45
1436276220000 6.45
1436276280000 6.45
1436276340000 6.45
1436276400000 6.45
1436276460000 6.45
1436276520000 6.45
1436276580000 6.45
1436276640000 6.45
1436276700000 6.45
1436276760000 6.45
1436276820000 6.45
1436276880000 6.44
1436277000000 6.44
1436277300000 6.45
1436277900000 6.44
1436277960000 6.44
1436278560000 6.45
1436278740000 6.45
1436279220000 6.44
1436279520000 6.45
1436279880000 6.45
1436280000000 6.45
1436280240000 6.45
1436280300000 6.45
1436280360000 6.45
1436280660000 6.44
1436280720000 6.44
1436280840000 6.45
1436280900000 6.45
1436281020000 6.45
1436281080000 6.45
1436281140000 6.445
1436281200000 6.45
1436281260000 6.45
1436281500000 6.45
