1436261400000 52.69
1436261460000 52.87
1436261520000 52.62
1436261580000 52.57
1436261640000 52.55
1436261700000 52.35
1436261760000 52.2
1436261820000 52.33
1436261880000 52.69
1436261940000 52.69
1436262000000 52.65
1436262060000 52.58
1436262120000 52.54
1436262240000 52.5701
1436262300000 52.57
1436262360000 52.53
1436262420000 52.65
1436262480000 52.715
1436262540000 52.72
1436262600000 52.51
1436262660000 52.35
1436262840000 52.48
1436262900000 52.54
1436262960000 52.4
1436263020000 52.45
1436263080000 52.49
1436263500000 52.44
1436263620000 52.409
1436263680000 52.31
1436263740000 52.25
1436263800000 52.38
1436263860000 52.3
1436263920000 52.24
1436263980000 52.29
1436264040000 52.27
1436264100000 52.12
1436264160000 52.172
1436264220000 52.295
1436264280000 52.25
1436264460000 52.16
1436264580000 52.22
1436264640000 52.219
1436264700000 52.18
1436264760000 52.15
1436264820000 52.07
1436264880000 52.0
1436264940000 51.96
1436265000000 51.94
1436265060000 52.09
1436265240000 51.96
1436265300000 51.885
1436265360000 51.99
1436265420000 51.93
1436265480000 51.85
1436265540000 51.78
1436265600000 51.75
1436265720000 51.77
1436265780000 51.64
1436265840000 51.65
1436265900000 51.595
1436265960000 51.6
1436266020000 51.73
1436266080000 51.61
1436266140000 51.64
1436266200000 51.64
1436266260000 51.63
1436266320000 51.63
1436266440000 51.78
1436266500000 51.77
1436266560000 51.77
1436266680000 51.76
1436266800000 51.6
1436266920000 51.62
1436266980000 51.62
1436267040000 51.635
1436267100000 51.62
1436267160000 51.62
1436267220000 51.65
1436267280000 51.77
1436267340000 51.7
1436267520000 51.755
1436267640000 51.805
1436267700000 51.79
1436267760000 51.73
1436268000000 51.83
1436268060000 51.8
1436268360000 51.71
1436268480000 51.68
1436268540000 51.68
1436268780000 51.67
1436268840000 51.62
1436268960000 51.65
1436269020000 51.74
1436269140000 51.75
1436269200000 51.75
1436269260000 51.77
1436269320000 51.8
1436269380000 51.83
1436269560000 51.825
1436269620000 51.78
1436269680000 51.79
1436269980000 51.8
1436270100000 51.83
1436270220000 52.02
1436270280000 52.076
1436270460000 52.04
1436270520000 52.015
1436270700000 52.02
1436270820000 51.97
1436271060000 51.94
1436271120000 51.87
1436271240000 51.905
1436271420000 51.91
1436271480000 51.91
1436271780000 51.935
1436271840000 51.91
1436271900000 51.985
1436271960000 51.97
1436272020000 52.016
1436272140000 52.0
1436272260000 52.05
1436272500000 52.14
1436272560000 52.18
1436272680000 52.19
1436272740000 52.24
1436272860000 52.21
1436273100000 52.19
1436273160000 52.2
1436273220000 52.2
1436273460000 52.2
1436273580000 52.25
1436273640000 52.25
1436273820000 52.27
1436273880000 52.36
1436273940000 52.32
1436274000000 52.3992
1436274120000 52.34
1436274240000 52.29
1436274540000 52.36
1436274600000 52.34
1436274720000 52.42
1436274840000 52.46
1436274960000 52.44
1436275200000 52.46
1436275500000 52.48
1436275560000 52.42
1436275620000 52.43
1436275680000 52.44
1436275860000 52.4086
1436275920000 52.415
1436275980000 52.43
1436276100000 52.455
1436276160000 52.455
1436276220000 52.465
1436276280000 52.41
1436276340000 52.39
1436276580000 52.38
1436276700000 52.435
1436276760000 52.435
1436276820000 52.4
1436276880000 52.36
1436276940000 52.38
1436277000000 52.4
1436277240000 52.38
1436277300000 52.38
1436277420000 52.37
1436277480000 52.36
1436277540000 52.36
1436277960000 52.35
1436278020000 52.4
1436278080000 52.35
1436278260000 52.38
1436278500000 52.34
1436278620000 52.3
1436278740000 52.27
1436278860000 52.23
1436278980000 52.15
1436279220000 52.21
1436279340000 52.225
1436279400000 52.22
1436279460000 52.21
1436279520000 52.2
1436279640000 52.16
1436279700000 52.17
1436279760000 52.15
1436279820000 52.145
1436279880000 52.14
1436279940000 52.2
1436280060000 52.26
1436280180000 52.29
1436280240000 52.29
1436280360000 52.3
1436280420000 52.37
1436280480000 52.315
1436280540000 52.3
1436280600000 52.3
1436280720000 52.3
1436280780000 52.3
1436280840000 52.315
1436280900000 52.34
1436280960000 52.29
1436281020000 52.3
1436281080000 52.36
1436281140000 52.48
1436281260000 52.44
1436281320000 52.34
1436281380000 52.26
1436281440000 52.34
1436281500000 52.375
1436281560000 52.29
