1436261400000 8.1
1436261520000 8.099
1436261940000 8.08
1436264040000 8.07
1436264640000 8.06
1436265240000 8.06
1436266140000 8.06
1436266740000 8.06
1436266920000 8.03
1436266980000 8.03
1436267040000 7.9
1436267820000 7.93
1436268180000 8.01
1436268240000 8.01
1436268300000 8.01
1436268420000 8.08
1436268540000 8.08
1436269140000 8.07
1436269620000 8.02
1436269680000 8.09
1436269920000 8.02
1436270040000 8.08
1436270640000 8.08
1436270820000 8.02
1436271120000 8.02
1436271540000 8.02
1436272320000 8.02
1436272440000 8.08
1436273220000 8.02
1436273820000 8.02
1436273880000 8.02
1436274120000 8.02
1436274720000 8.02
1436275020000 8.02
1436275620000 8.02
1436276220000 8.02
1436276520000 8.02
1436277120000 8.02
1436277420000 8.02
1436277780000 8.09
1436277960000 8.03
1436278020000 8.02
1436278320000 8.02
1436278920000 8.01
1436279220000 8.01
1436279820000 8.01
1436280120000 8.01
1436280420000 8.01
1436281020000 8.0529
1436281080000 8.03
