1436261400000 70.04
1436261820000 70.15
1436261940000 70.28
1436262240000 70.28
1436262360000 70.11
1436262480000 69.99
1436262900000 70.15
1436263080000 70.0
1436263140000 70.0
1436263620000 69.975
1436263680000 69.92
1436263740000 69.85
1436263800000 69.89
1436263980000 69.88
1436264100000 69.93
1436264160000 69.97
1436264340000 69.97
1436264520000 69.99
1436264580000 69.945
1436264640000 69.95
1436264700000 69.91
1436264760000 69.78
1436264880000 69.75
1436264940000 69.74
1436265000000 69.725
1436265120000 69.81
1436265180000 69.8
1436265240000 69.7601
1436265360000 69.79
1436265420000 69.75
1436265480000 69.72
1436265540000 69.72
1436265600000 69.68
1436265660000 69.74
1436265720000 69.75
1436265780000 69.79
1436265840000 69.75
1436265900000 69.66
1436265960000 69.66
1436266020000 69.77
1436266080000 69.79
1436266140000 69.79
1436266200000 69.73
1436266260000 69.69
1436266320000 69.77
1436266380000 69.82
1436266440000 69.86
1436266500000 69.93
1436266620000 69.73
1436266800000 69.7
1436266920000 69.65
1436267100000 69.72
1436267160000 69.63
1436267220000 69.55
1436267280000 69.5
1436267340000 69.47
1436267460000 69.46
1436267520000 69.47
1436267760000 69.46
1436268060000 69.63
1436268180000 69.52
1436268300000 69.52
1436268420000 69.51
1436268540000 69.5
1436268660000 69.3
1436268780000 69.264
1436268840000 69.25
1436268900000 69.19
1436268960000 69.14
1436269020000 69.14
1436269080000 69.23
1436269140000 69.37
1436269260000 69.42
1436269320000 69.45
1436269440000 69.67
1436269560000 69.68
1436269620000 69.58
1436269680000 69.57
1436269860000 69.6
1436270100000 69.53
1436270160000 69.61
1436270220000 69.83
1436270280000 69.74
1436270640000 69.64
1436270700000 69.66
1436271000000 69.69
1436271060000 69.62
1436271120000 69.43
1436271360000 69.5499
1436271420000 69.43
1436271600000 69.5
1436271660000 69.55
1436272020000 69.51
1436272200000 69.61
1436272320000 69.5
1436272500000 69.68
1436272740000 69.75
1436273160000 69.83
1436273220000 69.79
1436273280000 69.85
1436273520000 69.83
1436273640000 69.92
1436273700000 69.96
1436273880000 69.97
1436273940000 69.97
1436274000000 69.98
1436274060000 69.846
1436274240000 69.95
1436274420000 69.83
1436274540000 69.89
1436274660000 69.87
1436275020000 69.87
1436275140000 69.77
1436275200000 69.77
1436275260000 69.73
1436275560000 69.75
1436275680000 69.833
1436275800000 69.88
1436275860000 69.8849
1436276040000 69.78
1436276100000 69.82
1436276280000 69.87
1436276640000 69.87
1436277120000 69.8351
1436277180000 69.875
1436277240000 69.83
1436277480000 69.78
1436277600000 69.76
1436277780000 69.72
1436277900000 69.765
1436278020000 69.73
1436278200000 69.8
1436278500000 69.75
1436278620000 69.69
1436278800000 69.59
1436278860000 69.67
1436279040000 69.47
1436279100000 69.52
1436279160000 69.57
1436279340000 69.57
1436279520000 69.61
1436279700000 69.61
1436279880000 69.6
1436280000000 69.77
1436280060000 69.81
1436280180000 69.99
1436280300000 70.17
1436280420000 70.14
1436280480000 70.21
1436281020000 70.16
1436281080000 70.29
1436281140000 70.36
1436281440000 70.36
1436281560000 70.28
