1436261400000 33.0
1436261460000 33.0
1436261520000 33.0
1436261580000 33.0
1436261640000 32.88
1436261700000 32.87
1436261760000 32.92
1436261880000 32.8
1436262300000 32.9
1436262360000 32.955
1436262420000 32.95
1436262480000 32.98
1436262540000 33.0
1436262720000 32.95
1436262780000 33.0
1436263200000 33.03
1436263320000 33.11
1436263560000 33.01
1436263620000 33.0
1436264100000 32.96
1436264220000 32.955
1436264520000 32.97
1436264700000 32.955
1436264760000 32.95
1436264880000 32.93
1436265180000 32.71
1436265720000 32.675
1436265780000 32.61
1436265960000 32.63
1436266140000 32.86
1436266320000 32.87
1436267220000 32.88
1436267340000 32.875
1436267520000 32.87
1436267580000 32.93
1436267640000 32.991
1436267700000 33.0
1436267760000 33.0
1436267820000 33.0
1436267940000 32.99
1436268000000 32.98
1436268060000 32.94
1436268120000 32.955
1436268240000 32.965
1436268540000 32.94
1436268840000 32.94
1436268900000 32.96
1436268960000 32.925
1436269200000 32.91
1436269320000 32.92
1436269380000 33.0
1436269440000 33.0
1436269500000 32.99
1436269740000 32.96
1436269800000 33.0
1436269860000 33.0
1436270100000 32.965
1436270160000 33.0
1436270220000 33.12
1436270280000 33.075
1436270340000 33.1
1436270640000 33.08
1436270700000 33.085
1436270760000 33.1
1436270820000 33.1
1436270940000 33.1
1436271000000 33.09
1436271060000 33.05
1436271180000 33.015
1436271240000 32.985
1436271420000 32.985
1436271600000 32.99
1436272260000 32.935
1436272440000 32.9
1436272800000 32.92
1436272860000 32.94
1436272920000 32.975
1436272980000 33.0
1436273040000 32.99
1436273280000 32.99
1436273340000 32.99
1436273460000 32.985
1436273640000 32.99
1436273700000 32.99
1436273880000 32.99
1436273940000 33.0
1436274000000 32.97
1436274060000 33.0
1436274120000 33.0
1436274180000 33.0
1436274240000 33.0
1436274300000 33.0
1436274360000 32.99
1436274420000 32.99
1436274480000 33.0
1436274660000 33.05
1436274720000 33.05
1436274780000 33.1
1436274840000 33.1
1436274900000 33.1
1436275140000 33.1
1436275560000 33.05
1436275740000 33.1
1436276100000 33.1
1436276220000 33.075
1436276640000 33.1
1436276700000 33.1
1436276760000 33.1
1436277000000 33.1
1436277060000 33.095
1436277180000 33.095
1436277240000 33.095
1436277300000 33.09
1436277360000 33.1
1436277420000 33.095
1436277480000 33.095
1436277540000 33.095
1436277660000 33.1
1436277720000 33.0925
1436277780000 33.04
1436277900000 33.095
1436277960000 33.1
1436278020000 33.07
1436278080000 33.04
1436280000000 33.1
1436280060000 33.15
1436280180000 33.15
1436280240000 33.15
1436280300000 33.15
1436280360000 33.15
1436280420000 33.15
1436280660000 33.15
1436280720000 33.15
1436281080000 33.25
1436281140000 33.25
1436281440000 33.25
1436281500000 33.25
