1436261400000 62.32
1436261580000 62.41
1436261700000 62.4
1436261760000 62.19
1436261940000 62.17
1436262000000 62.16
1436262060000 62.1401
1436262120000 62.14
1436262180000 62.12
1436262360000 62.11
1436262540000 62.19
1436262600000 62.185
1436262660000 62.1357
1436262720000 62.16
1436262780000 62.1318
1436262840000 62.02
1436262900000 62.01
1436262960000 62.045
1436263020000 62.0
1436263080000 61.985
1436263140000 61.99
1436263200000 61.99
1436263260000 62.035
1436263320000 62.05
1436263380000 62.035
1436263440000 62.0
1436263500000 61.911
1436263560000 61.99
1436263620000 61.9
1436263740000 61.861
1436263800000 61.88
1436263860000 62.0
1436263920000 61.99
1436263980000 61.98
1436264040000 61.98
1436264100000 61.94
1436264220000 61.99
1436264280000 61.966
1436264340000 61.99
1436264400000 61.99
1436264460000 61.98
1436264700000 62.01
1436264760000 61.99
1436264820000 61.96
1436264940000 62.02
1436265000000 61.92
1436265060000 61.87
1436265180000 61.92
1436265240000 61.8763
1436265300000 61.88
1436265360000 61.84
1436265540000 61.85
1436265600000 61.87
1436265660000 61.81
1436265720000 61.84
1436265780000 61.83
1436265840000 61.83
1436265900000 61.83
1436265960000 61.815
1436266020000 61.8
1436266080000 61.83
1436266200000 61.82
1436266260000 61.8
1436266380000 61.8
1436266440000 61.84
1436266500000 61.84
1436266560000 61.83
1436266620000 61.82
1436266680000 61.83
1436266740000 61.82
1436266800000 61.76
1436266860000 61.73
1436266920000 61.7101
1436266980000 61.74
1436267100000 61.73
1436267220000 61.7
1436267280000 61.77
1436267340000 61.78
1436267400000 61.8
1436267460000 61.82
1436267520000 61.84
1436267580000 61.78
1436267640000 61.78
1436267700000 61.78
1436267880000 61.8
1436267940000 61.82
1436268000000 61.771
1436268060000 61.75
1436268120000 61.76
1436268300000 61.7355
1436268360000 61.7
1436268420000 61.76
1436268480000 61.72
1436268540000 61.7
1436268600000 61.69
1436268720000 61.66
1436268780000 61.6225
1436268840000 61.6
1436268900000 61.6
1436268960000 61.61
1436269140000 61.65
1436269200000 61.67
1436269260000 61.7
1436269320000 61.675
1436269380000 61.72
1436269440000 61.65
1436269500000 61.65
1436269560000 61.635
1436269680000 61.6
1436269740000 61.61
1436269800000 61.61
1436269860000 61.6
1436269920000 61.61
1436270040000 61.615
1436270100000 61.65
1436270160000 61.65
1436270220000 61.68
1436270280000 61.66
1436270340000 61.75
1436270400000 61.76
1436270640000 61.79
1436270760000 61.76
1436271000000 61.75
1436271060000 61.72
1436271120000 61.75
1436271240000 61.735
1436271300000 61.72
1436271360000 61.76
1436271540000 61.77
1436271600000 61.7545
1436271660000 61.8
1436271720000 61.79
1436271960000 61.79
1436272080000 61.84
1436272140000 61.85
1436272200000 61.85
1436272260000 61.87
1436272320000 61.9
1436272380000 61.91
1436272440000 61.95
1436272500000 61.95
1436272620000 61.87
1436272680000 61.8675
1436272800000 61.91
1436272860000 61.92
1436272980000 61.9
1436273040000 61.9
1436273100000 61.93
1436273220000 61.96
1436273280000 61.9625
1436273340000 61.982
1436273460000 61.96
1436273520000 61.93
1436273580000 62.01
1436273640000 62.0
1436273880000 62.015
1436274000000 62.015
1436274120000 62.01
1436274240000 61.97
1436274360000 62.0
1436274420000 61.961
1436274480000 61.98
1436274540000 62.009
1436274720000 62.0
1436274840000 62.01
1436274960000 62.01
1436275020000 61.98
1436275080000 61.945
1436275200000 61.945
1436275380000 61.95
1436275440000 61.96
1436275560000 61.96
1436275680000 61.9301
1436275860000 62.0
1436275920000 61.95
1436276040000 61.96
1436276160000 61.96
1436276220000 61.95
1436276280000 61.96
1436276340000 61.96
1436276400000 61.93
1436276460000 61.96
1436276580000 61.96
1436276640000 61.97
1436276760000 61.98
1436276880000 61.98
1436276940000 61.96
1436277000000 61.97
1436277060000 61.98
1436277180000 61.935
1436277300000 61.9393
1436277420000 61.92
1436277480000 61.94
1436277600000 61.94
1436277660000 61.93
1436277720000 61.95
1436277900000 61.9
1436277960000 61.91
1436278020000 61.91
1436278080000 61.905
1436278140000 61.91
1436278200000 61.91
1436278260000 61.96
1436278320000 61.93
1436278440000 61.9306
1436278500000 61.93
1436278620000 61.93
1436278680000 61.91
1436278740000 61.9
1436278800000 61.88
1436278860000 61.88
1436278920000 61.86
1436278980000 61.86
1436279040000 61.89
1436279100000 61.88
1436279280000 61.89
1436279340000 61.8556
1436279400000 61.87
1436279580000 61.9
1436279700000 61.875
1436279880000 61.93
1436279940000 61.89
1436280000000 61.94
1436280060000 61.98
1436280120000 61.98
1436280180000 61.99
1436280240000 62.025
1436280300000 62.0
1436280360000 61.985
1436280420000 62.02
1436280540000 61.995
1436280660000 62.01
1436280720000 61.99
1436280780000 62.02
1436280900000 61.995
1436280960000 61.97
1436281020000 62.0
1436281080000 62.02
1436281140000 62.07
1436281200000 62.05
1436281320000 62.09
1436281440000 62.11
1436281560000 62.1388
1436281620000 62.08
