1436261400000 10.43
1436261520000 10.5
1436261580000 10.5
1436261640000 10.51
1436261700000 10.51
1436263260000 10.55
1436263380000 10.52
1436264400000 10.54
1436264820000 10.61
1436265300000 10.5915
1436265420000 10.6
1436266020000 10.5936
1436266320000 10.6
1436266920000 10.6
1436267160000 10.6
1436267220000 10.59
1436267280000 10.59
1436267340000 10.58
1436267400000 10.575
1436267460000 10.56
1436267520000 10.56
1436267580000 10.51
1436267640000 10.5
1436267700000 10.51
1436267760000 10.51
1436267940000 10.5172
1436268000000 10.51
1436268060000 10.52
1436268240000 10.52
1436268300000 10.52
1436268480000 10.52
1436268540000 10.52
1436268720000 10.53
1436268840000 10.55
1436268960000 10.57
1436269020000 10.58
1436269080000 10.58
1436269380000 10.52
1436269440000 10.52
1436269500000 10.55
1436269560000 10.55
1436269680000 10.56
1436269740000 10.55
1436270160000 10.55
1436270340000 10.55
1436270640000 10.57
1436270820000 10.56
1436270940000 10.56
1436271060000 10.55
1436271120000 10.55
1436271540000 10.55
1436271660000 10.56
1436271900000 10.55
1436271960000 10.55
1436272020000 10.56
1436272560000 10.55
1436272740000 10.56
1436272920000 10.595
1436273460000 10.595
1436274300000 10.58
1436274720000 10.58
1436274960000 10.6
1436275260000 10.6
1436275320000 10.6
1436275980000 10.6
1436276340000 10.6
1436277120000 10.6
1436277240000 10.59
1436277840000 10.57
1436278020000 10.5875
1436278140000 10.595
1436278260000 10.6
1436278680000 10.6
1436278740000 10.6
1436278800000 10.57
1436278920000 10.6
1436279340000 10.57
1436279700000 10.5904
1436280360000 10.61
1436280600000 10.6
1436280780000 10.62
1436280960000 10.61
1436281200000 10.62
1436281260000 10.62
1436281320000 10.62
