1436261400000 18.94
1436261760000 18.74
1436261880000 18.7
1436261940000 18.7
1436262840000 18.75
1436263080000 18.775
1436263260000 18.7999
1436263320000 18.8
1436263680000 18.75
1436263980000 18.78
1436264160000 18.78
1436264280000 18.77
1436264400000 18.76
1436264460000 18.75
1436264580000 18.76
1436264700000 18.76
1436264760000 18.75
1436264820000 18.75
1436264940000 18.74
1436265000000 18.73
1436265060000 18.72
1436265300000 18.71
1436265360000 18.69
1436265420000 18.675
1436265480000 18.69
1436265540000 18.69
1436265660000 18.67
1436265720000 18.655
1436265780000 18.67
1436265900000 18.67
1436265960000 18.67
1436266020000 18.76
1436266080000 18.73
1436266140000 18.74
1436266200000 18.71
1436266260000 18.69
1436266320000 18.64
1436266380000 18.665
1436266440000 18.71
1436266620000 18.785
1436266680000 18.79
1436266800000 18.76
1436266860000 18.78
1436267040000 18.75
1436267160000 18.75
1436267400000 18.725
1436267520000 18.735
1436267580000 18.74
1436267820000 18.75
1436267880000 18.8
1436268000000 18.7999
1436268060000 18.8
1436268120000 18.785
1436268180000 18.8
1436268240000 18.79
1436268360000 18.77
1436268480000 18.75
1436268600000 18.75
1436268660000 18.73
1436268780000 18.72
1436268840000 18.68
1436268960000 18.69
1436269020000 18.71
1436269320000 18.75
1436269560000 18.81
1436269800000 18.79
1436269860000 18.82
1436269980000 18.85
1436270100000 18.87
1436270160000 18.9
1436270220000 18.95
1436270400000 18.91
1436270460000 18.895
1436270820000 18.89
1436271060000 18.87
1436271600000 18.87
1436271660000 18.89
1436271840000 18.9
1436271900000 18.93
1436271960000 18.92
1436272020000 18.93
1436272200000 18.93
1436272260000 18.95
1436272440000 18.97
1436272620000 18.9797
1436272860000 19.0
1436272980000 19.01
1436273160000 19.04
1436273220000 19.06
1436273460000 19.0668
1436273520000 19.05
1436273580000 19.05
1436273640000 19.04
1436273700000 19.08
1436273880000 19.0875
1436274000000 19.1
1436274120000 19.09
1436274240000 19.1
1436274540000 19.12
1436274600000 19.09
1436275200000 19.07
1436275260000 19.1
1436275380000 19.1
1436276040000 19.1
1436276160000 19.1
1436277000000 19.11
1436277180000 19.11
1436277840000 19.02
1436277960000 19.0301
1436278500000 19.04
1436278620000 19.04
1436278740000 19.0
1436278800000 18.94
1436278860000 18.94
1436278920000 18.89
1436278980000 18.93
1436279160000 18.915
1436279400000 18.9
1436279520000 18.9
1436279580000 18.88
1436279640000 18.9
1436279700000 18.9
1436279880000 18.88
1436280000000 18.91
1436280180000 18.95
1436280240000 18.99
1436280300000 18.98
1436280420000 18.97
1436280660000 19.01
1436280780000 19.02
1436280960000 19.01
1436281020000 19.02
1436281080000 19.03
1436281140000 19.07
1436281320000 19.07
1436281440000 19.08
