1436261400000 103.37
1436261880000 102.37
1436263680000 101.8
1436265420000 101.42
1436265720000 101.16
1436266980000 101.36
1436268240000 101.44
1436268660000 101.2599
1436268720000 101.21
1436268840000 101.06
1436269080000 101.1599
1436269260000 101.3565
1436269440000 101.62
1436269920000 101.5049
1436270280000 101.88
1436270400000 101.84
1436270460000 101.77
1436270520000 101.699
1436271060000 101.75
1436271360000 101.71
1436272020000 101.8
1436272380000 101.9
1436272620000 101.9599
1436272920000 102.032
1436273100000 102.08
1436273340000 102.24
1436273400000 102.23
1436273520000 102.238
1436273940000 102.47
1436274540000 102.3199
1436274780000 102.52
1436274840000 102.59
1436274960000 102.48
1436275200000 102.4599
1436276280000 102.3784
1436276400000 102.34
1436276640000 102.49
1436276880000 102.378
1436277300000 102.33
1436277660000 102.331
1436277720000 102.33
1436278260000 102.2562
1436278380000 102.3036
1436278740000 102.09
1436278860000 102.03
1436279400000 102.0001
1436279460000 102.07
1436279520000 102.04
1436279640000 102.143
1436280060000 102.3026
1436280300000 102.59
1436280600000 102.66
1436280900000 102.651
1436281140000 102.96
1436281380000 102.91
1436281440000 102.91
1436281500000 102.9599
