1436261400000 0.68
1436261460000 0.68
1436261520000 0.68
1436261580000 0.68
1436261640000 0.68
1436261700000 0.68
1436261820000 0.6801
1436262000000 0.68
1436262060000 0.68
1436262300000 0.7099
1436262720000 0.7096
1436263080000 0.7096
1436263320000 0.6701
1436263680000 0.6702
1436264400000 0.6935
1436265360000 0.6849
1436266260000 0.6997
1436266440000 0.6849
1436271180000 0.6701
1436271240000 0.67
1436271480000 0.6815
1436276640000 0.6882
1436276820000 0.68
1436277780000 0.6874
1436281560000 0.6877
