1404705600000 3.73
1404792000000 3.72
1404878400000 3.72
1404964800000 3.72
1405051200000 3.71
1405310400000 3.73
1405396800000 3.72
1405483200000 3.766
1405656000000 3.7205
1405915200000 3.74
1406001600000 3.78
1406088000000 3.71
1406174400000 3.68
1406260800000 3.73
1406520000000 3.72
1406606400000 3.65
1406692800000 3.66
1406779200000 3.65
1406865600000 3.65
1407124800000 3.55
1407211200000 3.7
1407297600000 3.68
1407384000000 3.74
1407470400000 3.67
1407729600000 3.74
1407816000000 3.64
1407902400000 3.74
1407988800000 3.666
1408075200000 3.62
1408334400000 3.68
1408420800000 3.7
1408507200000 3.65
1408593600000 3.65
1408680000000 3.63
1408939200000 3.62
1409025600000 3.7
1409198400000 3.69
1409284800000 3.68
1409630400000 3.65
1409716800000 4.464
1409803200000 4.68
1409889600000 4.64
1410148800000 4.46
1410235200000 4.73
1410321600000 4.62
1410408000000 4.51
1410494400000 4.6499
1410753600000 4.5499
1410840000000 4.58
1410926400000 4.52
1411012800000 4.5501
1411099200000 4.52
1411358400000 4.58
1411444800000 4.48
1411531200000 4.48
1411617600000 4.42
1411704000000 4.58
1411963200000 4.49
1412049600000 4.48
1412136000000 4.46
1412222400000 4.49
1412308800000 4.51
1412568000000 4.47
1412654400000 4.572
1412740800000 4.4801
1412827200000 4.53
1412913600000 4.47
1413172800000 4.5
1413259200000 4.46
1413345600000 4.6
1413432000000 4.48
1413518400000 4.41
1413777600000 4.42
1413864000000 4.51
1413950400000 4.41
1414123200000 4.6899
1414382400000 4.5029
1414468800000 4.55
1414555200000 4.61
1414641600000 4.58
1414728000000 4.63
1414990800000 4.64
1415077200000 4.69
1415163600000 4.63
1415250000000 4.63
1415336400000 4.77
1415595600000 4.64
1415682000000 4.68
1415768400000 4.66
1415941200000 4.66
1416200400000 4.66
1416286800000 4.63
1416459600000 4.62
1416805200000 4.78
1416891600000 5.2
1416978000000 5.2
1417150800000 5.23
1417410000000 4.65
1417496400000 4.974
1417669200000 4.9301
1417755600000 5.0
1418014800000 4.9
1418187600000 5.03
1418274000000 4.91
1418619600000 5.071
1418878800000 5.18
1418965200000 5.23
1419224400000 5.382
1419310800000 6.84
1419397200000 6.85
1419570000000 6.8532
1419829200000 6.86
1419915600000 6.87
1420002000000 6.8616
1420174800000 6.8501
1420434000000 6.85
1420520400000 6.851
1420606800000 6.86
1420693200000 6.99
1420779600000 6.94
1421038800000 6.99
1421125200000 6.896
1421211600000 6.9
1421298000000 6.85
1421384400000 7.01
1421730000000 6.93
1421816400000 6.97
1421902800000 6.97
1421989200000 6.97
1422248400000 6.94
1422334800000 6.96
1422421200000 6.99
1422507600000 6.96
1422594000000 6.95
1422853200000 6.94
1422939600000 6.94
1423026000000 6.95
1423112400000 6.965
1423198800000 6.97
1423458000000 6.95
1423544400000 6.95
1423630800000 6.98
1423717200000 6.96
