1436261400000 45.21
1436262240000 45.2
1436262300000 45.1
1436262360000 45.05
1436262480000 45.09
1436262540000 45.0
1436262660000 44.97
1436263020000 45.03
1436263080000 44.96
1436263140000 45.0
1436263500000 44.78
1436263560000 44.76
1436263680000 44.59
1436263800000 44.46
1436263920000 44.49
1436264100000 44.55
1436264160000 44.55
1436264220000 44.55
1436264280000 44.55
1436264760000 44.47
1436264820000 44.46
1436264940000 44.2
1436265000000 44.15
1436265180000 44.4
1436265240000 44.3
1436265420000 44.21
1436265540000 44.08
1436265600000 44.02
1436265780000 43.99
1436265900000 43.955
1436265960000 43.92
1436266140000 43.93
1436266200000 44.015
1436266320000 44.04
1436266440000 44.345
1436266500000 44.36
1436266680000 44.32
1436266740000 44.3
1436266800000 44.18
1436267040000 44.27
1436267100000 44.32
1436267160000 44.32
1436267220000 44.32
1436267280000 44.44
1436267340000 44.42
1436267400000 44.43
1436267460000 44.56
1436267520000 44.46
1436267580000 44.37
1436267640000 44.48
1436267700000 44.51
1436267760000 44.78
1436267820000 44.8
1436267880000 44.84
1436267940000 44.86
1436268600000 44.82
1436268660000 44.67
1436268780000 44.66
1436268840000 44.6
1436268960000 44.49
1436269140000 44.61
1436269200000 44.74
1436269800000 44.64
1436270100000 44.63
1436270160000 44.76
1436270220000 45.05
1436270400000 44.78
1436271060000 44.815
1436271120000 44.79
1436271300000 44.645
1436271540000 44.63
1436271840000 44.63
1436272140000 44.59
1436272260000 44.6
1436272920000 44.76
1436273040000 44.81
1436273100000 44.865
1436273160000 44.81
1436273520000 44.79
1436273700000 44.89
1436273940000 44.95
1436274660000 44.95
1436274720000 44.96
1436274780000 45.16
1436274900000 44.98
1436275200000 44.97
1436275380000 44.94
1436275560000 44.95
1436275620000 44.89
1436276820000 44.88
1436276880000 44.88
1436277060000 45.0
1436277120000 44.985
1436277900000 45.02
1436278740000 44.89
1436278860000 44.81
1436279040000 44.8
1436279220000 44.721
1436279460000 44.68
1436280000000 44.72
1436280180000 44.92
1436280420000 45.15
1436280720000 45.19
1436281080000 45.19
1436281140000 45.23
1436281320000 45.18
1436281380000 45.24
1436281440000 45.32
1436281500000 45.32
1436281560000 45.24
