1436261400000 4.5
1436262720000 4.53
1436262960000 4.6
1436263080000 4.56
1436265720000 4.52
1436267100000 4.52
1436272140000 4.52
1436272260000 4.53
1436272680000 4.52
1436272860000 4.52
1436273040000 4.52
1436273280000 4.52
1436273460000 4.54
1436273520000 4.53
1436273580000 4.53
1436273640000 4.52
1436273820000 4.52
1436274060000 4.52
1436274240000 4.52
1436274420000 4.52
1436274600000 4.52
1436274840000 4.52
1436275020000 4.52
1436275140000 4.56
1436275200000 4.53
1436275380000 4.53
1436275560000 4.52
1436275740000 4.52
1436275920000 4.52
1436275980000 4.52
1436276100000 4.52
1436276280000 4.52
1436276520000 4.52
1436276700000 4.52
1436276880000 4.52
1436277060000 4.52
1436277240000 4.52
1436277420000 4.53
1436277600000 4.52
1436277780000 4.52
1436277840000 4.52
1436277960000 4.52
1436278140000 4.52
1436278320000 4.52
1436278440000 4.52
1436278620000 4.52
1436278800000 4.52
1436278860000 4.52
1436278980000 4.52
1436279160000 4.52
1436279340000 4.52
1436279460000 4.52
1436279640000 4.52
1436279820000 4.52
1436280000000 4.52
1436280180000 4.52
1436280300000 4.52
1436280360000 4.54
1436280480000 4.54
1436280660000 4.53
1436280780000 4.52
1436280840000 4.56
1436280960000 4.56
1436281140000 4.5
1436281260000 4.5
1436281380000 4.56
1436281440000 4.5
1436281560000 4.5
