1436261400000 51.46
1436261460000 51.62
1436261520000 51.64
1436261640000 51.65
1436261700000 51.65
1436261760000 51.57
1436261820000 51.52
1436261880000 51.6963
1436261940000 51.4
1436262000000 51.39
1436262060000 51.19
1436262180000 51.2
1436262300000 51.0
1436262360000 50.97
1436262480000 51.02
1436262600000 50.95
1436262660000 50.68
1436262720000 50.84
1436262780000 50.84
1436262900000 50.93
1436263020000 50.91
1436263560000 50.59
1436263620000 50.55
1436263680000 50.34
1436263740000 50.3348
1436263800000 50.44
1436263860000 50.473
1436264040000 50.36
1436264100000 50.35
1436264220000 50.42
1436264280000 50.4
1436264340000 50.44
1436264400000 50.614
1436264460000 50.59
1436264580000 50.46
1436264640000 50.4
1436264700000 50.4
1436264820000 50.3
1436265000000 50.22
1436265060000 50.17
1436265180000 50.1
1436265240000 50.015
1436265300000 50.0
1436265360000 49.99
1436265420000 49.91
1436265480000 49.79
1436265540000 49.76
1436265600000 49.52
1436265660000 49.46
1436265720000 49.53
1436265780000 49.44
1436265840000 49.58
1436265900000 49.77
1436265960000 49.83
1436266020000 50.1
1436266080000 50.25
1436266140000 50.2501
1436266200000 50.43
1436266260000 50.26
1436266380000 50.42
1436266440000 50.59
1436266560000 50.51
1436266740000 50.39
1436266800000 50.35
1436266920000 50.2
1436266980000 50.121
1436267040000 50.15
1436267220000 50.151
1436267280000 50.12
1436267340000 50.115
1436267460000 50.2475
1436267520000 50.55
1436267580000 50.74
1436267640000 50.56
1436267760000 50.54
1436267820000 50.51
1436267880000 50.47
1436268000000 50.2201
1436268060000 50.21
1436268180000 50.268
1436268360000 50.13
1436268480000 50.04
1436268540000 49.823
1436268660000 49.935
1436268780000 49.83
1436268840000 49.66
1436268900000 49.65
1436268960000 49.65
1436269020000 49.6713
1436269080000 49.68
1436269140000 49.74
1436269260000 50.11
1436269320000 50.23
1436269380000 50.08
1436269680000 50.06
1436269740000 49.94
1436270160000 50.1
1436270220000 50.32
1436270400000 50.21
1436270640000 50.17
1436270760000 50.209
1436270820000 50.19
1436270880000 50.04
1436271000000 50.04
1436271060000 49.88
1436271420000 49.9024
1436271480000 49.85
1436271600000 49.99
1436271660000 49.86
1436271780000 49.86
1436271840000 49.85
1436271900000 49.86
1436272080000 49.86
1436272200000 49.8
1436272260000 49.95
1436272380000 49.96
1436272440000 50.01
1436272560000 50.33
1436272680000 50.32
1436272740000 50.512
1436272860000 50.4
1436272980000 50.4999
1436273040000 50.49
1436273100000 50.5
1436273220000 50.65
1436273340000 50.65
1436273640000 50.6
1436273700000 50.7
1436273880000 50.87
1436274180000 50.7
1436274240000 50.88
1436274360000 50.63
1436274660000 50.57
1436274720000 50.91
1436274840000 51.0
1436274960000 50.75
1436275200000 50.69
1436275260000 50.86
1436275320000 50.73
1436275380000 50.68
1436275440000 50.8
1436275560000 50.74
1436275800000 50.89
1436275860000 50.72
1436275920000 50.81
1436275980000 50.64
1436276340000 50.73
1436276400000 50.7
1436276460000 50.7
1436276520000 50.77
1436276580000 50.65
1436276640000 50.72
1436277000000 50.81
1436277300000 50.75
1436277480000 50.7001
1436277600000 50.67
1436277660000 50.73
1436277720000 50.64
1436277900000 50.69
1436278140000 50.6
1436278200000 50.52
1436278260000 50.5
1436278380000 50.59
1436278440000 50.55
1436278500000 50.5
1436278560000 50.45
1436278740000 50.43
1436278860000 50.13
1436279100000 50.12
1436279220000 50.01
1436279280000 49.9221
1436279520000 50.04
1436279580000 50.07
1436280000000 50.28
1436280180000 50.57
1436280240000 50.58
1436280300000 50.3901
1436280360000 50.57
1436280420000 50.57
1436280600000 50.67
1436280840000 50.6
1436281020000 50.69
1436281080000 50.76
1436281140000 50.89
1436281200000 50.85
1436281260000 50.83
1436281320000 50.88
1436281440000 50.83
1436281560000 50.74
1436281620000 50.71
1436281680000 50.67
