1436261400000 23.84
1436261460000 24.03
1436261580000 23.889
1436262240000 23.6
1436262480000 23.45
1436263620000 23.2085
1436263920000 23.22
1436264100000 23.2
1436264220000 23.15
1436264760000 23.0978
1436265300000 23.1499
1436265540000 23.11
1436265660000 23.0899
1436265900000 23.0795
1436266140000 23.1536
1436267040000 23.246
1436267100000 23.279
1436267160000 23.27
1436267220000 23.28
1436267580000 23.44
1436267940000 23.5395
1436268240000 23.507
1436268660000 23.38
1436268720000 23.399
1436270220000 23.8451
1436270280000 23.8676
1436270460000 23.86
1436271060000 23.9
1436272200000 23.9402
1436272740000 24.1399
1436274300000 24.44
1436274840000 24.314
1436275980000 24.18
1436278740000 24.1599
1436280960000 24.431
