1436261400000 3.61
1436261460000 3.62
1436261520000 3.56
1436261580000 3.52
1436261700000 3.53
1436261760000 3.54
1436261820000 3.53
1436261940000 3.47
1436262000000 3.45
1436262120000 3.47
1436262180000 3.46
1436262240000 3.48
1436262300000 3.4605
1436262360000 3.48
1436262420000 3.49
1436262480000 3.4916
1436262540000 3.49
1436262600000 3.48
1436262720000 3.48
1436263020000 3.5
1436263080000 3.51
1436263440000 3.508
1436263560000 3.49
1436263860000 3.5
1436264040000 3.499
1436264100000 3.5
1436264220000 3.52
1436264460000 3.52
1436264880000 3.53
1436264940000 3.52
1436265300000 3.54
1436265360000 3.54
1436265420000 3.54
1436265720000 3.54
1436265840000 3.54
1436265900000 3.5401
1436266020000 3.5499
1436266080000 3.56
1436266320000 3.58
1436266380000 3.5656
1436266440000 3.58
1436266620000 3.5799
1436266740000 3.58
1436266860000 3.57
1436266920000 3.5501
1436267220000 3.5676
1436267340000 3.56
1436267400000 3.56
1436267520000 3.59
1436267640000 3.6
1436267700000 3.6
1436267760000 3.5801
1436267940000 3.61
1436268120000 3.6
1436268180000 3.62
1436268240000 3.65
1436268600000 3.63
1436268840000 3.59
1436269080000 3.6099
1436269260000 3.6094
1436269560000 3.61
1436270280000 3.62
1436270340000 3.62
1436270400000 3.62
1436271300000 3.65
1436271840000 3.61
1436272440000 3.66
1436272680000 3.6582
1436272920000 3.63
1436273100000 3.6699
1436273280000 3.66
1436273340000 3.67
1436273400000 3.66
1436273940000 3.71
1436274000000 3.6801
1436276280000 3.67
1436277000000 3.6501
1436278380000 3.71
1436278440000 3.72
1436279040000 3.72
1436280180000 3.6999
1436280660000 3.67
1436280960000 3.67
1436281080000 3.7
1436281200000 3.7
1436281320000 3.697
1436281500000 3.6999
