1436261400000 13.05
1436261700000 13.0
1436261820000 12.79
1436262060000 12.79
1436262300000 12.82
1436262360000 12.87
1436262420000 12.86
1436262540000 12.86
1436262600000 12.83
1436262720000 12.85
1436263080000 12.865
1436263140000 12.82
1436263320000 12.84
1436263380000 12.84
1436263440000 12.82
1436263500000 12.8616
1436263560000 12.86
1436263620000 12.8
1436263680000 12.77
1436263980000 12.81
1436264160000 12.75
1436264400000 12.76
1436264460000 12.71
1436264580000 12.71
1436264760000 12.69
1436265000000 12.66
1436265180000 12.6684
1436265300000 12.66
1436265660000 12.66
1436265720000 12.65
1436265780000 12.64
1436265840000 12.62
1436265900000 12.64
1436265960000 12.65
1436266020000 12.68
1436266140000 12.715
1436266200000 12.74
1436266260000 12.75
1436266380000 12.78
1436266440000 12.81
1436266620000 12.86
1436266740000 12.87
1436266800000 12.87
1436266860000 12.83
1436266920000 12.795
1436267100000 12.81
1436267220000 12.8
1436267340000 12.81
1436267460000 12.82
1436267520000 12.82
1436267580000 12.85
1436267880000 12.79
1436268360000 12.73
1436268420000 12.72
1436268480000 12.69
1436268540000 12.69
1436268720000 12.68
1436269020000 12.67
1436269080000 12.7
1436269140000 12.72
1436269200000 12.76
1436269440000 12.785
1436269620000 12.82
1436269680000 12.82
1436269740000 12.81
1436269980000 12.8
1436270160000 12.82
1436270220000 12.84
1436270280000 12.84
1436270700000 12.855
1436270880000 12.85
1436270940000 12.82
1436271000000 12.82
1436271060000 12.81
1436271120000 12.748
1436271180000 12.74
1436271360000 12.74
1436271540000 12.7599
1436271840000 12.725
1436272260000 12.75
1436272440000 12.711
1436272500000 12.71
1436272740000 12.72
1436272860000 12.72
1436273220000 12.79
1436273520000 12.83
1436273580000 12.81
1436273640000 12.83
1436273940000 12.91
1436274060000 12.9
1436274120000 12.89
1436274240000 12.87
1436274300000 12.85
1436274360000 12.81
1436274660000 12.84
1436274840000 12.91
1436274900000 12.9
1436275440000 12.88
1436275500000 12.8994
1436275620000 12.92
1436275680000 12.92
1436275860000 12.91
1436275920000 12.88
1436276100000 12.89
1436276160000 12.89
1436276580000 12.91
1436276640000 12.91
1436276700000 12.92
1436277420000 12.95
1436277480000 12.92
1436277780000 12.94
1436277900000 12.94
1436278080000 12.895
1436278440000 12.92
1436278500000 12.92
1436278740000 12.89
1436279100000 12.8
1436279280000 12.82
1436279880000 12.84
1436280180000 12.93
1436280540000 12.96
1436280600000 13.01
1436280840000 13.01
1436280900000 12.995
1436281020000 13.02
1436281080000 13.06
1436281140000 13.09
1436281320000 13.09
1436281500000 13.09
