1436261400000 51.0
1436262120000 50.55
1436262240000 50.77
1436262480000 50.77
1436262540000 50.75
1436262660000 50.76
1436262780000 50.732
1436262840000 50.94
1436263020000 50.77
1436263080000 50.49
1436263140000 50.75
1436263200000 50.53
1436263260000 50.57
1436263320000 50.66
1436263440000 50.575
1436263560000 50.5
1436263740000 50.47
1436263800000 50.48
1436263860000 50.625
1436263920000 50.685
1436264100000 50.54
1436264160000 50.5
1436264220000 50.415
1436264280000 50.48
1436264340000 50.41
1436264400000 50.25
1436264640000 50.16
1436264700000 50.1
1436264880000 50.215
1436264940000 50.215
1436265060000 50.09
1436265180000 50.08
1436265240000 50.22
1436265300000 50.1
1436265360000 50.03
1436265420000 50.12
1436265480000 50.03
1436265540000 50.01
1436265600000 49.75
1436265660000 49.71
1436265720000 49.71
1436265960000 49.8
1436266020000 49.87
1436266080000 49.9
1436266200000 49.9175
1436266260000 49.945
1436266380000 50.13
1436266560000 50.01
1436266680000 50.15
1436266800000 50.15
1436267040000 50.075
1436267400000 50.01
1436267760000 50.15
1436267820000 50.22
1436268060000 50.035
1436268180000 50.08
1436268240000 50.0
1436268540000 50.0
1436268600000 50.01
1436268660000 50.23
1436268780000 50.23
1436268900000 50.175
1436269020000 50.3
1436269080000 50.3
1436269200000 50.315
1436269320000 50.45
1436269920000 50.62
1436269980000 50.63
1436270040000 50.37
1436270160000 50.55
1436270220000 50.6
1436270880000 50.76
1436270940000 50.59
1436271000000 50.47
1436271060000 50.61
1436271120000 50.47
1436271180000 50.64
1436271240000 50.73
1436271300000 50.8
1436271540000 50.72
1436271600000 50.525
1436271660000 50.61
1436271720000 50.64
1436271900000 50.7
1436271960000 50.855
1436272080000 50.76
1436272440000 50.62
1436272740000 50.89
1436272860000 50.9
1436272980000 50.65
1436273220000 50.92
1436273760000 50.89
1436273820000 50.92
1436273880000 50.95
1436273940000 50.97
1436274300000 50.98
1436274720000 50.97
1436274900000 51.04
1436275260000 51.0101
1436275320000 51.0101
1436276340000 51.08
1436276460000 51.07
1436276520000 51.02
1436277300000 51.11
1436278020000 51.07
1436278320000 51.32
1436278980000 50.995
1436279040000 50.96
1436279280000 51.2
1436279640000 51.0
1436280060000 51.2
1436280420000 51.1801
1436281080000 51.46
1436281200000 51.46
1436281500000 51.57
