1404705600000 7.08
1404792000000 6.96
1404878400000 6.84
1404964800000 6.65
1405051200000 6.66
1405310400000 6.78
1405396800000 6.67
1405483200000 6.68
1405569600000 6.66
1405656000000 6.66
1405915200000 6.68
1406001600000 7.12
1406088000000 7.09
1406174400000 6.66
1406260800000 6.77
1406520000000 6.95
1406606400000 6.66
1406692800000 6.81
1406779200000 6.74
1406865600000 6.64
1407124800000 6.71
1407211200000 6.75
1407297600000 6.83
1407384000000 6.85
1407470400000 6.88
1407729600000 7.18
1407816000000 7.0
1407902400000 7.2
1407988800000 7.38
1408075200000 7.23
1408334400000 7.5
1408420800000 7.43
1408507200000 7.49
1408593600000 7.69
1408680000000 12.53
1408939200000 12.46
1409025600000 12.42
1409112000000 12.48
1409198400000 12.43
1409284800000 12.45
1409630400000 12.44
1409716800000 12.47
1409803200000 12.45
1409889600000 12.44
1410148800000 12.45
1410235200000 12.41
1410321600000 12.39
1410408000000 12.41
1410494400000 12.39
1410753600000 12.39
1410840000000 12.4
1410926400000 12.41
1411012800000 12.41
1411099200000 12.4
1411358400000 12.39
1411444800000 12.38
1411531200000 12.39
1411617600000 12.38
1411704000000 12.36
1411963200000 12.4
1412049600000 12.37
1412136000000 12.34
1412222400000 12.39
1412308800000 12.37
1412568000000 12.37
1412654400000 12.37
1412740800000 12.39
1412827200000 12.39
1412913600000 12.37
1413172800000 12.38
1413259200000 12.39
1413345600000 12.38
1413432000000 12.41
1413518400000 12.39
1413777600000 12.39
1413864000000 12.4
1413950400000 12.34
1414036800000 12.37
1414123200000 12.37
1414382400000 12.34
1414468800000 12.44
1414555200000 12.44
1414641600000 12.43
1414728000000 12.43
1414990800000 12.43
1415077200000 12.42
1415163600000 12.41
1415250000000 12.42
1415336400000 12.42
1415595600000 12.43
1415682000000 12.42
1415768400000 12.48
1415854800000 12.44
1415941200000 12.46
1416200400000 12.44
1416286800000 12.44
1416373200000 12.44
1416459600000 12.46
1416546000000 12.45
1416805200000 12.45
1416891600000 12.45
1416978000000 12.46
1417150800000 12.45
1417410000000 12.44
1417496400000 12.44
1417582800000 12.45
1417669200000 12.44
1417755600000 12.44
1418014800000 12.44
1418101200000 12.46
1418187600000 12.44
1418274000000 12.45
