1436261700000 7.17
1436261880000 7.14
1436261940000 7.13
1436262120000 7.14
1436263020000 7.1
1436264160000 7.09
1436264880000 7.05
1436265840000 7.04
1436266080000 7.02
1436266140000 7.0322
1436266380000 7.03
1436266440000 7.025
1436266560000 7.02
1436268420000 7.03
1436268840000 7.0
1436269920000 7.03
1436270160000 7.02
1436271480000 7.03
1436273160000 7.0
1436273640000 7.04
1436274240000 7.045
1436274300000 7.03
1436274600000 7.035
1436274900000 7.05
1436275440000 7.06
1436276640000 7.07
1436276880000 7.06
1436277060000 7.06
1436277420000 7.09
1436277600000 7.07
1436277720000 7.08
1436277840000 7.085
1436277900000 7.085
1436278380000 7.09
1436278740000 7.08
1436279640000 7.07
1436280180000 7.07
1436280420000 7.07
1436280960000 7.09
1436281020000 7.09
1436281080000 7.1
1436281140000 7.11
