1436261400000 2.45
1436261460000 2.45
1436261760000 2.45
1436261880000 2.45
1436262240000 2.45
1436263020000 2.4401
1436263560000 2.4401
1436263620000 2.44
1436263800000 2.45
1436263860000 2.445
1436263920000 2.44
1436263980000 2.45
1436264160000 2.44
1436264400000 2.45
1436264460000 2.4401
1436264640000 2.45
1436264700000 2.44
1436264760000 2.4402
1436264880000 2.45
1436264940000 2.447
1436265000000 2.441
1436265180000 2.445
1436265300000 2.44
1436265360000 2.44
1436265480000 2.44
1436265540000 2.44
1436265660000 2.44
1436265780000 2.43
1436265960000 2.42
1436266200000 2.421
1436266500000 2.42
1436266560000 2.41
1436266920000 2.4199
1436267100000 2.4001
1436267220000 2.42
1436267340000 2.41
1436267400000 2.4
1436267520000 2.4
1436267580000 2.4
1436267760000 2.41
1436268180000 2.4
1436268540000 2.41
1436268900000 2.4
1436268960000 2.4
1436269140000 2.4
1436269260000 2.4
1436269380000 2.41
1436269620000 2.409
1436269680000 2.4099
1436270160000 2.4
1436270220000 2.4
1436270280000 2.41
1436271060000 2.4
1436271120000 2.4
1436271180000 2.4
1436271240000 2.405
1436271360000 2.405
1436271480000 2.405
1436271900000 2.41
1436272620000 2.405
1436272680000 2.41
1436272860000 2.405
1436272920000 2.4099
1436273100000 2.41
1436273280000 2.405
1436273460000 2.405
1436273760000 2.405
1436273880000 2.405
1436274000000 2.41
1436274300000 2.4
1436274360000 2.4
1436274420000 2.4
1436274720000 2.405
1436274840000 2.405
1436275020000 2.41
1436275080000 2.405
1436275200000 2.41
1436275260000 2.4
1436275680000 2.41
1436276040000 2.42
1436276520000 2.41
1436276820000 2.41
1436276880000 2.41
1436277180000 2.41
1436277300000 2.4099
1436277420000 2.41
1436277540000 2.41
1436277660000 2.4
1436277720000 2.41
1436277900000 2.41
1436278200000 2.405
1436278440000 2.405
1436278740000 2.4
1436278800000 2.39
1436278980000 2.37
1436279160000 2.36
1436279400000 2.3655
1436279520000 2.37
1436279640000 2.37
1436280360000 2.38
1436280420000 2.3797
1436280660000 2.39
1436281500000 2.3799
