1436261400000 1.08
1436261640000 1.085
1436261700000 1.08
1436261820000 1.07
1436262000000 1.07
1436262240000 1.07
1436262420000 1.07
1436262480000 1.06
1436262540000 1.065
1436262600000 1.0699
1436262660000 1.065
1436262720000 1.06
1436262780000 1.065
1436262960000 1.06
1436263020000 1.0649
1436263080000 1.065
1436263320000 1.055
1436263380000 1.04
1436263440000 1.0401
1436263500000 1.0401
1436263560000 1.0499
1436263620000 1.045
1436263680000 1.04
1436263740000 1.04
1436263920000 1.045
1436264040000 1.04
1436264100000 1.045
1436264160000 1.04
1436264280000 1.04
1436264340000 1.045
1436264400000 1.05
1436264460000 1.045
1436264580000 1.045
1436264820000 1.03
1436265000000 1.033
1436265060000 1.031
1436265120000 1.031
1436265240000 1.03
1436265420000 1.03
1436265660000 1.0349
1436265840000 1.0399
1436265900000 1.0399
1436265960000 1.03
1436266080000 1.04
1436266200000 1.0354
1436266380000 1.04
1436266440000 1.0301
1436266500000 1.04
1436266680000 1.03
1436266740000 1.035
1436266800000 1.04
1436266860000 1.035
1436267100000 1.03
1436267160000 1.035
1436267280000 1.0344
1436267460000 1.035
1436267520000 1.03
1436267820000 1.04
1436267880000 1.03
1436267940000 1.03
1436268120000 1.03
1436268240000 1.035
1436268300000 1.03
1436268360000 1.03
1436268420000 1.0362
1436268480000 1.0341
1436268540000 1.03
1436268600000 1.0396
1436268660000 1.04
1436268840000 1.03
1436268960000 1.03
1436269200000 1.03
1436269320000 1.02
1436269440000 1.02
1436269500000 1.02
1436269620000 1.02
1436269740000 1.02
1436269860000 1.02
1436269920000 1.02
1436270040000 1.02
1436270160000 1.0299
1436270220000 1.02
1436270280000 1.02
1436270340000 1.0201
1436270400000 1.0296
1436270580000 1.02
1436270820000 1.02
1436270880000 1.02
1436271180000 1.03
1436271240000 1.03
1436271360000 1.025
1436271660000 1.03
1436271720000 1.0299
1436271840000 1.03
1436271960000 1.03
1436272020000 1.03
1436272080000 1.0399
1436272440000 1.03
1436272980000 1.03
1436273220000 1.03
1436273280000 1.0301
1436273400000 1.03
1436273520000 1.0301
1436273580000 1.03
1436273640000 1.03
1436273760000 1.03
1436273820000 1.03
1436273880000 1.0344
1436274000000 1.0328
1436274060000 1.03
1436274480000 1.03
1436274720000 1.03
1436274840000 1.035
1436274900000 1.05
1436274960000 1.05
1436275200000 1.05
1436275260000 1.05
1436275380000 1.055
1436275500000 1.05
1436275620000 1.05
1436275860000 1.05
1436275920000 1.05
1436276040000 1.05
1436276160000 1.05
1436276220000 1.0599
1436276340000 1.06
1436276460000 1.05
1436276520000 1.05
1436276580000 1.0591
1436276640000 1.059
1436276700000 1.05
1436276820000 1.05
1436276880000 1.0599
1436276940000 1.05
1436277000000 1.05
1436277120000 1.0499
1436277300000 1.0499
1436277420000 1.04
1436277480000 1.04
1436277660000 1.04
1436277720000 1.04
1436277780000 1.0455
1436277900000 1.04
1436277960000 1.04
1436278020000 1.04
1436278080000 1.04
1436278140000 1.04
1436278260000 1.04
1436278560000 1.04
1436278620000 1.04
1436278800000 1.04
1436278860000 1.045
1436278920000 1.045
1436279040000 1.0482
1436279160000 1.04
1436279220000 1.04
1436279280000 1.04
1436279400000 1.04
1436279520000 1.04
1436279700000 1.04
1436279760000 1.04
1436279940000 1.05
1436280060000 1.04
1436280240000 1.04
1436280540000 1.04
1436280720000 1.04
1436280900000 1.04
1436280960000 1.05
1436281260000 1.05
1436281500000 1.05
