1436261400000 47.56
1436261460000 47.51
1436261580000 47.58
1436261700000 48.06
1436261880000 47.56
1436261940000 47.79
1436262120000 47.42
1436262180000 47.3
1436262240000 47.4
1436262300000 47.42
1436262420000 47.68
1436262480000 47.57
1436262600000 47.62
1436262720000 47.3
1436263020000 47.34
1436263140000 47.08
1436263200000 47.15
1436263260000 47.25
1436263320000 47.19
1436263440000 47.09
1436263500000 47.09
1436263620000 47.1
1436263680000 47.02
1436263800000 46.68
1436263860000 46.855
1436263980000 46.93
1436264040000 46.82
1436264100000 46.7166
1436264160000 46.7
1436264220000 46.88
1436264280000 46.96
1436264340000 46.89
1436264400000 46.67
1436264460000 46.66
1436264580000 46.64
1436264640000 46.64
1436264700000 46.7
1436264760000 46.73
1436264820000 46.62
1436264880000 46.69
1436264940000 46.63
1436265000000 46.61
1436265060000 46.42
1436265180000 46.53
1436265240000 46.515
1436265300000 46.42
1436265360000 46.49
1436265420000 46.16
1436265480000 46.21
1436265540000 46.21
1436265600000 46.01
1436265660000 45.7
1436265720000 45.69
1436265780000 45.7
1436265840000 45.5717
1436265900000 45.722
1436265960000 45.9
1436266020000 45.82
1436266080000 46.16
1436266140000 46.335
1436266320000 46.14
1436266440000 46.61
1436266620000 46.76
1436266800000 46.61
1436266980000 46.32
1436267100000 46.37
1436267160000 46.12
1436267220000 46.02
1436267280000 46.0
1436267340000 45.96
1436267400000 46.17
1436267520000 46.18
1436267580000 46.37
1436267880000 46.3
1436268000000 46.126
1436268060000 46.09
1436268300000 45.88
1436268420000 45.96
1436268480000 45.95
1436268540000 45.94
1436268660000 45.68
1436268780000 45.59
1436268840000 45.54
1436268900000 45.42
1436269020000 45.56
1436269080000 45.7899
1436269140000 45.86
1436269200000 46.05
1436269260000 46.17
1436269320000 46.26
1436269380000 46.13
1436269440000 46.14
1436269560000 46.1
1436269680000 46.11
1436269860000 45.91
1436269920000 45.86
1436270160000 45.83
1436270220000 45.89
1436270280000 45.96
1436270580000 45.9
1436270700000 45.9
1436270820000 45.7254
1436270940000 45.78
1436271060000 45.68
1436271240000 45.708
1436271300000 45.54
1436271540000 45.55
1436271720000 45.6
1436271780000 45.53
1436271840000 45.67
1436271900000 45.82
1436271960000 45.87
1436272020000 45.98
1436272200000 46.12
1436272260000 46.22
1436272380000 46.23
1436272560000 46.29
1436272680000 46.3
1436272740000 46.33
1436272800000 46.35
1436272860000 46.35
1436272920000 46.4
1436272980000 46.49
1436273100000 46.38
1436273280000 46.5
1436273400000 46.62
1436273460000 46.59
1436273520000 46.63
1436273580000 46.59
1436273640000 46.63
1436273700000 46.581
1436273760000 46.74
1436273820000 46.8
1436273880000 46.75
1436273940000 46.89
1436274000000 46.89
1436274120000 46.98
1436274180000 46.87
1436274240000 46.89
1436274360000 46.91
1436274420000 46.76
1436274480000 46.76
1436274540000 46.85
1436274600000 46.95
1436274660000 46.99
1436274840000 47.0599
1436275020000 46.96
1436275200000 47.05
1436275260000 47.02
1436275320000 47.04
1436275440000 46.975
1436275500000 46.969
1436275560000 46.96
1436275620000 46.95
1436275680000 46.77
1436275740000 46.96
1436275800000 47.01
1436275920000 46.78
1436275980000 46.95
1436276400000 46.98
1436276520000 46.92
1436276640000 47.0
1436276700000 47.1999
1436276820000 47.03
1436276880000 47.01
1436276940000 47.1
1436277000000 47.0
1436277060000 46.81
1436277120000 46.9099
1436277240000 46.85
1436277540000 46.89
1436277600000 46.87
1436277660000 46.88
1436277720000 46.82
1436277900000 46.83
1436278080000 46.84
1436278200000 46.88
1436278260000 46.73
1436278320000 46.78
1436278500000 46.67
1436278560000 46.51
1436278680000 46.4688
1436278740000 46.47
1436278800000 46.41
1436279040000 46.06
1436279100000 46.33
1436279340000 46.2869
1436279400000 46.29
1436279520000 46.38
1436279580000 46.45
1436279700000 46.5
1436279760000 46.49
1436279820000 46.6
1436279880000 46.6684
1436280000000 46.88
1436280060000 46.92
1436280120000 47.0
1436280180000 47.06
1436280300000 46.84
1436280420000 46.92
1436280660000 46.81
1436280720000 46.925
1436280780000 46.99
1436280840000 46.99
1436280900000 46.92
1436280960000 46.74
1436281080000 46.92
1436281140000 46.99
1436281200000 47.015
1436281260000 47.0
1436281320000 46.71
1436281380000 46.81
1436281440000 46.7901
