1436261400000 17.09
1436261460000 17.01
1436261520000 16.915
1436261580000 16.905
1436261640000 16.87
1436261700000 16.85
1436261760000 16.81
1436261820000 16.82
1436261880000 16.81
1436261940000 16.72
1436262000000 16.78
1436262060000 16.73
1436262120000 16.77
1436262180000 16.77
1436262240000 16.715
1436262300000 16.72
1436262360000 16.73
1436262420000 16.72
1436262480000 16.7
1436262540000 16.73
1436262600000 16.75
1436262660000 16.755
1436262720000 16.79
1436262780000 16.84
1436262840000 16.9
1436262900000 16.89
1436262960000 16.91
1436263020000 16.89
1436263080000 16.88
1436263140000 16.88
1436263200000 16.84
1436263260000 16.82
1436263320000 16.82
1436263380000 16.81
1436263440000 16.835
1436263500000 16.81
1436263560000 16.8
1436263620000 16.74
1436263680000 16.72
1436263740000 16.7
1436263800000 16.705
1436263860000 16.74
1436263920000 16.75
1436263980000 16.76
1436264040000 16.77
1436264100000 16.735
1436264160000 16.69
1436264220000 16.7
1436264280000 16.66
1436264340000 16.65
1436264400000 16.6
1436264460000 16.61
1436264520000 16.61
1436264580000 16.646
1436264640000 16.66
1436264700000 16.62
1436264760000 16.63
1436264820000 16.64
1436264880000 16.63
1436264940000 16.63
1436265000000 16.63
1436265060000 16.68
1436265120000 16.68
1436265180000 16.71
1436265240000 16.73
1436265300000 16.72
1436265360000 16.7
1436265420000 16.7
1436265480000 16.735
1436265540000 16.7
1436265600000 16.68
1436265660000 16.68
1436265720000 16.665
1436265780000 16.645
1436265840000 16.635
1436265900000 16.63
1436265960000 16.62
1436266020000 16.64
1436266080000 16.685
1436266140000 16.71
1436266200000 16.73
1436266260000 16.74
1436266320000 16.715
1436266380000 16.7316
1436266440000 16.75
1436266500000 16.8
1436266560000 16.78
1436266620000 16.8
1436266680000 16.81
1436266740000 16.825
1436266800000 16.77
1436266860000 16.75
1436266920000 16.745
1436266980000 16.76
1436267040000 16.77
1436267100000 16.8
1436267160000 16.8
1436267220000 16.825
1436267280000 16.82
1436267340000 16.79
1436267400000 16.785
1436267460000 16.83
1436267520000 16.89
1436267580000 16.89
1436267640000 16.91
1436267700000 16.98
1436267760000 16.985
1436267820000 16.995
1436267880000 17.0
1436267940000 17.0
1436268000000 17.01
1436268060000 16.99
1436268120000 16.94
1436268180000 16.915
1436268240000 16.91
1436268300000 16.89
1436268360000 16.86
1436268420000 16.86
1436268480000 16.82
1436268540000 16.82
1436268600000 16.79
1436268660000 16.8
1436268720000 16.805
1436268780000 16.82
1436268840000 16.82
1436268900000 16.8
1436268960000 16.79
1436269020000 16.79
1436269080000 16.78
1436269140000 16.84
1436269200000 16.85
1436269260000 16.875
1436269320000 16.92
1436269380000 16.95
1436269440000 16.98
1436269500000 17.005
1436269560000 16.97
1436269620000 16.95
1436269680000 16.98
1436269740000 16.98
1436269800000 16.985
1436269860000 17.04
1436269920000 17.04
1436269980000 17.03
1436270040000 17.06
1436270100000 17.07
1436270160000 17.035
1436270220000 17.16
1436270280000 17.14
1436270340000 17.14
1436270400000 17.14
1436270460000 17.14
1436270520000 17.13
1436270580000 17.13
1436270640000 17.14
1436270700000 17.16
1436270760000 17.18
1436270820000 17.19
1436270880000 17.19
1436270940000 17.21
1436271000000 17.22
1436271060000 17.2
1436271120000 17.18
1436271180000 17.16
1436271240000 17.16
1436271300000 17.155
1436271360000 17.135
1436271420000 17.13
1436271480000 17.165
1436271540000 17.12
1436271600000 17.12
1436271660000 17.135
1436271720000 17.15
1436271780000 17.15
1436271840000 17.155
1436271900000 17.115
1436271960000 17.115
1436272020000 17.145
1436272080000 17.15
1436272140000 17.16
1436272200000 17.19
1436272260000 17.22
1436272320000 17.25
1436272380000 17.28
1436272440000 17.27
1436272500000 17.28
1436272560000 17.279
1436272620000 17.29
1436272680000 17.3
1436272740000 17.335
1436272800000 17.33
1436272860000 17.29
1436272920000 17.3
1436272980000 17.33
1436273040000 17.31
1436273100000 17.31
1436273160000 17.33
1436273220000 17.35
1436273280000 17.37
1436273340000 17.33
1436273400000 17.33
1436273460000 17.31
1436273520000 17.32
1436273580000 17.34
1436273640000 17.34
1436273700000 17.39
1436273760000 17.38
1436273820000 17.4
1436273880000 17.43
1436273940000 17.46
1436274000000 17.47
1436274060000 17.47
1436274120000 17.48
1436274180000 17.495
1436274240000 17.485
1436274300000 17.46
1436274360000 17.46
1436274420000 17.39
1436274480000 17.38
1436274540000 17.41
1436274600000 17.41
1436274660000 17.42
1436274720000 17.44
1436274780000 17.47
1436274840000 17.46
1436274900000 17.485
1436274960000 17.45
1436275020000 17.42
1436275080000 17.43
1436275140000 17.45
1436275200000 17.46
1436275260000 17.45
1436275320000 17.425
1436275380000 17.38
1436275440000 17.3994
1436275500000 17.39
1436275560000 17.38
1436275620000 17.3899
1436275680000 17.39
1436275740000 17.41
1436275800000 17.41
1436275860000 17.42
1436275920000 17.38
1436275980000 17.37
1436276040000 17.35
1436276100000 17.36
1436276160000 17.37
1436276220000 17.38
1436276280000 17.36
1436276340000 17.33
1436276400000 17.35
1436276460000 17.35
1436276520000 17.359
1436276580000 17.38
1436276640000 17.39
1436276700000 17.41
1436276760000 17.39
1436276820000 17.35
1436276880000 17.34
1436276940000 17.375
1436277000000 17.36
1436277060000 17.35
1436277120000 17.33
1436277180000 17.31
1436277240000 17.29
1436277300000 17.285
1436277360000 17.27
1436277420000 17.28
1436277480000 17.29
1436277540000 17.29
1436277600000 17.32
1436277660000 17.315
1436277720000 17.31
1436277780000 17.31
1436277840000 17.325
1436277900000 17.33
1436277960000 17.305
1436278020000 17.33
1436278080000 17.31
1436278140000 17.32
1436278200000 17.325
1436278260000 17.33
1436278320000 17.345
1436278380000 17.33
1436278440000 17.355
1436278500000 17.35
1436278560000 17.34
1436278620000 17.36
1436278680000 17.36
1436278740000 17.35
1436278800000 17.31
1436278860000 17.33
1436278920000 17.3
1436278980000 17.275
1436279040000 17.31
1436279100000 17.32
1436279160000 17.34
1436279220000 17.34
1436279280000 17.33
1436279340000 17.31
1436279400000 17.34
1436279460000 17.32
1436279520000 17.34
1436279580000 17.35
1436279640000 17.36
1436279700000 17.31
1436279760000 17.325
1436279820000 17.325
1436279880000 17.31
1436279940000 17.36
1436280000000 17.36
1436280060000 17.37
1436280120000 17.4
1436280180000 17.4
1436280240000 17.43
1436280300000 17.44
1436280360000 17.43
1436280420000 17.43
1436280480000 17.45
1436280540000 17.42
1436280600000 17.44
1436280660000 17.42
1436280720000 17.43
1436280780000 17.46
1436280840000 17.455
1436280900000 17.47
1436280960000 17.49
1436281020000 17.51
1436281080000 17.55
1436281140000 17.57
1436281200000 17.55
1436281260000 17.56
1436281320000 17.53
1436281380000 17.49
1436281440000 17.5
1436281500000 17.51
1436281560000 17.48
1436281620000 17.46
