1436261400000 1.7
1436261580000 1.725
1436261640000 1.71
1436261700000 1.71
1436261760000 1.71
1436262000000 1.68
1436262060000 1.6791
1436262120000 1.67
1436262180000 1.67
1436262240000 1.67
1436262300000 1.67
1436262420000 1.67
1436262480000 1.68
1436262540000 1.68
1436262660000 1.6789
1436262720000 1.68
1436262780000 1.68
1436262840000 1.7
1436262960000 1.7
1436263020000 1.71
1436263080000 1.69
1436263260000 1.7
1436263320000 1.69
1436263380000 1.69
1436263440000 1.69
1436263560000 1.69
1436263620000 1.68
1436263680000 1.69
1436263740000 1.69
1436263800000 1.69
1436263920000 1.68
1436263980000 1.69
1436264040000 1.69
1436264160000 1.69
1436264220000 1.68
1436264280000 1.68
1436264340000 1.6819
1436264400000 1.69
1436264460000 1.69
1436264520000 1.68
1436264580000 1.69
1436264640000 1.69
1436264760000 1.69
1436264820000 1.69
1436264940000 1.69
1436265000000 1.68
1436265120000 1.685
1436265180000 1.68
1436265240000 1.69
1436265300000 1.68
1436265360000 1.68
1436265420000 1.68
1436265480000 1.68
1436265540000 1.68
1436265600000 1.68
1436265720000 1.69
1436265780000 1.68
1436265900000 1.68
1436265960000 1.68
1436266080000 1.68
1436266140000 1.68
1436266260000 1.685
1436266320000 1.69
1436266440000 1.69
1436266500000 1.69
1436266560000 1.68
1436266620000 1.685
1436266680000 1.69
1436266740000 1.685
1436266800000 1.685
1436266860000 1.69
1436266920000 1.68
1436266980000 1.68
1436267100000 1.685
1436267160000 1.685
1436267220000 1.685
1436267280000 1.685
1436267340000 1.685
1436267400000 1.685
1436267460000 1.685
1436267520000 1.69
1436267580000 1.685
1436267640000 1.685
1436267700000 1.69
1436267820000 1.68
1436267880000 1.685
1436267940000 1.685
1436268000000 1.69
1436268060000 1.685
1436268120000 1.685
1436268180000 1.685
1436268240000 1.6898
1436268300000 1.69
1436268360000 1.685
1436268420000 1.685
1436268540000 1.685
1436268600000 1.69
1436268720000 1.685
1436268780000 1.685
1436268900000 1.685
1436268960000 1.685
1436269020000 1.685
1436269080000 1.685
1436269140000 1.69
1436269200000 1.685
1436269260000 1.69
1436269320000 1.685
1436269380000 1.69
1436269440000 1.685
1436269500000 1.69
1436269560000 1.69
1436269620000 1.69
1436269680000 1.685
1436269800000 1.69
1436269920000 1.69
1436270040000 1.685
1436270160000 1.69
1436270220000 1.69
1436270340000 1.7
1436270400000 1.69
1436270460000 1.69
1436270520000 1.69
1436270640000 1.69
1436270700000 1.69
1436270760000 1.69
1436270820000 1.69
1436271060000 1.7
1436271120000 1.69
1436271180000 1.69
1436271240000 1.7
1436271360000 1.7
1436271480000 1.7
1436271540000 1.7
1436271600000 1.69
1436271660000 1.7
1436271720000 1.69
1436271780000 1.7
1436271840000 1.69
1436271960000 1.7
1436272020000 1.69
1436272080000 1.69
1436272140000 1.69
1436272200000 1.69
1436272380000 1.69
1436272500000 1.7
1436272560000 1.69
1436272620000 1.69
1436272680000 1.7
1436272740000 1.69
1436272800000 1.7
1436272920000 1.69
1436273040000 1.69
1436273100000 1.7
1436273160000 1.69
1436273220000 1.7
1436273340000 1.695
1436273520000 1.695
1436273640000 1.7
1436273760000 1.7
1436274000000 1.7
1436274120000 1.69
1436274180000 1.7
1436274240000 1.69
1436274300000 1.7
1436274420000 1.69
1436274480000 1.69
1436274720000 1.695
1436274780000 1.71
1436274900000 1.71
1436274960000 1.72
1436275140000 1.72
1436275260000 1.72
1436275320000 1.71
1436275380000 1.72
1436275440000 1.72
1436275500000 1.71
1436275560000 1.71
1436275620000 1.72
1436275680000 1.71
1436275740000 1.72
1436275800000 1.71
1436275920000 1.71
1436275980000 1.71
1436276040000 1.71
1436276100000 1.71
1436276160000 1.71
1436276280000 1.72
1436276400000 1.71
1436276460000 1.72
1436276580000 1.72
1436276640000 1.71
1436276700000 1.72
1436276820000 1.711
1436276880000 1.72
1436276940000 1.71
1436277000000 1.72
1436277120000 1.71
1436277180000 1.71
1436277240000 1.72
1436277360000 1.72
1436277420000 1.71
1436277480000 1.71
1436277540000 1.72
1436277600000 1.71
1436277660000 1.715
1436277720000 1.715
1436277780000 1.715
1436277840000 1.71
1436277900000 1.715
1436277960000 1.72
1436278020000 1.715
1436278080000 1.71
1436278140000 1.71
1436278200000 1.71
1436278260000 1.7095
1436278320000 1.7
1436278380000 1.71
1436278500000 1.7
1436278620000 1.7
1436278680000 1.7
1436278740000 1.71
1436278800000 1.7
1436278860000 1.69
1436278920000 1.69
1436278980000 1.69
1436279100000 1.69
1436279160000 1.69
1436279220000 1.69
1436279280000 1.69
1436279400000 1.69
1436279520000 1.69
1436279580000 1.69
1436279640000 1.69
1436279700000 1.69
1436279760000 1.69
1436279820000 1.69
1436279940000 1.69
1436280000000 1.691
1436280060000 1.69
1436280120000 1.69
1436280180000 1.69
1436280300000 1.69
1436280360000 1.69
1436280420000 1.69
1436280540000 1.69
1436280660000 1.69
1436280720000 1.69
1436280780000 1.69
1436280900000 1.69
1436280960000 1.6999
1436281020000 1.69
1436281080000 1.7
1436281140000 1.695
1436281200000 1.69
1436281260000 1.69
1436281320000 1.69
1436281380000 1.69
1436281440000 1.69
1436281500000 1.69
