1436261400000 46.0
1436261820000 46.29
1436261880000 45.9734
1436261940000 46.33
1436262000000 46.35
1436262180000 46.18
1436262300000 46.17
1436262360000 46.13
1436262540000 46.14
1436262600000 46.14
1436262720000 46.05
1436262780000 46.15
1436262840000 46.1
1436262960000 46.1136
1436263020000 45.89
1436263200000 45.76
1436263260000 45.6855
1436263440000 45.78
1436263560000 45.94
1436263620000 45.97
1436263680000 45.72
1436263980000 45.81
1436264100000 45.81
1436264280000 45.95
1436264340000 46.01
1436264400000 46.0
1436264460000 45.96
1436264580000 45.9799
1436264640000 45.96
1436264940000 45.87
1436265000000 45.87
1436265180000 45.788
1436265360000 45.58
1436265480000 45.4
1436265600000 45.25
1436265660000 45.39
1436265720000 45.22
1436265840000 45.18
1436265900000 45.15
1436265960000 45.26
1436266020000 45.45
1436266080000 45.44
1436266140000 45.54
1436266200000 45.588
1436266320000 45.64
1436266380000 45.7174
1436266440000 45.74
1436266560000 45.72
1436266800000 45.5
1436266860000 45.5
1436266920000 45.5
1436266980000 45.6
1436267040000 45.52
1436267100000 45.51
1436267160000 45.51
1436267220000 45.5
1436267280000 45.56
1436267340000 45.6108
1436267640000 45.71
1436267700000 45.6301
1436267820000 45.6
1436267880000 45.5
1436267940000 45.5
1436268060000 45.6101
1436268180000 45.5505
1436268240000 45.5
1436268300000 45.445
1436268360000 45.501
1436268540000 45.49
1436268660000 45.5304
1436268720000 45.5
1436268780000 45.49
1436268840000 45.5
1436268900000 45.59
1436268960000 45.54
1436269020000 45.55
1436269080000 45.66
1436269140000 45.75
1436269260000 45.7
1436269320000 45.74
1436269380000 45.83
1436269440000 45.8
1436269620000 45.625
1436269860000 45.61
1436269920000 45.51
1436269980000 45.5
1436270040000 45.69
1436270220000 45.95
1436270280000 45.92
1436270460000 45.77
1436270580000 45.85
1436270700000 45.79
1436270820000 45.75
1436270940000 45.66
1436271000000 45.69
1436271120000 45.5
1436271300000 45.58
1436271420000 45.53
1436271540000 45.66
1436271660000 45.59
1436271780000 45.53
1436271840000 45.5
1436271900000 45.57
1436271960000 45.57
1436272080000 45.58
1436272140000 45.51
1436272260000 45.65
1436272440000 45.702
1436272560000 45.71
1436273220000 45.97
1436273280000 45.9892
1436273340000 45.97
1436273460000 46.0
1436273640000 46.04
1436273880000 46.01
1436274000000 46.1
1436274120000 46.06
1436274180000 45.92
1436274240000 46.03
1436274300000 46.01
1436274360000 45.94
1436274420000 45.88
1436274480000 45.96
1436274540000 46.05
1436274720000 46.03
1436274780000 46.15
1436274840000 46.18
1436274900000 46.25
1436274960000 46.1
1436275020000 46.08
1436275200000 46.09
1436275260000 46.0749
1436275320000 45.97
1436275440000 46.15
1436275500000 46.03
1436275620000 45.96
1436275800000 46.0
1436276040000 46.01
1436276580000 46.03
1436276640000 46.09
1436276700000 46.11
1436276760000 46.05
1436276820000 46.06
1436276880000 46.01
1436277000000 45.9473
1436277120000 46.06
1436277180000 46.03
1436277540000 45.98
1436277600000 45.99
1436277660000 45.97
1436277720000 45.97
1436277780000 45.96
1436277840000 45.88
1436277900000 46.05
1436277960000 46.07
1436278020000 46.06
1436278080000 46.06
1436278140000 46.04
1436278200000 45.96
1436278260000 45.97
1436278440000 45.93
1436278500000 45.895
1436278560000 45.91
1436278620000 45.91
1436278740000 45.89
1436278920000 45.63
1436279100000 45.6
1436279220000 45.55
1436279280000 45.64
1436279340000 45.7087
1436279520000 45.82
1436279580000 45.82
1436279700000 45.87
1436279880000 45.83
1436280000000 45.89
1436280060000 45.98
1436280120000 45.84
1436280180000 45.9
1436280300000 45.97
1436280420000 46.07
1436280540000 46.1
1436280720000 46.0999
1436280780000 46.0657
1436281020000 46.08
1436281080000 46.13
1436281200000 46.29
1436281260000 46.25
1436281320000 46.21
1436281380000 46.1844
1436281440000 46.23
1436281500000 46.27
1436281560000 46.16
1436281620000 46.19
