1404705600000 17.3
1404792000000 17.09
1404878400000 16.94
1404964800000 16.41
1405051200000 16.38
1405310400000 16.39
1405396800000 15.79
1405483200000 15.82
1405569600000 15.69
1405656000000 16.2
1405915200000 15.88
1406001600000 16.18
1406088000000 15.91
1406174400000 15.6
1406260800000 15.61
1406520000000 15.3
1406606400000 15.59
1406692800000 17.6
1406779200000 17.91
1406865600000 18.41
1407124800000 19.0
1407211200000 18.98
1407297600000 19.05
1407384000000 18.99
1407470400000 19.0
1407729600000 19.9
1407816000000 20.51
1407902400000 20.31
1407988800000 20.41
1408075200000 20.56
1408334400000 21.18
1408420800000 21.25
1408507200000 20.59
1408593600000 21.02
1408680000000 20.85
1408939200000 21.2
1409025600000 21.3
1409112000000 21.05
1409198400000 21.16
1409284800000 21.17
1409630400000 20.98
1409716800000 21.18
1409803200000 21.03
1409889600000 21.03
1410148800000 21.25
1410235200000 21.15
1410321600000 21.51
1410408000000 21.64
1410494400000 20.77
1410753600000 20.59
1410840000000 21.31
1410926400000 21.0
1411012800000 21.08
1411099200000 20.975
1411358400000 20.36
1411444800000 20.3
1411531200000 20.3
1411617600000 20.23
1411704000000 20.42
1411963200000 20.65
1412049600000 20.23
1412136000000 20.32
1412222400000 20.83
1412308800000 20.88
1412568000000 20.53
1412654400000 21.82
1412740800000 22.84
1412827200000 22.84
1412913600000 23.38
1413172800000 22.64
1413259200000 24.08
1413345600000 24.03
1413432000000 24.075
1413518400000 23.9
1413777600000 24.0
1413864000000 24.17
1413950400000 23.94
1414036800000 24.08
1414123200000 24.48
1414382400000 24.11
1414468800000 25.43
1414555200000 25.53
1414641600000 25.94
1414728000000 25.77
1414990800000 25.59
1415077200000 25.92
1415163600000 25.92
1415250000000 27.37
1415336400000 27.21
1415595600000 27.03
1415682000000 26.27
1415768400000 26.34
1415854800000 26.11
1415941200000 25.63
1416200400000 25.5
1416286800000 25.31
1416373200000 25.93
1416459600000 25.99
1416546000000 25.98
1416805200000 26.2
1416891600000 25.43
1416978000000 25.98
1417150800000 26.55
1417410000000 25.24
1417496400000 25.41
1417582800000 24.86
1417669200000 25.6
1417755600000 25.59
1418014800000 25.46
1418101200000 27.28
1418187600000 28.47
1418274000000 28.77
1418360400000 28.86
1418619600000 29.93
1418706000000 28.86
1418792400000 35.52
1418878800000 36.48
1418965200000 36.37
1419224400000 36.54
1419310800000 36.5
1419397200000 36.78
1419570000000 36.93
1419829200000 37.05
1419915600000 37.05
1420002000000 37.06
1420174800000 36.6
1420434000000 36.75
1420520400000 36.68
1420606800000 36.75
1420693200000 36.73
1420779600000 36.71
1421038800000 36.76
1421125200000 36.8
1421211600000 36.75
1421298000000 36.71
1421384400000 37.01
1421730000000 36.7
1421816400000 36.75
1421902800000 36.8
1421989200000 36.78
1422248400000 36.75
1422334800000 36.75
1422421200000 36.75
1422507600000 37.07
1422594000000 36.9
1422853200000 36.74
1422939600000 36.77
1423026000000 36.75
1423112400000 36.72
1423198800000 36.69
1423458000000 36.73
1423544400000 36.73
1423630800000 36.7
1423717200000 36.67
1423803600000 36.72
1424149200000 36.7
1424235600000 36.77
1424322000000 36.66
1424408400000 36.69
1424667600000 36.79
1424754000000 36.75
1424840400000 36.72
1424926800000 36.72
1425013200000 36.7
1425272400000 36.72
1425358800000 36.7
1425445200000 36.68
1425531600000 36.68
1425618000000 36.68
1425873600000 36.72
1425960000000 36.68
1426046400000 36.67
1426132800000 36.7
1426219200000 36.74
1426478400000 36.74
