1436261400000 39.76
1436261460000 39.65
1436261520000 39.54
1436261580000 39.32
1436261640000 39.22
1436261700000 39.17
1436261820000 39.3
1436261880000 39.32
1436261940000 39.31
1436262000000 39.28
1436262060000 39.29
1436262120000 39.28
1436262180000 39.32
1436262240000 39.27
1436262300000 39.17
1436262480000 39.15
1436262540000 39.22
1436262660000 39.09
1436262720000 39.11
1436262780000 39.14
1436262840000 39.14
1436262900000 39.13
1436262960000 39.05
1436263020000 39.05
1436263080000 38.96
1436263140000 38.95
1436263260000 38.95
1436263380000 38.945
1436263440000 38.94
1436263500000 38.98
1436263560000 39.0
1436263620000 39.0
1436263680000 38.96
1436263740000 38.98
1436263800000 38.99
1436263860000 39.04
1436263920000 38.98
1436263980000 39.01
1436264040000 39.0
1436264100000 38.97
1436264280000 38.96
1436264340000 39.03
1436264400000 39.0
1436264460000 38.98
1436264580000 38.99
1436264640000 38.95
1436264700000 38.96
1436264760000 38.94
1436264820000 38.92
1436265000000 38.85
1436265120000 38.78
1436265180000 38.75
1436265300000 38.755
1436265360000 38.75
1436265420000 38.74
1436265540000 38.74
1436265660000 38.68
1436265720000 38.65
1436265840000 38.67
1436265900000 38.655
1436265960000 38.69
1436266020000 38.73
1436266080000 38.72
1436266140000 38.68
1436266200000 38.64
1436266260000 38.63
1436266320000 38.695
1436266380000 38.725
1436266440000 38.77
1436266500000 38.78
1436266560000 38.67
1436266620000 38.73
1436266680000 38.695
1436266740000 38.66
1436266800000 38.66
1436266920000 38.67
1436266980000 38.64
1436267100000 38.645
1436267160000 38.61
1436267220000 38.63
1436267280000 38.64
1436267400000 38.65
1436267520000 38.68
1436267580000 38.66
1436267640000 38.67
1436267700000 38.65
1436267760000 38.67
1436267880000 38.7
1436267940000 38.695
1436268000000 38.68
1436268060000 38.65
1436268120000 38.67
1436268180000 38.7
1436268240000 38.69
1436268300000 38.67
1436268360000 38.66
1436268420000 38.7
1436268480000 38.69
1436268540000 38.66
1436268600000 38.67
1436268660000 38.68
1436268780000 38.63
1436268840000 38.61
1436268900000 38.58
1436269020000 38.62
1436269080000 38.66
1436269140000 38.65
1436269200000 38.62
1436269260000 38.64
1436269320000 38.63
1436269440000 38.63
1436269500000 38.64
1436269560000 38.63
1436269680000 38.6
1436269860000 38.65
1436269920000 38.63
1436269980000 38.61
1436270160000 38.69
1436270220000 38.76
1436270280000 38.75
1436270400000 38.73
1436270520000 38.68
1436270580000 38.68
1436270700000 38.75
1436270820000 38.72
1436271000000 38.68
1436271060000 38.69
1436271120000 38.67
1436271300000 38.66
1436271360000 38.71
1436271420000 38.67
1436271540000 38.67
1436271600000 38.7
1436271720000 38.685
1436271780000 38.67
1436271840000 38.68
1436271900000 38.69
1436271960000 38.7
1436272020000 38.69
1436272080000 38.7
1436272140000 38.69
1436272200000 38.69
1436272260000 38.69
1436272320000 38.75
1436272500000 38.8
1436272560000 38.75
1436272680000 38.78
1436272740000 38.81
1436272800000 38.83
1436272860000 38.82
1436272920000 38.81
1436272980000 38.795
1436273100000 38.79
1436273160000 38.82
1436273220000 38.8
1436273400000 38.84
1436273460000 38.835
1436273580000 38.86
1436273640000 38.88
1436273760000 38.96
1436273820000 38.93
1436273880000 38.95
1436274000000 38.97
1436274120000 38.97
1436274180000 38.95
1436274240000 38.97
1436274300000 38.93
1436274360000 38.89
1436274420000 38.9
1436274480000 38.93
1436274540000 38.95
1436274600000 38.97
1436274660000 38.94
1436274720000 38.98
1436274780000 39.0
1436274840000 38.99
1436274900000 38.97
1436274960000 38.94
1436275020000 38.94
1436275080000 38.95
1436275140000 38.95
1436275200000 38.99
1436275260000 38.97
1436275380000 38.96
1436275440000 38.97
1436275500000 38.93
1436275560000 38.92
1436275620000 38.92
1436275680000 38.92
1436275860000 38.94
1436275920000 38.91
1436275980000 38.92
1436276040000 38.94
1436276160000 38.93
1436276220000 38.93
1436276280000 38.9
1436276340000 38.9
1436276400000 38.93
1436276460000 38.9
1436276520000 38.92
1436276580000 38.91
1436276640000 38.93
1436276700000 38.95
1436276760000 38.91
1436276820000 38.9
1436276880000 38.89
1436276940000 38.9
1436277000000 38.91
1436277060000 38.87
1436277120000 38.86
1436277180000 38.85
1436277300000 38.83
1436277420000 38.83
1436277480000 38.82
1436277540000 38.8
1436277600000 38.82
1436277720000 38.82
1436277780000 38.78
1436277900000 38.81
1436277960000 38.802
1436278020000 38.835
1436278080000 38.79
1436278140000 38.78
1436278200000 38.78
1436278260000 38.79
1436278320000 38.83
1436278440000 38.79
1436278500000 38.77
1436278560000 38.74
1436278620000 38.74
1436278680000 38.72
1436278740000 38.7
1436278860000 38.67
1436278980000 38.64
1436279040000 38.63
1436279100000 38.63
1436279160000 38.66
1436279280000 38.67
1436279340000 38.64
1436279400000 38.63
1436279460000 38.62
1436279520000 38.65
1436279580000 38.64
1436279640000 38.63
1436279700000 38.63
1436279760000 38.65
1436279820000 38.65
1436279880000 38.69
1436279940000 38.68
1436280000000 38.66
1436280060000 38.73
1436280120000 38.74
1436280180000 38.75
1436280240000 38.77
1436280300000 38.8
1436280360000 38.815
1436280420000 38.84
1436280480000 38.81
1436280540000 38.8
1436280600000 38.84
1436280660000 38.81
1436280720000 38.81
1436280780000 38.86
1436280840000 38.89
1436280900000 38.87
1436280960000 38.86
1436281020000 38.9
1436281080000 38.9
1436281140000 38.96
1436281200000 38.97
1436281260000 38.97
1436281320000 38.94
1436281380000 38.93
1436281440000 38.92
1436281500000 38.93
1436281560000 38.92
1436281620000 38.88
