1436261400000 5.71
1436261520000 5.67
1436261580000 5.67
1436261640000 5.68
1436261700000 5.68
1436261760000 5.6
1436261820000 5.6
1436261880000 5.63
1436262000000 5.615
1436262180000 5.63
1436262240000 5.64
1436262360000 5.625
1436262420000 5.63
1436262600000 5.62
1436262720000 5.61
1436262840000 5.6105
1436262960000 5.61
1436263080000 5.6261
1436263140000 5.58
1436263800000 5.59
1436263920000 5.61
1436264040000 5.6099
1436264100000 5.61
1436264220000 5.61
1436264280000 5.59
1436264640000 5.5956
1436264700000 5.59
1436264760000 5.57
1436264820000 5.49
1436264880000 5.5
1436264940000 5.5
1436265000000 5.4851
1436265060000 5.46
1436265120000 5.42
1436265180000 5.45
1436265240000 5.46
1436265300000 5.48
1436265360000 5.48
1436265420000 5.4201
1436265480000 5.4499
1436265540000 5.46
1436265600000 5.45
1436265660000 5.45
1436265720000 5.43
1436265960000 5.44
1436266020000 5.45
1436266080000 5.51
1436266200000 5.53
1436266380000 5.53
1436266440000 5.54
1436266740000 5.55
1436266800000 5.53
1436266860000 5.52
1436266920000 5.52
1436266980000 5.52
1436267100000 5.51
1436267160000 5.5
1436267280000 5.46
1436267340000 5.47
1436267400000 5.45
1436267460000 5.47
1436267520000 5.5
1436267580000 5.51
1436267640000 5.51
1436267700000 5.55
1436267820000 5.58
1436267880000 5.58
1436267940000 5.59
1436268000000 5.58
1436268120000 5.58
1436268240000 5.58
1436268480000 5.584
1436268540000 5.58
1436268780000 5.5759
1436268840000 5.565
1436268900000 5.54
1436269020000 5.54
1436269140000 5.55
1436269260000 5.59
1436269320000 5.59
1436269380000 5.59
1436269440000 5.59
1436269500000 5.59
1436269620000 5.58
1436269680000 5.58
1436269860000 5.57
1436270340000 5.55
1436270520000 5.55
1436270760000 5.57
1436270820000 5.59
1436271000000 5.58
1436271060000 5.58
1436271180000 5.58
1436271420000 5.5663
1436271540000 5.58
1436271600000 5.59
1436271660000 5.59
1436271720000 5.59
1436271840000 5.58
1436271900000 5.57
1436272020000 5.57
1436272080000 5.55
1436272140000 5.55
1436272200000 5.55
1436272260000 5.57
1436272320000 5.59
1436272380000 5.588
1436272440000 5.59
1436272500000 5.59
1436272560000 5.59
1436272620000 5.59
1436272740000 5.59
1436272980000 5.58
1436273160000 5.59
1436273220000 5.59
1436273280000 5.59
1436273400000 5.58
1436273520000 5.5619
1436273640000 5.56
1436273700000 5.56
1436273880000 5.59
1436274000000 5.59
1436274060000 5.59
1436274120000 5.59
1436274720000 5.59
1436274780000 5.59
1436274840000 5.58
1436274960000 5.57
1436275440000 5.5699
1436275800000 5.58
1436275860000 5.58
1436276220000 5.58
1436276280000 5.57
1436276640000 5.58
1436276700000 5.59
1436277000000 5.59
1436277120000 5.5818
1436277660000 5.59
1436277720000 5.59
1436277780000 5.59
1436277840000 5.5899
1436278020000 5.59
1436278200000 5.58
1436278260000 5.59
1436278320000 5.59
1436278380000 5.59
1436278680000 5.5946
1436278860000 5.58
1436278980000 5.59
1436279040000 5.59
1436279340000 5.58
1436279520000 5.59
1436279580000 5.59
1436279640000 5.58
1436279820000 5.58
1436279940000 5.59
1436280000000 5.59
1436280060000 5.59
1436280120000 5.59
1436280180000 5.59
1436280300000 5.59
1436280360000 5.59
1436280420000 5.59
1436280480000 5.59
1436280540000 5.59
1436280600000 5.59
1436280660000 5.59
1436280720000 5.59
1436280900000 5.59
1436280960000 5.59
1436281020000 5.59
1436281080000 5.59
1436281140000 5.65
1436281260000 5.66
1436281320000 5.65
1436281500000 5.66
1436281560000 5.64
