1404705600000 1.41
1404792000000 1.4077
1404878400000 1.42
1404964800000 1.41
1405310400000 1.3499
1405396800000 1.3
1405569600000 1.3
1405656000000 1.23
1405915200000 1.28
1406001600000 1.26
1406088000000 1.35
1406174400000 1.35
1406606400000 1.3
1406692800000 1.3501
1406779200000 1.32
1406865600000 1.2
1407124800000 1.26
1407211200000 1.2
1407297600000 1.21
1407384000000 1.21
1407470400000 1.18
1407729600000 1.2299
1407816000000 1.15
1407902400000 1.225
1407988800000 1.23
1408075200000 1.203
1408334400000 1.22
1408507200000 1.23
1408680000000 1.2
1408939200000 1.2
1409025600000 1.227
1409112000000 1.21
1409284800000 1.24
1409630400000 1.2021
1409889600000 1.24
1410148800000 1.2
1410235200000 1.2
1410321600000 1.17
1410408000000 1.18
1410494400000 1.19
1410753600000 1.19
1410840000000 1.21
1410926400000 1.23
1411012800000 1.2
1411099200000 1.27
1411358400000 1.25
1411444800000 1.27
1411531200000 1.24
1411704000000 1.3
1411963200000 1.21
1412049600000 1.196
1412136000000 1.19
1412222400000 1.64
1412308800000 1.275
1412568000000 1.25
1412654400000 1.29
1412740800000 1.27
1412827200000 1.26
1412913600000 1.221
1413172800000 1.28
1413259200000 1.28
1413345600000 1.2
1413432000000 1.24
1413518400000 1.24
1413777600000 1.24
1414036800000 1.2101
1414123200000 1.21
1414468800000 1.22
1414555200000 1.2
1414641600000 1.1916
1414728000000 1.15
1414990800000 1.16
1415077200000 1.17
1415163600000 1.16
1415250000000 1.14
1415336400000 1.16
1415595600000 1.18
1415682000000 1.21
1415768400000 1.22
1415854800000 1.2116
1415941200000 1.1999
1416200400000 1.21
1416286800000 1.2
1416373200000 1.21
1416459600000 1.2
1416546000000 1.2132
1416805200000 1.2401
1416891600000 1.24
1416978000000 1.27
1417150800000 1.2732
1417410000000 1.3
1417496400000 1.29
1417582800000 1.31
1417669200000 1.29
1417755600000 1.32
1418014800000 1.26
1418101200000 1.27
1418187600000 1.3
1418274000000 1.35
1418360400000 1.2964
1418619600000 1.3
1418706000000 1.38
1418792400000 1.32
1418878800000 1.38
1418965200000 1.28
1419224400000 1.3
1419310800000 1.31
1419397200000 1.31
1419570000000 1.34
1419829200000 1.33
1419915600000 1.35
1420002000000 1.32
1420174800000 1.32
1420434000000 1.33
1420520400000 1.33
1420606800000 1.37
1420693200000 1.39
1420779600000 1.34
1421038800000 1.39
1421125200000 1.36
1421211600000 1.37
1421298000000 1.3924
1421384400000 1.38
1421730000000 1.39
1421816400000 1.36
1421902800000 1.41
1421989200000 1.42
1422248400000 1.39
1422334800000 1.411
1422421200000 1.3999
1422507600000 1.4
1422594000000 1.42
1422939600000 1.3801
1423026000000 1.38
1423112400000 1.39
1423458000000 1.42
1423544400000 1.43
1423630800000 1.42
1423717200000 1.435
1423803600000 1.4
1424149200000 1.38
1424235600000 1.4096
1424322000000 1.41
1424408400000 1.48
1424667600000 1.4101
1424754000000 1.41
1424840400000 1.48
1424926800000 1.4107
1425013200000 1.41
1425272400000 1.41
1425358800000 1.45
1425445200000 1.45
1425531600000 1.5016
1425618000000 1.5
1425873600000 1.46
1425960000000 1.45
1426046400000 1.45
1426132800000 1.5
1426219200000 1.5
1426478400000 1.48
1426564800000 1.47
1426651200000 1.48
1426737600000 1.51
1426824000000 1.59
1427083200000 1.54
1427169600000 1.5599
1427256000000 1.49
1427342400000 1.5
1427428800000 1.49
1427688000000 1.49
1427774400000 1.49
1427860800000 1.49
1427947200000 1.46
1428292800000 1.49
1428379200000 1.5206
1428465600000 1.49
1428552000000 1.4901
1428638400000 1.49
1428897600000 1.3701
1428984000000 1.37
1429070400000 1.36
1429243200000 1.4
1429502400000 1.3232
1429588800000 1.33
1429675200000 1.31
1429761600000 1.35
1429848000000 1.3201
1430107200000 1.34
1430366400000 1.32
1430452800000 1.36
1430712000000 1.36
1430798400000 1.316
1430884800000 1.3
1430971200000 1.3
1431057600000 1.36
1431316800000 1.3
1431403200000 1.3
1431489600000 1.29
1431662400000 1.25
1431921600000 1.25
1432008000000 1.44
1432094400000 1.33
1432180800000 1.3038
1432267200000 1.42
1432612800000 1.35
1432785600000 1.3299
1432872000000 1.17
1433131200000 1.23
1433217600000 1.2428
1433390400000 1.1901
1433476800000 1.19
1433736000000 1.27
1433822400000 1.26
1433908800000 1.28
1433995200000 1.3
1434081600000 1.32
1434340800000 1.3
1434427200000 1.34
1434513600000 1.3
1434600000000 1.24
1434686400000 1.19
1434945600000 1.28
1435118400000 1.2235
1435204800000 1.33
1435636800000 1.16
1435723200000 1.12
1435809600000 1.1
