1436261400000 18.08
1436261520000 18.08
1436262120000 17.916
1436262360000 17.93
1436262960000 17.92
1436263260000 17.8583
1436263380000 17.8799
1436263500000 17.851
1436263860000 17.7825
1436263920000 17.77
1436264100000 17.75
1436264700000 17.71
1436264940000 17.67
1436265120000 17.66
1436265660000 17.59
1436265960000 17.571
1436267520000 17.6519
1436267580000 17.6644
1436268600000 17.61
1436268660000 17.63
1436270700000 17.761
1436271600000 17.7399
1436271840000 17.7136
1436272320000 17.77
1436272620000 17.79
1436274120000 17.92
1436274180000 17.9191
1436280180000 18.014
1436281080000 18.07
