1436261400000 43.81
1436262720000 43.6423
1436262780000 43.68
1436263020000 43.6
1436264100000 43.45
1436264280000 43.46
1436264520000 43.44
1436264820000 43.37
1436265180000 43.3318
1436265480000 43.25
1436265660000 43.2
1436266140000 43.2401
1436266200000 43.2614
1436266380000 43.3099
1436266500000 43.33
1436266620000 43.31
1436266740000 43.2801
1436268780000 43.1676
1436269200000 43.23
1436270160000 43.3601
1436270280000 43.405
1436270460000 43.3799
1436270820000 43.37
1436271240000 43.33
1436272680000 43.468
1436273400000 43.5501
1436273700000 43.5933
1436274120000 43.6
1436274240000 43.5968
1436274360000 43.5936
1436275200000 43.66
1436275500000 43.65
1436277540000 43.6945
1436278080000 43.7099
1436278740000 43.6518
1436279040000 43.61
1436280420000 43.9
