1436261400000 22.01
1436261520000 21.83
1436261580000 21.85
1436261640000 21.81
1436261700000 21.686
1436262000000 21.755
1436262060000 21.79
1436262120000 22.0
1436263080000 21.84
1436263440000 21.53
1436263560000 21.5
1436263800000 21.77
1436264280000 21.55
1436264520000 21.5
1436264580000 21.55
1436264640000 21.5
1436265000000 21.26
1436265180000 21.346
1436265240000 21.17
1436265420000 21.13
1436265480000 21.0
1436265540000 21.045
1436265660000 21.342
1436265720000 21.001
1436265780000 21.0
1436265840000 21.0
1436265900000 20.9
1436265960000 20.9
1436266020000 20.9
1436266080000 20.91
1436266200000 20.92
1436266260000 20.91
1436266320000 20.9
1436266440000 20.89
1436266560000 20.58
1436266620000 20.67
1436266800000 20.63
1436267340000 20.5
1436267460000 20.73
1436267520000 20.5
1436267580000 20.73
1436267760000 20.75
1436267820000 20.73
1436268060000 20.52
1436268120000 20.72
1436268240000 21.0
1436268960000 21.2
1436269200000 21.15
1436269320000 21.3
1436270040000 21.113
1436270100000 21.21
1436270520000 21.244
1436270940000 21.12
1436271000000 21.15
1436271060000 21.1693
1436271120000 21.1
1436271360000 21.02
1436271840000 21.062
1436272260000 21.14
1436272320000 21.1386
1436273040000 21.14
1436273160000 21.15
1436273220000 21.15
1436273280000 21.24
1436273940000 21.366
1436274000000 21.3
1436274060000 21.485
1436274120000 21.3
1436274240000 21.4
1436274420000 21.3343
1436274720000 21.4
1436274960000 21.45
1436275020000 21.5
1436275260000 21.5
1436277180000 21.77
1436277540000 21.6448
1436277720000 21.672
1436278140000 21.73
1436278260000 21.7273
1436279220000 21.77
1436279280000 21.77
1436279820000 21.7
1436280600000 21.77
