1436261400000 18.47
1436262060000 18.47
1436262180000 18.459
1436262240000 18.4301
1436262300000 18.4372
1436262600000 18.4105
1436263020000 18.43
1436263620000 18.4
1436264520000 18.39
1436264820000 18.36
1436265360000 18.32
1436265420000 18.3029
1436265480000 18.2916
1436265540000 18.28
1436265600000 18.28
1436265660000 18.28
1436265720000 18.2561
1436265840000 18.25
1436266140000 18.28
1436266200000 18.26
1436266260000 18.25
1436266500000 18.2999
1436266800000 18.28
1436266980000 18.2899
1436268600000 18.25
1436269020000 18.2453
1436269740000 18.26
1436270160000 18.28
1436270220000 18.28
1436270820000 18.3066
1436271600000 18.2927
1436271660000 18.3199
1436273220000 18.35
1436273460000 18.38
1436274180000 18.37
1436274360000 18.36
1436274660000 18.37
1436274720000 18.37
1436274780000 18.4
1436275200000 18.41
1436275560000 18.4128
1436275680000 18.4299
1436275800000 18.43
1436275920000 18.41
1436276340000 18.4009
1436276640000 18.42
1436276820000 18.45
1436277060000 18.39
1436277420000 18.39
1436277900000 18.4399
1436278260000 18.4396
1436278740000 18.41
1436279100000 18.37
1436279220000 18.38
1436279400000 18.3748
1436279760000 18.4099
1436279880000 18.39
1436281080000 18.5
1436281500000 18.49
