1405051200000 0.62
1405483200000 0.65
1405569600000 0.65
1405656000000 0.63
1406001600000 0.6736
1406088000000 0.66
1406174400000 0.69
1406260800000 0.65
1406520000000 0.645
1406692800000 0.645
1406779200000 0.645
1407124800000 0.65
1407297600000 0.6
1407384000000 0.6
1407902400000 0.6
1407988800000 0.65
1408075200000 0.61
1408334400000 0.63
1408420800000 0.61
1408507200000 0.6
1408593600000 0.61
1408680000000 0.6
1409025600000 0.6
1409112000000 0.56
1409198400000 0.62
1409284800000 0.72
1409630400000 0.78
1409716800000 0.8
1409803200000 0.88
1409889600000 0.89
1410148800000 0.88
1410235200000 0.881
1410321600000 0.896
1410408000000 0.9
1410494400000 0.91
1410753600000 0.91
1410840000000 0.9075
1410926400000 0.895
1411012800000 0.875
1411099200000 0.85
1411358400000 0.87
1411444800000 0.86
1411531200000 0.8601
1411617600000 0.84
1411704000000 0.8475
1411963200000 0.87
1412049600000 0.85
1412136000000 0.7903
1412222400000 0.88
