1436261400000 1.53
1436261520000 1.53
1436261580000 1.53
1436261640000 1.53
1436261700000 1.53
1436261760000 1.53
1436261820000 1.53
1436261880000 1.53
1436262060000 1.52
1436262360000 1.52
1436262480000 1.52
1436262540000 1.53
1436262840000 1.52
1436263020000 1.52
1436263140000 1.525
1436263200000 1.52
1436263260000 1.53
1436263440000 1.52
1436263500000 1.53
1436263560000 1.53
1436263620000 1.53
1436263860000 1.53
1436263920000 1.53
1436264100000 1.53
1436264160000 1.53
1436264280000 1.53
1436264520000 1.53
1436264880000 1.53
1436265000000 1.53
1436265060000 1.53
1436265240000 1.53
1436265300000 1.53
1436265360000 1.53
1436265540000 1.53
1436265780000 1.53
1436265960000 1.54
1436266020000 1.535
1436266260000 1.53
1436266680000 1.54
1436266800000 1.53
1436266860000 1.53
1436266920000 1.53
1436266980000 1.53
1436267040000 1.53
1436267520000 1.531
1436267580000 1.54
1436267640000 1.54
1436267700000 1.53
1436268120000 1.53
1436268660000 1.53
1436268840000 1.53
1436268900000 1.53
1436269020000 1.53
1436269080000 1.53
1436269200000 1.53
1436269260000 1.53
1436269440000 1.53
1436269500000 1.53
1436269560000 1.5399
1436269740000 1.53
1436269800000 1.53
1436269860000 1.53
1436269920000 1.53
1436269980000 1.53
1436270040000 1.53
1436270220000 1.54
1436270280000 1.545
1436270340000 1.55
1436270400000 1.54
1436270820000 1.53
1436270880000 1.53
1436270940000 1.53
1436271000000 1.54
1436271420000 1.53
1436271480000 1.53
1436271540000 1.53
1436271600000 1.53
1436271660000 1.53
1436271720000 1.53
1436271840000 1.53
1436272020000 1.53
1436272080000 1.53
1436272200000 1.54
1436272440000 1.54
1436272680000 1.53
1436273040000 1.54
1436273100000 1.54
1436273700000 1.54
1436273760000 1.54
1436274180000 1.54
1436274300000 1.55
1436274420000 1.54
1436274480000 1.54
1436274540000 1.54
1436274660000 1.55
1436275260000 1.54
1436275380000 1.54
1436275500000 1.53
1436275560000 1.53
1436275620000 1.54
1436275680000 1.52
1436276040000 1.5301
1436276100000 1.53
1436276160000 1.53
1436276220000 1.53
1436276280000 1.53
1436276340000 1.53
1436276400000 1.53
1436276460000 1.53
1436277000000 1.53
1436277120000 1.53
1436277180000 1.53
1436277240000 1.53
1436277360000 1.53
1436277420000 1.54
1436277780000 1.53
1436277900000 1.54
1436277960000 1.54
1436278080000 1.53
1436278260000 1.53
1436278320000 1.53
1436278800000 1.52
1436278860000 1.52
1436278920000 1.52
1436278980000 1.53
1436279100000 1.53
1436279160000 1.52
1436279760000 1.522
1436279820000 1.525
1436279940000 1.53
1436280000000 1.53
1436280180000 1.54
1436280240000 1.54
1436280540000 1.54
1436280720000 1.53
1436280780000 1.54
1436281080000 1.54
1436281200000 1.53
