1436261400000 27.23
1436261460000 27.29
1436261580000 27.29
1436261700000 27.13
1436261760000 27.29
1436261880000 27.26
1436261940000 27.122
1436262060000 27.46
1436262360000 27.3
1436262420000 27.29
1436262480000 27.29
1436262660000 27.21
1436262720000 27.29
1436262840000 27.17
1436262900000 27.285
1436262960000 27.27
1436263020000 27.25
1436263080000 27.12
1436263140000 27.17
1436263200000 27.16
1436263260000 27.03
1436263320000 27.13
1436263380000 27.3
1436263680000 27.23
1436263740000 27.15
1436263800000 27.24
1436263860000 27.1
1436263920000 27.21
1436263980000 27.14
1436264040000 27.245
1436264100000 27.1803
1436264160000 27.25
1436264220000 27.19
1436264280000 27.22
1436264340000 27.23
1436264520000 27.13
1436264580000 27.17
1436264640000 27.125
1436264700000 27.1
1436264760000 27.08
1436264820000 27.02
1436264880000 26.93
1436264940000 27.02
1436265000000 26.94
1436265060000 26.975
1436265180000 26.92
1436265240000 26.89
1436265300000 26.845
1436265360000 26.68
1436265420000 26.6
1436265480000 26.68
1436265540000 26.57
1436265600000 26.59
1436265660000 26.85
1436265720000 26.694
1436265780000 26.4
1436265900000 26.3601
1436265960000 26.52
1436266020000 26.5101
1436266080000 26.66
1436266140000 26.63
1436266380000 26.61
1436266440000 26.47
1436266500000 26.63
1436266560000 26.58
1436266620000 26.57
1436266680000 26.58
1436266740000 26.64
1436266800000 26.39
1436266860000 26.4
1436266920000 26.5
1436266980000 26.54
1436267040000 26.71
1436267100000 26.68
1436267160000 26.72
1436267220000 26.6
1436267280000 26.49
1436267340000 26.5
1436267400000 26.4
1436267460000 26.39
1436267520000 26.4
1436267580000 26.35
1436267640000 26.415
1436267760000 26.43
1436267880000 26.4
1436268000000 26.465
1436268120000 26.41
1436268240000 26.15
1436268360000 26.15
1436268420000 26.2
1436268480000 26.23
1436268540000 26.17
1436268600000 26.15
1436268660000 26.18
1436268720000 26.15
1436268780000 26.06
1436268840000 26.07
1436268900000 26.03
1436268960000 26.0
1436269020000 25.96
1436269080000 26.02
1436269140000 26.091
1436269200000 26.12
1436269260000 26.19
1436269380000 26.23
1436269440000 26.24
1436269500000 26.295
1436269560000 26.35
1436269740000 26.24
1436269800000 26.2954
1436269860000 26.27
1436270100000 26.17
1436270160000 26.14
1436270220000 26.28
1436270280000 26.265
1436270460000 26.22
1436270580000 26.17
1436270640000 26.14
1436270700000 26.22
1436270820000 26.14
1436270940000 26.27
1436271060000 26.2
1436271120000 26.19
1436271180000 26.21
1436271240000 26.27
1436271300000 26.15
1436271480000 26.15
1436271600000 26.17
1436271720000 26.23
1436271840000 26.22
1436271900000 26.24
1436271960000 26.2
1436272020000 26.183
1436272200000 26.21
1436272260000 26.2635
1436272320000 26.195
1436272380000 26.14
1436272440000 26.14
1436272500000 26.2
1436272560000 26.15
1436272620000 26.13
1436272680000 26.14
1436272800000 26.155
1436272920000 26.24
1436273160000 26.2
1436273220000 26.29
1436273280000 26.35
1436273340000 26.38
1436273640000 26.49
1436273760000 26.49
1436273820000 26.5
1436274120000 26.48
1436274180000 26.48
1436274420000 26.44
1436274480000 26.46
1436274600000 26.41
1436274660000 26.41
1436274720000 26.41
1436274960000 26.48
1436275020000 26.49
1436275080000 26.49
1436275140000 26.4
1436275200000 26.39
1436275260000 26.39
1436275440000 26.39
1436275500000 26.43
1436275680000 26.4
1436275920000 26.4
1436275980000 26.525
1436276040000 26.465
1436276220000 26.41
1436276280000 26.41
1436276400000 26.47
1436276520000 26.5
1436276640000 26.55
1436276700000 26.591
1436276940000 26.6
1436277000000 26.7
1436277060000 26.66
1436277120000 26.65
1436277180000 26.63
1436277300000 26.63
1436277360000 26.6
1436277420000 26.59
1436277480000 26.55
1436277540000 26.55
1436277840000 26.55
1436277960000 26.53
1436278020000 26.5877
1436278140000 26.56
1436278200000 26.55
1436278260000 26.55
1436278380000 26.56
1436278440000 26.61
1436278560000 26.56
1436278620000 26.53
1436278680000 26.5
1436278740000 26.45
1436278800000 26.47
1436278920000 26.39
1436278980000 26.32
1436279160000 26.26
1436279220000 26.31
1436279460000 26.34
1436279520000 26.26
1436279580000 26.26
1436279760000 26.2
1436279820000 26.2
1436279880000 26.167
1436280120000 26.37
1436280180000 26.4496
1436280300000 26.47
1436280420000 26.495
1436280540000 26.49
1436280600000 26.46
1436280660000 26.41
1436280720000 26.35
1436280780000 26.35
1436280840000 26.4
1436280900000 26.3908
1436281020000 26.405
1436281260000 26.58
1436281380000 26.49
1436281440000 26.5
1436281560000 26.47
1436281620000 26.48
