1436261580000 23.32
1436261640000 23.3
1436261700000 23.25
1436261760000 23.25
1436261820000 23.23
1436261880000 23.29
1436261940000 23.23
1436262000000 23.22
1436262060000 23.21
1436262120000 23.22
1436262180000 23.21
1436262240000 23.21
1436262300000 23.21
1436262360000 23.2
1436262420000 23.21
1436262480000 23.21
1436262540000 23.22
1436262600000 23.21
1436262660000 23.2
1436262720000 23.18
1436262780000 23.19
1436262840000 23.19
1436262900000 23.19
1436262960000 23.19
1436263020000 23.18
1436263080000 23.17
1436263140000 23.17
1436263200000 23.15
1436263260000 23.15
1436263320000 23.14
1436263380000 23.15
1436263440000 23.14
1436263500000 23.13
1436263560000 23.1
1436263620000 23.09
1436263680000 23.07
1436263740000 23.05
1436263800000 23.07
1436263860000 23.08
1436263920000 23.08
1436263980000 23.1
1436264820000 23.0968
1436265120000 23.1
1436265660000 23.0
1436265960000 23.0
1436266020000 23.0
1436266080000 23.01
1436266140000 23.02
1436266200000 23.02
1436266260000 23.01
1436266320000 23.0
1436266380000 23.0
1436266440000 23.0
1436266500000 23.0
1436266620000 23.0
1436266740000 23.0
1436266800000 23.0
1436267880000 22.9999
1436268180000 22.982
1436269020000 22.998
1436270040000 22.99
1436270220000 23.0
1436270280000 23.0
1436270340000 23.0
1436270400000 23.0
1436270460000 23.0
1436270520000 23.0
1436270580000 23.0
1436270640000 23.0
1436270700000 23.0
1436270760000 23.0
1436270820000 23.0
1436270880000 23.0
1436270940000 23.0
1436271000000 23.0
1436271060000 23.0
1436271120000 23.0
1436271180000 23.0
1436271240000 23.0
1436271300000 23.0
1436271360000 23.0
1436271420000 23.0
1436271480000 23.0
1436271540000 23.0
1436271600000 23.0
1436271660000 23.01
1436271720000 23.01
1436271780000 23.0
1436271840000 23.01
1436271900000 23.0
1436271960000 23.0
1436272020000 23.01
1436272080000 23.01
1436272140000 23.0
1436272200000 23.0
1436272260000 23.01
1436272320000 23.01
1436272380000 23.01
1436272440000 23.02
1436272500000 23.03
1436272560000 23.03
1436272620000 23.03
1436272680000 23.03
1436272740000 23.03
1436272800000 23.04
1436272860000 23.04
1436272920000 23.05
1436272980000 23.05
1436273040000 23.05
1436273100000 23.05
1436273160000 23.07
1436273220000 23.03
1436273280000 23.03
1436273340000 23.03
1436273400000 23.05
1436273460000 23.03
1436273520000 23.0
1436273580000 23.03
1436273640000 23.0
1436273700000 23.04
1436273760000 23.04
1436273820000 23.04
1436273880000 23.06
1436273940000 23.08
1436274240000 23.14
1436274300000 23.14
1436274780000 23.15
1436275980000 23.25
1436277900000 23.2844
1436279460000 23.2599
