1436261400000 2.03
1436261520000 2.0201
1436261820000 2.08
1436262600000 2.0796
1436262720000 2.0494
1436262900000 2.0457
1436262960000 2.061
1436263020000 2.04
1436263080000 2.04
1436263620000 2.05
1436263860000 2.06
1436263920000 2.079
1436263980000 2.09
1436264040000 2.1
1436264400000 2.11
1436264460000 2.111
1436264580000 2.1101
1436264880000 2.11
1436264940000 2.09
1436265420000 2.0936
1436265480000 2.0901
1436265600000 2.09
1436265780000 2.08
1436265840000 2.08
1436266080000 2.08
1436266500000 2.04
1436266800000 2.02
1436267040000 2.06
1436267220000 2.0201
1436267400000 2.046
1436267700000 2.05
1436267760000 2.03
1436268060000 2.03
1436268120000 2.02
1436268240000 2.01
1436268300000 2.0
1436268900000 2.0
1436268960000 2.0
1436269320000 2.0462
1436269500000 2.01
1436269740000 2.01
1436269800000 2.0
1436269920000 2.005
1436269980000 2.005
1436270160000 1.99
1436270220000 1.9991
1436270400000 1.99
1436270580000 1.99
1436270640000 1.99
1436270760000 1.99
1436270820000 1.99
1436272380000 1.97
1436272620000 1.9816
1436273400000 1.9612
1436273940000 1.96
1436274300000 1.97
1436274420000 1.97
1436274480000 1.97
1436274720000 1.975
1436274780000 1.9762
1436275080000 1.9788
1436275200000 1.96
1436275260000 1.95
1436275320000 1.95
1436275380000 1.96
1436275560000 1.965
1436275620000 1.965
1436275860000 1.95
1436276100000 1.95
1436276160000 1.95
1436276700000 1.95
1436277360000 1.9514
1436277480000 1.9517
1436277840000 1.95
1436277900000 1.95
1436277960000 1.95
1436278620000 1.955
1436279460000 1.955
1436279700000 1.95
1436280360000 1.9546
1436281080000 1.9539
1436281560000 1.95
