1436261400000 20.84
1436261640000 20.42
1436261700000 20.634
1436261760000 20.41
1436262000000 20.36
1436262060000 20.39
1436262120000 20.39
1436262300000 20.38
1436262420000 20.335
1436262480000 20.38
1436262540000 20.38
1436262600000 20.2601
1436262780000 20.36
1436262960000 20.35
1436263380000 20.363
1436263440000 20.32
1436263620000 20.28
1436263740000 20.2524
1436263920000 20.22
1436263980000 20.22
1436264460000 20.2299
1436264520000 20.23
1436264580000 20.19
1436264760000 20.19
1436264820000 20.18
1436264940000 20.1673
1436265060000 20.1
1436265120000 20.07
1436265540000 20.02
1436265600000 19.95
1436265660000 19.99
1436265900000 19.95
1436265960000 19.94
1436266020000 19.99
1436266200000 19.96
1436266440000 20.08
1436266620000 20.04
1436266680000 20.03
1436266920000 19.99
1436267100000 19.96
1436267280000 19.98
1436267340000 19.99
1436267400000 20.03
1436267640000 20.05
1436268000000 20.03
1436268060000 20.01
1436268120000 19.98
1436268240000 20.05
1436268480000 19.96
1436268720000 19.93
1436268780000 19.8659
1436268840000 19.8151
1436268900000 19.79
1436268960000 19.833
1436269020000 19.89
1436269080000 19.9604
1436269140000 19.97
1436269200000 20.01
1436269260000 20.06
1436269320000 20.07
1436269560000 20.1201
1436269620000 20.2
1436269800000 20.2
1436269920000 20.255
1436269980000 20.1801
1436270100000 20.29
1436270340000 20.29
1436270460000 20.23
1436270520000 20.23
1436270640000 20.33
1436270700000 20.27
1436270820000 20.24
1436271000000 20.235
1436271180000 20.2
1436271240000 20.19
1436271300000 20.22
1436271360000 20.22
1436271840000 20.245
1436271900000 20.25
1436272440000 20.336
1436272680000 20.3
1436272920000 20.41
1436273280000 20.463
1436273400000 20.42
1436273880000 20.51
1436274120000 20.525
1436274300000 20.56
1436274360000 20.48
1436274660000 20.51
1436274960000 20.52
1436275140000 20.43
1436275200000 20.48
1436275860000 20.48
1436275920000 20.495
1436276640000 20.53
1436276760000 20.535
1436276820000 20.52
1436277000000 20.5
1436277060000 20.48
1436277480000 20.44
1436277540000 20.37
1436277720000 20.4
1436277900000 20.4
1436278320000 20.45
1436278620000 20.41
1436278680000 20.4
1436278740000 20.38
1436278860000 20.33
1436278920000 20.291
1436279040000 20.3
1436280000000 20.41
1436280180000 20.49
1436280480000 20.549
1436280540000 20.5504
1436281020000 20.61
1436281080000 20.66
1436281140000 20.63
1436281200000 20.68
1436281260000 20.72
1436281320000 20.7
1436281380000 20.68
1436281500000 20.66
1436281560000 20.71
