1436261400000 103.22
1436261640000 102.33
1436261880000 102.72
1436262120000 102.25
1436262360000 102.535
1436262420000 102.52
1436262960000 102.79
1436263020000 102.86
1436263080000 102.82
1436263140000 102.6
1436263320000 102.78
1436263380000 103.005
1436263500000 103.31
1436263560000 103.3
1436263620000 103.23
1436263680000 102.62
1436263740000 102.76
1436263860000 103.06
1436263920000 102.88
1436264160000 102.83
1436264220000 102.81
1436264280000 103.08
1436264340000 103.06
1436264400000 103.08
1436264460000 103.11
1436264520000 103.12
1436264580000 103.29
1436264640000 103.26
1436264700000 103.3
1436264760000 103.21
1436264820000 103.22
1436264880000 103.2
1436265000000 103.0
1436265240000 102.69
1436265300000 103.05
1436265420000 102.78
1436265480000 102.44
1436265540000 101.8
1436265600000 101.93
1436265660000 101.12
1436265720000 100.42
1436265780000 100.66
1436265900000 100.42
1436265960000 100.57
1436266020000 101.04
1436266080000 101.28
1436266140000 101.35
1436266200000 101.85
1436266260000 101.39
1436266320000 100.91
1436266380000 101.48
1436266440000 101.49
1436266740000 101.97
1436266800000 101.27
1436266860000 101.7
1436267040000 101.61
1436267100000 101.58
1436267160000 101.31
1436267220000 101.02
1436267280000 100.7101
1436267460000 101.64
1436267520000 101.65
1436267700000 101.97
1436267820000 102.5
1436268060000 102.3
1436268240000 101.93
1436268300000 101.92
1436268360000 102.09
1436268420000 102.02
1436268480000 102.18
1436268540000 101.95
1436268600000 101.78
1436268780000 101.7
1436268840000 101.49
1436268960000 101.58
1436269020000 101.34
1436269080000 101.68
1436269140000 102.4
1436269200000 102.37
1436269260000 101.85
1436269320000 101.9
1436269440000 102.96
1436269500000 102.64
1436269560000 102.589
1436269680000 102.19
1436269740000 102.65
1436269860000 102.385
1436269920000 102.62
1436269980000 102.25
1436270040000 102.2
1436270100000 102.47
1436270160000 102.77
1436270220000 102.97
1436270520000 102.85
1436270700000 103.13
1436270760000 103.0
1436270820000 103.29
1436270880000 103.4
1436270940000 103.2
1436271000000 103.09
1436271060000 102.725
1436271180000 102.63
1436271420000 102.84
1436271480000 102.92
1436271540000 103.09
1436271600000 103.08
1436271660000 103.23
1436271720000 102.94
1436271780000 103.07
1436271840000 103.1
1436271900000 103.38
1436271960000 103.35
1436272020000 103.61
1436272140000 103.4
1436272200000 103.35
1436272260000 103.64
1436272380000 103.65
1436272500000 103.95
1436272560000 104.02
1436272620000 104.07
1436272740000 104.18
1436272800000 104.06
1436272860000 104.04
1436272920000 104.33
1436272980000 104.05
1436273040000 103.87
1436273160000 103.8
1436273220000 104.3
1436273340000 104.7649
1436273400000 104.67
1436273460000 104.77
1436273520000 104.64
1436273580000 104.49
1436273700000 104.59
1436273760000 104.65
1436273880000 104.74
1436273940000 104.68
1436274060000 104.446
1436274120000 104.54
1436274180000 104.1385
1436274240000 104.51
1436274300000 104.37
1436274360000 104.3001
1436274420000 104.29
1436274600000 104.5697
1436274660000 104.87
1436274780000 104.9
1436274840000 105.02
1436274900000 105.37
1436274960000 105.56
1436275020000 104.84
1436275080000 104.74
1436275200000 104.9
1436275260000 105.1
1436275320000 104.92
1436275380000 105.13
1436275440000 105.36
1436275560000 104.95
1436275680000 105.0
1436275800000 105.16
1436275860000 105.3
1436275920000 105.03
1436275980000 105.13
1436276040000 104.97
1436276100000 105.02
1436276160000 105.145
1436276220000 104.98
1436276280000 104.7
1436276400000 104.58
1436276460000 103.99
1436276520000 103.97
1436276580000 103.91
1436276640000 103.72
1436276700000 104.18
1436276760000 103.75
1436276820000 104.11
1436276880000 103.84
1436276940000 103.45
1436277000000 103.28
1436277060000 103.12
1436277120000 103.19
1436277240000 103.42
1436277360000 103.4051
1436277420000 103.42
1436277480000 103.4
1436277600000 103.23
1436277720000 103.22
1436277780000 103.2
1436277900000 103.16
1436277960000 103.28
1436278020000 103.25
1436278080000 103.35
1436278140000 103.61
1436278200000 103.99
1436278260000 103.5
1436278320000 103.27
1436278380000 103.42
1436278440000 103.2
1436278500000 103.15
1436278620000 103.17
1436278740000 103.19
1436278800000 103.08
1436278860000 103.03
1436278920000 103.15
1436278980000 103.27
1436279040000 103.17
1436279100000 103.392
1436279160000 103.25
1436279220000 102.84
1436279280000 103.15
1436279340000 102.89
1436279460000 102.66
1436279520000 102.68
1436279580000 102.86
1436279700000 102.9
1436279760000 103.33
1436279880000 103.47
1436280000000 103.48
1436280060000 103.53
1436280180000 104.02
1436280420000 104.71
1436280480000 103.99
1436280540000 104.63
1436280600000 104.39
1436280660000 103.86
1436280720000 104.35
1436280780000 104.4
1436280840000 104.57
1436280960000 104.19
1436281080000 104.26
1436281380000 104.7
1436281440000 104.72
1436281500000 104.99
1436281560000 104.68
1436281620000 104.72
