1436261400000 20.01
1436261580000 20.19
1436261640000 20.06
1436261700000 20.01
1436261760000 20.0
1436261880000 19.895
1436261940000 19.93
1436262000000 19.82
1436262060000 19.81
1436262180000 19.73
1436262300000 19.7154
1436262360000 19.6595
1436262600000 19.66
1436262660000 19.63
1436262720000 19.5872
1436262780000 19.595
1436262840000 19.58
1436262960000 19.54
1436263020000 19.54
1436263080000 19.544
1436263140000 19.55
1436263200000 19.5325
1436263260000 19.53
1436263560000 19.53
1436263620000 19.52
1436263680000 19.455
1436263800000 19.5
1436263860000 19.49
1436263980000 19.49
1436264100000 19.465
1436264220000 19.45
1436264280000 19.44
1436264580000 19.4605
1436264640000 19.42
1436264700000 19.42
1436264760000 19.4051
1436264820000 19.425
1436264880000 19.39
1436264940000 19.385
1436265000000 19.38
1436265060000 19.37
1436265180000 19.33
1436265480000 19.33
1436265540000 19.33
1436265600000 19.35
1436265720000 19.33
1436265780000 19.3
1436265900000 19.3
1436265960000 19.33
1436266020000 19.36
1436266080000 19.345
1436266380000 19.3775
1436266440000 19.4
1436266800000 19.37
1436266860000 19.35
1436267040000 19.35
1436267100000 19.34
1436267220000 19.33
1436267400000 19.365
1436267460000 19.345
1436267640000 19.33
1436267760000 19.34
1436267820000 19.355
1436267880000 19.355
1436268060000 19.345
1436268240000 19.345
1436268300000 19.335
1436268480000 19.35
1436268540000 19.345
1436268600000 19.345
1436268660000 19.33
1436268840000 19.345
1436269080000 19.33
1436269140000 19.335
1436269200000 19.32
1436269260000 19.35
1436269380000 19.38
1436269440000 19.42
1436269560000 19.4
1436269620000 19.38
1436269680000 19.37
1436269740000 19.37
1436269800000 19.42
1436269860000 19.48
1436269920000 19.46
1436269980000 19.46
1436270040000 19.49
1436270100000 19.52
1436270160000 19.54
1436270280000 19.6
1436270460000 19.56
1436270760000 19.56
1436271120000 19.5602
1436271180000 19.53
1436271300000 19.53
1436271540000 19.51
1436271720000 19.5
1436271840000 19.47
1436271960000 19.5
1436272080000 19.52
1436272140000 19.54
1436272260000 19.505
1436272320000 19.52
1436272500000 19.53
1436272680000 19.54
1436272740000 19.54
1436272800000 19.55
1436273160000 19.57
1436273220000 19.61
1436273460000 19.58
1436273520000 19.6
1436273700000 19.57
1436273880000 19.58
1436274240000 19.65
1436274360000 19.6
1436274480000 19.572
1436274540000 19.5501
1436274600000 19.575
1436274660000 19.6
1436274720000 19.605
1436274780000 19.605
1436274840000 19.64
1436274960000 19.63
1436275080000 19.6475
1436275140000 19.646
1436275440000 19.65
1436275560000 19.6855
1436275860000 19.6855
1436275920000 19.66
1436275980000 19.64
1436276100000 19.63
1436276280000 19.6382
1436276400000 19.62
1436276460000 19.6
1436276520000 19.62
1436276580000 19.62
1436276760000 19.6201
1436276820000 19.62
1436276880000 19.59
1436276940000 19.58
1436277000000 19.57
1436277180000 19.57
1436277240000 19.57
1436277300000 19.565
1436277480000 19.55
1436277900000 19.52
1436278020000 19.52
1436278080000 19.52
1436278200000 19.53
1436278260000 19.52
1436278620000 19.55
1436278680000 19.53
1436278740000 19.5
1436278920000 19.49
1436279160000 19.5199
1436279280000 19.5
1436279340000 19.51
1436279520000 19.53
1436279880000 19.515
1436279940000 19.52
1436280000000 19.52
1436280060000 19.53
1436280180000 19.53
1436280360000 19.55
1436280420000 19.56
1436280600000 19.56
1436280660000 19.555
1436280720000 19.555
1436280780000 19.555
1436280840000 19.57
1436280900000 19.585
1436281020000 19.585
1436281080000 19.59
1436281140000 19.6
1436281200000 19.62
1436281260000 19.61
1436281320000 19.61
1436281440000 19.6
1436281500000 19.58
1436281560000 19.54
