1436261400000 25.24
1436262060000 25.18
1436262180000 25.36
1436262240000 25.28
1436263680000 25.1
1436263920000 25.29
1436264040000 25.42
1436264220000 25.39
1436264280000 25.28
1436264340000 25.16
1436264400000 25.11
1436264460000 25.12
1436264580000 25.12
1436264760000 25.06
1436264820000 25.18
1436264940000 25.25
1436265180000 25.3
1436265240000 25.41
1436265360000 25.25
1436265540000 25.17
1436265960000 25.18
1436266080000 25.24
1436266980000 25.18
1436267880000 25.03
1436267940000 25.0201
1436268420000 25.328
1436268720000 25.21
1436268780000 25.19
1436268840000 25.14
1436268960000 25.17
1436269140000 25.08
1436273460000 25.23
1436273880000 25.2
1436274000000 25.24
1436274420000 25.25
1436275380000 25.24
1436275500000 25.28
1436275560000 25.34
1436275620000 25.33
1436275680000 25.26
1436275740000 25.21
1436275800000 25.23
1436275860000 25.25
1436275920000 25.26
1436275980000 25.29
1436276040000 25.25
1436280360000 25.06
1436280480000 25.25
1436280540000 25.16
1436280600000 25.05
1436280660000 25.21
1436280720000 25.25
1436280780000 25.16
1436280840000 25.18
1436280900000 25.18
1436280960000 25.15
1436281020000 25.22
1436281080000 25.25
1436281140000 25.24
