1436261400000 2.12
1436261580000 2.15
1436261700000 2.11
1436261760000 2.11
1436261820000 2.07
1436261880000 2.04
1436262000000 2.09
1436262060000 2.08
1436262180000 2.09
1436262360000 2.08
1436262420000 2.06
1436262660000 2.04
1436262720000 2.02
1436262780000 1.9906
1436262840000 2.0
1436263020000 2.01
1436263080000 1.98
1436263320000 1.98
1436263440000 1.99
1436263560000 1.99
1436263620000 1.985
1436263680000 2.0
1436263920000 2.02
1436263980000 2.03
1436264100000 2.05
1436264160000 2.07
1436264280000 2.0535
1436264340000 2.0599
1436264460000 2.06
1436264580000 2.06
1436264640000 2.055
1436264700000 2.09
1436264760000 2.08
1436264820000 2.0702
1436264880000 2.08
1436264940000 2.08
1436265000000 2.1
1436265060000 2.08
1436265120000 2.08
1436265240000 2.07
1436265360000 2.08
1436265420000 2.07
1436265540000 2.08
1436265600000 2.08
1436265660000 2.08
1436265720000 2.07
1436265780000 2.05
1436265840000 2.06
1436265900000 2.07
1436265960000 2.05
1436266020000 2.0401
1436266080000 2.05
1436266140000 2.05
1436266200000 2.0401
1436266260000 2.05
1436266320000 2.05
1436266440000 2.05
1436266560000 2.06
1436266620000 2.055
1436266680000 2.06
1436266740000 2.07
1436266920000 2.07
1436267040000 2.0699
1436267100000 2.07
1436267160000 2.07
1436267280000 2.09
1436267340000 2.09
1436267520000 2.09
1436267580000 2.09
1436267700000 2.08
1436267760000 2.09
1436267820000 2.09
1436267940000 2.08
1436268000000 2.1
1436268120000 2.1
1436268180000 2.1
1436268360000 2.1
1436268420000 2.1
1436268540000 2.095
1436268660000 2.1
1436268720000 2.1
1436268840000 2.1
1436268900000 2.1
1436269140000 2.1
1436269320000 2.1
1436269380000 2.11
1436269440000 2.15
1436269500000 2.15
1436269560000 2.15
1436269620000 2.16
1436269680000 2.16
1436269800000 2.1501
1436269860000 2.16
1436269920000 2.16
1436270040000 2.18
1436270160000 2.2
1436270400000 2.2
1436270460000 2.2
1436270520000 2.19
1436270580000 2.19
1436271000000 2.19
1436271060000 2.19
1436271120000 2.18
1436271360000 2.16
1436271540000 2.16
1436271720000 2.15
1436272200000 2.15
1436272320000 2.121
1436272380000 2.13
1436272440000 2.14
1436272560000 2.135
1436272800000 2.14
1436273160000 2.12
1436273340000 2.11
1436273520000 2.1
1436273880000 2.11
1436274000000 2.1276
1436274540000 2.12
1436274600000 2.13
1436274840000 2.13
1436274900000 2.13
1436275380000 2.15
1436275680000 2.15
1436276040000 2.1397
1436276100000 2.134
1436276160000 2.14
1436276760000 2.14
1436276820000 2.14
1436276880000 2.14
1436276940000 2.14
1436277060000 2.14
1436277180000 2.13
1436277240000 2.13
1436277300000 2.13
1436277360000 2.13
1436277480000 2.13
1436277600000 2.12
1436277720000 2.12
1436277780000 2.12
1436277840000 2.14
1436277900000 2.12
1436277960000 2.12
1436278020000 2.12
1436278140000 2.11
1436278200000 2.11
1436278260000 2.11
1436278320000 2.11
1436278380000 2.11
1436278440000 2.11
1436278500000 2.11
1436278560000 2.11
1436278620000 2.12
1436278680000 2.11
1436279340000 2.12
1436279520000 2.115
1436279640000 2.12
1436279760000 2.12
1436280000000 2.12
1436280060000 2.13
1436280240000 2.13
1436280360000 2.12
1436280420000 2.13
1436280480000 2.15
1436280600000 2.16
1436280660000 2.16
1436280840000 2.16
1436280960000 2.16
1436281200000 2.15
1436281260000 2.1599
1436281440000 2.16
1436281560000 2.16
