1436261400000 1.46
1436261460000 1.4
1436261520000 1.38
1436261640000 1.34
1436261700000 1.34
1436261760000 1.33
1436261820000 1.3401
1436262120000 1.3288
1436262180000 1.3496
1436262240000 1.3496
1436262300000 1.3501
1436262420000 1.35
1436262480000 1.3572
1436262600000 1.35
1436262660000 1.35
1436263020000 1.35
1436263260000 1.3409
1436264220000 1.33
1436264400000 1.32
1436264640000 1.32
1436264700000 1.32
1436264760000 1.3
1436264880000 1.3001
1436264940000 1.29
1436265000000 1.302
1436265060000 1.3
1436265120000 1.28
1436265180000 1.28
1436265300000 1.29
1436265420000 1.2805
1436265540000 1.2652
1436265600000 1.27
1436265780000 1.26
1436266020000 1.26
1436266080000 1.2628
1436266440000 1.28
1436266680000 1.2765
1436266980000 1.2744
1436267100000 1.2624
1436267340000 1.26
1436267880000 1.27
1436267940000 1.27
1436268000000 1.27
1436268240000 1.26
1436268420000 1.27
1436268480000 1.28
1436268660000 1.2868
1436268720000 1.28
1436268780000 1.28
1436268840000 1.3
1436269380000 1.299
1436269860000 1.281
1436270220000 1.3
1436270760000 1.29
1436270820000 1.34
1436271060000 1.3
1436271660000 1.3
1436271780000 1.298
1436271840000 1.29
1436272140000 1.28
1436272260000 1.3
1436272320000 1.28
1436272440000 1.27
1436272680000 1.2916
1436272740000 1.29
1436272860000 1.29
1436272920000 1.27
1436273100000 1.27
1436273160000 1.29
1436273520000 1.27
1436273700000 1.29
1436274120000 1.29
1436274720000 1.2899
1436274840000 1.27
1436275080000 1.27
1436275200000 1.28
1436275980000 1.28
1436276100000 1.29
1436276400000 1.28
1436276580000 1.28
1436277060000 1.3
1436277300000 1.28
1436277540000 1.2845
1436277600000 1.2728
1436277660000 1.27
1436277720000 1.26
1436277840000 1.27
1436277900000 1.2753
1436278020000 1.2878
1436278440000 1.2896
1436278560000 1.28
1436278680000 1.2854
1436278800000 1.28
1436278860000 1.28
1436278920000 1.28
1436278980000 1.2807
1436279160000 1.2807
1436279220000 1.2814
1436279340000 1.2807
1436279400000 1.2899
1436279460000 1.29
1436279520000 1.2816
1436279640000 1.2997
1436279940000 1.2996
1436280240000 1.3
1436280300000 1.3
1436280360000 1.3
1436280420000 1.3
1436280600000 1.2999
1436280660000 1.3
1436281260000 1.33
1436281320000 1.3502
1436281500000 1.35
1436281620000 1.34
