1436261400000 198.97
1436261460000 197.03
1436261520000 198.485
1436261580000 198.48
1436261640000 199.52
1436261700000 199.05
1436261760000 198.9
1436261820000 198.72
1436261880000 198.42
1436261940000 199.939
1436262000000 199.469
1436262060000 199.01
1436262120000 198.98
1436262180000 199.011
1436262240000 199.24
1436262300000 199.0455
1436262360000 199.01
1436262420000 198.99
1436262480000 199.5
1436262540000 199.15
1436262600000 197.66
1436262660000 197.75
1436262720000 198.265
1436262780000 200.0
1436262840000 199.925
1436262900000 199.51
1436262960000 199.0
1436263020000 199.18
1436263080000 198.2551
1436263140000 198.425
1436263200000 198.89
1436263260000 198.99
1436263320000 198.99
1436263380000 199.15
1436263440000 199.31
1436263500000 198.46
1436263560000 198.31
1436263620000 198.755
1436263680000 198.605
1436263740000 198.88
1436263800000 198.36
1436263860000 199.055
1436263920000 198.8
1436263980000 198.49
1436264040000 197.9
1436264100000 197.53
1436264160000 196.73
1436264220000 197.5
1436264280000 197.56
1436264340000 197.5
1436264400000 197.5
1436264460000 197.32
1436264520000 197.503
1436264640000 197.5
1436264700000 197.29
1436264760000 196.81
1436264820000 196.3302
1436264880000 195.2308
1436264940000 195.523
1436265000000 195.13
1436265060000 195.25
1436265120000 195.7398
1436265180000 195.77
1436265240000 196.05
1436265300000 195.7444
1436265360000 195.0
1436265420000 195.05
1436265480000 194.55
1436265540000 194.504
1436265600000 193.1976
1436265660000 193.27
1436265720000 192.32
1436265780000 192.4892
1436265840000 192.06
1436265900000 192.57
1436265960000 193.0999
1436266020000 193.9
1436266080000 193.8732
1436266140000 193.25
1436266200000 193.2301
1436266260000 192.56
1436266320000 193.7
1436266380000 193.66
1436266440000 193.68
1436266500000 194.05
1436266560000 193.26
1436266620000 193.72
1436266680000 193.9833
1436266740000 193.77
1436266800000 193.459
1436266860000 193.52
1436266920000 193.7942
1436266980000 193.76
1436267040000 193.77
1436267100000 194.13
1436267220000 194.508
1436267280000 194.64
1436267340000 194.07
1436267400000 194.16
1436267460000 194.05
1436267520000 194.17
1436267580000 194.2
1436267700000 194.245
1436267760000 194.0
1436267820000 194.5
1436267880000 194.735
1436267940000 194.75
1436268000000 195.0
1436268060000 194.9098
1436268120000 195.0
1436268180000 195.0
1436268240000 195.02
1436268300000 195.43
1436268360000 195.38
1436268420000 195.32
1436268480000 195.385
1436268540000 195.29
1436268600000 195.22
1436268660000 195.5
1436268720000 195.55
1436268780000 195.61
1436268840000 195.01
1436268960000 194.69
1436269080000 195.18
1436269140000 195.09
1436269260000 194.96
1436269320000 195.14
1436269380000 195.703
1436269440000 195.1
1436269500000 195.22
1436269560000 195.44
1436269620000 195.11
1436269740000 194.5
1436269860000 194.4648
1436269920000 194.085
1436269980000 194.08
1436270100000 194.03
1436270160000 194.47
1436270220000 194.93
1436270280000 194.99
1436270340000 195.0
1436270400000 195.04
1436270460000 194.77
1436270580000 194.78
1436270640000 195.0
1436270700000 194.97
1436270820000 194.75
1436270940000 194.6
1436271060000 194.4
1436271120000 194.14
1436271180000 194.24
1436271240000 194.29
1436271300000 194.49
1436271360000 194.1101
1436271480000 194.97
1436271540000 194.97
1436271600000 194.74
1436271660000 194.97
1436271720000 195.08
1436271780000 194.92
1436271840000 194.93
1436271900000 194.9349
1436271960000 194.6245
1436272020000 194.507
1436272080000 194.5
1436272140000 194.82
1436272200000 194.69
1436272260000 194.58
1436272320000 194.69
1436272380000 194.9399
1436272440000 195.215
1436272500000 195.01
1436272560000 194.43
1436272620000 195.45
1436272680000 195.01
1436272800000 195.22
1436272860000 195.29
1436272920000 195.15
1436272980000 195.26
1436273040000 195.1
1436273100000 195.48
1436273160000 195.63
1436273220000 195.84
1436273280000 195.7201
1436273340000 195.95
1436273400000 195.95
1436273460000 195.64
1436273520000 195.78
1436273640000 195.75
1436273700000 195.89
1436273760000 195.84
1436273820000 195.89
1436273880000 195.84
1436273940000 195.8468
1436274000000 195.84
1436274060000 195.84
1436274120000 195.72
1436274180000 195.32
1436274360000 195.51
1436274420000 195.92
1436274480000 195.58
1436274540000 195.82
1436274600000 196.0
1436274660000 196.08
1436274720000 196.42
1436274780000 196.9999
1436274840000 196.58
1436274900000 196.45
1436274960000 196.4782
1436275020000 195.9304
1436275080000 196.0999
1436275140000 195.72
1436275200000 195.77
1436275320000 195.88
1436275380000 196.11
1436275440000 196.68
1436275500000 196.79
1436275560000 196.15
1436275800000 196.37
1436275860000 196.6948
1436275920000 196.1701
1436275980000 196.4
1436276040000 196.77
1436276100000 196.885
1436276280000 196.76
1436276340000 196.76
1436276400000 196.59
1436276520000 196.49
1436276580000 196.8
1436276640000 196.8455
1436276700000 196.84
1436276820000 196.72
1436276880000 196.57
1436277000000 196.53
1436277120000 196.405
1436277180000 196.82
1436277240000 196.96
1436277300000 196.71
1436277360000 196.59
1436277420000 196.63
1436277480000 196.82
1436277540000 196.6
1436277600000 196.84
1436277720000 196.61
1436277900000 196.84
1436278020000 196.85
1436278080000 196.855
1436278140000 196.7
1436278200000 196.4051
1436278380000 196.45
1436278440000 196.6
1436278620000 196.1614
1436278680000 196.16
1436278740000 195.1311
1436278800000 195.23
1436278860000 195.04
1436278920000 194.61
1436278980000 194.381
1436279040000 194.495
1436279100000 195.67
1436279160000 195.8
1436279220000 196.055
1436279280000 195.875
1436279340000 196.045
1436279520000 196.1228
1436279580000 196.6289
1436279700000 196.6054
1436279760000 196.5
1436279820000 196.5
1436279880000 196.34
1436279940000 196.955
1436280000000 197.35
1436280060000 197.435
1436280120000 198.0
1436280180000 197.9419
1436280300000 197.84
1436280360000 197.85
1436280420000 198.29
1436280480000 198.88
1436280540000 198.68
1436280600000 198.45
1436280660000 198.2
1436280720000 198.115
1436280780000 197.5901
1436280840000 198.0232
1436280900000 197.755
1436280960000 197.8599
1436281020000 197.68
1436281080000 197.68
1436281140000 198.25
1436281200000 198.07
1436281260000 198.09
1436281320000 198.299
1436281380000 197.71
1436281440000 198.0
1436281500000 198.01
1436281560000 198.0
1436281620000 198.105
