1436261400000 13.64
1436261760000 13.64
1436261820000 13.63
1436261880000 13.65
1436263200000 13.5
1436263260000 13.56
1436264040000 13.55
1436265240000 13.5
1436265300000 13.5
1436265360000 13.5
1436265540000 13.5
1436265600000 13.5
1436265660000 13.46
1436265960000 13.455
1436266140000 13.48
1436266560000 13.5
1436266980000 13.49
1436267160000 13.47
1436267220000 13.48
1436267280000 13.5
1436267340000 13.5
1436267520000 13.5
1436267580000 13.5
1436267640000 13.54
1436267700000 13.53
1436267940000 13.57
1436268420000 13.54
1436268540000 13.54
1436268720000 13.54
1436271240000 13.56
1436271300000 13.55
1436271360000 13.56
1436271420000 13.56
1436272080000 13.57
1436272320000 13.56
1436272380000 13.56
1436273640000 13.57
1436273880000 13.58
1436274000000 13.57
1436274060000 13.57
1436274120000 13.57
1436275380000 13.57
1436275740000 13.55
1436276640000 13.58
1436276760000 13.57
1436276880000 13.57
1436277900000 13.57
1436277960000 13.58
1436278260000 13.57
1436278440000 13.58
1436278860000 13.56
1436278980000 13.58
1436279220000 13.58
1436279280000 13.57
1436280060000 13.58
1436280120000 13.57
1436280180000 13.58
1436280540000 13.62
1436280600000 13.62
1436281440000 13.63
