1436261400000 6.45
1436261460000 6.4009
1436261580000 6.42
1436261700000 6.36
1436261760000 6.29
1436261940000 6.2681
1436262000000 6.31
1436262120000 6.34
1436262180000 6.34
1436262300000 6.34
1436262660000 6.34
1436262720000 6.33
1436263020000 6.36
1436263080000 6.36
1436263560000 6.36
1436263620000 6.35
1436264040000 6.36
1436264220000 6.33
1436264280000 6.33
1436264700000 6.33
1436264820000 6.31
1436264940000 6.3
1436265240000 6.3
1436265660000 6.3
1436266260000 6.31
1436266380000 6.28
1436266440000 6.29
1436266920000 6.31
1436267160000 6.28
1436267280000 6.3
1436267520000 6.32
1436267640000 6.3249
1436267700000 6.33
1436267760000 6.31
1436267940000 6.33
1436268060000 6.32
1436268240000 6.33
1436268300000 6.32
1436268480000 6.31
1436268540000 6.33
1436268660000 6.32
1436268840000 6.3
1436268900000 6.28
1436269200000 6.3
1436269320000 6.32
1436269380000 6.33
1436270100000 6.34
1436270160000 6.36
1436270220000 6.39
1436270280000 6.37
1436271540000 6.36
1436271960000 6.35
1436272260000 6.36
1436272320000 6.36
1436272380000 6.37
1436272740000 6.38
1436274240000 6.4
1436274360000 6.38
1436274540000 6.39
1436274660000 6.39
1436274720000 6.4
1436274780000 6.4
1436274960000 6.4
1436275680000 6.39
1436276460000 6.39
1436276700000 6.39
1436276880000 6.41
1436276940000 6.41
1436277060000 6.41
1436277180000 6.4
1436277240000 6.38
1436277420000 6.375
1436277480000 6.37
1436277540000 6.36
1436277600000 6.36
1436277660000 6.35
1436277720000 6.35
1436277780000 6.35
1436277840000 6.35
1436277900000 6.35
1436277960000 6.35
1436278020000 6.35
1436278080000 6.33
1436278140000 6.3001
1436278200000 6.3101
1436278260000 6.3101
1436278320000 6.32
1436278380000 6.3101
1436278440000 6.31
1436278500000 6.3
1436278620000 6.29
1436278680000 6.25
1436278740000 6.24
1436278980000 6.25
1436279160000 6.25
1436279220000 6.22
1436279280000 6.19
1436279520000 6.21
1436279700000 6.2099
1436279880000 6.23
1436279940000 6.2
1436280000000 6.23
1436280060000 6.24
1436280120000 6.24
1436280180000 6.25
1436280240000 6.2776
1436280420000 6.28
1436280480000 6.3
1436280540000 6.29
1436281020000 6.28
1436281080000 6.29
1436281140000 6.3
1436281320000 6.29
1436281440000 6.29
1436281620000 6.295
1436281680000 6.2994
