1436261400000 20.75
1436261640000 20.605
1436261700000 20.55
1436261760000 20.58
1436261880000 20.5
1436261940000 20.45
1436262060000 20.44
1436262180000 20.5
1436262240000 20.46
1436262300000 20.5
1436262360000 20.48
1436262420000 20.5098
1436262480000 20.51
1436262540000 20.52
1436262600000 20.48
1436262660000 20.47
1436262720000 20.46
1436262780000 20.46
1436262840000 20.45
1436262900000 20.39
1436263020000 20.39
1436263080000 20.37
1436263140000 20.27
1436263260000 20.27
1436263320000 20.29
1436263380000 20.28
1436263500000 20.24
1436263560000 20.24
1436263620000 20.24
1436263680000 20.22
1436263860000 20.24
1436263920000 20.24
1436263980000 20.18
1436264040000 20.17
1436264100000 20.16
1436264160000 20.1
1436264220000 20.0666
1436264280000 20.12
1436264340000 20.13
1436264460000 20.09
1436264520000 20.02
1436264580000 20.13
1436264640000 20.11
1436264700000 20.15
1436264760000 20.08
1436264820000 20.055
1436264880000 20.05
1436265000000 20.05
1436265060000 20.07
1436265120000 20.0383
1436265240000 20.02
1436265300000 20.05
1436265360000 20.06
1436265420000 20.05
1436265480000 20.0501
1436265540000 20.05
1436265600000 20.04
1436265660000 20.01
1436265720000 20.02
1436265780000 20.01
1436265840000 19.95
1436265900000 19.93
1436265960000 19.94
1436266020000 20.03
1436266080000 20.04
1436266140000 20.04
1436266200000 20.04
1436266320000 20.04
1436266380000 20.09
1436266440000 20.06
1436266500000 20.06
1436266620000 20.035
1436266680000 20.07
1436266740000 20.06
1436266800000 20.05
1436266860000 20.0457
1436266920000 20.07
1436267040000 20.04
1436267100000 20.05
1436267160000 20.03
1436267280000 20.06
1436267340000 20.07
1436267400000 20.05
1436267460000 20.11
1436267520000 20.14
1436267580000 20.0965
1436267640000 20.08
1436267700000 20.08
1436267760000 20.1116
1436267820000 20.11
1436267880000 20.1
1436267940000 20.1
1436268000000 20.11
1436268060000 20.1
1436268120000 20.06
1436268180000 20.05
1436268240000 20.1049
1436268360000 20.1
1436268420000 20.08
1436268480000 20.085
1436268540000 20.04
1436268660000 20.055
1436268840000 20.045
1436268900000 19.98
1436268960000 19.99
1436269020000 19.99
1436269140000 20.0
1436269200000 20.02
1436269260000 20.0
1436269320000 20.01
1436269380000 20.04
1436269440000 20.065
1436269560000 20.07
1436269620000 20.07
1436269680000 20.07
1436269740000 20.06
1436269800000 20.08
1436269860000 20.0644
1436269920000 20.065
1436269980000 20.0686
1436270040000 20.0864
1436270100000 20.11
1436270160000 20.12
1436270220000 20.15
1436270280000 20.12
1436270340000 20.11
1436270400000 20.1
1436270460000 20.08
1436270580000 20.085
1436270640000 20.1121
1436270700000 20.14
1436270940000 20.11
1436271000000 20.1
1436271060000 20.0988
1436271120000 20.09
1436271300000 20.1
1436271360000 20.11
1436271420000 20.08
1436271540000 20.09
1436271600000 20.11
1436271660000 20.12
1436271780000 20.12
1436271900000 20.11
1436271960000 20.13
1436272200000 20.1
1436272260000 20.12
1436272320000 20.13
1436272500000 20.12
1436272560000 20.13
1436272620000 20.12
1436272680000 20.11
1436272740000 20.125
1436272920000 20.12
1436273040000 20.12
1436273100000 20.12
1436273220000 20.14
1436273280000 20.14
1436273340000 20.13
1436273400000 20.155
1436273460000 20.15
1436273640000 20.15
1436273700000 20.15
1436273820000 20.2
1436273880000 20.2
1436274000000 20.25
1436274120000 20.27
1436274180000 20.243
1436274240000 20.26
1436274300000 20.265
1436274360000 20.25
1436274480000 20.25
1436274540000 20.28
1436274600000 20.28
1436274660000 20.3
1436274720000 20.305
1436274780000 20.31
1436274840000 20.3
1436274900000 20.33
1436275140000 20.2701
1436275200000 20.28
1436275320000 20.29
1436275380000 20.31
1436275560000 20.34
1436275740000 20.34
1436275800000 20.33
1436275860000 20.33
1436275980000 20.305
1436276040000 20.3
1436276160000 20.34
1436276220000 20.3189
1436276280000 20.34
1436276340000 20.32
1436276400000 20.315
1436276520000 20.29
1436276580000 20.285
1436276640000 20.285
1436276700000 20.31
1436276820000 20.32
1436276880000 20.31
1436276940000 20.3
1436277000000 20.32
1436277060000 20.3
1436277120000 20.31
1436277180000 20.32
1436277300000 20.3
1436277360000 20.28
1436277420000 20.28
1436277480000 20.28
1436277540000 20.25
1436277600000 20.24
1436277660000 20.25
1436277780000 20.245
1436277840000 20.2
1436277960000 20.22
1436278020000 20.21
1436278080000 20.22
1436278140000 20.22
1436278200000 20.25
1436278320000 20.28
1436278440000 20.28
1436278500000 20.29
1436278680000 20.26
1436278740000 20.24
1436278800000 20.2281
1436278860000 20.215
1436278920000 20.18
1436278980000 20.16
1436279040000 20.21
1436279100000 20.19
1436279160000 20.21
1436279220000 20.21
1436279280000 20.21
1436279340000 20.23
1436279400000 20.2
1436279460000 20.2
1436279520000 20.19
1436279580000 20.22
1436279640000 20.23
1436279700000 20.23
1436279760000 20.24
1436279820000 20.26
1436279880000 20.26
1436279940000 20.26
1436280000000 20.277
1436280060000 20.29
1436280120000 20.33
1436280180000 20.33
1436280300000 20.32
1436280360000 20.33
1436280420000 20.35
1436280480000 20.36
1436280660000 20.35
1436280720000 20.3466
1436280780000 20.36
1436280840000 20.3668
1436280900000 20.36
1436280960000 20.34
1436281020000 20.36
1436281080000 20.35
1436281140000 20.38
1436281200000 20.37
1436281260000 20.38
1436281380000 20.42
1436281440000 20.41
1436281500000 20.42
1436281560000 20.44
