1436261400000 15.94
1436262600000 16.0
1436263020000 15.92
1436263740000 15.835
1436263860000 15.86
1436264820000 15.8
1436265360000 15.77
1436265480000 15.76
1436265540000 15.73
1436265720000 15.7
1436265780000 15.69
1436265840000 15.71
1436265900000 15.69
1436265960000 15.7125
1436266020000 15.72
1436266080000 15.73
1436266140000 15.76
1436266200000 15.76
1436266260000 15.72
1436266320000 15.74
1436266380000 15.73
1436266440000 15.76
1436266500000 15.77
1436266560000 15.74
1436266680000 15.76
1436266800000 15.73
1436267400000 15.71
1436267520000 15.71
1436267760000 15.71
1436267940000 15.734
1436268000000 15.72
1436268060000 15.7
1436268180000 15.72
1436268240000 15.7
1436268480000 15.7
1436268540000 15.7
1436268840000 15.64
1436269080000 15.65
1436269140000 15.65
1436269200000 15.68
1436269260000 15.69
1436269380000 15.74
1436269500000 15.71
1436269560000 15.7
1436269620000 15.69
1436269860000 15.74
1436269980000 15.74
1436270400000 15.79
1436270460000 15.79
1436270700000 15.79
1436270760000 15.79
1436270940000 15.8
1436271180000 15.78
1436271540000 15.78
1436271660000 15.78
1436271720000 15.75
1436271900000 15.75
1436271960000 15.77
1436272080000 15.77
1436272440000 15.77
1436272500000 15.77
1436272920000 15.83
1436273100000 15.83
1436273160000 15.83
1436273220000 15.84
1436273340000 15.89
1436273640000 15.89
1436273820000 15.9
1436273880000 15.9
1436274180000 15.91
1436274240000 15.89
1436274360000 15.87
1436274660000 15.87
1436274720000 15.87
1436274780000 15.9002
1436274840000 15.9
1436274900000 15.94
1436274960000 15.9
1436275620000 15.88
1436275980000 15.92
1436276220000 15.9
1436276280000 15.91
1436276820000 15.92
1436277420000 15.88
1436277480000 15.87
1436277540000 15.87
1436277720000 15.86
1436277900000 15.86
1436278200000 15.865
1436278380000 15.88
1436278680000 15.85
1436278740000 15.82
1436278860000 15.81
1436278980000 15.78
1436279040000 15.7529
1436279160000 15.78
1436279520000 15.79
1436279580000 15.8
1436279700000 15.82
1436279820000 15.81
1436279880000 15.82
1436279940000 15.85
1436280060000 15.85
1436280180000 15.9
1436280420000 15.92
1436280540000 15.9
1436280600000 15.88
1436281080000 15.93
1436281140000 15.96
1436281200000 15.95
1436281320000 15.97
1436281380000 15.93
1436281500000 15.93
1436281560000 15.92
1436281620000 15.93
