1436261400000 515.74
1436261460000 515.92
1436261580000 513.965
1436261640000 513.01
1436261820000 514.12
1436261880000 513.982
1436261940000 513.118
1436262000000 513.832
1436262120000 514.61
1436262180000 515.12
1436262240000 513.63
1436262300000 514.665
1436262360000 514.2
1436262420000 514.31
1436262480000 514.0
1436262540000 515.25
1436262600000 514.3
1436262660000 514.12
1436262720000 514.55
1436262780000 516.49
1436262840000 516.29
1436262900000 516.69
1436262960000 516.07
1436263020000 517.223
1436263080000 516.07
1436263140000 516.5
1436263200000 516.74
1436263260000 516.602
1436263320000 515.951
1436263380000 515.98
1436263440000 515.1
1436263500000 513.05
1436263560000 513.63
1436263620000 513.0
1436263680000 511.19
1436263740000 511.185
1436263800000 512.59
1436263860000 513.64
1436263920000 513.86
1436263980000 513.97
1436264040000 513.0
1436264220000 512.51
1436264280000 513.068
1436264340000 513.18
1436264400000 513.28
1436264460000 512.8
1436264520000 513.24
1436264580000 513.12
1436264640000 513.45
1436264700000 513.45
1436264760000 513.34
1436264820000 513.001
1436264940000 513.13
1436265000000 513.75
1436265060000 513.26
1436265180000 513.43
1436265240000 513.22
1436265300000 512.7
1436265360000 512.23
1436265420000 512.25
1436265480000 511.8
1436265540000 511.03
1436265600000 508.73
1436265660000 509.43
1436265720000 508.5
1436265780000 508.93
1436265840000 508.71
1436265900000 508.65
1436265960000 508.49
1436266080000 510.28
1436266140000 510.8
1436266200000 511.23
1436266260000 511.33
1436266320000 511.46
1436266380000 511.106
1436266440000 511.53
1436266500000 512.03
1436266560000 511.27
1436266620000 511.695
1436266680000 511.85
1436266800000 511.36
1436266860000 510.26
1436266920000 510.24
1436266980000 510.23
1436267040000 510.93
1436267160000 510.67
1436267220000 510.7
1436267340000 511.25
1436267400000 511.44
1436267460000 511.88
1436267520000 511.86
1436267580000 512.2
1436267640000 511.83
1436267700000 512.095
1436267760000 511.78
1436267820000 512.36
1436267880000 511.758
1436267940000 511.17
1436268000000 510.91
1436268060000 510.26
1436268120000 510.49
1436268180000 509.68
1436268240000 509.86
1436268300000 510.08
1436268420000 509.91
1436268480000 510.36
1436268540000 509.6
1436268600000 508.94
1436268660000 509.13
1436268720000 509.21
1436268780000 508.86
1436268840000 508.505
1436268900000 507.795
1436268960000 508.08
1436269020000 508.39
1436269080000 509.22
1436269140000 509.91
1436269200000 511.14
1436269260000 511.78
1436269320000 511.42
1436269380000 511.25
1436269440000 511.56
1436269500000 511.83
1436269560000 511.49
1436269620000 511.47
1436269680000 511.19
1436269740000 510.15
1436269800000 510.235
1436269920000 509.9
1436269980000 509.93
1436270040000 510.06
1436270100000 509.94
1436270160000 510.735
1436270280000 511.53
1436270400000 510.81
1436270520000 511.76
1436270580000 511.78
1436270640000 511.47
1436270700000 511.19
1436270820000 510.92
1436270880000 511.897
1436271060000 511.04
1436271240000 511.0
1436271360000 510.525
1436271420000 510.5
1436271480000 510.985
1436271540000 511.73
1436271660000 511.04
1436271720000 511.9
1436271780000 512.63
1436271900000 512.6
1436272080000 512.42
1436272140000 512.337
1436272200000 512.514
1436272260000 512.56
1436272320000 512.63
1436272380000 512.69
1436272440000 513.755
1436272500000 514.03
1436272560000 513.55
1436272620000 514.16
1436272680000 513.95
1436272740000 514.21
1436272800000 514.058
1436272860000 513.89
1436272920000 514.12
1436273040000 514.043
1436273100000 515.045
1436273160000 514.61
1436273220000 514.06
1436273280000 514.0
1436273400000 513.99
1436273460000 514.41
1436273520000 513.95
1436273580000 514.3
1436273640000 514.41
1436273700000 514.99
1436273760000 514.153
1436273820000 514.47
1436273880000 514.62
1436273940000 514.34
1436274000000 513.85
1436274060000 514.14
1436274120000 514.13
1436274240000 513.64
1436274300000 513.23
1436274360000 513.42
1436274420000 513.23
1436274480000 512.59
1436274540000 513.02
1436274600000 514.01
1436274720000 514.39
1436274780000 514.455
1436274840000 514.01
1436274960000 514.652
1436275020000 513.34
1436275080000 513.85
1436275200000 513.49
1436275320000 512.829
1436275440000 512.78
1436275500000 513.14
1436275620000 513.11
1436275680000 513.11
1436275740000 512.87
1436275800000 513.14
1436275920000 513.07
1436276100000 514.21
1436276220000 514.34
1436276280000 514.335
1436276340000 514.51
1436276400000 514.02
1436276460000 513.473
1436276520000 513.49
1436276580000 513.54
1436276640000 514.06
1436276760000 514.92
1436276820000 514.01
1436276880000 513.64
1436277000000 514.98
1436277060000 514.015
1436277120000 513.98
1436277180000 513.78
1436277300000 512.94
1436277540000 513.62
1436277720000 513.63
1436277780000 513.78
1436277840000 513.66
1436277900000 513.62
1436278020000 513.535
1436278440000 513.065
1436278500000 513.0
1436278560000 512.0
1436278800000 510.9
1436278860000 510.0
1436278920000 509.05
1436278980000 509.14
1436279040000 508.56
1436279100000 508.03
1436279160000 509.986
1436279400000 510.06
1436279460000 511.09
1436279520000 511.84
1436279580000 512.16
1436279640000 511.22
1436279700000 511.09
1436279760000 511.54
1436279820000 511.21
1436279880000 511.58
1436279940000 511.99
1436280000000 511.62
1436280060000 513.0
1436280180000 514.13
1436280240000 513.79
1436280300000 513.73
1436280360000 514.21
1436280420000 513.882
1436280480000 513.87
1436280600000 514.16
1436280660000 513.07
1436280720000 513.07
1436280780000 514.01
1436280900000 513.18
1436280960000 513.84
1436281020000 514.731
1436281080000 514.83
1436281140000 516.08
1436281200000 515.73
1436281260000 515.63
1436281320000 515.062
1436281380000 514.96
1436281440000 514.97
1436281560000 515.78
1436281620000 515.21
