1436263200000 22.76
1436263260000 22.88
1436263620000 22.37
1436264220000 22.69
1436264280000 22.65
1436264340000 22.65
1436264400000 22.8
1436264580000 22.65
1436264640000 22.72
1436264940000 22.9
1436265060000 22.83
1436265120000 22.7
1436265180000 22.77
1436265240000 22.73
1436265300000 22.8
1436265360000 22.81
1436265420000 22.89
1436265780000 22.82
1436265960000 22.97
1436266080000 22.7
1436267940000 22.875
1436268000000 23.01
1436268060000 22.91
1436268120000 22.8
1436268180000 22.765
1436268240000 22.85
1436268300000 22.83
1436268480000 22.93
1436268660000 22.785
1436269920000 22.8
1436269980000 22.8
1436270220000 22.79
1436270280000 22.775
1436271780000 22.79
1436272320000 22.795
1436272860000 22.79
1436273940000 22.93
1436274000000 22.845
1436274240000 22.83
1436274360000 22.84
1436274420000 22.68
1436274480000 22.75
1436274600000 22.74
1436274660000 22.74
1436274720000 22.81
1436274780000 22.81
1436274840000 22.79
1436274900000 22.74
1436274960000 22.75
1436276700000 22.85
1436276760000 22.775
1436277000000 22.83
1436277060000 22.77
1436277480000 22.8
1436277660000 22.78
1436277780000 22.78
1436277900000 22.75
1436278140000 22.75
1436278320000 22.75
1436278380000 22.75
1436278560000 22.75
1436278980000 22.7
1436279400000 22.57
1436279460000 22.55
1436279520000 22.55
1436279700000 22.47
1436279760000 22.41
1436279820000 22.47
1436279880000 22.44
1436280660000 22.53
1436280960000 22.7
