1436261400000 13.86
1436261520000 13.65
1436262060000 13.6102
1436262120000 13.57
1436262180000 13.58
1436262240000 13.5799
1436262600000 13.51
1436262660000 13.45
1436262720000 13.36
1436262780000 13.25
1436263020000 13.33
1436263680000 13.28
1436263740000 13.24
1436263800000 13.17
1436263860000 13.16
1436264040000 13.33
1436264100000 13.33
1436264160000 13.24
1436264280000 13.3
1436264340000 13.25
1436264460000 13.28
1436264640000 13.27
1436264700000 13.27
1436265060000 13.26
1436265120000 13.25
1436265180000 13.38
1436265240000 13.42
1436265300000 13.32
1436265360000 13.37
1436265420000 13.38
1436265480000 13.28
1436265540000 13.29
1436265900000 13.26
1436266140000 13.37
1436266200000 13.43
1436266260000 13.39
1436266500000 13.31
1436266680000 13.34
1436266740000 13.27
1436266800000 13.36
1436267160000 13.36
1436267520000 13.39
1436267580000 13.39
1436267640000 13.4
1436267760000 13.3236
1436267820000 13.3501
1436268000000 13.3116
1436268120000 13.49
1436268360000 13.54
1436268900000 13.47
1436268960000 13.45
1436269020000 13.49
1436269080000 13.407
1436269680000 13.5305
1436269800000 13.4375
1436270520000 13.47
1436271180000 13.47
1436271780000 13.43
1436272440000 13.52
1436272500000 13.53
1436272620000 13.7
1436272680000 13.7
1436272740000 13.67
1436272980000 13.54
1436273220000 13.54
1436273340000 13.57
1436273520000 13.57
1436273580000 13.65
1436273820000 13.73
1436273880000 13.69
1436273940000 13.63
1436274360000 13.507
1436275020000 13.43
1436275320000 13.56
1436275440000 13.57
1436275560000 13.61
1436275740000 13.69
1436275860000 13.69
1436275920000 13.664
1436276220000 13.56
1436276280000 13.56
1436276340000 13.6
1436276460000 13.61
1436276580000 13.55
1436276760000 13.68
1436276940000 13.64
1436277540000 13.681
1436278800000 13.58
1436278980000 13.58
1436279640000 13.63
1436279880000 13.61
1436280780000 13.63
1436280900000 13.63
1436281140000 13.6602
1436281200000 13.68
