1436261640000 8.32
1436261760000 8.32
1436262300000 8.32
1436262540000 8.32
1436262780000 8.26
1436264100000 8.26
1436264820000 8.26
1436264940000 8.26
1436265000000 8.26
1436265060000 8.26
1436265240000 8.26
1436265360000 8.26
1436265420000 8.26
1436265480000 8.2
1436266800000 8.23
1436266980000 8.23
1436268120000 8.24
1436268180000 8.16
1436268240000 8.153
1436268300000 8.1
1436271420000 8.2143
1436272380000 8.25
1436274840000 8.28
1436275920000 8.28
1436276640000 8.3
1436277720000 8.28
1436278020000 8.28
1436278560000 8.27
1436280120000 8.27
1436280180000 8.21
1436280300000 8.23
1436280360000 8.22
1436280660000 8.25
1436280780000 8.22
1436281020000 8.27
1436281140000 8.3
1436281320000 8.27
