1436261400000 4.37
1436261460000 4.38
1436261520000 4.33
1436261580000 4.28
1436261640000 4.26
1436261700000 4.195
1436261760000 4.195
1436261820000 4.19
1436261880000 4.155
1436261940000 4.125
1436262000000 4.1
1436262060000 4.08
1436262120000 4.09
1436262180000 4.08
1436262240000 4.055
1436262300000 4.035
1436262360000 4.03
1436262420000 4.0301
1436262480000 4.03
1436262540000 3.9801
1436262600000 3.975
1436262660000 3.9701
1436262720000 3.98
1436262780000 4.05
1436262840000 4.05
1436262900000 4.0845
1436262960000 4.0601
1436263020000 4.06
1436263080000 4.04
1436263140000 4.04
1436263200000 4.03
1436263260000 4.0255
1436263320000 4.02
1436263380000 4.02
1436263440000 4.02
1436263500000 4.02
1436263560000 4.015
1436263620000 4.01
1436263680000 4.02
1436263740000 4.01
1436263800000 4.01
1436263860000 4.02
1436263920000 4.016
1436263980000 4.0199
1436264040000 4.075
1436264100000 4.07
1436264160000 4.07
1436264220000 4.06
1436264280000 4.05
1436264340000 4.055
1436264400000 4.06
1436264460000 4.055
1436264520000 4.055
1436264580000 4.06
1436264640000 4.0517
1436264700000 4.055
1436264760000 4.055
1436264820000 4.055
1436264880000 4.055
1436264940000 4.055
1436265000000 4.059
1436265060000 4.06
1436265120000 4.055
1436265180000 4.0578
1436265240000 4.055
1436265300000 4.055
1436265360000 4.06
1436265420000 4.05
1436265480000 4.055
1436265540000 4.05
1436265600000 4.055
1436265660000 4.05
1436265720000 4.055
1436265780000 4.055
1436265840000 4.056
1436265900000 4.05
1436265960000 4.03
1436266020000 4.02
1436266080000 4.01
1436266140000 4.005
1436266200000 4.01
1436266260000 4.01
1436266320000 4.005
1436266380000 4.005
1436266440000 4.005
1436266500000 4.0025
1436266560000 4.005
1436266620000 3.965
1436266680000 3.965
1436266740000 3.9401
1436266800000 3.945
1436266860000 3.9
1436266920000 3.89
1436266980000 3.9199
1436267040000 3.92
1436267100000 3.97
1436267160000 3.97
1436267220000 3.97
1436267280000 3.97
1436267340000 3.9401
1436267400000 3.97
1436267460000 3.99
1436267520000 3.985
1436267580000 3.9801
1436267640000 4.0099
1436267700000 4.01
1436267760000 4.01
1436267820000 3.995
1436267880000 3.9901
1436267940000 4.0
1436268000000 3.9901
1436268060000 3.995
1436268120000 3.99
1436268180000 3.99
1436268240000 3.9975
1436268300000 3.9801
1436268360000 3.9701
1436268420000 3.98
1436268480000 3.98
1436268540000 3.97
1436268600000 3.97
1436268660000 3.9601
1436268720000 3.97
1436268780000 3.97
1436268840000 3.97
1436268900000 3.97
1436268960000 3.97
1436269020000 3.97
1436269080000 3.96
1436269140000 3.965
1436269200000 3.97
1436269260000 3.9699
1436269320000 3.97
1436269380000 3.965
1436269440000 3.98
1436269500000 3.965
1436269560000 3.965
1436269620000 3.965
1436269680000 3.97
1436269740000 3.965
1436269800000 3.965
1436269860000 3.97
1436269920000 3.97
1436269980000 3.961
1436270040000 3.995
1436270100000 4.0
1436270160000 3.995
1436270220000 4.01
1436270280000 4.007
1436270340000 4.01
1436270400000 3.99
1436270460000 3.99
1436270520000 4.0
1436270580000 4.0
1436270640000 4.03
1436270700000 4.03
1436270760000 4.03
1436270820000 4.05
1436270880000 4.05
1436270940000 4.0499
1436271000000 4.08
1436271060000 4.09
1436271120000 4.075
1436271180000 4.04
1436271240000 4.05
1436271300000 4.05
1436271360000 4.05
1436271420000 4.04
1436271480000 4.05
1436271540000 4.05
1436271600000 4.065
1436271660000 4.07
1436271780000 4.07
1436271840000 4.07
1436271900000 4.05
1436271960000 4.025
1436272020000 4.0201
1436272080000 4.025
1436272140000 4.03
1436272200000 4.0397
1436272260000 4.049
1436272320000 4.06
1436272380000 4.06
1436272440000 4.08
1436272500000 4.095
1436272560000 4.09
1436272620000 4.09
1436272680000 4.06
1436272740000 4.08
1436272800000 4.07
1436272920000 4.07
1436272980000 4.065
1436273040000 4.07
1436273100000 4.07
1436273160000 4.07
1436273220000 4.0601
1436273280000 4.07
1436273340000 4.1
1436273400000 4.1
1436273460000 4.1
1436273520000 4.1
1436273580000 4.09
1436273640000 4.09
1436273700000 4.08
1436273760000 4.08
1436273820000 4.09
1436273880000 4.085
1436273940000 4.1
1436274000000 4.13
1436274060000 4.14
1436274120000 4.14
1436274180000 4.114
1436274240000 4.12
1436274300000 4.12
1436274360000 4.12
1436274420000 4.105
1436274480000 4.09
1436274540000 4.1
1436274600000 4.1
1436274720000 4.11
1436274780000 4.11
1436274840000 4.11
1436274900000 4.105
1436274960000 4.11
1436275020000 4.11
1436275080000 4.1
1436275140000 4.105
1436275200000 4.1
1436275260000 4.1
1436275320000 4.105
1436275380000 4.1
1436275440000 4.1
1436275500000 4.1
1436275560000 4.095
1436275620000 4.094
1436275680000 4.1
1436275740000 4.095
1436275800000 4.1
1436275860000 4.1
1436275920000 4.095
1436275980000 4.1
1436276040000 4.095
1436276100000 4.1
1436276160000 4.1
1436276220000 4.1
1436276280000 4.095
1436276340000 4.1
1436276400000 4.1
1436276460000 4.1
1436276520000 4.1
1436276580000 4.1025
1436276640000 4.11
1436276700000 4.11
1436276760000 4.105
1436276820000 4.105
1436276880000 4.11
1436276940000 4.1
1436277000000 4.105
1436277060000 4.105
1436277120000 4.11
1436277180000 4.1
1436277240000 4.1
1436277300000 4.1
1436277360000 4.11
1436277420000 4.11
1436277480000 4.105
1436277540000 4.11
1436277600000 4.11
1436277660000 4.11
1436277720000 4.11
1436277780000 4.11
1436277840000 4.1
1436277900000 4.11
1436277960000 4.11
1436278020000 4.11
1436278080000 4.105
1436278140000 4.11
1436278200000 4.1001
1436278260000 4.11
1436278320000 4.105
1436278380000 4.105
1436278440000 4.1099
1436278500000 4.11
1436278560000 4.11
1436278620000 4.11
1436278680000 4.1001
1436278740000 4.13
1436278800000 4.1401
1436278860000 4.15
1436278920000 4.15
1436278980000 4.14
1436279040000 4.145
1436279100000 4.16
1436279160000 4.16
1436279220000 4.16
1436279280000 4.16
1436279340000 4.16
1436279400000 4.16
1436279460000 4.16
1436279520000 4.16
1436279580000 4.16
1436279640000 4.16
1436279700000 4.16
1436279760000 4.16
1436279820000 4.159
1436279880000 4.16
1436279940000 4.15
1436280000000 4.145
1436280060000 4.145
1436280120000 4.15
1436280180000 4.145
1436280240000 4.15
1436280300000 4.15
1436280360000 4.15
1436280420000 4.15
1436280480000 4.15
1436280540000 4.17
1436280600000 4.17
1436280660000 4.165
1436280720000 4.17
1436280780000 4.19
1436280840000 4.19
1436280900000 4.2
1436280960000 4.22
1436281020000 4.25
1436281080000 4.25
1436281140000 4.285
1436281200000 4.27
1436281260000 4.27
1436281320000 4.255
1436281380000 4.245
1436281440000 4.27
1436281500000 4.275
1436281620000 4.26
