1436261400000 0.135
1436261520000 0.135
1436261640000 0.125
1436261760000 0.125
1436261820000 0.121
1436261880000 0.11
1436262120000 0.11
1436262240000 0.11
1436262360000 0.1361
1436262540000 0.11
1436262600000 0.11
1436262660000 0.11
1436262960000 0.11
1436263140000 0.11
1436263200000 0.11
1436263440000 0.11
1436263680000 0.115
1436263980000 0.12
1436264520000 0.115
1436265060000 0.13
1436266980000 0.115
1436267460000 0.115
1436268180000 0.115
1436268240000 0.13
1436268480000 0.13
1436268540000 0.13
1436268960000 0.13
1436271780000 0.13
1436272560000 0.13
1436273340000 0.135
1436274300000 0.12
1436275860000 0.14
1436275980000 0.14
1436276700000 0.14
1436276820000 0.14
1436277180000 0.12
1436279940000 0.12
1436280300000 0.135
