1436261400000 41.73
1436261460000 41.39
1436261580000 41.45
1436261700000 41.67
1436261760000 41.67
1436261820000 41.7
1436261880000 41.65
1436261940000 41.74
1436262000000 42.08
1436262060000 41.95
1436262120000 41.89
1436262180000 41.95
1436262240000 42.06
1436262300000 42.1
1436262360000 42.0
1436262420000 42.01
1436262540000 41.86
1436262720000 41.68
1436262900000 41.62
1436262960000 41.54
1436263260000 41.52
1436263320000 41.4315
1436263440000 41.48
1436263500000 41.465
1436263620000 41.33
1436263680000 41.23
1436263860000 41.4395
1436263920000 41.48
1436263980000 41.38
1436264100000 41.214
1436264280000 41.219
1436264340000 41.19
1436264400000 41.13
1436264460000 41.12
1436264640000 41.26
1436264820000 41.2
1436264880000 41.19
1436264940000 41.15
1436265000000 41.16
1436265060000 41.23
1436265300000 41.15
1436265420000 41.0
1436265480000 40.86
1436265540000 40.79
1436265600000 40.7
1436265720000 40.6
1436265780000 40.5
1436265840000 40.46
1436265900000 40.77
1436265960000 40.79
1436266080000 41.0062
1436266200000 40.99
1436266260000 40.99
1436266320000 41.1199
1436266860000 40.89
1436266920000 40.8084
1436266980000 40.82
1436267040000 40.9
1436267100000 40.82
1436267160000 40.9
1436267220000 41.0
1436267280000 41.03
1436267580000 41.01
1436267700000 40.9279
1436268060000 40.73
1436268120000 40.671
1436268180000 40.67
1436268240000 40.7
1436268300000 40.71
1436268480000 40.72
1436268540000 40.68
1436268660000 40.5997
1436268840000 40.44
1436269140000 40.66
1436269200000 40.663
1436269320000 40.63
1436269440000 40.72
1436269500000 40.77
1436269560000 40.69
1436269620000 40.62
1436269740000 40.62
1436269800000 40.65
1436269860000 40.63
1436269980000 40.69
1436270160000 40.74
1436270220000 40.83
1436270280000 40.84
1436270460000 40.8
1436270580000 40.81
1436270640000 40.77
1436270760000 40.8
1436270940000 40.75
1436271000000 40.71
1436271180000 40.65
1436271240000 40.72
1436271300000 40.75
1436271360000 40.71
1436271420000 40.75
1436271540000 40.746
1436271720000 40.77
1436271780000 40.73
1436271840000 40.77
1436271900000 40.73
1436272080000 40.67
1436272200000 40.6
1436272260000 40.8
1436272320000 40.76
1436272440000 40.7812
1436272560000 40.88
1436272620000 40.94
1436272680000 40.87
1436272920000 40.91
1436272980000 40.95
1436273220000 40.99
1436273280000 41.132
1436273340000 41.03
1436273580000 41.07
1436273640000 41.11
1436273700000 41.189
1436273880000 41.228
1436274060000 41.2301
1436274240000 41.31
1436274300000 41.34
1436274360000 41.34
1436274420000 41.19
1436274480000 41.18
1436274600000 41.2
1436274660000 41.27
1436274780000 41.37
1436274840000 41.35
1436274900000 41.26
1436274960000 41.39
1436275020000 41.39
1436275080000 41.32
1436275200000 41.32
1436275380000 41.39
1436275440000 41.53
1436275500000 41.45
1436275560000 41.46
1436275800000 41.48
1436275860000 41.5
1436276040000 41.51
1436276100000 41.6
1436276160000 41.545
1436276220000 41.51
1436276400000 41.46
1436276580000 41.5
1436276640000 41.51
1436276700000 41.55
1436276760000 41.66
1436276820000 41.68
1436276880000 41.55
1436277120000 41.56
1436277240000 41.54
1436277300000 41.54
1436277360000 41.63
1436277420000 41.65
1436277480000 41.6
1436277540000 41.521
1436277660000 41.5168
1436277840000 41.57
1436277960000 41.6
1436278020000 41.58
1436278080000 41.58
1436278320000 41.51
1436278380000 41.47
1436278440000 41.44
1436278500000 41.36
1436278560000 41.41
1436278620000 41.4
1436278860000 41.2
1436278920000 41.1
1436278980000 41.13
1436279040000 41.16
1436279100000 41.13
1436279160000 41.07
1436279220000 41.07
1436279280000 41.18
1436279400000 41.1501
1436279520000 41.23
1436279580000 41.28
1436279940000 41.31
1436280000000 41.35
1436280060000 41.37
1436280120000 41.34
1436280180000 41.46
1436280300000 41.385
1436280420000 41.48
1436280480000 41.44
1436280780000 41.49
1436280960000 41.56
1436281020000 41.65
1436281140000 41.7925
1436281200000 41.63
1436281260000 41.795
1436281320000 41.61
1436281440000 41.69
1436281500000 41.7299
1436281560000 41.61
