1436261400000 62.42
1436261460000 62.28
1436261520000 62.35
1436261580000 62.55
1436261640000 62.3726
1436261700000 62.415
1436261760000 62.49
1436261820000 62.635
1436261880000 62.54
1436261940000 62.47
1436262000000 62.46
1436262060000 62.49
1436262120000 62.45
1436262180000 62.445
1436262240000 62.54
1436262300000 62.46
1436262360000 62.3801
1436262420000 62.428
1436262480000 62.51
1436262540000 62.4701
1436262600000 62.51
1436262720000 62.31
1436262780000 62.29
1436262840000 62.33
1436262900000 62.0
1436262960000 62.0
1436263020000 62.28
1436263080000 62.28
1436263140000 62.48
1436263200000 62.34
1436263260000 62.05
1436263320000 62.01
1436263380000 62.21
1436263440000 62.23
1436263500000 62.21
1436263560000 62.04
1436263620000 61.965
1436263680000 61.86
1436263740000 61.73
1436263800000 61.55
1436263860000 61.465
1436263920000 61.22
1436263980000 60.975
1436264040000 60.9155
1436264100000 60.96
1436264160000 60.97
1436264220000 61.04
1436264280000 60.99
1436264340000 61.11
1436264400000 61.06
1436264460000 61.1
1436264520000 61.0301
1436264580000 61.0536
1436264640000 61.0099
1436264700000 61.03
1436264820000 60.993
1436264880000 61.22
1436264940000 61.07
1436265000000 61.06
1436265060000 61.09
1436265120000 60.99
1436265180000 61.15
1436265240000 61.22
1436265360000 61.16
1436265420000 61.1
1436265480000 61.08
1436265540000 61.21
1436265600000 61.29
1436265660000 61.3
1436265720000 61.38
1436265780000 61.29
1436265840000 61.36
1436265900000 61.32
1436265960000 61.26
1436266020000 61.25
1436266080000 61.31
1436266140000 61.03
1436266200000 60.96
1436266260000 61.05
1436266320000 61.16
1436266440000 61.3
1436266500000 61.32
1436266560000 61.37
1436266620000 61.45
1436266680000 61.49
1436266740000 61.51
1436266800000 61.45
1436266860000 61.46
1436266920000 61.47
1436266980000 61.53
1436267040000 61.495
1436267100000 61.48
1436267160000 61.5
1436267220000 61.47
1436267280000 61.48
1436267340000 61.48
1436267400000 61.51
1436267460000 61.5
1436267520000 61.49
1436267580000 61.59
1436267640000 61.53
1436267700000 61.55
1436267760000 61.6
1436267820000 61.71
1436267880000 61.71
1436267940000 61.65
1436268000000 61.595
1436268060000 61.52
1436268120000 61.59
1436268180000 61.4901
1436268240000 61.49
1436268300000 61.46
1436268360000 61.45
1436268420000 61.41
1436268480000 61.3675
1436268540000 61.42
1436268600000 61.39
1436268660000 61.47
1436268720000 61.25
1436268780000 61.215
1436268840000 61.27
1436268900000 61.22
1436268960000 61.3
1436269020000 61.33
1436269080000 61.29
1436269140000 61.39
1436269200000 61.42
1436269260000 61.5
1436269320000 61.48
1436269380000 61.59
1436269440000 61.55
1436269500000 61.5
1436269560000 61.382
1436269620000 61.43
1436269680000 61.45
1436269740000 61.5
1436269800000 61.5
1436269860000 61.57
1436269920000 61.59
1436269980000 61.56
1436270040000 61.65
1436270100000 61.78
1436270160000 61.74
1436270220000 61.82
1436270280000 61.775
1436270340000 61.63
1436270400000 61.64
1436270460000 61.57
1436270520000 61.5544
1436270580000 61.52
1436270640000 61.43
1436270700000 61.46
1436270760000 61.62
1436270880000 61.46
1436270940000 61.49
1436271060000 61.32
1436271180000 61.29
1436271240000 61.26
1436271300000 61.28
1436271360000 61.28
1436271420000 61.27
1436271480000 61.33
1436271540000 61.28
1436271600000 61.25
1436271660000 61.23
1436271720000 61.31
1436271900000 61.31
1436271960000 61.31
1436272020000 61.38
1436272080000 61.39
1436272140000 61.41
1436272200000 61.43
1436272260000 61.53
1436272320000 61.44
1436272380000 61.31
1436272440000 61.24
1436272500000 61.24
1436272560000 61.31
1436272620000 61.31
1436272680000 61.36
1436272740000 61.5
1436272800000 61.36
1436272920000 61.3
1436272980000 61.49
1436273040000 61.4099
1436273100000 61.36
1436273160000 61.4
1436273220000 61.48
1436273280000 61.33
1436273340000 61.31
1436273400000 61.31
1436273460000 61.36
1436273520000 61.34
1436273580000 61.39
1436273640000 61.4828
1436273700000 61.43
1436273820000 61.39
1436273880000 61.395
1436273940000 61.38
1436274000000 61.3
1436274060000 61.31
1436274120000 61.2
1436274180000 61.245
1436274240000 61.245
1436274300000 61.24
1436274360000 61.26
1436274420000 61.28
1436274480000 61.26
1436274600000 61.27
1436274660000 61.27
1436274720000 61.38
1436274780000 61.33
1436274840000 61.314
1436274900000 61.3
1436274960000 61.36
1436275020000 61.25
1436275080000 61.25
1436275140000 61.26
1436275200000 61.38
1436275260000 61.3
1436275320000 61.25
1436275380000 61.28
1436275440000 61.25
1436275500000 61.29
1436275620000 61.29
1436275680000 61.31
1436275740000 61.32
1436275800000 61.38
1436275860000 61.41
1436275920000 61.41
1436275980000 61.51
1436276040000 61.43
1436276100000 61.49
1436276160000 61.41
1436276220000 61.48
1436276280000 61.52
1436276340000 61.49
1436276400000 61.68
1436276520000 61.51
1436276580000 61.54
1436276640000 61.66
1436276700000 61.69
1436276760000 61.59
1436276820000 61.62
1436276880000 61.59
1436276940000 61.57
1436277000000 61.75
1436277060000 61.61
1436277120000 61.6096
1436277180000 61.655
1436277240000 61.8
1436277300000 61.77
1436277360000 61.81
1436277420000 61.76
1436277480000 61.71
1436277540000 61.68
1436277600000 61.7
1436277720000 61.68
1436277780000 61.63
1436277900000 61.62
1436277960000 61.58
1436278020000 61.56
1436278140000 61.56
1436278200000 61.53
1436278260000 61.48
1436278320000 61.37
1436278380000 61.34
1436278500000 61.36
1436278620000 61.33
1436278680000 61.34
1436278740000 61.22
1436278800000 61.23
1436278860000 61.25
1436278920000 61.25
1436278980000 61.28
1436279040000 61.32
1436279100000 61.33
1436279160000 61.34
1436279220000 61.295
1436279340000 61.35
1436279400000 61.28
1436279460000 61.28
1436279520000 61.24
1436279580000 61.27
1436279640000 61.36
1436279760000 61.32
1436279820000 61.34
1436279880000 61.32
1436279940000 61.325
1436280000000 61.3
1436280060000 61.28
1436280120000 61.34
1436280180000 61.32
1436280240000 61.4
1436280300000 61.46
1436280360000 61.43
1436280420000 61.5
1436280480000 61.55
1436280540000 61.58
1436280600000 61.7
1436280660000 61.82
1436280720000 61.86
1436280780000 61.89
1436280840000 61.82
1436280900000 61.775
1436280960000 61.81
1436281080000 61.865
1436281140000 61.9771
1436281200000 62.02
1436281260000 62.01
1436281320000 62.0
1436281380000 61.99
1436281440000 61.86
1436281500000 61.81
1436281560000 61.89
