1436261400000 12.0
1436262000000 11.94
1436262060000 11.94
1436262180000 11.94
1436262720000 11.82
1436263020000 11.82
1436263140000 11.84
1436263320000 11.82
1436263440000 11.82
1436264220000 11.82
1436264280000 11.8253
1436264520000 11.82
1436264640000 11.82
1436264700000 11.82
1436264820000 11.82
1436264940000 11.8202
1436265180000 11.84
1436265300000 11.81
1436265660000 11.822
1436265720000 11.81
1436266380000 11.81
1436267160000 11.81
1436267340000 11.8
1436267640000 11.8
1436268240000 11.7704
1436268900000 11.76
1436269200000 11.761
1436269380000 11.754
1436270160000 11.75
1436271180000 11.75
1436271360000 11.75
1436272260000 11.75
1436272320000 11.78
1436272380000 11.79
1436272680000 11.8265
1436274180000 11.83
1436274300000 11.83
1436275080000 11.83
1436275380000 11.85
1436275620000 11.8
1436276820000 11.83
1436277540000 11.83
1436277660000 11.84
1436277960000 11.8101
1436278740000 11.85
1436278800000 11.85
1436278920000 11.85
1436279040000 11.79
1436279400000 11.84
1436280180000 11.88
1436280540000 11.9
1436280600000 11.9
1436281500000 11.86
