1436261400000 9.11
1436261520000 9.16
1436261700000 9.11
1436261760000 9.1
1436262000000 9.08
1436262060000 9.07
1436262120000 9.04
1436262180000 9.04
1436262300000 9.04
1436262360000 9.04
1436262540000 9.06
1436262600000 9.04
1436262660000 9.03
1436262720000 9.02
1436262780000 9.0401
1436262840000 9.04
1436262900000 9.05
1436262960000 9.05
1436263020000 9.04
1436263080000 9.04
1436263140000 9.0
1436263200000 9.0001
1436263260000 9.01
1436263380000 9.01
1436263620000 9.0
1436263680000 9.0
1436263740000 9.02
1436263800000 9.01
1436263860000 9.03
1436263920000 9.03
1436263980000 9.03
1436264040000 9.04
1436264100000 9.03
1436264160000 9.01
1436264280000 9.02
1436264340000 9.02
1436264400000 9.01
1436264520000 9.01
1436264700000 9.0
1436264760000 8.99
1436264820000 8.98
1436264880000 8.96
1436265000000 8.95
1436265240000 8.94
1436265300000 8.94
1436265360000 8.93
1436265420000 8.92
1436265480000 8.9
1436265540000 8.89
1436265600000 8.89
1436265780000 8.8999
1436265840000 8.9
1436265960000 8.91
1436266020000 8.903
1436266080000 8.91
1436266140000 8.91
1436266260000 8.905
1436266320000 8.91
1436266380000 8.9
1436266440000 8.91
1436266500000 8.915
1436266560000 8.91
1436266620000 8.8987
1436266680000 8.89
1436266800000 8.88
1436266860000 8.875
1436266920000 8.87
1436266980000 8.91
1436267100000 8.92
1436267160000 8.95
1436267220000 8.94
1436267340000 8.95
1436267400000 8.94
1436267460000 8.95
1436267520000 8.94
1436267580000 8.91
1436267640000 8.91
1436267700000 8.92
1436267760000 8.93
1436267820000 8.94
1436267880000 8.955
1436268000000 8.9603
1436268060000 8.99
1436268120000 8.99
1436268180000 9.01
1436268240000 9.01
1436268300000 9.0
1436268360000 9.03
1436268420000 9.04
1436268480000 9.05
1436268540000 9.05
1436268600000 9.06
1436268660000 9.04
1436268720000 9.02
1436268840000 9.01
1436268960000 9.0
1436269080000 9.01
1436269140000 9.01
1436269200000 9.03
1436269320000 9.05
1436269380000 9.09
1436269440000 9.1
1436269500000 9.11
1436269560000 9.12
1436269620000 9.1
1436269680000 9.11
1436269740000 9.11
1436269800000 9.1
1436269920000 9.09
1436269980000 9.08
1436270100000 9.07
1436270160000 9.1
1436270340000 9.14
1436270400000 9.13
1436270520000 9.11
1436270580000 9.11
1436270820000 9.115
1436270940000 9.12
1436271000000 9.14
1436271120000 9.11
1436271180000 9.12
1436271360000 9.12
1436271480000 9.13
1436271540000 9.14
1436271660000 9.16
1436271720000 9.17
1436271780000 9.17
1436271840000 9.17
1436271900000 9.17
1436271960000 9.17
1436272200000 9.18
1436272260000 9.18
1436272440000 9.21
1436272500000 9.21
1436272560000 9.19
1436272740000 9.19
1436272860000 9.18
1436273100000 9.195
1436273220000 9.22
1436273280000 9.205
1436273340000 9.22
1436273400000 9.22
1436273460000 9.239
1436273520000 9.24
1436273640000 9.24
1436273700000 9.23
1436273880000 9.23
1436274120000 9.23
1436274240000 9.231
1436274300000 9.24
1436274360000 9.25
1436274420000 9.23
1436274480000 9.225
1436274540000 9.23
1436274660000 9.21
1436274720000 9.22
1436274780000 9.25
1436274900000 9.235
1436274960000 9.23
1436275020000 9.23
1436275140000 9.24
1436275200000 9.24
1436275440000 9.24
1436275500000 9.27
1436275560000 9.27
1436275620000 9.28
1436275680000 9.29
1436275740000 9.3
1436275800000 9.31
1436275860000 9.31
1436276040000 9.27
1436276340000 9.26
1436276460000 9.265
1436276580000 9.26
1436276640000 9.27
1436276760000 9.29
1436276820000 9.286
1436277000000 9.28
1436277060000 9.28
1436277120000 9.27
1436277240000 9.23
1436277300000 9.23
1436277360000 9.21
1436277420000 9.18
1436277480000 9.19
1436277540000 9.195
1436277600000 9.19
1436277660000 9.2
1436277720000 9.19
1436277780000 9.19
1436277900000 9.19
1436278020000 9.2
1436278080000 9.19
1436278200000 9.18
1436278380000 9.18
1436278440000 9.19
1436278620000 9.185
1436278680000 9.18
1436278740000 9.17
1436278800000 9.16
1436278860000 9.15
1436278920000 9.13
1436278980000 9.135
1436279100000 9.13
1436279220000 9.15
1436279340000 9.15
1436279400000 9.14
1436279520000 9.14
1436279580000 9.15
1436279640000 9.14
1436279700000 9.13
1436279820000 9.14
1436279880000 9.15
1436279940000 9.15
1436280000000 9.15
1436280060000 9.15
1436280120000 9.18
1436280180000 9.18
1436280240000 9.2
1436280420000 9.21
1436280480000 9.22
1436280600000 9.21
1436280720000 9.2
1436280780000 9.2
1436280840000 9.19
1436280900000 9.19
1436281020000 9.21
1436281080000 9.23
1436281140000 9.25
1436281200000 9.25
1436281260000 9.25
1436281320000 9.25
1436281380000 9.25
1436281440000 9.23
