1436261400000 13.89
1436261460000 13.8
1436261520000 13.81
1436261580000 13.85
1436261700000 13.76
1436261760000 13.69
1436261820000 13.68
1436261880000 13.66
1436261940000 13.71
1436262000000 13.7016
1436262120000 13.76
1436262180000 13.788
1436262240000 13.785
1436262300000 13.75
1436262420000 13.72
1436262540000 13.71
1436262600000 13.71
1436262660000 13.68
1436262720000 13.66
1436262780000 13.68
1436262840000 13.67
1436262900000 13.66
1436263020000 13.65
1436263080000 13.64
1436263140000 13.62
1436263200000 13.6
1436263320000 13.58
1436263380000 13.57
1436263440000 13.5799
1436263500000 13.56
1436263560000 13.54
1436263620000 13.53
1436263680000 13.52
1436263740000 13.53
1436263800000 13.54
1436263920000 13.5784
1436263980000 13.57
1436264040000 13.55
1436264100000 13.56
1436264220000 13.54
1436264280000 13.55
1436264340000 13.5401
1436264460000 13.54
1436264520000 13.53
1436264580000 13.53
1436264640000 13.51
1436264700000 13.5
1436264820000 13.47
1436264880000 13.47
1436264940000 13.465
1436265000000 13.43
1436265060000 13.42
1436265120000 13.42
1436265180000 13.43
1436265240000 13.44
1436265300000 13.43
1436265360000 13.43
1436265420000 13.45
1436265480000 13.46
1436265540000 13.44
1436265600000 13.42
1436265720000 13.4
1436265780000 13.35
1436265840000 13.37
1436265900000 13.3799
1436265960000 13.4
1436266020000 13.47
1436266080000 13.5
1436266140000 13.51
1436266200000 13.51
1436266260000 13.52
1436266320000 13.54
1436266380000 13.57
1436266440000 13.57
1436266500000 13.56
1436266560000 13.55
1436266620000 13.56
1436266740000 13.53
1436266800000 13.51
1436266860000 13.52
1436266980000 13.51
1436267040000 13.5102
1436267100000 13.51
1436267160000 13.48
1436267220000 13.48
1436267280000 13.51
1436267340000 13.47
1436267400000 13.48
1436267460000 13.4738
1436267520000 13.48
1436267580000 13.49
1436267640000 13.52
1436267700000 13.5
1436267820000 13.51
1436267880000 13.5
1436267940000 13.48
1436268000000 13.47
1436268180000 13.47
1436268240000 13.48
1436268300000 13.48
1436268360000 13.46
1436268420000 13.465
1436268480000 13.49
1436268540000 13.46
1436268600000 13.45
1436268660000 13.43
1436268720000 13.43
1436268780000 13.4
1436268840000 13.39
1436268900000 13.38
1436268960000 13.375
1436269020000 13.39
1436269080000 13.4
1436269140000 13.41
1436269200000 13.44
1436269260000 13.43
1436269320000 13.44
1436269440000 13.46
1436269500000 13.49
1436269560000 13.47
1436269620000 13.45
1436269680000 13.47
1436269740000 13.44
1436269860000 13.45
1436269980000 13.44
1436270040000 13.43
1436270100000 13.45
1436270160000 13.45
1436270220000 13.53
1436270280000 13.52
1436270340000 13.48
1436270400000 13.47
1436270460000 13.45
1436270520000 13.47
1436270580000 13.45
1436270640000 13.48
1436270700000 13.48
1436270760000 13.48
1436270820000 13.47
1436270880000 13.48
1436270940000 13.471
1436271000000 13.46
1436271120000 13.44
1436271180000 13.44
1436271240000 13.44
1436271300000 13.45
1436271480000 13.455
1436271540000 13.45
1436271600000 13.43
1436271660000 13.44
1436271720000 13.42
1436271840000 13.43
1436271900000 13.43
1436271960000 13.43
1436272020000 13.44
1436272140000 13.44
1436272200000 13.4301
1436272260000 13.45
1436272380000 13.48
1436272500000 13.49
1436272560000 13.48
1436272620000 13.48
1436272740000 13.49
1436272800000 13.52
1436272920000 13.53
1436272980000 13.54
1436273100000 13.54
1436273220000 13.55
1436273280000 13.55
1436273580000 13.55
1436273640000 13.57
1436273760000 13.58
1436273880000 13.59
1436273940000 13.6399
1436274000000 13.6201
1436274060000 13.609
1436274240000 13.6
1436274300000 13.58
1436274360000 13.5702
1436274420000 13.54
1436274480000 13.54
1436274540000 13.57
1436274600000 13.56
1436274660000 13.57
1436274720000 13.58
1436274780000 13.6
1436274840000 13.6
1436274900000 13.61
1436274960000 13.58
1436275020000 13.56
1436275080000 13.56
1436275140000 13.54
1436275200000 13.56
1436275260000 13.59
1436275440000 13.61
1436275500000 13.6
1436275560000 13.62
1436275620000 13.62
1436275680000 13.62
1436275740000 13.62
1436275800000 13.62
1436275860000 13.6
1436275920000 13.6
1436275980000 13.58
1436276040000 13.59
1436276160000 13.61
1436276220000 13.61
1436276280000 13.61
1436276340000 13.63
1436276400000 13.63
1436276520000 13.63
1436276580000 13.63
1436276640000 13.645
1436276700000 13.67
1436276760000 13.68
1436276820000 13.68
1436276880000 13.66
1436276940000 13.66
1436277000000 13.65
1436277060000 13.65
1436277180000 13.63
1436277240000 13.63
1436277300000 13.62
1436277360000 13.62
1436277480000 13.6101
1436277540000 13.61
1436277600000 13.61
1436277660000 13.62
1436277720000 13.63
1436277780000 13.64
1436277840000 13.63
1436277900000 13.61
1436277960000 13.58
1436278080000 13.57
1436278140000 13.58
1436278200000 13.58
1436278260000 13.6
1436278320000 13.6
1436278380000 13.6
1436278500000 13.6
1436278560000 13.59
1436278620000 13.5999
1436278680000 13.595
1436278740000 13.58
1436278800000 13.55
1436278860000 13.55
1436278980000 13.52
1436279040000 13.52
1436279100000 13.55
1436279160000 13.56
1436279220000 13.56
1436279280000 13.55
1436279340000 13.56
1436279400000 13.57
1436279460000 13.57
1436279520000 13.56
1436279580000 13.58
1436279640000 13.57
1436279700000 13.55
1436279760000 13.58
1436279820000 13.59
1436279880000 13.6
1436279940000 13.6
1436280000000 13.61
1436280060000 13.63
1436280120000 13.65
1436280180000 13.63
1436280240000 13.65
1436280300000 13.655
1436280360000 13.65
1436280420000 13.66
1436280480000 13.68
1436280540000 13.68
1436280600000 13.6663
1436280660000 13.68
1436280720000 13.66
1436280780000 13.67
1436280840000 13.69
1436281020000 13.68
1436281080000 13.7
1436281140000 13.73
1436281200000 13.74
1436281260000 13.75
1436281320000 13.72
1436281440000 13.71
1436281500000 13.73
1436281560000 13.69
1436281620000 13.69
