1436261400000 29.64
1436261460000 29.9149
1436261640000 29.44
1436261760000 29.58
1436261820000 29.56
1436261880000 29.56
1436261940000 29.42
1436262000000 29.505
1436262060000 29.39
1436262240000 29.265
1436262300000 29.255
1436262360000 29.24
1436262420000 29.2
1436262480000 29.2
1436262540000 29.03
1436262600000 28.87
1436262780000 28.855
1436262840000 29.1
1436262900000 28.95
1436262960000 28.8001
1436263020000 28.91
1436263140000 28.96
1436263200000 28.99
1436263260000 28.94
1436263320000 28.98
1436263380000 29.04
1436263440000 29.13
1436263500000 29.11
1436263560000 29.07
1436263620000 29.02
1436263680000 28.91
1436263740000 28.82
1436263860000 28.745
1436263920000 28.71
1436263980000 28.59
1436264100000 28.63
1436264160000 28.64
1436264220000 28.53
1436264280000 28.7
1436264400000 28.5875
1436264460000 28.69
1436264520000 28.755
1436264580000 28.7
1436264640000 28.58
1436264700000 28.66
1436264940000 28.4699
1436265060000 28.56
1436265120000 28.42
1436265180000 28.56
1436265240000 28.52
1436265300000 28.6
1436265360000 28.6
1436265420000 28.57
1436265480000 28.51
1436265600000 28.36
1436265660000 28.35
1436265780000 28.37
1436266020000 28.42
1436266080000 28.47
1436266140000 28.52
1436266380000 28.63
1436266440000 28.7
1436266500000 28.77
1436266560000 28.78
1436266620000 28.84
1436266680000 28.79
1436266740000 28.74
1436266800000 28.66
1436266860000 28.74
1436266920000 28.66
1436267100000 28.69
1436267280000 28.77
1436267340000 28.875
1436267400000 28.925
1436267520000 29.11
1436267640000 29.005
1436267700000 29.05
1436267760000 29.05
1436267820000 29.15
1436267940000 29.14
1436268120000 29.17
1436268180000 29.2
1436268240000 29.19
1436268420000 29.14
1436268480000 29.12
1436268540000 29.1
1436268600000 29.2
1436269140000 29.21
1436269200000 29.27
1436269260000 29.3
1436269380000 29.43
1436269500000 29.41
1436269560000 29.46
1436269620000 29.5
1436269740000 29.51
1436269800000 29.47
1436269920000 29.47
1436269980000 29.55
1436270040000 29.565
1436270160000 29.65
1436270340000 29.69
1436270640000 29.64
1436270700000 29.65
1436271240000 29.51
1436271360000 29.5
1436271420000 29.47
1436271480000 29.55
1436271600000 29.55
1436271960000 29.63
1436272020000 29.56
1436272080000 29.58
1436272140000 29.55
1436272200000 29.5
1436272260000 29.6
1436272320000 29.82
1436272380000 29.77
1436272440000 29.75
1436272500000 29.71
1436272560000 29.72
1436272620000 29.78
1436272680000 29.83
1436272740000 29.75
1436272800000 30.01
1436272920000 30.02
1436273820000 30.01
1436273880000 30.11
1436274120000 30.21
1436274180000 30.12
1436274240000 30.21
1436274360000 30.14
1436274420000 30.09
1436274720000 30.17
1436275140000 30.06
1436275200000 30.06
1436275380000 30.01
1436275800000 30.0
1436275920000 30.035
1436275980000 30.03
1436276040000 30.02
1436276220000 30.01
1436276520000 30.0
1436276640000 30.05
1436276700000 30.1
1436276940000 30.115
1436277000000 30.075
1436277060000 30.01
1436277120000 30.0
1436277240000 30.0
1436277300000 30.0
1436277360000 30.0
1436277420000 30.02
1436277840000 30.045
1436278020000 30.02
1436278080000 30.01
1436278260000 30.04
1436278440000 30.065
1436278740000 30.095
1436278800000 30.02
1436278860000 30.01
1436278920000 30.0
1436278980000 30.0
1436279040000 30.0
1436279160000 30.04
1436279340000 30.045
1436279400000 30.01
1436279460000 30.01
1436279520000 30.0
1436279640000 30.0
1436279700000 30.0
1436279760000 30.01
1436279880000 30.0
1436280000000 30.12
1436280060000 30.12
1436280180000 30.19
1436280240000 30.22
1436280420000 30.29
1436280480000 30.3
1436280600000 30.32
1436280720000 30.34
1436280780000 30.36
1436280840000 30.27
1436281020000 30.26
1436281140000 30.34
1436281200000 30.4139
1436281260000 30.39
1436281380000 30.37
1436281500000 30.3
1436281560000 30.24
