1436261400000 32.11
1436261700000 31.9
1436261820000 31.9
1436261940000 31.9725
1436262240000 31.995
1436262300000 31.95
1436262360000 31.94
1436262540000 31.95
1436262600000 31.99
1436262660000 32.0
1436262720000 32.03
1436262900000 32.04
1436262960000 32.0
1436263020000 32.05
1436263080000 32.08
1436263140000 32.02
1436263200000 32.08
1436263260000 32.15
1436263320000 32.14
1436263380000 32.2
1436263440000 32.26
1436263500000 32.28
1436263560000 32.27
1436263620000 32.31
1436263680000 32.255
1436263740000 32.22
1436263980000 32.17
1436264040000 32.16
1436264160000 32.155
1436264460000 32.12
1436264700000 32.15
1436264760000 32.11
1436264820000 32.115
1436264940000 32.06
1436265000000 32.07
1436265060000 32.07
1436265120000 32.04
1436265240000 32.07
1436265540000 32.07
1436265660000 32.06
1436265720000 31.985
1436265960000 31.96
1436266020000 31.99
1436266140000 31.98
1436266200000 31.945
1436266320000 31.96
1436266380000 31.96
1436266440000 31.96
1436266500000 31.95
1436266860000 31.94
1436266920000 31.9001
1436266980000 31.925
1436267100000 31.905
1436267160000 31.905
1436267280000 31.88
1436267340000 31.945
1436267400000 31.9275
1436267460000 31.92
1436267520000 31.91
1436267760000 32.03
1436267820000 32.13
1436267880000 32.06
1436267940000 32.05
1436268000000 32.05
1436268060000 31.99
1436268180000 31.97
1436268360000 31.99
1436268480000 32.01
1436268540000 31.8901
1436268720000 31.925
1436268840000 31.925
1436268900000 31.88
1436269020000 31.84
1436269080000 31.86
1436269140000 31.84
1436269200000 31.81
1436269260000 31.83
1436269320000 31.83
1436269380000 31.86
1436269440000 31.89
1436269560000 31.9
1436269620000 31.9456
1436269740000 31.96
1436269800000 31.925
1436269920000 31.92
1436269980000 31.88
1436270160000 31.87
1436270280000 31.97
1436270400000 31.98
1436270460000 31.98
1436270520000 31.985
1436270640000 32.0
1436270700000 31.98
1436270760000 32.01
1436270820000 32.045
1436270880000 32.07
1436270940000 32.07
1436271000000 32.06
1436271060000 32.0
1436271120000 32.0
1436271240000 32.01
1436271300000 32.0
1436271360000 31.9966
1436271420000 32.0
1436271480000 32.0
1436271600000 32.01
1436271660000 32.01
1436271840000 32.04
1436271900000 32.03
1436272020000 31.98
1436272080000 31.995
1436272140000 32.03
1436272200000 32.0
1436272260000 32.05
1436272320000 32.07
1436272380000 32.07
1436272500000 32.08
1436272560000 32.08
1436272620000 32.08
1436272680000 32.09
1436272740000 32.1
1436272800000 32.11
1436272920000 32.1
1436272980000 32.07
1436273160000 32.08
1436273280000 32.15
1436273460000 32.17
1436273520000 32.17
1436273640000 32.18
1436273820000 32.17
1436274000000 32.2384
1436274120000 32.19
1436274240000 32.24
1436274360000 32.22
1436274540000 32.19
1436274600000 32.21
1436274660000 32.24
1436274720000 32.26
1436274900000 32.3
1436274960000 32.28
1436275080000 32.2
1436275200000 32.22
1436275560000 32.24
1436275680000 32.21
1436275860000 32.22
1436275980000 32.18
1436276340000 32.22
1436276520000 32.22
1436276580000 32.19
1436276640000 32.22
1436276700000 32.22
1436276880000 32.22
1436277000000 32.22
1436277120000 32.225
1436277300000 32.16
1436277360000 32.17
1436277600000 32.22
1436277900000 32.1701
1436277960000 32.15
1436278020000 32.13
1436278260000 32.12
1436278320000 32.12
1436278500000 32.1
1436278620000 32.07
1436278680000 32.07
1436278740000 32.03
1436278800000 31.95
1436279100000 31.99
1436279220000 32.03
1436279280000 32.05
1436279340000 32.05
1436279400000 32.02
1436279460000 32.05
1436279520000 32.02
1436279880000 32.0
1436279940000 31.99
1436280000000 32.0
1436280060000 31.99
1436280120000 31.99
1436280180000 32.02
1436280240000 32.07
1436280300000 32.1
1436280360000 32.08
1436280420000 32.12
1436280480000 32.09
1436280540000 32.07
1436280660000 32.07
1436280720000 32.05
1436280780000 32.05
1436280840000 32.06
1436280900000 32.02
1436281020000 32.03
1436281080000 32.05
1436281140000 32.09
1436281200000 32.05
1436281260000 32.05
1436281320000 32.06
1436281440000 32.08
1436281500000 32.07
1436281560000 32.06
