1436261400000 26.0
1436261520000 25.95
1436261640000 25.95
1436261760000 25.9
1436261940000 25.87
1436262060000 25.87
1436262540000 25.865
1436262720000 25.87
1436262840000 25.88
1436262900000 25.88
1436263020000 25.86
1436263140000 25.85
1436263260000 25.85
1436263320000 25.825
1436263560000 25.79
1436263620000 25.79
1436264160000 25.7601
1436264520000 25.7587
1436264700000 25.7566
1436264760000 25.75
1436264940000 25.759
1436265240000 25.5701
1436267340000 25.5801
1436268360000 25.669
1436268420000 25.62
1436270100000 25.69
1436270400000 25.695
1436271240000 25.71
1436272020000 25.7152
1436273220000 25.8
1436273460000 25.822
1436274000000 25.7801
1436274180000 25.859
1436274900000 25.88
1436275140000 25.8899
1436275980000 25.8109
1436276400000 25.8487
1436276580000 25.88
1436276640000 25.88
1436276760000 25.8892
1436277840000 25.8301
1436277900000 25.92
1436277960000 25.91
1436278020000 25.92
1436278080000 25.91
1436279700000 25.87
1436280000000 25.89
1436280420000 25.95
1436280600000 25.94
1436280660000 25.965
1436280840000 25.965
1436281080000 25.98
