1436261400000 20.02
1436261580000 20.0
1436261640000 20.045
1436261700000 20.0
1436261820000 19.87
1436261880000 19.92
1436262000000 19.83
1436262060000 19.92
1436262180000 19.92
1436262240000 19.915
1436262360000 19.85
1436262420000 19.9
1436262480000 19.91
1436262720000 19.92
1436262780000 19.92
1436262840000 19.92
1436262900000 19.9699
1436262960000 19.89
1436263020000 19.89
1436263140000 19.88
1436263320000 19.84
1436263440000 19.86
1436263560000 19.815
1436263740000 19.847
1436263800000 19.8
1436263980000 19.87
1436264040000 19.87
1436264100000 19.82
1436264280000 19.84
1436264340000 19.85
1436264520000 19.865
1436264580000 19.84
1436264640000 19.8
1436264760000 19.81
1436265120000 19.78
1436265180000 19.775
1436265240000 19.75
1436265300000 19.75
1436265660000 19.73
1436265780000 19.71
1436265840000 19.76
1436265960000 19.78
1436266020000 19.79
1436266080000 19.81
1436266140000 19.78
1436266320000 19.795
1436266380000 19.835
1436266440000 19.875
1436266500000 19.95
1436266560000 19.87
1436266620000 19.87
1436266800000 19.87
1436266860000 19.87
1436266980000 19.895
1436267040000 19.87
1436267100000 19.8
1436267160000 19.8
1436267520000 19.835
1436267640000 19.835
1436267700000 19.84
1436267760000 19.84
1436267820000 19.78
1436267880000 19.79
1436267940000 19.79
1436268000000 19.77
1436268120000 19.79
1436268240000 19.77
1436268420000 19.79
1436268480000 19.77
1436268600000 19.74
1436268780000 19.71
1436268840000 19.7
1436268960000 19.66
1436269140000 19.66
1436269380000 19.82
1436269440000 19.82
1436269860000 19.79
1436269980000 19.81
1436270100000 19.81
1436270160000 19.83
1436270220000 19.86
1436270400000 19.87
1436270460000 19.81
1436270520000 19.77
1436270820000 19.83
1436270940000 19.8
1436271060000 19.81
1436271600000 19.74
1436271900000 19.78
1436272080000 19.825
1436272140000 19.84
1436272200000 19.83
1436272500000 19.85
1436272560000 19.87
1436272740000 19.89
1436272920000 19.92
1436273040000 19.92
1436273100000 19.93
1436273160000 19.93
1436273220000 19.91
1436273280000 19.92
1436273340000 19.9
1436273640000 19.9
1436273700000 19.9
1436273820000 19.9
1436273880000 19.9
1436274000000 19.9
1436274060000 19.925
1436274180000 19.86
1436274240000 19.9
1436274300000 19.89
1436274600000 19.87
1436274660000 19.85
1436274840000 19.88
1436275020000 19.89
1436275140000 19.89
1436275200000 19.87
1436275440000 19.9
1436276040000 19.9
1436276100000 19.9
1436276220000 19.9
1436276280000 19.88
1436276400000 19.852
1436276460000 19.88
1436276640000 19.88
1436276700000 19.9
1436276880000 19.9
1436277000000 19.93
1436277060000 19.9
1436277420000 19.91
1436277480000 19.92
1436277540000 19.89
1436277600000 19.88
1436277660000 19.8997
1436277720000 19.89
1436278020000 19.8897
1436278140000 19.89
1436278200000 19.91
1436278260000 19.9
1436278380000 19.9
1436278440000 19.92
1436278500000 19.9
1436278620000 19.9
1436278740000 19.89
1436278860000 19.91
1436279160000 19.875
1436279280000 19.89
1436279340000 19.89
1436279400000 19.89
1436279580000 19.91
1436279640000 19.9
1436279760000 19.9
1436279880000 19.89
1436279940000 19.91
1436280060000 19.93
1436280120000 19.94
1436280180000 19.92
1436280300000 19.92
1436280360000 19.92
1436280420000 19.92
1436280600000 19.94
1436280660000 19.93
1436280720000 19.88
1436280840000 19.905
1436281080000 19.93
1436281140000 19.91
1436281200000 19.93
1436281260000 19.93
1436281320000 19.93
1436281380000 19.94
1436281500000 19.94
1436281560000 19.9
