1404705600000 3.74
1404792000000 3.63
1404878400000 3.77
1404964800000 3.6912
1405051200000 3.73
1405310400000 3.72
1405396800000 3.7
1405483200000 3.75
1405569600000 3.83
1405656000000 3.97
1405915200000 3.78
1406001600000 3.85
1406088000000 3.88
1406174400000 3.92
1406260800000 3.8
1406520000000 3.83
1406606400000 3.9
1406692800000 3.68
1406779200000 3.41
1406865600000 3.39
1407124800000 3.64
1407211200000 3.5056
1407297600000 3.42
1407384000000 3.52
1407470400000 3.51
1407729600000 3.69
1407816000000 3.58
1407902400000 3.78
1407988800000 3.8
1408075200000 3.53
1408334400000 3.87
1408420800000 3.94
1408507200000 3.97
1408593600000 4.01
1408939200000 3.8164
1409025600000 3.78
1409112000000 3.84
1409198400000 3.75
1409284800000 3.87
1409630400000 3.88
1409716800000 4.01
1409803200000 4.0436
1409889600000 4.13
1410148800000 4.15
1410235200000 3.97
1410321600000 3.8
1410408000000 3.73
1410494400000 3.4
1410753600000 3.0799
1410840000000 3.05
1410926400000 3.15
1411012800000 3.18
1411099200000 3.17
1411358400000 3.03
1411444800000 2.95
1411531200000 2.9
1411617600000 2.76
1411704000000 2.9
1412136000000 2.77
1412222400000 2.78
1412308800000 2.89
1412568000000 3.01
1412654400000 2.84
1412740800000 3.05
1412827200000 2.92
1412913600000 2.9
1413172800000 3.09
1413259200000 3.1
1413345600000 3.25
1413432000000 3.3
1413518400000 3.08
