1436261400000 21.73
1436261460000 21.68
1436261520000 21.79
1436261580000 21.73
1436261640000 21.66
1436261700000 21.6
1436261820000 21.65
1436261880000 21.66
1436261940000 21.59
1436262000000 21.59
1436262060000 21.6
1436262120000 21.63
1436262180000 21.56
1436262240000 21.54
1436262300000 21.52
1436262360000 21.48
1436262420000 21.48
1436262480000 21.47
1436262540000 21.45
1436262600000 21.46
1436262660000 21.44
1436262720000 21.49
1436262780000 21.5
1436262840000 21.49
1436262900000 21.44
1436262960000 21.44
1436263020000 21.37
1436263080000 21.33
1436263140000 21.33
1436263200000 21.25
1436263260000 21.25
1436263320000 21.23
1436263380000 21.21
1436263440000 21.21
1436263500000 21.19
1436263560000 21.145
1436263620000 21.13
1436263680000 21.11
1436263740000 21.085
1436263800000 21.1
1436263860000 21.14
1436263920000 21.13
1436263980000 21.13
1436264040000 21.135
1436264100000 21.08
1436264160000 21.09
1436264220000 21.1
1436264280000 21.105
1436264340000 21.1
1436264400000 21.07
1436264460000 21.11
1436264520000 21.08
1436264580000 21.14
1436264640000 21.145
1436264700000 21.1
1436264760000 21.1
1436264820000 21.11
1436264880000 21.08
1436264940000 21.09
1436265000000 21.09
1436265060000 21.14
1436265120000 21.14
1436265180000 21.17
1436265240000 21.13
1436265300000 21.12
1436265360000 21.12
1436265420000 21.13
1436265480000 21.12
1436265540000 21.085
1436265600000 21.06
1436265660000 21.06
1436265720000 21.05
1436265780000 21.04
1436265840000 21.04
1436265900000 21.03
1436265960000 21.02
1436266020000 21.04
1436266080000 21.11
1436266140000 21.16
1436266200000 21.18
1436266260000 21.17
1436266320000 21.165
1436266380000 21.19
1436266440000 21.185
1436266500000 21.23
1436266560000 21.2
1436266620000 21.21
1436266680000 21.22
1436266740000 21.21
1436266800000 21.2
1436266860000 21.19
1436266920000 21.21
1436266980000 21.24
1436267040000 21.25
1436267100000 21.26
1436267160000 21.25
1436267220000 21.28
1436267280000 21.31
1436267340000 21.32
1436267400000 21.36
1436267460000 21.36
1436267520000 21.38
1436267580000 21.36
1436267640000 21.39
1436267700000 21.4
1436267760000 21.42
1436267820000 21.44
1436267880000 21.45
1436267940000 21.42
1436268000000 21.43
1436268060000 21.44
1436268120000 21.39
1436268180000 21.39
1436268240000 21.38
1436268300000 21.36
1436268360000 21.32
1436268420000 21.32
1436268480000 21.31
1436268540000 21.32
1436268600000 21.25
1436268660000 21.25
1436268720000 21.24
1436268780000 21.28
1436268840000 21.28
1436268900000 21.25
1436268960000 21.25
1436269020000 21.26
1436269080000 21.27
1436269140000 21.32
1436269200000 21.33
1436269260000 21.37
1436269320000 21.37
1436269380000 21.4
1436269440000 21.44
1436269500000 21.47
1436269560000 21.44
1436269620000 21.44
1436269680000 21.46
1436269740000 21.47
1436269800000 21.48
1436269860000 21.54
1436269920000 21.54
1436269980000 21.55
1436270040000 21.57
1436270100000 21.54
1436270160000 21.53
1436270220000 21.64
1436270280000 21.62
1436270340000 21.62
1436270400000 21.64
1436270460000 21.61
1436270520000 21.59
1436270580000 21.61
1436270640000 21.6
1436270700000 21.61
1436270760000 21.625
1436270820000 21.61
1436270880000 21.62
1436270940000 21.65
1436271000000 21.65
1436271060000 21.64
1436271120000 21.6
1436271180000 21.59
1436271240000 21.6
1436271300000 21.57
1436271360000 21.55
1436271420000 21.54
1436271480000 21.57
1436271540000 21.57
1436271600000 21.56
1436271660000 21.57
1436271720000 21.56
1436271780000 21.56
1436271840000 21.56
1436271900000 21.55
1436271960000 21.56
1436272020000 21.61
1436272080000 21.615
1436272140000 21.62
1436272200000 21.67
1436272260000 21.68
1436272320000 21.7
1436272380000 21.73
1436272440000 21.71
1436272500000 21.75
1436272560000 21.72
1436272620000 21.74
1436272680000 21.75
1436272740000 21.82
1436272800000 21.82
1436272860000 21.76
1436272920000 21.78
1436272980000 21.8
1436273040000 21.84
1436273100000 21.84
1436273160000 21.88
1436273220000 21.89
1436273280000 21.9
1436273340000 21.85
1436273400000 21.87
1436273460000 21.88
1436273520000 21.88
1436273580000 21.87
1436273640000 21.89
1436273700000 21.9
1436273760000 21.87
1436273820000 21.9
1436273880000 21.92
1436273940000 21.98
1436274000000 22.01
1436274060000 22.0
1436274120000 21.98
1436274180000 21.99
1436274240000 21.99
1436274300000 22.0
1436274360000 21.99
1436274420000 21.93
1436274480000 21.91
1436274540000 21.93
1436274600000 21.94
1436274660000 21.96
1436274720000 21.98
1436274780000 22.03
1436274840000 22.03
1436274900000 22.03
1436274960000 21.99
1436275020000 21.96
1436275080000 21.96
1436275140000 21.98
1436275200000 21.99
1436275260000 21.95
1436275320000 21.91
1436275380000 21.88
1436275440000 21.9
1436275500000 21.9
1436275560000 21.91
1436275620000 21.9
1436275680000 21.91
1436275740000 21.9365
1436275800000 21.94
1436275860000 21.96
1436275920000 21.89
1436275980000 21.89
1436276040000 21.83
1436276100000 21.86
1436276160000 21.88
1436276220000 21.88
1436276280000 21.85
1436276340000 21.83
1436276400000 21.84
1436276460000 21.81
1436276520000 21.82
1436276580000 21.82
1436276640000 21.835
1436276700000 21.87
1436276760000 21.86
1436276820000 21.82
1436276880000 21.8
1436276940000 21.82
1436277000000 21.82
1436277060000 21.795
1436277120000 21.78
1436277180000 21.765
1436277240000 21.75
1436277300000 21.74
1436277360000 21.73
1436277420000 21.73
1436277480000 21.72
1436277540000 21.73
1436277600000 21.77
1436277660000 21.77
1436277720000 21.77
1436277780000 21.75
1436277840000 21.775
1436277900000 21.77
1436277960000 21.76
1436278020000 21.77
1436278080000 21.76
1436278140000 21.78
1436278200000 21.81
1436278260000 21.83
1436278320000 21.85
1436278380000 21.85
1436278440000 21.83
1436278500000 21.83
1436278560000 21.83
1436278620000 21.88
1436278680000 21.85
1436278740000 21.86
1436278800000 21.83
1436278860000 21.84
1436278920000 21.81
1436278980000 21.76
1436279040000 21.8
1436279100000 21.83
1436279160000 21.86
1436279220000 21.88
1436279280000 21.88
1436279340000 21.87
1436279400000 21.89
1436279460000 21.89
1436279520000 21.89
1436279580000 21.91
1436279640000 21.91
1436279700000 21.87
1436279760000 21.88
1436279820000 21.88
1436279880000 21.89
1436279940000 21.95
1436280000000 21.96
1436280060000 21.98
1436280120000 22.01
1436280180000 22.01
1436280240000 22.04
1436280300000 22.07
1436280360000 22.07
1436280420000 22.07
1436280480000 22.1
1436280540000 22.065
1436280600000 22.05
1436280660000 22.03
1436280720000 22.05
1436280780000 22.08
1436280840000 22.09
1436280900000 22.1
1436280960000 22.12
1436281020000 22.15
1436281080000 22.15
1436281140000 22.21
1436281200000 22.23
1436281260000 22.2
1436281320000 22.17
1436281380000 22.16
1436281440000 22.14
1436281500000 22.17
1436281560000 22.13
1436281620000 22.1
