1436261400000 50.02
1436261460000 50.41
1436261520000 50.28
1436261580000 50.3608
1436261640000 50.36
1436261700000 50.22
1436261760000 50.1
1436261820000 50.22
1436261880000 50.249
1436261940000 50.35
1436262000000 50.22
1436262060000 50.22
1436262120000 50.12
1436262180000 50.15
1436262240000 50.14
1436262300000 50.11
1436262360000 50.04
1436262420000 50.1
1436262480000 50.1298
1436262540000 50.15
1436262600000 50.18
1436262660000 50.1
1436262720000 50.17
1436262780000 50.25
1436262840000 50.19
1436262900000 50.13
1436262960000 50.07
1436263020000 50.14
1436263080000 50.07
1436263140000 50.01
1436263200000 50.01
1436263260000 49.985
1436263320000 49.95
1436263380000 50.06
1436263440000 50.06
1436263500000 50.07
1436263560000 50.03
1436263620000 50.0
1436263680000 49.89
1436263740000 49.96
1436263800000 50.04
1436263860000 50.08
1436263920000 50.11
1436263980000 50.13
1436264040000 50.11
1436264100000 50.07
1436264160000 49.99
1436264220000 50.0063
1436264280000 49.95
1436264340000 50.0
1436264400000 49.97
1436264460000 49.97
1436264520000 50.03
1436264580000 49.98
1436264640000 50.01
1436264700000 50.03
1436264760000 49.95
1436264820000 49.97
1436264880000 49.93
1436264940000 49.92
1436265000000 49.92
1436265060000 49.85
1436265120000 49.81
1436265180000 49.85
1436265240000 49.81
1436265300000 49.81
1436265360000 49.74
1436265420000 49.82
1436265480000 49.8
1436265540000 49.81
1436265600000 49.78
1436265660000 49.71
1436265720000 49.7
1436265780000 49.7119
1436265840000 49.73
1436265900000 49.77
1436265960000 49.77
1436266020000 49.85
1436266080000 49.86
1436266140000 49.84
1436266200000 49.82
1436266260000 49.79
1436266320000 49.82
1436266380000 49.84
1436266440000 49.89
1436266500000 49.92
1436266560000 49.86
1436266620000 49.91
1436266680000 49.88
1436266740000 49.87
1436266800000 49.86
1436266860000 49.78
1436266920000 49.7855
1436266980000 49.81
1436267040000 49.78
1436267100000 49.78
1436267160000 49.76
1436267220000 49.77
1436267280000 49.76
1436267340000 49.79
1436267400000 49.79
1436267460000 49.81
1436267520000 49.83
1436267580000 49.875
1436267640000 49.8164
1436267700000 49.825
1436267760000 49.83
1436267820000 49.86
1436267880000 49.8
1436267940000 49.77
1436268000000 49.8
1436268060000 49.73
1436268120000 49.73
1436268180000 49.78
1436268240000 49.77
1436268300000 49.76
1436268360000 49.75
1436268420000 49.71
1436268480000 49.78
1436268540000 49.73
1436268600000 49.71
1436268660000 49.67
1436268720000 49.68
1436268780000 49.65
1436268840000 49.62
1436268900000 49.61
1436268960000 49.57
1436269020000 49.64
1436269080000 49.66
1436269140000 49.73
1436269200000 49.74
1436269260000 49.78
1436269320000 49.79
1436269380000 49.83
1436269440000 49.88
1436269500000 49.85
1436269560000 49.83
1436269620000 49.82
1436269680000 49.85
1436269740000 49.83
1436269800000 49.82
1436269860000 49.8
1436269920000 49.78
1436269980000 49.8
1436270040000 49.8119
1436270100000 49.84
1436270160000 49.87
1436270220000 49.98
1436270280000 49.92
1436270340000 49.92
1436270400000 49.87
1436270460000 49.85
1436270520000 49.8525
1436270580000 49.84
1436270640000 49.83
1436270700000 49.84
1436270760000 49.8
1436270820000 49.78
1436270880000 49.79
1436270940000 49.82
1436271000000 49.81
1436271060000 49.79
1436271120000 49.77
1436271180000 49.76
1436271240000 49.77
1436271300000 49.74
1436271360000 49.79
1436271420000 49.72
1436271480000 49.71
1436271540000 49.73
1436271600000 49.715
1436271660000 49.76
1436271720000 49.76
1436271780000 49.74
1436271840000 49.73
1436271900000 49.71
1436271960000 49.74
1436272020000 49.78
1436272080000 49.79
1436272140000 49.79
1436272200000 49.78
1436272260000 49.8
1436272320000 49.81
1436272380000 49.79
1436272440000 49.84
1436272500000 49.88
1436272560000 49.84
1436272620000 49.85
1436272680000 49.84
1436272740000 49.91
1436272800000 49.92
1436272860000 49.9
1436272920000 49.93
1436272980000 49.94
1436273040000 49.93
1436273100000 49.94
1436273160000 50.02
1436273220000 50.0
1436273280000 50.01
1436273340000 50.03
1436273400000 50.02
1436273460000 49.98
1436273520000 49.995
1436273580000 49.97
1436273640000 49.94
1436273700000 49.98
1436273760000 49.99
1436273820000 50.025
1436273880000 50.01
1436273940000 50.0
1436274000000 50.01
1436274060000 50.04
1436274120000 50.01
1436274180000 49.95
1436274240000 49.96
1436274300000 49.96
1436274360000 49.92
1436274420000 49.87
1436274480000 49.87
1436274540000 49.92
1436274600000 49.91
1436274660000 49.94
1436274720000 49.97
1436274780000 50.05
1436274840000 50.07
1436274900000 50.09
1436274960000 50.03
1436275020000 49.96
1436275080000 49.94
1436275140000 49.92
1436275200000 49.99
1436275260000 49.96
1436275320000 49.9
1436275380000 49.91
1436275440000 49.95
1436275500000 49.9
1436275560000 49.95
1436275620000 49.95
1436275680000 49.98
1436275740000 50.0
1436275800000 50.02
1436275860000 50.02
1436275920000 49.96
1436275980000 49.95
1436276040000 49.93
1436276100000 49.94
1436276160000 49.94
1436276220000 49.95
1436276280000 49.96
1436276340000 49.97
1436276400000 50.0
1436276460000 49.97
1436276520000 49.99
1436276580000 49.99
1436276640000 49.98
1436276700000 49.97
1436276760000 49.95
1436276820000 49.93
1436276880000 49.91
1436276940000 49.95
1436277000000 49.95
1436277060000 49.92
1436277120000 49.93
1436277180000 49.92
1436277240000 49.91
1436277300000 49.875
1436277360000 49.88
1436277420000 49.91
1436277480000 49.9
1436277540000 49.9
1436277600000 49.9
1436277660000 49.9
1436277720000 49.925
1436277780000 49.92
1436277840000 49.94
1436277900000 49.97
1436277960000 49.94
1436278020000 49.94
1436278080000 49.95
1436278140000 49.99
1436278200000 50.02
1436278260000 49.98
1436278320000 50.03
1436278380000 50.0
1436278440000 49.98
1436278500000 49.98
1436278560000 49.97
1436278620000 49.965
1436278680000 49.94
1436278740000 49.9
1436278800000 49.87
1436278860000 49.9
1436278920000 49.86
1436278980000 49.85
1436279040000 49.87
1436279100000 49.905
1436279160000 49.92
1436279220000 49.92
1436279280000 49.92
1436279340000 49.88
1436279400000 49.9
1436279460000 49.915
1436279520000 49.915
1436279580000 49.99
1436279640000 50.0
1436279700000 49.9975
1436279760000 50.04
1436279820000 50.03
1436279880000 50.04
1436279940000 50.08
1436280000000 50.08
1436280060000 50.11
1436280120000 50.15
1436280180000 50.15
1436280240000 50.2
1436280300000 50.23
1436280360000 50.24
1436280420000 50.24
1436280480000 50.25
1436280540000 50.21
1436280600000 50.22
1436280660000 50.2
1436280720000 50.21
1436280780000 50.24
1436280840000 50.26
1436280900000 50.3
1436280960000 50.29
1436281020000 50.32
1436281080000 50.33
1436281140000 50.4
1436281200000 50.39
1436281260000 50.415
1436281320000 50.4
1436281380000 50.43
1436281440000 50.43
1436281500000 50.45
1436281560000 50.4503
1436281620000 50.44
1436281680000 50.43
