1436261400000 19.1
1436261820000 19.12
1436261880000 19.08
1436261940000 18.98
1436262240000 19.0
1436262360000 19.0
1436262420000 19.0
1436262480000 19.0
1436262540000 19.0
1436262600000 19.0
1436262660000 19.04
1436262720000 19.01
1436262840000 19.0
1436262900000 19.0
1436262960000 19.0
1436263020000 19.02
1436263140000 19.02
1436263200000 19.03
1436263320000 18.98
1436263380000 19.02
1436263440000 19.01
1436263500000 19.01
1436263560000 19.02
1436263620000 19.04
1436263680000 19.01
1436263740000 19.02
1436263860000 19.03
1436263920000 19.05
1436263980000 19.07
1436264040000 19.055
1436264100000 19.04
1436264160000 19.06
1436264220000 19.07
1436264280000 19.06
1436264340000 19.06
1436264460000 19.06
1436264520000 19.09
1436264580000 19.105
1436264640000 19.1
1436264700000 19.08
1436264880000 19.085
1436264940000 19.12
1436265000000 19.12
1436265060000 19.1
1436265120000 19.11
1436265180000 19.1275
1436265240000 19.13
1436265300000 19.13
1436265360000 19.14
1436265480000 19.14
1436265540000 19.13
1436265600000 19.15
1436265660000 19.12
1436265720000 19.12
1436265840000 19.1
1436265960000 19.11
1436266020000 19.16
1436266080000 19.14
1436266140000 19.2
1436266200000 19.17
1436266320000 19.16
1436266380000 19.19
1436266500000 19.17
1436266620000 19.21
1436266800000 19.21
1436266860000 19.21
1436266980000 19.15
1436267040000 19.19
1436267100000 19.15
1436267160000 19.135
1436267280000 19.15
1436267400000 19.15
1436267700000 19.2
1436267940000 19.21
1436268000000 19.1999
1436268060000 19.16
1436268240000 19.16
1436268300000 19.13
1436268540000 19.14
1436268660000 19.13
1436268840000 19.16
1436269140000 19.12
1436269200000 19.17
1436269320000 19.17
1436269380000 19.17
1436269440000 19.19
1436269620000 19.2
1436269680000 19.19
1436269800000 19.19
1436270100000 19.19
1436270160000 19.19
1436270220000 19.25
1436270460000 19.22
1436270580000 19.17
1436270640000 19.17
1436271060000 19.19
1436271180000 19.19
1436271360000 19.19
1436271600000 19.18
1436271660000 19.19
1436271720000 19.2
1436271960000 19.2
1436272080000 19.15
1436272200000 19.16
1436272260000 19.17
1436272380000 19.2
1436272500000 19.19
1436272620000 19.2
1436272680000 19.2
1436272740000 19.2
1436272800000 19.23
1436272980000 19.23
1436273040000 19.19
1436273220000 19.21
1436273400000 19.24
1436273460000 19.2
1436273520000 19.19
1436273640000 19.21
1436273700000 19.2
1436273880000 19.22
1436274000000 19.24
1436274240000 19.26
1436274840000 19.25
1436275560000 19.2
1436275620000 19.22
1436275980000 19.24
1436276220000 19.24
1436276280000 19.2
1436276520000 19.2
1436276580000 19.19
1436276640000 19.22
1436276700000 19.24
1436277000000 19.22
1436277180000 19.22
1436277240000 19.1825
1436277480000 19.2
1436277540000 19.19
1436277780000 19.1325
1436278020000 19.17
1436278140000 19.12
1436278320000 19.1375
1436278560000 19.1375
1436278620000 19.1
1436278740000 19.1
1436278800000 19.1101
1436278920000 19.1
1436278980000 19.12
1436279100000 19.12
1436279160000 19.1
1436279220000 19.14
1436279280000 19.14
1436279340000 19.125
1436279400000 19.17
1436279520000 19.17
1436279580000 19.17
1436279940000 19.2
1436280060000 19.22
1436280180000 19.22
1436280240000 19.28
1436280360000 19.27
1436280420000 19.27
1436280480000 19.26
1436280660000 19.28
1436280720000 19.28
1436280960000 19.29
1436281020000 19.28
1436281080000 19.29
1436281440000 19.34
1436281560000 19.32
