1436261400000 7.17
1436261580000 7.12
1436261640000 7.15
1436261700000 7.11
1436261880000 7.08
1436261940000 7.0803
1436262000000 7.11
1436262060000 7.1
1436262180000 7.1001
1436262240000 7.1179
1436262300000 7.12
1436262360000 7.12
1436262540000 7.12
1436262720000 7.11
1436262780000 7.12
1436262840000 7.15
1436263020000 7.11
1436263200000 7.08
1436263260000 7.0699
1436263320000 7.07
1436263380000 7.09
1436263440000 7.1
1436263500000 7.1
1436263560000 7.07
1436263620000 7.07
1436263680000 7.08
1436263740000 7.08
1436264040000 7.08
1436264100000 7.14
1436264160000 7.11
1436264340000 7.13
1436264520000 7.1
1436264820000 7.13
1436264880000 7.11
1436265000000 7.12
1436265060000 7.11
1436265180000 7.11
1436265240000 7.1
1436265300000 7.09
1436265360000 7.092
1436265480000 7.09
1436265540000 7.06
1436265600000 7.0899
1436265720000 7.0697
1436265780000 7.08
1436265840000 7.06
1436265960000 7.075
1436266020000 7.09
1436266080000 7.08
1436266260000 7.09
1436266320000 7.11
1436266380000 7.14
1436266680000 7.12
1436266800000 7.11
1436266860000 7.092
1436266980000 7.1
1436267100000 7.1299
1436267160000 7.12
1436267340000 7.09
1436267400000 7.09
1436267460000 7.1
1436267520000 7.1
1436267760000 7.1
1436267880000 7.1
1436267940000 7.08
1436268120000 7.07
1436268180000 7.07
1436268300000 7.07
1436268360000 7.06
1436268480000 7.07
1436268540000 7.06
1436268660000 7.09
1436268720000 7.08
1436268840000 7.07
1436268900000 7.05
1436268960000 7.05
1436269020000 7.06
1436269080000 7.07
1436269200000 7.07
1436269320000 7.09
1436269380000 7.09
1436269560000 7.11
1436269680000 7.11
1436269860000 7.11
1436270040000 7.08
1436270220000 7.0907
1436270280000 7.12
1436270340000 7.13
1436270400000 7.1368
1436270460000 7.13
1436270580000 7.1001
1436270760000 7.11
1436270820000 7.13
1436270880000 7.13
1436271000000 7.12
1436271120000 7.1
1436271360000 7.08
1436271480000 7.09
1436271600000 7.1
1436271660000 7.11
1436271840000 7.11
1436271900000 7.1013
1436272200000 7.09
1436272440000 7.08
1436272500000 7.08
1436272560000 7.095
1436272920000 7.09
1436273160000 7.09
1436273220000 7.08
1436273340000 7.09
1436273400000 7.1046
1436273700000 7.1
1436273760000 7.11
1436273820000 7.12
1436273880000 7.12
1436273940000 7.12
1436274120000 7.12
1436274180000 7.1
1436274240000 7.1
1436274300000 7.09
1436274360000 7.09
1436274420000 7.07
1436274540000 7.0899
1436274660000 7.08
1436274720000 7.09
1436274900000 7.1
1436274960000 7.09
1436275080000 7.08
1436275140000 7.1
1436275200000 7.08
1436275320000 7.09
1436275380000 7.09
1436275500000 7.0899
1436275620000 7.08
1436275800000 7.09
1436275860000 7.08
1436275920000 7.09
1436276160000 7.08
1436276220000 7.08
1436276280000 7.08
1436276340000 7.08
1436276400000 7.08
1436276460000 7.08
1436276640000 7.09
1436276700000 7.09
1436276760000 7.1
1436276820000 7.1
1436276880000 7.1
1436277000000 7.09
1436277180000 7.07
1436277300000 7.07
1436277480000 7.07
1436277540000 7.08
1436277600000 7.07
1436277660000 7.05
1436277720000 7.06
1436277840000 7.06
1436277960000 7.06
1436278080000 7.068
1436278140000 7.05
1436278200000 7.07
1436278260000 7.08
1436278500000 7.06
1436278620000 7.05
1436278680000 7.05
1436278740000 7.07
1436278800000 7.06
1436278860000 7.06
1436278920000 7.05
1436279040000 7.055
1436279100000 7.05
1436279160000 7.06
1436279340000 7.06
1436279460000 7.05
1436279580000 7.06
1436279640000 7.05
1436279700000 7.06
1436279760000 7.04
1436279880000 7.05
1436279940000 7.08
1436280060000 7.1
1436280120000 7.08
1436280180000 7.08
1436280240000 7.08
1436280360000 7.09
1436280420000 7.09
1436280540000 7.09
1436280600000 7.09
1436280660000 7.07
1436280720000 7.07
1436280780000 7.07
1436280900000 7.07
1436281020000 7.07
1436281080000 7.08
1436281140000 7.07
1436281200000 7.08
1436281320000 7.07
1436281380000 7.07
1436281440000 7.08
1436281500000 7.06
1436281560000 7.07
1436281620000 7.07
