1436261400000 27.32
1436262120000 27.11
1436262360000 27.17
1436262540000 27.22
1436262600000 27.175
1436262900000 27.17
1436263200000 26.96
1436263320000 26.87
1436263620000 26.87
1436263680000 26.77
1436263800000 26.83
1436263920000 26.85
1436264040000 26.88
1436264100000 26.86
1436264640000 26.87
1436264820000 26.796
1436265060000 26.79
1436265540000 26.69
1436265660000 26.66
1436265840000 26.6
1436265960000 26.66
1436266080000 26.72
1436266200000 26.73
1436266320000 26.79
1436266800000 26.84
1436267400000 26.85
1436267460000 26.88
1436267520000 26.875
1436267580000 26.88
1436267640000 26.88
1436267700000 26.87
1436267760000 26.96
1436268120000 26.88
1436268180000 26.86
1436268240000 26.92
1436268300000 26.88
1436268540000 26.83
1436268600000 26.77
1436268660000 26.78
1436268840000 26.79
1436269020000 26.79
1436269200000 26.89
1436269320000 26.91
1436269380000 26.9
1436269440000 26.93
1436269740000 26.95
1436269800000 26.95
1436269860000 26.91
1436270100000 26.96
1436270220000 27.09
1436270280000 27.13
1436270340000 27.0963
1436270400000 27.06
1436270640000 27.04
1436270940000 27.05
1436271000000 27.08
1436271240000 27.01
1436271540000 27.01
1436271600000 27.0
1436271720000 27.0043
1436271840000 27.005
1436271900000 27.05
1436271960000 27.05
1436272140000 27.1
1436272320000 27.11
1436272380000 27.14
1436272500000 27.13
1436272560000 27.1
1436272740000 27.15
1436273100000 27.22
1436273160000 27.24
1436273340000 27.24
1436273520000 27.26
1436273640000 27.26
1436273700000 27.24
1436273760000 27.24
1436273940000 27.21
1436274000000 27.24
1436274060000 27.26
1436274120000 27.25
1436274180000 27.22
1436274240000 27.23
1436274360000 27.2
1436274720000 27.22
1436274840000 27.22
1436274960000 27.21
1436275260000 27.19
1436275320000 27.15
1436275380000 27.15
1436275440000 27.17
1436275500000 27.2
1436275680000 27.2
1436275920000 27.16
1436276040000 27.14
1436276280000 27.19
1436276340000 27.26
1436276400000 27.28
1436276640000 27.21
1436276940000 27.23
1436277000000 27.23
1436277120000 27.23
1436277420000 27.25
1436277660000 27.22
1436277780000 27.19
1436277900000 27.19
1436278440000 27.19
1436278560000 27.19
1436278620000 27.17
1436278740000 27.1
1436278860000 27.03
1436279040000 27.0
1436279100000 27.01
1436279220000 27.05
1436279580000 27.09
1436279760000 27.04
1436279880000 27.08
1436280060000 27.18
1436280120000 27.2
1436280180000 27.27
1436280240000 27.235
1436280420000 27.31
1436280480000 27.31
1436280540000 27.2436
1436281080000 27.3
1436281140000 27.38
1436281440000 27.38
1436281500000 27.34
1436281560000 27.37
