1436261400000 6.44
1436261460000 6.43
1436261580000 6.42
1436261640000 6.415
1436261700000 6.39
1436261760000 6.35
1436262000000 6.32
1436262060000 6.304
1436262120000 6.29
1436262180000 6.28
1436262240000 6.27
1436262300000 6.25
1436262360000 6.2764
1436262420000 6.24
1436262480000 6.22
1436262540000 6.23
1436262600000 6.25
1436262660000 6.22
1436262780000 6.26
1436262900000 6.25
1436262960000 6.22
1436263020000 6.21
1436263080000 6.21
1436263140000 6.24
1436263200000 6.23
1436263320000 6.23
1436263380000 6.26
1436263440000 6.23
1436263500000 6.21
1436263620000 6.205
1436263680000 6.2
1436263740000 6.2
1436263800000 6.197
1436264040000 6.22
1436264100000 6.211
1436264160000 6.22
1436264280000 6.22
1436264340000 6.24
1436264400000 6.22
1436264520000 6.21
1436264640000 6.21
1436264760000 6.21
1436264820000 6.23
1436264940000 6.203
1436265000000 6.2
1436265060000 6.194
1436265300000 6.19
1436265360000 6.1621
1436265420000 6.17
1436265480000 6.1502
1436265540000 6.16
1436265660000 6.15
1436265720000 6.11
1436265780000 6.1
1436265840000 6.115
1436265900000 6.115
1436265960000 6.12
1436266020000 6.13
1436266080000 6.15
1436266140000 6.17
1436266320000 6.17
1436266440000 6.19
1436266500000 6.19
1436266560000 6.185
1436266680000 6.17
1436266800000 6.15
1436266860000 6.13
1436267040000 6.125
1436267100000 6.13
1436267220000 6.11
1436267280000 6.1225
1436267340000 6.105
1436267460000 6.11
1436267520000 6.11
1436267580000 6.105
1436267640000 6.105
1436267760000 6.1065
1436267880000 6.1
1436267940000 6.04
1436268000000 6.07
1436268180000 6.079
1436268300000 6.09
1436268360000 6.08
1436268480000 6.07
1436268540000 6.05
1436268600000 6.03
1436268660000 6.02
1436268840000 6.02
1436268900000 5.97
1436268960000 5.865
1436269020000 5.925
1436269140000 5.925
1436269200000 5.92
1436269260000 5.945
1436269320000 5.94
1436269380000 5.9304
1436269440000 5.9411
1436269680000 5.96
1436269740000 5.96
1436269800000 5.9501
1436269860000 5.95
1436269980000 5.95
1436270040000 5.9442
1436270100000 5.9442
1436270160000 5.95
1436270220000 5.965
1436270340000 6.0
1436270460000 6.0
1436270520000 6.0099
1436270580000 5.99
1436270700000 6.0099
1436270760000 6.02
1436270820000 6.03
1436270940000 6.04
1436271060000 6.04
1436271180000 6.0399
1436271240000 6.0599
1436271360000 6.06
1436271420000 6.08
1436271480000 6.08
1436271540000 6.06
1436271600000 6.09
1436271660000 6.1003
1436271720000 6.11
1436271780000 6.1399
1436271900000 6.13
1436271960000 6.142
1436272020000 6.12
1436272080000 6.1587
1436272200000 6.15
1436272260000 6.17
1436272440000 6.17
1436272920000 6.17
1436273100000 6.17
1436273220000 6.15
1436273580000 6.15
1436273640000 6.14
1436273880000 6.135
1436274000000 6.14
1436274120000 6.13
1436274180000 6.14
1436274240000 6.14
1436274300000 6.14
1436274360000 6.13
1436274420000 6.1
1436274480000 6.08
1436274540000 6.08
1436274600000 6.1
1436274780000 6.137
1436274840000 6.14
1436274900000 6.12
1436274960000 6.09
1436275020000 6.08
1436275080000 6.06
1436275260000 6.07
1436275380000 6.09
1436275920000 6.09
1436276040000 6.08
1436276280000 6.07
1436276520000 6.04
1436276580000 6.04
1436276640000 6.06
1436276760000 6.0764
1436276940000 6.07
1436277120000 6.05
1436277480000 6.07
1436277840000 6.0681
1436277960000 6.0512
1436278020000 6.0601
1436278440000 6.08
1436278560000 6.065
1436278740000 6.05
1436278860000 6.04
1436278920000 6.04
1436278980000 6.03
1436279040000 6.05
1436279100000 6.0599
1436279160000 6.07
1436279340000 6.07
1436279400000 6.0699
1436279580000 6.07
1436279640000 6.08
1436279700000 6.08
1436280000000 6.08
1436280060000 6.09
1436280120000 6.08
1436280180000 6.08
1436280240000 6.08
1436280300000 6.09
1436280360000 6.09
1436280420000 6.11
1436280480000 6.118
1436280780000 6.11
1436280840000 6.1
1436280900000 6.095
1436280960000 6.1
1436281020000 6.11
1436281080000 6.11
1436281140000 6.12
1436281440000 6.12
1436281500000 6.12
1436281560000 6.1
1436281620000 6.09
