1436261400000 0.95
1436261460000 0.95
1436261520000 0.96
1436261580000 0.95
1436261640000 0.9539
1436261700000 0.95
1436261760000 0.95
1436261820000 0.95
1436261880000 0.945
1436261940000 0.95
1436262000000 0.9405
1436262060000 0.94
1436262120000 0.94
1436262180000 0.94
1436262240000 0.94
1436262300000 0.94
1436262360000 0.94
1436262420000 0.9384
1436262480000 0.9261
1436262540000 0.9261
1436262660000 0.9258
1436262720000 0.9258
1436263140000 0.9288
1436263200000 0.9242
1436263260000 0.9289
1436263380000 0.9242
1436263500000 0.9242
1436263620000 0.9242
1436263740000 0.9242
1436263800000 0.9257
1436263860000 0.9201
1436263920000 0.9201
1436263980000 0.92
1436264040000 0.92
1436264100000 0.9107
1436264280000 0.91
1436264340000 0.91
1436264400000 0.9005
1436264460000 0.9
1436264520000 0.9
1436264640000 0.9003
1436264700000 0.9
1436264760000 0.8934
1436264820000 0.8934
1436264880000 0.8933
1436264940000 0.89
1436265060000 0.89
1436265120000 0.8835
1436265240000 0.892
1436265300000 0.8906
1436265360000 0.8906
1436265480000 0.8934
1436265540000 0.89
1436265600000 0.8901
1436265660000 0.89
1436265720000 0.8917
1436265780000 0.89
1436265840000 0.885
1436265900000 0.88
1436265960000 0.8848
1436266020000 0.8805
1436266080000 0.8805
1436266140000 0.8805
1436266200000 0.8816
1436266320000 0.885
1436266500000 0.8849
1436266560000 0.8849
1436266680000 0.8862
1436266740000 0.8864
1436266800000 0.8851
1436266920000 0.8854
1436266980000 0.8999
1436267160000 0.8931
1436267220000 0.8908
1436267280000 0.89
1436267340000 0.8899
1436267400000 0.89
1436267460000 0.8904
1436267520000 0.8853
1436267580000 0.881
1436267700000 0.8813
1436267760000 0.881
1436267820000 0.8842
1436267940000 0.881
1436268000000 0.8851
1436268060000 0.8851
1436268120000 0.881
1436268240000 0.8782
1436268300000 0.8749
1436268360000 0.87
1436268420000 0.8631
1436268480000 0.8636
1436268540000 0.8635
1436268600000 0.861
1436268660000 0.8609
1436268780000 0.8553
1436268840000 0.856
1436268900000 0.8596
1436268960000 0.8585
1436269080000 0.8585
1436269140000 0.8511
1436269200000 0.8567
1436269260000 0.8621
1436269320000 0.8606
1436269380000 0.865
1436269440000 0.87
1436269560000 0.87
1436269620000 0.8701
1436269740000 0.8775
1436269800000 0.878
1436269860000 0.8812
1436269920000 0.889
1436270040000 0.889
1436270100000 0.8919
1436270220000 0.8947
1436270280000 0.8984
1436270460000 0.8984
1436270520000 0.8978
1436270580000 0.8978
1436270820000 0.903
1436270880000 0.9066
1436270940000 0.9066
1436271000000 0.9145
1436271180000 0.9131
1436271240000 0.9097
1436271300000 0.9105
1436271480000 0.91
1436271540000 0.9101
1436271660000 0.9101
1436271720000 0.91
1436271780000 0.9101
1436271960000 0.91
1436272020000 0.91
1436272080000 0.91
1436272140000 0.9018
1436272200000 0.9012
1436272260000 0.9001
1436272440000 0.901
1436272500000 0.901
1436273100000 0.9003
1436273160000 0.9003
1436273220000 0.9002
1436273340000 0.9003
1436273400000 0.9003
1436273520000 0.9001
1436273760000 0.9001
1436273820000 0.9001
1436273940000 0.9001
1436274000000 0.9102
1436274060000 0.9095
1436274120000 0.9041
1436274180000 0.91
1436274240000 0.9008
1436274300000 0.9045
1436274420000 0.9027
1436274480000 0.9042
1436274540000 0.9099
1436274660000 0.9087
1436274720000 0.91
1436274780000 0.9085
1436274840000 0.91
1436275140000 0.9117
1436275380000 0.9063
1436275440000 0.9063
1436275500000 0.9063
1436275560000 0.9062
1436275680000 0.9062
1436275740000 0.9062
1436275800000 0.9063
1436276040000 0.9087
1436276100000 0.908
1436276160000 0.9079
1436276280000 0.9085
1436276340000 0.9079
1436276520000 0.9074
1436276580000 0.9079
1436276640000 0.909
1436277000000 0.91
1436277060000 0.91
1436277120000 0.9103
1436277180000 0.91
1436277240000 0.9101
1436277300000 0.91
1436277360000 0.9101
1436277420000 0.9101
1436277480000 0.91
1436277540000 0.91
1436277600000 0.91
1436277660000 0.91
1436277720000 0.91
1436277780000 0.91
1436277900000 0.91
1436277960000 0.91
1436278020000 0.91
1436278080000 0.9087
1436278200000 0.91
1436278260000 0.9101
1436278320000 0.91
1436278440000 0.9074
1436278500000 0.9059
1436278620000 0.9059
1436278680000 0.9055
1436278740000 0.9055
1436278800000 0.9046
1436278920000 0.9056
1436278980000 0.9037
1436279040000 0.9008
1436279220000 0.9001
1436279280000 0.9
1436279400000 0.9
1436279460000 0.9001
1436279520000 0.9
1436279580000 0.9001
1436279640000 0.9
1436279700000 0.8986
1436279760000 0.8999
1436279820000 0.9
1436279880000 0.9
1436279940000 0.9
1436280000000 0.9
1436280060000 0.9001
1436280120000 0.9001
1436280180000 0.9001
1436280240000 0.9037
1436280300000 0.9004
1436280360000 0.9
1436280420000 0.904
1436280480000 0.9003
1436280540000 0.905
1436280600000 0.9051
1436280660000 0.9051
1436280720000 0.91
1436280840000 0.91
1436280900000 0.9101
1436280960000 0.91
1436281020000 0.9101
1436281080000 0.9101
1436281140000 0.9112
1436281200000 0.9112
1436281260000 0.9114
1436281320000 0.9144
1436281380000 0.9276
1436281440000 0.9202
1436281500000 0.9256
1436281560000 0.9207
1436281620000 0.9208
