1436262540000 23.52
1436262600000 23.51
1436262720000 23.42
1436262900000 23.56
1436263680000 23.6
1436264040000 23.6
1436265480000 23.5
1436265720000 23.45
1436266020000 23.4
1436266080000 23.4
1436266260000 23.4
1436266500000 23.38
1436267160000 23.3
1436267220000 23.3
1436267520000 23.25
1436268240000 23.25
1436268540000 23.2
1436268600000 23.2
1436268660000 23.15
1436268720000 23.15
1436269380000 23.21
1436270340000 23.35
1436270400000 23.3
1436272080000 23.2
1436272500000 23.24
1436273100000 23.31
1436275560000 23.4
1436275860000 23.35
1436277480000 23.35
1436278680000 23.3
1436279520000 23.24
