1436261400000 16.08
1436261760000 16.03
1436261880000 15.97
1436261940000 16.01
1436262000000 16.07
1436262120000 16.04
1436262180000 16.05
1436262240000 16.08
1436262300000 16.05
1436263080000 16.06
1436263200000 16.03
1436263260000 16.02
1436263320000 16.02
1436263380000 16.04
1436263440000 16.08
1436263500000 16.1244
1436263680000 16.11
1436264040000 16.16
1436264100000 16.09
1436264160000 16.12
1436264220000 16.09
1436264580000 16.09
1436264700000 16.08
1436264820000 16.08
1436265000000 16.06
1436265120000 16.03
1436265180000 16.03
1436265540000 16.01
1436265660000 16.0
1436265720000 16.0
1436265780000 16.0
1436265900000 16.0
1436265960000 16.02
1436266080000 16.04
1436266140000 16.04
1436266380000 16.05
1436266440000 16.08
1436266560000 16.075
1436266620000 16.07
1436266680000 16.05
1436266800000 16.04
1436266980000 16.0
1436267220000 16.02
1436267340000 16.04
1436267400000 16.03
1436267460000 16.04
1436267520000 16.04
1436267580000 16.04
1436267640000 16.03
1436267820000 16.03
1436268000000 16.01
1436268060000 16.01
1436268300000 16.01
1436268360000 16.01
1436268600000 16.0
1436268660000 16.0
1436268720000 16.0
1436268780000 16.0
1436268840000 16.0
1436268900000 16.0
1436268960000 16.0
1436269020000 16.01
1436269080000 16.0
1436269140000 16.02
1436269380000 16.065
1436269500000 16.065
1436269740000 16.0753
1436269860000 16.05
1436269920000 16.0795
1436270040000 16.05
1436270100000 16.05
1436270160000 16.05
1436270220000 16.08
1436270820000 16.05
1436270880000 16.05
1436270940000 16.08
1436271000000 16.07
1436271060000 16.08
1436271120000 16.07
1436271240000 16.07
1436271420000 16.075
1436271480000 16.075
1436271540000 16.06
1436271600000 16.08
1436271720000 16.0501
1436271960000 16.07
1436272080000 16.07
1436272140000 16.06
1436272440000 16.07
1436272740000 16.075
1436272800000 16.06
1436272860000 16.07
1436273220000 16.07
1436273340000 16.07
1436273400000 16.07
1436273460000 16.06
1436273640000 16.06
1436273820000 16.08
1436273880000 16.08
1436273940000 16.09
1436274240000 16.09
1436274480000 16.05
1436274780000 16.06
1436275140000 16.05
1436275560000 16.09
1436275620000 16.08
1436275740000 16.06
1436275800000 16.05
1436275860000 16.07
1436276220000 16.09
1436276460000 16.06
1436276640000 16.075
1436276700000 16.09
1436276940000 16.1
1436277000000 16.1
1436277420000 16.09
1436277540000 16.1
1436277600000 16.11
1436277780000 16.07
1436277840000 16.09
1436277960000 16.07
1436278140000 16.07
1436278200000 16.07
1436278380000 16.07
1436278680000 16.08
1436278740000 16.08
1436278800000 16.04
1436279160000 16.05
1436279280000 16.09
1436279580000 16.06
1436279640000 16.07
1436279700000 16.09
1436279940000 16.09
1436280000000 16.1
1436280060000 16.11
1436280120000 16.14
1436280180000 16.16
1436280420000 16.2
1436280900000 16.18
1436281080000 16.1705
1436281140000 16.2
1436281200000 16.21
1436281500000 16.21
1436281620000 16.2
