1436261400000 31.51
1436261520000 31.51
1436261700000 31.43
1436261760000 31.42
1436261820000 31.36
1436261880000 31.23
1436262000000 31.21
1436262060000 31.3
1436262180000 31.27
1436262240000 31.22
1436262300000 31.23
1436262360000 31.08
1436262420000 31.04
1436262480000 31.04
1436262540000 31.075
1436262840000 31.27
1436262900000 31.4
1436263200000 31.26
1436263380000 31.26
1436263500000 31.26
1436263560000 31.13
1436263620000 31.04
1436263680000 31.046
1436263740000 31.04
1436263860000 31.0791
1436263920000 31.165
1436263980000 31.24
1436264040000 31.17
1436264100000 31.145
1436264160000 31.08
1436264220000 31.04
1436264280000 31.21
1436264520000 31.13
1436264580000 31.11
1436264640000 30.93
1436264700000 30.8
1436264820000 30.78
1436265060000 30.76
1436265120000 30.76
1436265240000 30.76
1436265300000 30.76
1436265360000 30.76
1436265420000 30.77
1436265480000 30.76
1436265540000 30.76
1436265600000 30.77
1436265660000 30.76
1436265780000 30.52
1436265900000 30.52
1436265960000 30.54
1436266080000 30.66
1436266320000 30.75
1436266380000 30.76
1436266440000 30.76
1436266560000 30.76
1436266620000 30.725
1436266680000 30.64
1436266740000 30.62
1436266980000 30.53
1436267160000 30.479
1436267280000 30.42
1436267340000 30.43
1436267400000 30.43
1436267460000 30.44
1436267520000 30.38
1436267580000 30.44
1436267640000 30.44
1436267760000 30.55
1436267940000 30.6
1436268180000 30.34
1436268240000 30.3409
1436268420000 30.33
1436268540000 30.29
1436268660000 30.31
1436268840000 30.33
1436268900000 30.2804
1436269140000 30.44
1436269380000 30.66
1436269560000 30.68
1436269620000 30.73
1436269920000 30.65
1436269980000 30.61
1436270160000 30.75
1436270220000 30.75
1436270400000 30.74
1436270520000 30.625
1436270580000 30.73
1436270760000 30.89
1436270820000 30.92
1436271060000 30.79
1436271120000 30.7
1436271300000 30.66
1436271360000 30.62
1436271780000 30.61
1436271840000 30.55
1436271900000 30.54
1436271960000 30.55
1436272080000 30.625
1436272140000 30.6
1436272260000 30.6
1436272440000 30.685
1436272560000 30.61
1436272920000 30.69
1436273040000 30.64
1436273160000 30.63
1436273220000 30.63
1436273280000 30.63
1436273340000 30.65
1436273400000 30.68
1436273460000 30.62
1436273520000 30.64
1436273580000 30.66
1436273880000 30.71
1436273940000 30.69
1436274000000 30.645
1436274060000 30.64
1436274360000 30.64
1436274420000 30.63
1436274480000 30.575
1436274600000 30.62
1436274660000 30.62
1436274720000 30.6
1436275200000 30.66
1436275260000 30.67
1436275380000 30.67
1436275440000 30.73
1436275500000 30.74
1436275680000 30.855
1436275800000 30.8
1436275920000 30.68
1436276040000 30.68
1436276100000 30.71
1436276160000 30.67
1436276280000 30.715
1436276460000 30.785
1436276520000 30.815
1436276820000 30.88
1436277000000 30.87
1436277120000 30.725
1436277180000 30.71
1436277300000 30.705
1436277360000 30.66
1436277420000 30.61
1436277480000 30.63
1436277540000 30.65
1436277600000 30.68
1436277900000 30.785
1436278020000 30.82
1436278080000 30.78
1436278260000 30.78
1436278380000 30.83
1436278560000 30.825
1436278620000 30.76
1436278680000 30.71
1436278800000 30.68
1436278860000 30.63
1436278920000 30.66
1436278980000 30.62
1436279040000 30.66
1436279100000 30.655
1436279340000 30.72
1436279460000 30.755
1436279520000 30.71
1436279580000 30.75
1436279700000 30.73
1436279820000 30.74
1436279880000 30.65
1436279940000 30.66
1436280000000 30.72
1436280060000 30.76
1436280120000 30.9
1436280300000 30.77
1436280420000 30.74
1436280480000 30.81
1436280600000 30.83
1436280780000 30.79
1436280900000 30.83
1436281020000 30.84
1436281080000 30.85
1436281140000 30.84
1436281200000 30.8344
1436281260000 30.87
1436281320000 30.87
1436281440000 30.89
1436281500000 30.88
1436281560000 30.93
