1436261400000 15.06
1436261460000 15.08
1436261520000 15.07
1436261580000 15.263
1436261640000 15.2
1436261700000 15.28
1436261820000 15.1576
1436261880000 15.37
1436261940000 15.37
1436262000000 15.38
1436262060000 15.38
1436262120000 15.34
1436262180000 15.35
1436262240000 15.305
1436262300000 15.32
1436262360000 15.285
1436262420000 15.25
1436262480000 15.29
1436262600000 15.32
1436262660000 15.288
1436262840000 15.28
1436262960000 15.275
1436263020000 15.2595
1436263080000 15.21
1436263200000 15.1599
1436263320000 15.14
1436263380000 15.11
1436263500000 15.11
1436263560000 15.08
1436263620000 15.08
1436263680000 15.05
1436263740000 15.08
1436263860000 15.04
1436263980000 15.06
1436264040000 15.09
1436264100000 15.02
1436264160000 15.02
1436264220000 15.03
1436264280000 15.0435
1436264340000 15.01
1436264460000 15.0
1436264640000 15.0
1436264700000 15.0
1436264760000 15.01
1436264820000 15.0
1436265000000 15.0
1436265060000 15.0
1436265120000 15.0
1436265180000 15.0
1436265240000 15.0
1436265300000 15.0
1436265360000 15.0
1436265420000 15.0
1436265480000 15.0
1436265540000 15.0
1436265600000 15.0
1436265660000 15.0
1436265720000 15.0
1436265780000 15.0
1436265840000 15.0
1436265900000 15.01
1436265960000 15.027
1436266020000 15.07
1436266080000 15.06
1436266200000 15.07
1436266260000 15.09
1436266320000 15.0801
1436266380000 15.09
1436266440000 15.09
1436266500000 15.09
1436266560000 15.1
1436266620000 15.085
1436266680000 15.09
1436266800000 15.07
1436266860000 15.05
1436266920000 15.03
1436266980000 15.04
1436267040000 15.01
1436267100000 15.02
1436267220000 15.03
1436267460000 15.05
1436267520000 15.08
1436267640000 15.06
1436267700000 15.06
1436267760000 15.08
1436267880000 15.06
1436267940000 15.07
1436268060000 15.03
1436268240000 15.09
1436268420000 15.09
1436268480000 15.1
1436268540000 15.07
1436268600000 15.05
1436268720000 15.07
1436268780000 15.02
1436268840000 15.02
1436268900000 15.02
1436268960000 15.02
1436269020000 15.0
1436269140000 15.02
1436269200000 15.0144
1436269260000 15.0
1436269320000 15.0
1436269380000 14.87
1436269440000 14.865
1436269500000 15.0
1436269560000 15.03
1436269620000 15.02
1436269680000 15.02
1436269800000 15.05
1436269860000 15.05
1436269920000 15.05
1436269980000 15.03
1436270040000 15.025
1436270160000 15.09
1436270220000 15.1
1436270400000 15.1
1436270460000 15.085
1436270520000 15.099
1436270580000 15.1
1436270640000 15.1
1436270700000 15.1
1436270760000 15.1
1436270880000 15.0699
1436270940000 15.1
1436271120000 15.07
1436271180000 15.085
1436271240000 15.1
1436271360000 15.1
1436271540000 15.08
1436271600000 15.09
1436271660000 15.1
1436271780000 15.0995
1436271840000 15.1
1436271900000 15.09
1436271960000 15.09
1436272080000 15.07
1436272260000 15.08
1436272320000 15.1
1436272380000 15.1
1436272440000 15.1
1436272500000 15.1
1436272560000 15.1
1436272620000 15.1
1436272680000 15.08
1436272740000 15.0999
1436272800000 15.1
1436272860000 15.1
1436272920000 15.1
1436273040000 15.18
1436273100000 15.18
1436273160000 15.17
1436273220000 15.17
1436273340000 15.18
1436273520000 15.25
1436273580000 15.26
1436273760000 15.3236
1436273880000 15.34
1436273940000 15.35
1436274000000 15.38
1436274060000 15.37
1436274120000 15.4
1436274240000 15.38
1436274300000 15.39
1436274360000 15.43
1436274420000 15.4161
1436274480000 15.389
1436274660000 15.4
1436274720000 15.41
1436274780000 15.4
1436274840000 15.41
1436274900000 15.34
1436274960000 15.33
1436275080000 15.28
1436275140000 15.2799
1436275200000 15.28
1436275260000 15.29
1436275320000 15.39
1436275380000 15.4
1436275440000 15.38
1436275500000 15.36
1436275560000 15.43
1436275680000 15.4
1436275740000 15.43
1436275800000 15.43
1436275860000 15.42
1436275920000 15.31
1436275980000 15.3
1436276040000 15.3
1436276100000 15.31
1436276160000 15.35
1436276220000 15.33
1436276280000 15.3
1436276340000 15.29
1436276400000 15.28
1436276520000 15.25
1436276580000 15.25
1436276700000 15.22
1436276760000 15.26
1436276820000 15.26
1436276880000 15.235
1436276940000 15.249
1436277000000 15.258
1436277120000 15.25
1436277180000 15.25
1436277420000 15.25
1436277540000 15.23
1436277660000 15.21
1436277720000 15.21
1436277780000 15.21
1436277840000 15.2
1436277900000 15.2028
1436277960000 15.2
1436278020000 15.19
1436278080000 15.2
1436278200000 15.22
1436278320000 15.25
1436278380000 15.27
1436278440000 15.27
1436278560000 15.3
1436278620000 15.3
1436278680000 15.35
1436278740000 15.36
1436278800000 15.32
1436278860000 15.34
1436278920000 15.33
1436279100000 15.29
1436279160000 15.34
1436279340000 15.336
1436279400000 15.33
1436279520000 15.32
1436279640000 15.33
1436279700000 15.32
1436279820000 15.34
1436279880000 15.35
1436279940000 15.35
1436280000000 15.35
1436280060000 15.35
1436280120000 15.36
1436280180000 15.36
1436280360000 15.34
1436280420000 15.35
1436280480000 15.33
1436280600000 15.27
1436280780000 15.306
1436280840000 15.3
1436280900000 15.27
1436280960000 15.27
1436281020000 15.27
1436281080000 15.28
1436281140000 15.29
1436281200000 15.32
1436281320000 15.37
1436281380000 15.37
1436281440000 15.36
