1436261400000 71.47
1436261460000 71.45
1436261520000 71.45
1436261580000 71.6
1436261640000 71.27
1436261700000 71.215
1436261760000 71.24
1436261820000 71.38
1436261880000 71.36
1436261940000 71.41
1436262000000 71.3
1436262060000 71.27
1436262120000 71.33
1436262180000 71.375
1436262600000 71.46
1436262660000 71.29
1436262720000 71.32
1436262780000 71.29
1436263020000 71.43
1436263080000 71.38
1436263140000 71.35
1436263200000 71.235
1436263260000 71.3
1436263320000 71.39
1436263380000 71.39
1436263440000 71.32
1436263500000 71.3
1436263560000 71.28
1436263620000 71.24
1436263680000 71.13
1436263740000 71.25
1436263800000 71.29
1436263920000 71.23
1436263980000 71.29
1436264040000 71.29
1436264100000 71.29
1436264160000 71.2
1436264220000 71.19
1436264280000 71.2
1436264340000 71.14
1436264400000 71.14
1436264460000 71.07
1436264520000 70.98
1436264580000 70.89
1436264640000 70.83
1436264700000 70.95
1436264760000 70.79
1436264820000 70.8
1436264880000 70.78
1436265000000 70.955
1436265180000 70.78
1436265240000 70.72
1436265300000 70.73
1436265360000 70.73
1436265480000 70.8
1436265540000 70.71
1436265600000 70.61
1436265660000 70.57
1436265720000 70.5213
1436265780000 70.56
1436265840000 70.525
1436265900000 70.58
1436265960000 70.59
1436266020000 70.5801
1436266140000 70.74
1436266200000 70.71
1436266260000 70.65
1436266320000 70.6241
1436266440000 70.65
1436266500000 70.65
1436266560000 70.6
1436266620000 70.64
1436266680000 70.6
1436266740000 70.655
1436266800000 70.6
1436266860000 70.52
1436266920000 70.6
1436266980000 70.6699
1436267040000 70.58
1436267100000 70.62
1436267160000 70.52
1436267220000 70.5
1436267400000 70.68
1436267520000 70.66
1436267580000 70.66
1436267700000 70.69
1436267820000 70.65
1436267880000 70.69
1436267940000 70.72
1436268000000 70.64
1436268060000 70.75
1436268120000 70.72
1436268180000 70.77
1436268240000 70.76
1436268300000 70.7
1436268360000 70.7
1436268480000 70.77
1436268540000 70.71
1436268600000 70.725
1436268720000 70.82
1436268780000 70.74
1436268840000 70.74
1436268900000 70.81
1436268960000 70.79
1436269020000 70.88
1436269080000 70.88
1436269140000 71.03
1436269200000 71.03
1436269320000 71.07
1436269380000 71.18
1436269440000 71.267
1436269500000 71.16
1436269560000 71.115
1436269620000 71.03
1436269800000 70.9
1436269860000 70.985
1436270040000 70.93
1436270160000 71.15
1436270220000 71.14
1436270280000 71.18
1436270340000 71.1295
1436270460000 71.05
1436270580000 71.11
1436270700000 71.19
1436270760000 71.1
1436270820000 71.09
1436270940000 71.12
1436271060000 71.07
1436271180000 71.15
1436271240000 71.14
1436271420000 71.07
1436271540000 71.12
1436271600000 71.15
1436271660000 71.17
1436271720000 71.12
1436271960000 71.17
1436272020000 71.28
1436272080000 71.2
1436272140000 71.19
1436272200000 71.16
1436272260000 71.16
1436272320000 71.16
1436272380000 71.12
1436272500000 71.16
1436272560000 71.11
1436272680000 71.175
1436272740000 71.175
1436272800000 71.14
1436272860000 71.17
1436272920000 71.1628
1436273040000 71.14
1436273100000 71.2
1436273160000 71.16
1436273220000 71.14
1436273280000 71.1525
1436273400000 71.16
1436273520000 71.15
1436273580000 71.12
1436273700000 71.13
1436273760000 71.15
1436273820000 71.15
1436273880000 71.17
1436273940000 71.15
1436274000000 71.14
1436274060000 71.13
1436274240000 71.15
1436274420000 71.13
1436274600000 71.1899
1436274660000 71.26
1436274720000 71.31
1436274840000 71.43
1436274960000 71.45
1436275020000 71.39
1436275140000 71.36
1436275440000 71.4
1436275500000 71.44
1436275560000 71.42
1436275620000 71.42
1436275740000 71.55
1436275920000 71.67
1436275980000 71.55
1436276220000 71.59
1436276280000 71.5899
1436276340000 71.51
1436276460000 71.49
1436276880000 71.56
1436277060000 71.49
1436277120000 71.49
1436277180000 71.41
1436277360000 71.53
1436277420000 71.44
1436277540000 71.37
1436277720000 71.41
1436277780000 71.43
1436277840000 71.43
1436277900000 71.48
1436278080000 71.38
1436278260000 71.36
1436278380000 71.35
1436278500000 71.3799
1436278560000 71.3708
1436278680000 71.35
1436278740000 71.29
1436278800000 71.19
1436278860000 71.18
1436279040000 71.21
1436279100000 71.24
1436279160000 71.17
1436279340000 71.18
1436279460000 71.15
1436279520000 71.19
1436279700000 71.23
1436279760000 71.27
1436280000000 71.25
1436280060000 71.32
1436280120000 71.32
1436280300000 71.43
1436280360000 71.415
1436280420000 71.46
1436280540000 71.43
1436280600000 71.41
1436280660000 71.43
1436280720000 71.41
1436280780000 71.42
1436280840000 71.42
1436280900000 71.4392
1436280960000 71.42
1436281020000 71.41
1436281080000 71.41
1436281140000 71.46
1436281200000 71.49
1436281260000 71.59
1436281320000 71.51
1436281380000 71.5399
1436281440000 71.4804
1436281500000 71.5
1436281560000 71.49
1436281620000 71.48
