1436261400000 71.8
1436261460000 71.74
1436261520000 71.5
1436261580000 71.69
1436261700000 71.62
1436261820000 71.51
1436261880000 71.27
1436261940000 71.545
1436262000000 71.53
1436262120000 71.67
1436262180000 71.52
1436262240000 71.61
1436262300000 71.74
1436262360000 71.67
1436262420000 71.675
1436262480000 71.73
1436262600000 71.73
1436262660000 71.8
1436262720000 71.78
1436262780000 71.82
1436262840000 71.95
1436262900000 71.9299
1436263020000 71.9281
1436263140000 71.91
1436263260000 71.91
1436263320000 71.97
1436263380000 71.93
1436263440000 71.98
1436263500000 71.97
1436263620000 71.88
1436263680000 71.87
1436263740000 71.83
1436263800000 71.845
1436263860000 71.84
1436263920000 71.873
1436263980000 71.915
1436264040000 72.05
1436264160000 71.9549
1436264220000 71.94
1436264280000 71.97
1436264340000 72.01
1436264400000 72.08
1436264460000 72.08
1436264520000 72.05
1436264580000 72.14
1436264640000 72.095
1436264700000 72.14
1436264760000 72.075
1436264820000 71.92
1436264880000 71.86
1436264940000 71.83
1436265000000 71.78
1436265060000 71.66
1436265120000 71.56
1436265180000 71.65
1436265360000 71.68
1436265420000 71.68
1436265540000 71.65
1436265600000 71.57
1436265660000 71.55
1436265720000 71.47
1436265780000 71.52
1436265840000 71.5001
1436265900000 71.57
1436265960000 71.61
1436266080000 71.59
1436266260000 71.58
1436266320000 71.68
1436266380000 71.57
1436266440000 71.67
1436266500000 71.725
1436266560000 71.67
1436266620000 71.66
1436266680000 71.64
1436266740000 71.64
1436266800000 71.6
1436266860000 71.54
1436266920000 71.58
1436266980000 71.55
1436267040000 71.55
1436267100000 71.62
1436267160000 71.6
1436267220000 71.5701
1436267280000 71.61
1436267340000 71.61
1436267400000 71.64
1436267460000 71.63
1436267520000 71.6
1436267640000 71.5501
1436267700000 71.55
1436267760000 71.54
1436267880000 71.56
1436268000000 71.57
1436268060000 71.54
1436268120000 71.39
1436268180000 71.395
1436268240000 71.49
1436268300000 71.52
1436268360000 71.45
1436268420000 71.43
1436268540000 71.37
1436268600000 71.31
1436268660000 71.25
1436268720000 71.28
1436268780000 71.28
1436268840000 71.31
1436268960000 71.31
1436269020000 71.365
1436269080000 71.38
1436269140000 71.5
1436269260000 71.55
1436269320000 71.58
1436269380000 71.59
1436269440000 71.725
1436269500000 71.76
1436269560000 71.71
1436269740000 71.705
1436269800000 71.705
1436269860000 71.68
1436269920000 71.71
1436270040000 71.76
1436270100000 71.84
1436270160000 71.835
1436270340000 71.995
1436270400000 71.83
1436270460000 71.74
1436270520000 71.74
1436270700000 71.73
1436270760000 71.72
1436270880000 71.75
1436270940000 71.78
1436271000000 71.808
1436271240000 71.5816
1436271300000 71.54
1436271360000 71.58
1436271420000 71.67
1436271480000 71.68
1436271540000 71.61
1436271600000 71.7
1436271720000 71.73
1436271780000 71.74
1436271840000 71.6815
1436271900000 71.61
1436271960000 71.62
1436272140000 71.6
1436272200000 71.63
1436272320000 71.71
1436272380000 71.65
1436272440000 71.7
1436272500000 71.63
1436272560000 71.65
1436272620000 71.67
1436272680000 71.79
1436272800000 71.84
1436272860000 71.96
1436272980000 71.92
1436273040000 71.95
1436273100000 71.96
1436273220000 72.06
1436273340000 72.175
1436273400000 72.14
1436273460000 72.088
1436273520000 72.08
1436273580000 72.18
1436273640000 72.23
1436273760000 72.22
1436273820000 72.27
1436273880000 72.35
1436273940000 72.42
1436274000000 72.45
1436274060000 72.51
1436274120000 72.53
1436274180000 72.54
1436274300000 72.51
1436274360000 72.52
1436274420000 72.54
1436274480000 72.5708
1436274540000 72.64
1436274660000 72.73
1436274720000 72.79
1436274780000 72.88
1436274840000 72.9
1436274900000 72.91
1436275020000 72.66
1436275080000 72.68
1436275200000 72.64
1436275380000 72.62
1436275440000 72.7
1436275500000 72.74
1436275560000 72.67
1436275620000 72.67
1436275680000 72.63
1436275740000 72.68
1436275920000 72.63
1436275980000 72.64
1436276040000 72.64
1436276100000 72.73
1436276340000 72.72
1436276400000 72.7599
1436276520000 72.625
1436276580000 72.69
1436276640000 72.69
1436276700000 72.8792
1436276760000 72.86
1436276820000 72.8425
1436276880000 72.82
1436276940000 72.8
1436277000000 72.85
1436277060000 72.82
1436277240000 72.83
1436277300000 72.83
1436277360000 72.83
1436277420000 72.9
1436277540000 72.9
1436277660000 72.9
1436277720000 72.94
1436277780000 72.84
1436277840000 72.87
1436277960000 72.85
1436278020000 72.86
1436278140000 72.8136
1436278200000 72.9
1436278260000 72.97
1436278320000 72.89
1436278500000 72.95
1436278560000 72.99
1436278620000 73.0
1436278680000 73.01
1436278740000 72.99
1436278800000 72.98
1436278860000 72.98
1436278920000 72.96
1436278980000 72.94
1436279040000 72.9
1436279100000 72.94
1436279160000 73.04
1436279340000 73.04
1436279400000 73.0
1436279460000 73.02
1436279520000 73.03
1436279580000 73.08
1436279640000 73.11
1436279760000 73.09
1436279820000 73.0
1436279880000 73.02
1436279940000 73.11
1436280000000 73.09
1436280060000 73.08
1436280120000 73.13
1436280180000 73.11
1436280240000 73.2599
1436280300000 73.18
1436280360000 73.21
1436280420000 73.2
1436280540000 73.32
1436280720000 73.24
1436280780000 73.3
1436280840000 73.33
1436280900000 73.32
1436280960000 73.26
1436281020000 73.3
1436281080000 73.32
1436281140000 73.3996
1436281200000 73.435
1436281260000 73.5
1436281320000 73.415
1436281380000 73.37
1436281440000 73.375
1436281500000 73.47
1436281560000 73.44
