1436261400000 17.09
1436261640000 17.13
1436261700000 17.09
1436261760000 16.94
1436261820000 16.86
1436261940000 16.92
1436262060000 16.94
1436262240000 16.91
1436262300000 16.925
1436262360000 16.92
1436262480000 16.89
1436262540000 16.87
1436262600000 16.86
1436262660000 16.86
1436262780000 16.87
1436262840000 16.91
1436262900000 16.92
1436263020000 16.96
1436263080000 16.96
1436263200000 16.97
1436263260000 17.0
1436263320000 17.01
1436263380000 16.99
1436263440000 16.97
1436263500000 16.97
1436263560000 17.0
1436263620000 16.97
1436263680000 16.98
1436263740000 16.96
1436263800000 16.99
1436263860000 17.05
1436264100000 17.03
1436264280000 17.02
1436264340000 17.06
1436264400000 17.05
1436264460000 17.02
1436264580000 17.01
1436264640000 17.0
1436264700000 17.01
1436264760000 17.0
1436264820000 17.0
1436264880000 16.96
1436265000000 17.01
1436265060000 16.969
1436265120000 16.95
1436265240000 16.935
1436265300000 16.95
1436265420000 16.92
1436265540000 16.86
1436265600000 16.83
1436265720000 16.85
1436265900000 16.84
1436265960000 16.845
1436266020000 16.88
1436266080000 16.94
1436266200000 16.94
1436266260000 16.92
1436266320000 16.94
1436266380000 16.9301
1436266440000 16.99
1436266500000 16.99
1436266620000 17.0
1436266680000 16.98
1436266740000 16.95
1436266800000 16.94
1436266860000 16.88
1436266920000 16.9
1436266980000 16.9
1436267040000 16.88
1436267100000 16.87
1436267220000 16.87
1436267400000 16.89
1436267460000 16.9
1436267520000 16.91
1436267580000 16.94
1436267700000 16.94
1436267760000 16.95
1436267880000 16.96
1436268000000 16.94
1436268060000 16.91
1436268120000 16.9
1436268180000 16.91
1436268240000 16.93
1436268420000 16.91
1436268480000 16.93
1436268600000 16.92
1436268660000 16.9
1436268780000 16.89
1436268840000 16.87
1436269020000 16.85
1436269080000 16.87
1436269140000 16.88
1436269260000 16.91
1436269320000 16.91
1436269440000 16.99
1436269500000 16.97
1436269560000 16.98
1436269620000 16.98
1436269860000 16.98
1436269920000 16.98
1436270100000 16.98
1436270160000 17.0
1436270220000 17.02
1436270280000 17.02
1436270340000 17.01
1436270400000 17.01
1436270460000 17.0
1436270520000 17.0
1436270580000 17.0
1436270640000 17.01
1436270700000 17.02
1436270760000 17.04
1436270880000 17.02
1436270940000 17.0
1436271060000 16.97
1436271240000 16.98
1436271300000 16.98
1436271360000 16.975
1436271480000 16.98
1436271540000 16.99
1436271600000 17.0
1436271660000 17.01
1436271720000 17.03
1436271780000 17.04
1436271840000 17.02
1436271900000 17.01
1436271960000 17.01
1436272020000 17.03
1436272140000 17.035
1436272200000 17.03
1436272260000 17.05
1436272320000 17.06
1436272380000 17.03
1436272500000 17.06
1436272560000 17.06
1436272680000 17.06
1436272860000 17.07
1436272920000 17.07
1436272980000 17.1
1436273040000 17.07
1436273100000 17.1
1436273220000 17.1
1436273340000 17.11
1436273400000 17.09
1436273460000 17.08
1436273580000 17.09
1436273640000 17.09
1436273700000 17.09
1436273760000 17.11
1436273820000 17.1
1436273880000 17.105
1436274120000 17.12
1436274240000 17.1
1436274300000 17.09
1436274360000 17.09
1436274420000 17.07
1436274540000 17.07
1436274720000 17.11
1436274840000 17.15
1436274900000 17.17
1436274960000 17.15
1436275020000 17.13
1436275140000 17.12
1436275380000 17.15
1436275500000 17.14
1436275560000 17.11
1436275620000 17.11
1436275680000 17.13
1436275740000 17.16
1436275860000 17.14
1436275920000 17.14
1436275980000 17.11
1436276040000 17.13
1436276100000 17.13
1436276160000 17.13
1436276220000 17.12
1436276280000 17.11
1436276340000 17.1
1436276520000 17.1
1436276580000 17.09
1436276640000 17.11
1436276700000 17.12
1436276760000 17.11
1436276820000 17.11
1436276880000 17.1
1436276940000 17.06
1436277000000 17.06
1436277060000 17.07
1436277120000 17.06
1436277180000 17.06
1436277240000 17.05
1436277300000 17.018
1436277480000 17.03
1436277540000 17.0
1436277600000 17.01
1436277720000 17.02
1436277780000 17.01
1436277840000 17.0
1436278020000 17.01
1436278080000 17.02
1436278140000 17.02
1436278200000 17.01
1436278260000 17.0
1436278320000 17.0
1436278440000 17.0
1436278500000 17.03
1436278560000 17.03
1436278680000 17.01
1436278740000 17.0
1436278800000 17.02
1436278860000 17.02
1436278920000 17.0
1436278980000 16.995
1436279040000 16.9701
1436279100000 17.0
1436279220000 16.97
1436279280000 17.0
1436279400000 17.01
1436279460000 17.02
1436279580000 17.02
1436279640000 17.04
1436279700000 17.05
1436279820000 17.03
1436279880000 17.03
1436279940000 17.06
1436280000000 17.06
1436280060000 17.07
1436280120000 17.08
1436280180000 17.11
1436280240000 17.1
1436280300000 17.1
1436280360000 17.1
1436280420000 17.12
1436280480000 17.12
1436280540000 17.11
1436280600000 17.11
1436280660000 17.1
1436280720000 17.11
1436280780000 17.12
1436280840000 17.12
1436280900000 17.12
1436280960000 17.11
1436281020000 17.12
1436281080000 17.12
1436281140000 17.12
1436281200000 17.14
1436281260000 17.14
1436281320000 17.11
1436281440000 17.1
1436281500000 17.1
1436281620000 17.1
