1436261400000 6.39
1436261700000 6.33
1436261760000 6.33
1436263080000 6.3086
1436263140000 6.2641
1436263440000 6.28
1436263500000 6.27
1436263800000 6.27
1436264520000 6.28
1436264580000 6.26
1436264640000 6.26
1436264700000 6.27
1436264760000 6.27
1436265000000 6.27
1436265600000 6.27
1436265840000 6.2852
1436266080000 6.26
1436266200000 6.275
1436266380000 6.2601
1436266440000 6.275
1436266560000 6.287
1436266620000 6.26
1436266680000 6.26
1436267160000 6.25
1436267220000 6.25
1436267280000 6.25
1436267880000 6.18
1436267940000 6.1999
1436268000000 6.2
1436268300000 6.2
1436268720000 6.16
1436268780000 6.16
1436269020000 6.19
1436269140000 6.1899
1436269440000 6.1699
1436269860000 6.16
1436270820000 6.16
1436270940000 6.16
1436271120000 6.18
1436271360000 6.1799
1436271480000 6.17
1436271540000 6.14
1436271600000 6.12
1436271960000 6.12
1436272080000 6.125
1436272140000 6.12
1436272620000 6.14
1436272860000 6.12
1436272980000 6.14
1436273160000 6.12
1436273400000 6.12
1436273820000 6.12
1436274480000 6.135
1436274780000 6.13
1436275080000 6.13
1436275140000 6.13
1436276160000 6.14
1436276640000 6.16
1436276880000 6.15
1436277120000 6.16
1436277540000 6.16
1436277780000 6.19
1436277840000 6.18
1436278140000 6.17
1436278260000 6.1644
1436278500000 6.15
1436278620000 6.16
1436278800000 6.14
1436278860000 6.14
1436278920000 6.1498
1436279040000 6.14
1436279100000 6.12
1436279280000 6.14
1436279340000 6.14
1436279760000 6.11
1436279880000 6.1349
1436279940000 6.14
1436280060000 6.11
1436280300000 6.11
1436280480000 6.11
1436280660000 6.11
1436280720000 6.1106
1436280840000 6.1
1436281020000 6.1
1436281140000 6.1
1436281320000 6.1
1436281380000 6.1
1436281500000 6.1
1436281560000 6.1299
