1436261400000 12.76
1436261700000 12.77
1436262600000 12.81
1436263020000 13.02
1436263440000 13.0
1436263500000 12.81
1436263560000 12.78
1436263620000 12.91
1436264280000 12.78
1436264400000 12.75
1436264460000 12.74
1436264580000 12.7
1436265000000 12.7
1436265300000 12.66
1436265360000 12.66
1436265480000 12.62
1436265840000 12.56
1436265900000 12.56
1436266200000 12.57
1436267100000 12.57
1436267160000 12.57
1436267460000 12.6101
1436268000000 12.6
1436268720000 12.61
1436268780000 12.76
1436271180000 12.66
1436271240000 12.65
1436271540000 12.65
1436271600000 12.65
1436272260000 12.61
1436272380000 12.64
1436273580000 12.65
1436274600000 12.67
1436276220000 12.65
1436276460000 12.65
1436277300000 12.61
1436277660000 12.65
1436278140000 12.64
1436278380000 12.6
1436278560000 12.5999
1436278620000 12.6
1436278800000 12.625
1436279040000 12.63
1436279160000 12.65
1436279220000 12.66
1436279520000 12.68
1436280060000 12.68
1436280360000 12.71
1436281260000 12.69
1436281320000 12.75
1436281380000 12.75
