1404705600000 0.7
1404792000000 0.66
1404878400000 0.61
1404964800000 0.6581
1405396800000 0.65
1405483200000 0.65
1405569600000 0.65
1405915200000 0.705
1406088000000 0.72
1406174400000 0.75
1406779200000 0.65
1407124800000 0.62
1407211200000 0.6136
1407297600000 0.6
1407470400000 0.62
1407729600000 0.6145
1407816000000 0.601
1407988800000 0.601
1408420800000 0.52
1408507200000 0.52
1408593600000 0.52
1408939200000 0.52
1409025600000 0.52
1409112000000 0.4655
1409198400000 0.6365
1409284800000 0.5
1409630400000 0.504
1409716800000 0.67
1409889600000 0.55
1410148800000 0.5378
1410235200000 0.5
1410321600000 0.5
1410408000000 0.36
1410494400000 0.5
1411012800000 0.31
1411358400000 0.28
1412136000000 0.3
1412308800000 0.499
1412568000000 0.2445
1412654400000 0.5
1412740800000 0.249
1412827200000 0.28
1412913600000 0.5
1413172800000 0.45
1413259200000 0.3
1413345600000 0.22
1413432000000 0.3
1413518400000 0.21
1413777600000 0.21
1413864000000 0.3
1414123200000 0.28
1414468800000 0.28
1414641600000 0.25
1414728000000 0.25
1415077200000 0.2
1415250000000 0.19
1415336400000 0.16
1415595600000 0.17
1415682000000 0.16
1415768400000 0.15
1416200400000 0.15
1416891600000 0.2542
1416978000000 0.1997
1417410000000 0.249
1417582800000 0.15
1417669200000 0.15
1417755600000 0.112
1418014800000 0.3
1418101200000 0.1802
1418187600000 0.15
1418274000000 0.15
1418360400000 0.18
1418619600000 0.2
1418706000000 0.18
1418792400000 0.18
1418878800000 0.22
1418965200000 0.1156
1419224400000 0.1515
1419570000000 0.1125
1419829200000 0.125
1419915600000 0.1201
1420002000000 0.1291
1420434000000 0.1101
1420520400000 0.11
1421211600000 0.0901
1421730000000 0.1548
1421816400000 0.109
1421989200000 0.17
1422248400000 0.13
1422334800000 0.1999
1422421200000 0.11
1422594000000 0.11
1423112400000 0.14
1423198800000 0.12
1423458000000 0.18
1423544400000 0.15
1423630800000 0.131
1423717200000 0.1399
1423803600000 0.14
1424235600000 0.14
1424322000000 0.1201
1424408400000 0.1201
1424754000000 0.1337
1424840400000 0.1203
1424926800000 0.1499
1425272400000 0.1398
1425358800000 0.1201
1425531600000 0.12
1425873600000 0.1014
1425960000000 0.0786
1426046400000 0.079
1426478400000 0.0716
1426824000000 0.036
1427083200000 0.1261
1427169600000 0.1351
1427256000000 0.1351
1427342400000 0.135
1427688000000 0.117
1427774400000 0.0525
1427860800000 0.1299
1427947200000 0.108
1428292800000 0.115
1428379200000 0.08
1428465600000 0.08
1428552000000 0.0625
1428638400000 0.0715
1428897600000 0.065
1428984000000 0.0551
1429070400000 0.049
1429156800000 0.0442
1429243200000 0.047
1429502400000 0.047
1429588800000 0.0493
1429675200000 0.042
1429761600000 0.0317
1429848000000 0.0363
1430107200000 0.0301
1430193600000 0.0317
1430280000000 0.03
1430366400000 0.03
1430452800000 0.0121
