1436261400000 48.39
1436261460000 48.01
1436261520000 48.0
1436261580000 48.0
1436261700000 47.5501
1436262060000 47.54
1436262120000 47.56
1436262240000 47.83
1436262540000 47.71
1436262720000 47.66
1436262900000 47.7
1436263020000 47.55
1436263080000 47.55
1436263200000 47.48
1436263320000 47.45
1436263800000 47.3
1436263920000 47.3
1436264040000 47.21
1436264160000 47.16
1436264220000 47.1796
1436264460000 47.17
1436264520000 47.235
1436264640000 47.14
1436264880000 47.06
1436264940000 46.99
1436265000000 46.95
1436265240000 46.91
1436265660000 46.88
1436265720000 46.83
1436265780000 46.72
1436265840000 46.69
1436266080000 46.79
1436266260000 46.82
1436266320000 46.7801
1436266440000 46.84
1436266800000 46.77
1436266860000 46.58
1436266920000 46.65
1436266980000 46.69
1436267040000 46.76
1436267100000 46.73
1436267160000 46.73
1436267220000 46.72
1436267400000 46.68
1436267580000 46.68
1436267700000 46.71
1436267760000 46.68
1436267820000 46.74
1436268060000 46.63
1436268180000 46.59
1436268300000 46.6419
1436268360000 46.56
1436268480000 46.55
1436268540000 46.569
1436268660000 46.49
1436268720000 46.48
1436268840000 46.47
1436268900000 46.4
1436269020000 46.35
1436269080000 46.34
1436269140000 46.42
1436269380000 46.58
1436269440000 46.67
1436269560000 46.5101
1436269620000 46.49
1436269740000 46.5
1436269800000 46.52
1436269980000 46.57
1436270040000 46.49
1436270100000 46.51
1436270160000 46.54
1436270220000 46.61
1436270280000 46.6
1436270400000 46.53
1436270520000 46.5
1436270580000 46.55
1436270640000 46.55
1436270700000 46.62
1436270760000 46.7
1436270940000 46.66
1436271000000 46.74
1436271120000 46.74
1436271180000 46.75
1436271300000 46.74
1436271360000 46.74
1436271540000 46.74
1436271660000 46.735
1436271780000 46.85
1436271840000 46.8
1436271900000 46.6801
1436271960000 46.7
1436272080000 46.73
1436272320000 46.73
1436272380000 46.74
1436272680000 46.77
1436272740000 46.77
1436272800000 46.84
1436272860000 46.81
1436272920000 46.87
1436272980000 46.91
1436273040000 46.92
1436273100000 46.94
1436273220000 47.07
1436273400000 47.1
1436273520000 47.07
1436273580000 47.055
1436273640000 47.02
1436273760000 47.02
1436273820000 47.07
1436273880000 47.14
1436273940000 47.21
1436274120000 47.22
1436274180000 47.19
1436274240000 47.18
1436274360000 47.14
1436274480000 47.03
1436274720000 47.18
1436274900000 47.22
1436275200000 47.135
1436275380000 47.165
1436275440000 47.09
1436275560000 47.12
1436275620000 47.14
1436275680000 47.26
1436275740000 47.29
1436275920000 47.27
1436276280000 47.34
1436276400000 47.32
1436276520000 47.37
1436276640000 47.403
1436276700000 47.44
1436276820000 47.455
1436276880000 47.455
1436277060000 47.46
1436277120000 47.49
1436277420000 47.55
1436277480000 47.55
1436277540000 47.55
1436277720000 47.55
1436277900000 47.52
1436278020000 47.535
1436278200000 47.5575
1436278320000 47.5
1436278440000 47.515
1436278500000 47.41
1436278560000 47.31
1436278620000 47.32
1436278680000 47.35
1436278740000 47.34
1436278800000 47.32
1436278920000 47.28
1436278980000 47.265
1436279040000 47.37
1436279220000 47.4
1436279280000 47.51
1436279340000 47.51
1436279460000 47.47
1436279760000 47.46
1436279820000 47.43
1436279880000 47.47
1436279940000 47.53
1436280000000 47.55
1436280060000 47.625
1436280180000 47.66
1436280240000 47.7201
1436280420000 47.77
1436280480000 47.76
1436280600000 47.75
1436280720000 47.79
1436280780000 47.81
1436280960000 47.8
1436281080000 47.81
1436281140000 47.93
1436281200000 47.98
1436281320000 47.92
1436281380000 47.95
1436281440000 47.9124
1436281500000 47.89
