1436261400000 61.28
1436261460000 61.33
1436261520000 61.65
1436261580000 61.83
1436261640000 61.35
1436261700000 61.15
1436261760000 61.05
1436261820000 61.13
1436261880000 61.16
1436261940000 60.97
1436262000000 60.81
1436262060000 60.51
1436262120000 60.71
1436262180000 60.75
1436262240000 60.6499
1436262300000 60.68
1436262360000 60.6
1436262420000 60.64
1436262480000 60.74
1436262540000 60.73
1436262600000 60.6
1436262660000 60.65
1436262720000 60.72
1436262780000 60.64
1436262840000 60.57
1436262900000 60.71
1436262960000 60.52
1436263020000 60.6283
1436263080000 60.66
1436263140000 60.44
1436263200000 60.44
1436263260000 60.49
1436263320000 60.575
1436263380000 60.53
1436263440000 60.43
1436263500000 60.48
1436263560000 60.46
1436263620000 60.5
1436263680000 60.4399
1436263740000 60.34
1436263800000 60.56
1436263860000 60.53
1436263920000 60.66
1436263980000 60.67
1436264040000 60.79
1436264100000 60.81
1436264160000 60.78
1436264220000 60.885
1436264280000 60.815
1436264340000 60.76
1436264400000 60.75
1436264460000 60.64
1436264520000 60.6299
1436264580000 60.65
1436264640000 60.56
1436264700000 60.56
1436264760000 60.46
1436264820000 60.47
1436264880000 60.435
1436264940000 60.5
1436265000000 60.42
1436265060000 60.37
1436265120000 60.36
1436265180000 60.33
1436265240000 60.26
1436265300000 60.28
1436265360000 60.205
1436265420000 60.175
1436265480000 60.12
1436265540000 60.0
1436265600000 59.99
1436265660000 59.8734
1436265720000 59.92
1436265780000 59.8599
1436265840000 59.9
1436265900000 60.0
1436265960000 60.03
1436266020000 60.1499
1436266080000 60.21
1436266140000 60.25
1436266200000 60.2764
1436266260000 60.252
1436266320000 60.32
1436266380000 60.25
1436266440000 60.22
1436266500000 60.2855
1436266560000 60.29
1436266620000 60.23
1436266680000 60.14
1436266740000 60.2
1436266800000 60.06
1436266860000 59.935
1436266920000 60.01
1436266980000 60.12
1436267040000 60.1
1436267100000 60.12
1436267160000 60.14
1436267220000 60.15
1436267280000 60.16
1436267340000 60.17
1436267400000 60.19
1436267460000 60.22
1436267520000 60.18
1436267580000 60.18
1436267640000 60.17
1436267760000 60.2
1436267820000 60.21
1436267940000 60.14
1436268000000 60.17
1436268060000 60.12
1436268120000 60.08
1436268180000 60.2
1436268240000 60.28
1436268300000 60.27
1436268360000 60.21
1436268420000 60.27
1436268480000 60.295
1436268540000 60.14
1436268600000 60.19
1436268660000 60.17
1436268720000 60.08
1436268780000 60.09
1436268840000 59.97
1436268900000 59.9913
1436268960000 59.9201
1436269020000 59.98
1436269080000 59.97
1436269140000 60.03
1436269200000 60.08
1436269320000 60.12
1436269380000 60.26
1436269440000 60.3
1436269500000 60.29
1436269560000 60.41
1436269620000 60.34
1436269680000 60.34
1436269740000 60.26
1436269800000 60.28
1436269860000 60.271
1436269920000 60.25
1436269980000 60.306
1436270040000 60.29
1436270100000 60.36
1436270160000 60.41
1436270220000 60.62
1436270280000 60.49
1436270340000 60.5331
1436270400000 60.545
1436270460000 60.54
1436270520000 60.5401
1436270580000 60.496
1436270700000 60.52
1436270760000 60.53
1436270820000 60.49
1436270940000 60.5
1436271000000 60.5
1436271060000 60.49
1436271120000 60.61
1436271180000 60.6
1436271240000 60.602
1436271300000 60.6199
1436271360000 60.6
1436271480000 60.53
1436271540000 60.57
1436271600000 60.61
1436271660000 60.65
1436271720000 60.66
1436271840000 60.6499
1436271900000 60.62
1436271960000 60.59
1436272020000 60.575
1436272080000 60.63
1436272140000 60.59
1436272200000 60.56
1436272260000 60.64
1436272320000 60.64
1436272380000 60.66
1436272500000 60.66
1436272560000 60.59
1436272620000 60.6
1436272680000 60.71
1436272740000 60.7
1436272860000 60.7
1436272920000 60.72
1436272980000 60.705
1436273040000 60.75
1436273100000 60.9
1436273160000 60.9
1436273220000 60.92
1436273280000 60.85
1436273340000 60.89
1436273400000 60.94
1436273460000 60.92
1436273520000 60.9293
1436273580000 60.91
1436273640000 60.91
1436273700000 60.91
1436273760000 60.96
1436273820000 61.0
1436273880000 61.0
1436273940000 61.03
1436274000000 60.98
1436274060000 61.02
1436274120000 60.99
1436274180000 60.95
1436274240000 60.97
1436274300000 61.08
1436274360000 61.05
1436274420000 61.04
1436274480000 61.12
1436274600000 61.21
1436274660000 61.24
1436274720000 61.39
1436274780000 61.483
1436274840000 61.41
1436274900000 61.45
1436274960000 61.35
1436275020000 61.27
1436275080000 61.21
1436275140000 61.27
1436275200000 61.26
1436275260000 61.16
1436275320000 61.1599
1436275380000 61.13
1436275440000 61.17
1436275500000 61.11
1436275560000 61.07
1436275620000 61.145
1436275680000 61.16
1436275740000 61.2
1436275800000 61.2
1436275860000 61.17
1436275980000 61.18
1436276040000 61.06
1436276100000 61.08
1436276160000 61.05
1436276220000 61.04
1436276280000 61.07
1436276340000 61.1
1436276400000 61.07
1436276460000 61.08
1436276520000 61.04
1436276580000 61.0
1436276640000 61.0
1436276700000 61.0
1436276760000 61.03
1436276820000 61.05
1436276880000 61.08
1436276940000 61.11
1436277000000 61.08
1436277060000 61.02
1436277120000 60.97
1436277180000 60.88
1436277300000 60.98
1436277360000 61.0
1436277420000 61.04
1436277600000 60.96
1436277660000 60.97
1436277720000 60.97
1436277780000 60.93
1436277840000 60.93
1436277900000 60.91
1436277960000 60.96
1436278020000 60.92
1436278080000 60.88
1436278140000 60.9789
1436278200000 60.95
1436278260000 60.9
1436278380000 60.88
1436278440000 60.95
1436278500000 60.935
1436278560000 60.9
1436278620000 60.89
1436278680000 60.95
1436278740000 60.91
1436278800000 60.91
1436278860000 60.915
1436278920000 60.81
1436278980000 60.83
1436279040000 60.82
1436279100000 60.78
1436279160000 60.82
1436279220000 60.93
1436279280000 60.83
1436279400000 60.86
1436279460000 60.9
1436279520000 60.94
1436279580000 60.91
1436279640000 60.89
1436279700000 60.88
1436279760000 60.94
1436279820000 60.91
1436279880000 60.87
1436279940000 60.89
1436280000000 60.89
1436280060000 61.0
1436280120000 60.93
1436280180000 60.96
1436280240000 60.99
1436280300000 61.03
1436280360000 61.13
1436280420000 61.13
1436280480000 61.1
1436280600000 61.05
1436280660000 60.97
1436280720000 61.0
1436280780000 60.94
1436280840000 61.03
1436280900000 61.11
1436280960000 61.12
1436281020000 61.06
1436281080000 61.1
1436281140000 61.16
1436281200000 61.2
1436281260000 61.2
1436281320000 61.12
1436281380000 61.19
1436281440000 61.1478
1436281500000 61.2059
1436281560000 61.2
1436281620000 61.19
