1436261400000 115.54
1436261460000 115.93
1436261520000 115.86
1436261580000 116.08
1436261700000 115.78
1436261760000 115.98
1436261820000 116.03
1436261880000 116.22
1436261940000 116.31
1436262000000 116.42
1436262060000 116.15
1436262180000 116.24
1436262240000 116.27
1436262300000 116.31
1436262360000 116.37
1436262420000 116.41
1436262480000 116.6
1436262540000 116.43
1436262600000 116.49
1436262660000 116.49
1436262720000 116.59
1436262780000 116.695
1436262840000 116.7
1436262900000 116.67
1436262960000 116.6
1436263020000 116.58
1436263080000 116.41
1436263140000 116.27
1436263200000 116.11
1436263260000 115.97
1436263320000 115.96
1436263380000 115.995
1436263440000 116.06
1436263500000 115.93
1436263560000 115.905
1436263620000 115.92
1436263680000 115.78
1436263740000 115.76
1436263800000 115.81
1436263860000 116.0
1436263920000 115.89
1436263980000 115.81
1436264040000 115.85
1436264100000 115.68
1436264160000 115.605
1436264220000 115.5925
1436264280000 115.67
1436264340000 115.57
1436264400000 115.65
1436264460000 115.622
1436264520000 115.67
1436264580000 115.58
1436264640000 115.58
1436264700000 115.53
1436264760000 115.44
1436264820000 115.42
1436264880000 115.32
1436264940000 115.4
1436265000000 115.39
1436265060000 115.45
1436265120000 115.43
1436265180000 115.5
1436265240000 115.47
1436265300000 115.54
1436265360000 115.49
1436265420000 115.555
1436265480000 115.5399
1436265540000 115.45
1436265600000 115.37
1436265660000 115.27
1436265720000 115.2
1436265780000 115.13
1436265840000 115.08
1436265900000 115.21
1436265960000 115.16
1436266020000 115.16
1436266140000 115.23
1436266200000 115.2408
1436266260000 115.26
1436266320000 115.39
1436266380000 115.3725
1436266440000 115.38
1436266500000 115.45
1436266560000 115.36
1436266620000 115.4
1436266680000 115.3
1436266740000 115.2
1436266800000 115.285
1436266860000 115.23
1436266920000 115.19
1436266980000 115.21
1436267040000 115.16
1436267100000 115.24
1436267160000 115.2
1436267220000 115.22
1436267280000 115.2
1436267400000 115.18
1436267460000 115.25
1436267520000 115.29
1436267580000 115.2825
1436267640000 115.22
1436267700000 115.18
1436267760000 115.22
1436267820000 115.25
1436267880000 115.26
1436267940000 115.22
1436268000000 115.2
1436268060000 115.17
1436268120000 115.13
1436268180000 115.17
1436268240000 115.16
1436268360000 115.14
1436268480000 115.21
1436268540000 115.14
1436268600000 115.01
1436268660000 114.98
1436268840000 115.0
1436268900000 114.86
1436268960000 114.88
1436269020000 114.96
1436269080000 115.04
1436269140000 115.06
1436269200000 115.03
1436269260000 115.04
1436269320000 115.0075
1436269380000 115.15
1436269440000 115.14
1436269500000 115.14
1436269560000 115.06
1436269620000 115.03
1436269680000 115.08
1436269740000 115.08
1436269800000 115.02
1436269860000 115.03
1436269920000 114.99
1436269980000 115.06
1436270040000 115.11
1436270100000 115.12
1436270160000 115.23
1436270220000 115.47
1436270340000 115.35
1436270400000 115.34
1436270460000 115.31
1436270520000 115.34
1436270580000 115.41
1436270640000 115.5
1436270700000 115.5
1436270760000 115.54
1436270820000 115.46
1436270880000 115.495
1436270940000 115.49
1436271000000 115.54
1436271060000 115.42
1436271120000 115.45
1436271180000 115.4
1436271240000 115.49
1436271300000 115.5
1436271360000 115.46
1436271420000 115.45
1436271480000 115.42
1436271540000 115.41
1436271600000 115.41
1436271660000 115.42
1436271720000 115.43
1436271780000 115.42
1436271840000 115.34
1436271900000 115.3226
1436271960000 115.33
1436272020000 115.35
1436272080000 115.31
1436272140000 115.3
1436272200000 115.26
1436272260000 115.27
1436272320000 115.3
1436272380000 115.36
1436272440000 115.405
1436272500000 115.34
1436272560000 115.27
1436272680000 115.36
1436272740000 115.39
1436272800000 115.375
1436272860000 115.38
1436272920000 115.39
1436272980000 115.35
1436273040000 115.26
1436273100000 115.37
1436273160000 115.39
1436273220000 115.41
1436273280000 115.39
1436273400000 115.3782
1436273460000 115.41
1436273520000 115.37
1436273580000 115.35
1436273640000 115.44
1436273700000 115.405
1436273760000 115.41
1436273820000 115.45
1436273880000 115.52
1436273940000 115.56
1436274000000 115.56
1436274060000 115.605
1436274120000 115.63
1436274180000 115.56
1436274240000 115.56
1436274300000 115.51
1436274360000 115.53
1436274420000 115.49
1436274480000 115.54
1436274540000 115.56
1436274600000 115.64
1436274660000 115.63
1436274720000 115.68
1436274780000 115.76
1436274840000 115.79
1436274900000 115.72
1436274960000 115.65
1436275020000 115.56
1436275080000 115.54
1436275140000 115.51
1436275200000 115.61
1436275260000 115.5676
1436275320000 115.58
1436275380000 115.64
1436275440000 115.68
1436275500000 115.635
1436275560000 115.68
1436275620000 115.64
1436275680000 115.63
1436275740000 115.66
1436275800000 115.67
1436275860000 115.69
1436275920000 115.61
1436275980000 115.63
1436276040000 115.59
1436276100000 115.52
1436276160000 115.5
1436276280000 115.5
1436276340000 115.5
1436276400000 115.5
1436276520000 115.48
1436276580000 115.515
1436276640000 115.54
1436276700000 115.6
1436276760000 115.56
1436276820000 115.49
1436276880000 115.5
1436276940000 115.49
1436277000000 115.48
1436277120000 115.45
1436277180000 115.425
1436277240000 115.51
1436277300000 115.51
1436277360000 115.56
1436277420000 115.54
1436277480000 115.51
1436277540000 115.58
1436277600000 115.53
1436277660000 115.515
1436277720000 115.52
1436277780000 115.48
1436277840000 115.485
1436277900000 115.47
1436277960000 115.44
1436278020000 115.43
1436278080000 115.43
1436278140000 115.42
1436278200000 115.46
1436278260000 115.44
1436278320000 115.44
1436278380000 115.45
1436278440000 115.47
1436278500000 115.4396
1436278560000 115.43
1436278620000 115.42
1436278680000 115.42
1436278740000 115.4
1436278800000 115.28
1436278860000 115.35
1436278920000 115.23
1436278980000 115.26
1436279040000 115.3
1436279100000 115.36
1436279160000 115.41
1436279220000 115.29
1436279280000 115.29
1436279340000 115.306
1436279400000 115.27
1436279460000 115.28
1436279520000 115.27
1436279580000 115.42
1436279640000 115.48
1436279700000 115.48
1436279760000 115.43
1436279820000 115.41
1436279880000 115.39
1436279940000 115.44
1436280000000 115.41
1436280060000 115.5
1436280120000 115.65
1436280180000 115.645
1436280240000 115.79
1436280300000 115.73
1436280360000 115.695
1436280420000 115.71
1436280480000 115.76
1436280540000 115.65
1436280600000 115.64
1436280660000 115.6794
1436280720000 115.64
1436280780000 115.66
1436280840000 115.59
1436280900000 115.57
1436280960000 115.61
1436281020000 115.665
1436281080000 115.66
1436281140000 115.72
1436281200000 115.685
1436281260000 115.7
1436281320000 115.69
1436281380000 115.66
1436281440000 115.68
1436281500000 115.7
1436281560000 115.72
1436281620000 115.7
