1436261400000 15.64
1436261640000 15.53
1436261760000 15.445
1436261820000 15.435
1436261880000 15.35
1436261940000 15.44
1436262000000 15.45
1436262060000 15.4328
1436262120000 15.38
1436262240000 15.37
1436262300000 15.35
1436262360000 15.35
1436262420000 15.35
1436262540000 15.35
1436262600000 15.31
1436262660000 15.31
1436262720000 15.32
1436262780000 15.31
1436262840000 15.31
1436262960000 15.27
1436263080000 15.26
1436263260000 15.26
1436263320000 15.27
1436263500000 15.29
1436263740000 15.265
1436263860000 15.31
1436263920000 15.29
1436264100000 15.31
1436264160000 15.31
1436264400000 15.29
1436264460000 15.33
1436264640000 15.3
1436264820000 15.3
1436264880000 15.3
1436264940000 15.33
1436265000000 15.33
1436265120000 15.33
1436265180000 15.305
1436265300000 15.32
1436265420000 15.32
1436265540000 15.32
1436265660000 15.3
1436265780000 15.26
1436265840000 15.25
1436265960000 15.25
1436266020000 15.22
1436266140000 15.22
1436266380000 15.25
1436266440000 15.32
1436266500000 15.31
1436266560000 15.31
1436266620000 15.2801
1436266680000 15.22
1436266920000 15.22
1436267040000 15.22
1436267100000 15.22
1436267160000 15.24
1436267220000 15.2385
1436267280000 15.2235
1436267400000 15.21
1436267520000 15.21
1436267580000 15.24
1436267760000 15.21
1436267880000 15.25
1436267940000 15.25
1436268180000 15.21
1436268480000 15.21
1436268540000 15.21
1436268600000 15.2
1436268720000 15.2001
1436268840000 15.2
1436268960000 15.13
1436269020000 15.14
1436269200000 15.13
1436269320000 15.17
1436269380000 15.18
1436269680000 15.2
1436269800000 15.22
1436270100000 15.22
1436270160000 15.22
1436270400000 15.28
1436270640000 15.21
1436270700000 15.21
1436270820000 15.19
1436270940000 15.14
1436271000000 15.2
1436271060000 15.2
1436271120000 15.211
1436271360000 15.2014
1436271660000 15.22
1436271960000 15.22
1436272260000 15.21
1436272440000 15.21
1436272500000 15.2499
1436272560000 15.21
1436272920000 15.25
1436273040000 15.22
1436273160000 15.22
1436273400000 15.23
1436273520000 15.22
1436273580000 15.2196
1436273640000 15.23
1436273940000 15.3
1436274240000 15.31
1436274300000 15.3
1436274360000 15.3
1436274420000 15.27
1436274840000 15.29
1436274960000 15.29
1436275080000 15.27
1436275140000 15.32
1436275440000 15.34
1436275620000 15.31
1436275680000 15.28
1436275860000 15.26
1436276040000 15.26
1436276160000 15.27
1436276220000 15.26
1436276580000 15.26
1436276640000 15.26
1436276700000 15.26
1436276940000 15.268
1436277000000 15.26
1436277060000 15.24
1436277480000 15.23
1436277780000 15.23
1436277840000 15.21
1436277960000 15.205
1436278260000 15.2
1436278440000 15.225
1436278620000 15.25
1436278740000 15.22
1436278800000 15.2
1436278860000 15.2
1436278980000 15.206
1436279160000 15.21
1436279280000 15.23
1436279880000 15.22
1436280000000 15.27
1436280180000 15.26
1436280240000 15.29
1436280420000 15.29
1436280540000 15.27
1436280720000 15.305
1436280960000 15.305
1436281020000 15.33
1436281080000 15.33
1436281140000 15.33
1436281200000 15.34
1436281260000 15.31
1436281320000 15.34
1436281380000 15.34
1436281440000 15.35
1436281560000 15.36
