1404705600000 97.03
1404792000000 93.5
1404878400000 93.522
1405915200000 90.88
1406001600000 87.24
1406865600000 84.94
1407470400000 84.15
1407729600000 84.77
1410321600000 85.93
1411704000000 83.15
1412654400000 80.82
1413864000000 86.11
1414468800000 89.41
1419915600000 96.0
1420002000000 96.63
1421816400000 89.18
1427860800000 99.5
1429675200000 99.5
1433736000000 111.16
1434340800000 116.73
1434513600000 117.54
1435204800000 118.77
1435291200000 118.03
1435636800000 116.83
1435723200000 118.59
