1436261400000 146.53
1436261460000 146.04
1436261520000 145.87
1436261640000 145.96
1436261700000 145.83
1436261820000 145.72
1436261940000 145.6
1436262000000 145.83
1436262060000 145.73
1436262120000 145.84
1436262180000 145.76
1436262240000 145.75
1436262300000 145.345
1436262360000 145.38
1436262420000 145.34
1436262480000 145.42
1436262540000 145.51
1436262600000 145.46
1436262660000 145.49
1436262720000 145.475
1436262780000 145.33
1436262840000 145.33
1436262900000 145.535
1436262960000 145.34
1436263020000 145.42
1436263080000 145.39
1436263140000 145.32
1436263200000 145.33
1436263260000 145.3
1436263380000 145.295
1436263440000 145.27
1436263500000 145.34
1436263560000 145.33
1436263620000 145.235
1436263680000 145.18
1436263740000 145.115
1436263800000 145.265
1436263920000 145.4
1436263980000 145.34
1436264040000 145.33
1436264100000 145.2
1436264160000 145.15
1436264220000 145.295
1436264280000 145.25
1436264340000 145.16
1436264400000 145.19
1436264460000 145.14
1436264520000 145.17
1436264580000 145.12
1436264640000 145.29
1436264700000 145.305
1436264760000 145.16
1436264820000 145.24
1436264880000 145.0
1436265000000 144.9
1436265060000 144.64
1436265120000 144.56
1436265180000 144.49
1436265240000 144.3
1436265300000 144.43
1436265360000 144.47
1436265420000 144.09
1436265480000 144.26
1436265720000 144.04
1436265780000 144.04
1436265840000 144.17
1436265900000 144.17
1436265960000 144.21
1436266140000 144.18
1436266200000 144.09
1436266260000 144.0
1436266320000 143.99
1436266380000 144.01
1436266500000 144.25
1436266560000 144.01
1436266620000 144.19
1436266740000 144.1
1436266800000 143.8
1436266860000 143.8799
1436266920000 143.82
1436267040000 143.82
1436267100000 143.76
1436267160000 143.8
1436267280000 143.62
1436267340000 143.73
1436267400000 143.77
1436267460000 143.89
1436267520000 144.07
1436267580000 144.07
1436267640000 143.98
1436267700000 143.92
1436267760000 144.02
1436267880000 144.12
1436267940000 144.1452
1436268000000 144.05
1436268060000 143.88
1436268120000 143.91
1436268180000 144.01
1436268240000 144.04
1436268300000 143.96
1436268420000 144.04
1436268480000 144.13
1436268540000 143.98
1436268660000 144.11
1436268720000 144.11
1436268780000 144.05
1436268840000 143.81
1436268900000 143.775
1436268960000 143.71
1436269020000 143.72
1436269140000 143.72
1436269260000 144.087
1436269320000 143.96
1436269380000 144.15
1436269440000 144.32
1436269500000 144.09
1436269560000 143.95
1436269680000 143.96
1436269740000 144.05
1436269800000 144.065
1436269920000 144.01
1436269980000 144.03
1436270040000 144.03
1436270100000 144.04
1436270160000 144.09
1436270220000 144.16
1436270280000 144.2
1436270340000 144.27
1436270400000 144.15
1436270460000 144.33
1436270520000 144.33
1436270580000 144.32
1436270640000 144.28
1436270700000 144.36
1436270760000 144.16
1436270820000 144.12
1436270940000 144.14
1436271060000 144.09
1436271120000 144.01
1436271180000 143.965
1436271240000 143.91
1436271300000 143.965
1436271360000 144.05
1436271480000 143.96
1436271540000 143.87
1436271600000 143.92
1436271660000 144.0
1436271720000 143.93
1436271840000 143.8875
1436271960000 143.9
1436272020000 143.84
1436272080000 143.955
1436272200000 143.96
1436272260000 143.98
1436272320000 144.0
1436272380000 144.01
1436272500000 144.03
1436272680000 143.99
1436272740000 144.0
1436272800000 144.08
1436272860000 144.02
1436272920000 144.08
1436272980000 143.93
1436273040000 143.85
1436273100000 143.96
1436273160000 144.01
1436273220000 144.03
1436273280000 144.04
1436273340000 144.04
1436273400000 144.09
1436273460000 144.14
1436273520000 144.22
1436273580000 144.22
1436273640000 144.29
1436273700000 144.29
1436273760000 144.335
1436273880000 144.34
1436273940000 144.395
1436274000000 144.425
1436274060000 144.43
1436274120000 144.43
1436274180000 144.335
1436274240000 144.33
1436274300000 144.26
1436274360000 144.1
1436274480000 144.12
1436274540000 144.14
1436274600000 144.15
1436274660000 144.31
1436274720000 144.38
1436274780000 144.43
1436274840000 144.31
1436274900000 144.35
1436275020000 144.14
1436275080000 144.17
1436275200000 144.23
1436275260000 144.12
1436275320000 144.2
1436275380000 144.2
1436275440000 144.27
1436275500000 144.28
1436275560000 144.29
1436275620000 144.18
1436275680000 144.245
1436275740000 144.35
1436275800000 144.35
1436275860000 144.4
1436275920000 144.32
1436276040000 144.36
1436276100000 144.37
1436276160000 144.4
1436276220000 144.38
1436276280000 144.35
1436276400000 144.4
1436276460000 144.26
1436276520000 144.3
1436276640000 144.33
1436276700000 144.375
1436276760000 144.41
1436276820000 144.39
1436276880000 144.31
1436276940000 144.25
1436277000000 144.25
1436277060000 144.2
1436277120000 144.17
1436277180000 144.17
1436277300000 144.21
1436277360000 144.18
1436277420000 144.19
1436277480000 144.06
1436277540000 144.077
1436277600000 144.12
1436277660000 144.13
1436277720000 144.09
1436277780000 143.94
1436277840000 144.01
1436278080000 144.0563
1436278200000 144.11
1436278260000 144.069
1436278320000 144.06
1436278380000 144.0837
1436278440000 144.137
1436278500000 144.02
1436278680000 143.88
1436278740000 143.83
1436278860000 143.705
1436279040000 143.67
1436279100000 143.55
1436279160000 143.78
1436279220000 143.86
1436279280000 143.915
1436279340000 143.685
1436279400000 143.66
1436279460000 143.64
1436279520000 143.515
1436279580000 143.75
1436279640000 143.665
1436279700000 143.61
1436279760000 143.565
1436279820000 143.56
1436279880000 143.56
1436279940000 143.73
1436280000000 143.72
1436280060000 143.76
1436280120000 143.85
1436280180000 143.82
1436280240000 144.06
1436280300000 144.01
1436280360000 144.01
1436280420000 144.1
1436280480000 144.03
1436280540000 144.08
1436280600000 144.06
1436280660000 144.07
1436280720000 144.08
1436280780000 144.08
1436280840000 144.19
1436280900000 144.245
1436280960000 144.2
1436281020000 144.24
1436281080000 144.27
1436281140000 144.37
1436281200000 144.4
1436281260000 144.4
1436281320000 144.35
1436281380000 144.37
1436281440000 144.37
1436281500000 144.32
1436281560000 144.33
1436281620000 144.25
