1436261400000 28.59
1436261580000 28.54
1436261640000 28.53
1436262300000 28.43
1436262480000 28.38
1436263200000 28.33
1436263680000 28.31
1436263980000 28.33
1436264280000 28.3
1436264340000 28.38
1436264580000 28.33
1436264640000 28.31
1436264820000 28.3
1436265000000 28.33
1436265180000 28.26
1436265240000 28.17
1436265720000 28.11
1436265840000 28.14
1436266020000 28.2
1436266440000 28.23
1436266500000 28.16
1436266560000 28.09
1436266620000 28.07
1436267100000 28.16
1436267700000 28.17
1436267760000 28.19
1436268300000 28.17
1436268540000 28.09
1436268600000 28.0
1436268660000 28.0
1436268720000 28.0
1436268840000 27.87
1436269020000 27.9312
1436269080000 27.92
1436269140000 28.06
1436269200000 28.07
1436269260000 28.04
1436269320000 28.0
1436269380000 28.13
1436269440000 28.14
1436269500000 28.1844
1436269680000 28.13
1436269860000 28.1803
1436269980000 28.18
1436270160000 28.17
1436270400000 28.2376
1436270460000 28.25
1436270640000 28.24
1436270700000 28.2544
1436271000000 28.24
1436271360000 28.2299
1436271480000 28.13
1436271720000 28.2
1436272020000 28.22
1436272080000 28.25
1436272260000 28.26
1436272380000 28.31
1436272440000 28.26
1436272500000 28.33
1436272560000 28.29
1436272620000 28.26
1436272740000 28.27
1436272920000 28.28
1436273220000 28.29
1436273280000 28.29
1436273400000 28.27
1436273460000 28.27
1436273820000 28.31
1436273880000 28.32
1436274060000 28.3425
1436274120000 28.3808
1436274240000 28.41
1436274300000 28.35
1436274360000 28.28
1436274480000 28.25
1436274540000 28.25
1436274720000 28.26
1436274780000 28.3
1436274840000 28.3448
1436275080000 28.27
1436275200000 28.29
1436275260000 28.37
1436275440000 28.28
1436275800000 28.27
1436275920000 28.24
1436276580000 28.3
1436276640000 28.31
1436276880000 28.28
1436277120000 28.28
1436277240000 28.26
1436277840000 28.2799
1436277900000 28.27
1436277960000 28.27
1436278020000 28.28
1436278260000 28.28
1436278380000 28.29
1436278440000 28.28
1436278500000 28.25
1436278560000 28.21
1436278860000 28.15
1436279100000 28.15
1436279460000 28.14
1436279640000 28.07
1436279700000 28.12
1436279760000 28.17
1436279880000 28.18
1436280120000 28.21
1436280180000 28.26
1436280240000 28.28
1436280420000 28.26
1436280480000 28.27
1436280660000 28.33
1436280720000 28.34
1436280840000 28.38
1436280960000 28.38
1436281080000 28.38
1436281140000 28.43
1436281200000 28.44
1436281260000 28.38
1436281320000 28.38
1436281380000 28.38
1436281440000 28.38
