1436261400000 44.64
1436262300000 44.52
1436262360000 44.5
1436262480000 44.35
1436262660000 44.25
1436262720000 44.34
1436262780000 44.62
1436263200000 44.51
1436263260000 44.48
1436263380000 44.43
1436263440000 44.28
1436263500000 44.32
1436263560000 44.33
1436263620000 44.32
1436263680000 44.33
1436263740000 44.46
1436263800000 44.43
1436263860000 44.47
1436264040000 44.44
1436264400000 44.34
1436264460000 44.4
1436264640000 44.44
1436264700000 44.37
1436265060000 44.27
1436265360000 44.14
1436265420000 44.08
1436265600000 44.03
1436265660000 44.01
1436265900000 44.0396
1436265960000 44.04
1436266080000 44.08
1436266140000 44.06
1436266200000 43.99
1436266260000 44.01
1436266320000 44.05
1436266440000 44.18
1436266500000 44.2
1436266560000 44.18
1436266800000 44.11
1436266980000 44.01
1436267040000 43.92
1436267100000 43.99
1436267400000 44.04
1436267460000 44.05
1436267520000 44.08
1436267580000 44.08
1436267760000 44.06
1436267820000 44.07
1436268060000 43.99
1436268120000 43.95
1436268240000 43.89
1436268300000 43.89
1436268540000 43.77
1436268840000 43.65
1436268960000 43.63
1436269020000 43.67
1436269140000 43.74
1436269200000 43.77
1436269320000 43.81
1436269740000 43.83
1436269800000 43.78
1436269920000 43.84
1436270040000 43.82
1436270220000 43.99
1436270280000 44.03
1436270400000 44.0
1436270520000 43.93
1436272560000 43.96
1436272620000 43.98
1436272680000 44.02
1436273100000 44.05
1436273220000 44.07
1436273340000 44.06
1436273700000 44.1
1436273820000 44.11
1436273880000 44.15
1436274180000 44.19
1436274240000 44.26
1436274300000 44.19
1436274720000 44.19
1436274780000 44.23
1436274900000 44.28
1436274960000 44.25
1436275140000 44.21
1436275200000 44.21
1436275320000 44.2
1436275680000 44.15
1436275740000 44.155
1436275800000 44.15
1436275920000 44.17
1436276160000 44.15
1436276520000 44.08
1436276880000 44.07
1436277120000 44.05
1436277720000 43.97
1436277840000 43.98
1436278320000 43.98
1436278500000 44.02
1436278620000 44.0
1436278740000 43.99
1436278980000 43.98
1436279040000 44.0
1436279460000 44.05
1436279520000 44.08
1436279760000 44.1
1436279880000 44.12
1436279940000 44.14
1436280000000 44.14
1436280060000 44.16
1436280120000 44.19
1436280180000 44.24
1436280300000 44.31
1436280420000 44.33
1436280540000 44.32
1436280600000 44.34
1436280660000 44.36
1436280780000 44.35
1436280840000 44.291
1436280900000 44.3
1436280960000 44.33
1436281020000 44.35
1436281080000 44.375
1436281140000 44.42
1436281260000 44.43
1436281320000 44.41
1436281380000 44.41
1436281440000 44.38
1436281560000 44.41
