1436261400000 19.75
1436261580000 19.75
1436261640000 19.77
1436261700000 19.79
1436261760000 19.62
1436261820000 19.52
1436261880000 19.51
1436262000000 19.46
1436262060000 19.49
1436262120000 19.53
1436262180000 19.54
1436262240000 19.53
1436262300000 19.47
1436262360000 19.46
1436262420000 19.465
1436262480000 19.42
1436262540000 19.415
1436262600000 19.39
1436262660000 19.37
1436262720000 19.38
1436262780000 19.36
1436262840000 19.37
1436262900000 19.3
1436262960000 19.28
1436263020000 19.26
1436263080000 19.16
1436263140000 19.185
1436263200000 19.18
1436263260000 19.14
1436263320000 19.16
1436263380000 19.14
1436263440000 19.17
1436263500000 19.16
1436263560000 19.2
1436263620000 19.19
1436263680000 19.15
1436263740000 19.16
1436263800000 19.22
1436263920000 19.22
1436263980000 19.28
1436264040000 19.29
1436264100000 19.23
1436264160000 19.21
1436264280000 19.22
1436264340000 19.24
1436264400000 19.18
1436264460000 19.18
1436264520000 19.18
1436264580000 19.21
1436264700000 19.28
1436264760000 19.25
1436264880000 19.19
1436264940000 19.19
1436265000000 19.21
1436265060000 19.18
1436265120000 19.185
1436265180000 19.2
1436265300000 19.2
1436265360000 19.2
1436265420000 19.2
1436265480000 19.2
1436265540000 19.18
1436265600000 19.19
1436265660000 19.19
1436265720000 19.208
1436265780000 19.2
1436265900000 19.21
1436265960000 19.21
1436266020000 19.21
1436266080000 19.22
1436266140000 19.23
1436266200000 19.25
1436266260000 19.31
1436266320000 19.3
1436266380000 19.33
1436266440000 19.36
1436266500000 19.386
1436266560000 19.4
1436266680000 19.35
1436266800000 19.37
1436266860000 19.32
1436266920000 19.33
1436266980000 19.31
1436267040000 19.28
1436267220000 19.28
1436267340000 19.3
1436267400000 19.33
1436267460000 19.35
1436267520000 19.35
1436267580000 19.375
1436267640000 19.34
1436267700000 19.34
1436267760000 19.35
1436267820000 19.3301
1436267880000 19.28
1436267940000 19.3
1436268000000 19.3
1436268060000 19.28
1436268120000 19.28
1436268180000 19.285
1436268240000 19.2701
1436268300000 19.31
1436268360000 19.29
1436268420000 19.27
1436268480000 19.24
1436268540000 19.23
1436268660000 19.21
1436268720000 19.2
1436268780000 19.2
1436268840000 19.18
1436268900000 19.18
1436268960000 19.19
1436269020000 19.17
1436269080000 19.19
1436269140000 19.19
1436269200000 19.22
1436269320000 19.235
1436269380000 19.29
1436269440000 19.3
1436269500000 19.3
1436269560000 19.28
1436269620000 19.28
1436269740000 19.26
1436269800000 19.3
1436269860000 19.35
1436269980000 19.33
1436270040000 19.37
1436270100000 19.39
1436270160000 19.375
1436270220000 19.39
1436270280000 19.41
1436270340000 19.37
1436270400000 19.37
1436270460000 19.307
1436270520000 19.31
1436270580000 19.265
1436270640000 19.29
1436270760000 19.32
1436271000000 19.31
1436271120000 19.31
1436271240000 19.3
1436271360000 19.28
1436271420000 19.31
1436271480000 19.31
1436271540000 19.29
1436271600000 19.3
1436271660000 19.3
1436271720000 19.34
1436271840000 19.31
1436271960000 19.34
1436272020000 19.37
1436272080000 19.36
1436272140000 19.32
1436272200000 19.3
1436272260000 19.35
1436272320000 19.38
1436272500000 19.35
1436272560000 19.35
1436272620000 19.3502
1436272680000 19.37
1436272740000 19.36
1436272800000 19.35
1436272860000 19.35
1436272980000 19.37
1436273100000 19.35
1436273160000 19.38
1436273220000 19.35
1436273280000 19.35
1436273340000 19.33
1436273400000 19.34
1436273520000 19.32
1436273580000 19.35
1436273640000 19.35
1436273700000 19.37
1436273760000 19.35
1436273820000 19.34
1436273880000 19.36
1436273940000 19.323
1436274000000 19.35
1436274060000 19.35
1436274120000 19.35
1436274180000 19.27
1436274240000 19.32
1436274360000 19.32
1436274420000 19.29
1436274480000 19.23
1436274540000 19.25
1436274660000 19.26
1436274720000 19.3275
1436274780000 19.36
1436274840000 19.37
1436274900000 19.38
1436274960000 19.36
1436275020000 19.33
1436275140000 19.34
1436275200000 19.34
1436275320000 19.33
1436275380000 19.34
1436275440000 19.29
1436275560000 19.3
1436275680000 19.31
1436275740000 19.32
1436275800000 19.32
1436275920000 19.33
1436275980000 19.315
1436276040000 19.34
1436276160000 19.33
1436276220000 19.33
1436276280000 19.31
1436276340000 19.28
1436276400000 19.31
1436276460000 19.31
1436276580000 19.31
1436276640000 19.3
1436276760000 19.34
1436276820000 19.34
1436276940000 19.3
1436277000000 19.26
1436277060000 19.27
1436277120000 19.26
1436277300000 19.27
1436277360000 19.26
1436277480000 19.31
1436277540000 19.27
1436277600000 19.26
1436277720000 19.26
1436277780000 19.24
1436277840000 19.23
1436277900000 19.24
1436277960000 19.255
1436278020000 19.27
1436278140000 19.26
1436278200000 19.203
1436278260000 19.22
1436278320000 19.235
1436278440000 19.25
1436278500000 19.275
1436278560000 19.28
1436278680000 19.3
1436278740000 19.29
1436278860000 19.25
1436278920000 19.25
1436278980000 19.2
1436279040000 19.2
1436279160000 19.22
1436279220000 19.21
1436279280000 19.21
1436279340000 19.1925
1436279400000 19.19
1436279460000 19.17
1436279520000 19.18
1436279580000 19.2
1436279640000 19.2
1436279700000 19.19
1436279760000 19.19
1436279820000 19.19
1436279880000 19.2
1436279940000 19.22
1436280000000 19.2
1436280060000 19.225
1436280180000 19.25
1436280300000 19.27
1436280360000 19.25
1436280420000 19.28
1436280540000 19.28
1436280660000 19.26
1436280720000 19.3
1436280780000 19.3
1436280840000 19.29
1436280900000 19.28
1436280960000 19.27
1436281020000 19.2999
1436281080000 19.3
1436281140000 19.3
1436281200000 19.3
1436281260000 19.3
1436281320000 19.28
1436281380000 19.27
1436281440000 19.28
1436281500000 19.3
1436281560000 19.28
1436281620000 19.29
