1436261400000 10.92
1436261520000 10.98
1436261580000 11.0
1436261640000 11.0
1436261700000 11.01
1436261760000 11.0
1436261820000 10.96
1436261880000 10.98
1436261940000 10.95
1436262000000 10.9999
1436262120000 11.0
1436262180000 11.0
1436262240000 11.04
1436262360000 10.98
1436262420000 10.9333
1436262600000 10.945
1436262660000 10.9265
1436262720000 10.92
1436262780000 10.94
1436262840000 10.94
1436262900000 10.92
1436263020000 10.9
1436263080000 10.8692
1436263140000 10.87
1436263200000 10.87
1436263260000 10.86
1436263320000 10.86
1436263380000 10.88
1436263440000 10.88
1436263560000 10.873
1436263620000 10.85
1436263680000 10.82
1436263740000 10.81
1436263800000 10.84
1436263860000 10.8523
1436263980000 10.855
1436264040000 10.85
1436264100000 10.83
1436264160000 10.82
1436264220000 10.83
1436264280000 10.83
1436264340000 10.82
1436264400000 10.8
1436264460000 10.79
1436264520000 10.8
1436264640000 10.82
1436264700000 10.8299
1436264760000 10.83
1436264820000 10.82
1436264940000 10.82
1436265060000 10.8
1436265120000 10.79
1436265180000 10.81
1436265240000 10.79
1436265300000 10.76
1436265360000 10.75
1436265420000 10.76
1436265480000 10.73
1436265540000 10.73
1436265600000 10.72
1436265660000 10.71
1436265720000 10.69
1436265780000 10.69
1436265840000 10.7
1436265900000 10.72
1436265960000 10.715
1436266020000 10.7788
1436266080000 10.8
1436266200000 10.79
1436266260000 10.76
1436266320000 10.76
1436266380000 10.8
1436266440000 10.83
1436266500000 10.837
1436266560000 10.82
1436266620000 10.8
1436266680000 10.8
1436266740000 10.75
1436266800000 10.77
1436266860000 10.75
1436266980000 10.73
1436267040000 10.73
1436267100000 10.75
1436267160000 10.76
1436267220000 10.76
1436267280000 10.77
1436267340000 10.77
1436267460000 10.775
1436267520000 10.8
1436267580000 10.8
1436267640000 10.8
1436267700000 10.82
1436267760000 10.83
1436267820000 10.83
1436267880000 10.84
1436267940000 10.82
1436268000000 10.8
1436268060000 10.79
1436268120000 10.79
1436268180000 10.83
1436268240000 10.86
1436268300000 10.87
1436268360000 10.85
1436268420000 10.85
1436268480000 10.87
1436268540000 10.86
1436268600000 10.83
1436268660000 10.83
1436268720000 10.87
1436268780000 10.86
1436268840000 10.84
1436268900000 10.8
1436268960000 10.8
1436269020000 10.79
1436269080000 10.8
1436269140000 10.87
1436269200000 10.88
1436269320000 10.9
1436269440000 10.91
1436269500000 10.92
1436269560000 10.93
1436269620000 10.93
1436269680000 10.93
1436269740000 10.93
1436269800000 10.9
1436270040000 10.91
1436270100000 10.93
1436270160000 10.95
1436270220000 10.97
1436270280000 10.96
1436270340000 10.965
1436270400000 10.95
1436270460000 10.93
1436270520000 10.93
1436270580000 10.92
1436270640000 10.94
1436270760000 10.9369
1436270820000 10.94
1436270940000 10.92
1436271060000 10.89
1436271120000 10.87
1436271240000 10.875
1436271420000 10.89
1436271480000 10.895
1436271540000 10.8934
1436271600000 10.9
1436271720000 10.92
1436271780000 10.92
1436271840000 10.92
1436271900000 10.91
1436271960000 10.9
1436272020000 10.93
1436272080000 10.93
1436272140000 10.93
1436272200000 10.93
1436272260000 10.93
1436272320000 10.94
1436272440000 10.94
1436272500000 10.9493
1436272560000 10.94
1436272620000 10.95
1436272680000 10.9352
1436272740000 10.95
1436272860000 10.96
1436272920000 10.945
1436272980000 10.94
1436273040000 10.931
1436273100000 10.9415
1436273160000 10.9499
1436273220000 10.95
1436273280000 10.97
1436273340000 10.98
1436273460000 10.97
1436273640000 10.98
1436273700000 10.98
1436273820000 10.98
1436273880000 10.98
1436273940000 10.99
1436274060000 10.98
1436274120000 10.98
1436274180000 10.96
1436274240000 10.97
1436274300000 10.98
1436274360000 10.92
1436274420000 10.92
1436274480000 10.94
1436274540000 10.97
1436274600000 10.97
1436274660000 10.97
1436274720000 10.98
1436274780000 10.98
1436274840000 10.9664
1436274900000 10.97
1436274960000 10.94
1436275020000 10.93
1436275080000 10.94
1436275140000 10.95
1436275200000 10.95
1436275260000 10.95
1436275320000 10.95
1436275380000 10.97
1436275440000 10.98
1436275500000 10.99
1436275620000 10.98
1436275680000 10.985
1436275800000 10.99
1436275860000 10.99
1436275920000 10.99
1436276040000 11.04
1436276100000 11.06
1436276160000 11.08
1436276220000 11.1382
1436276280000 11.1269
1436276400000 11.11
1436276460000 11.09
1436276580000 11.1
1436276640000 11.1
1436276700000 11.14
1436276760000 11.11
1436276880000 11.12
1436276940000 11.12
1436277000000 11.11
1436277060000 11.11
1436277120000 11.11
1436277300000 11.11
1436277360000 11.12
1436277480000 11.11
1436277540000 11.1
1436277600000 11.1
1436277720000 11.09
1436277780000 11.08
1436277840000 11.08
1436277900000 11.08
1436278020000 11.08
1436278140000 11.085
1436278200000 11.09
1436278440000 11.09
1436278500000 11.06
1436278560000 11.06
1436278740000 11.05
1436278860000 11.05
1436278920000 11.03
1436278980000 11.04
1436279040000 11.04
1436279160000 11.035
1436279340000 11.05
1436279400000 11.05
1436279520000 11.06
1436279640000 11.06
1436279700000 11.06
1436279880000 11.06
1436280060000 11.08
1436280120000 11.1
1436280180000 11.09
1436280240000 11.11
1436280300000 11.13
1436280360000 11.16
1436280420000 11.17
1436280600000 11.18
1436280660000 11.1681
1436280780000 11.16
1436280840000 11.16
1436280900000 11.16
1436280960000 11.16
1436281020000 11.17
1436281080000 11.2
1436281140000 11.2
1436281260000 11.19
1436281320000 11.19
1436281440000 11.19
1436281500000 11.19
1436281560000 11.18
1436281620000 11.19
