1436261400000 1.51
1436261580000 1.48
1436262060000 1.47
1436262120000 1.46
1436262180000 1.4601
1436262240000 1.46
1436262300000 1.45
1436262540000 1.4201
1436262600000 1.4204
1436262660000 1.41
1436262720000 1.4188
1436262840000 1.402
1436263020000 1.414
1436263080000 1.42
1436263380000 1.4
1436263560000 1.4
1436263620000 1.3799
1436263680000 1.3254
1436263800000 1.32
1436263860000 1.33
1436264040000 1.3399
1436264280000 1.32
1436264400000 1.3
1436264460000 1.3
1436264520000 1.31
1436264580000 1.28
1436264640000 1.2732
1436264760000 1.271
1436264820000 1.28
1436264880000 1.2601
1436264940000 1.23
1436265000000 1.24
1436265060000 1.2599
1436265120000 1.26
1436265180000 1.26
1436265360000 1.28
1436265420000 1.26
1436265540000 1.26
1436265660000 1.25
1436265780000 1.23
1436265840000 1.24
1436265900000 1.2451
1436265960000 1.24
1436266080000 1.235
1436266200000 1.24
1436266500000 1.25
1436266740000 1.236
1436266800000 1.2448
1436266980000 1.24
1436267160000 1.23
1436267280000 1.2297
1436267460000 1.2201
1436267520000 1.22
1436267760000 1.22
1436267940000 1.2221
1436268000000 1.22
1436268120000 1.21
1436268180000 1.21
1436268240000 1.2
1436268360000 1.19
1436268420000 1.1999
1436268480000 1.2
1436268540000 1.1999
1436268600000 1.19
1436268720000 1.1604
1436268780000 1.18
1436268840000 1.18
1436268900000 1.18
1436268960000 1.17
1436269020000 1.2
1436269080000 1.2
1436269200000 1.2203
1436269260000 1.22
1436269320000 1.2101
1436269500000 1.22
1436269800000 1.23
1436269920000 1.23
1436270040000 1.23
1436270100000 1.2202
1436270160000 1.23
1436270220000 1.23
1436270280000 1.27
1436270340000 1.27
1436271240000 1.2699
1436271360000 1.27
1436271420000 1.27
1436271540000 1.27
1436271600000 1.27
1436271720000 1.27
1436272020000 1.26
1436272080000 1.25
1436272500000 1.25
1436272740000 1.251
1436272800000 1.26
1436272920000 1.25
1436273100000 1.2599
1436273220000 1.25
1436273400000 1.24
1436273520000 1.24
1436273640000 1.22
1436273700000 1.23
1436273760000 1.22
1436274000000 1.22
1436274120000 1.24
1436274240000 1.2208
1436274420000 1.2201
1436274600000 1.2201
1436274840000 1.2245
1436274900000 1.23
1436275080000 1.24
1436275200000 1.24
1436275260000 1.24
1436275320000 1.24
1436275380000 1.26
1436275440000 1.2625
1436275560000 1.2608
1436275620000 1.26
1436275680000 1.26
1436275740000 1.254
1436275800000 1.26
1436275860000 1.26
1436275980000 1.25
1436276100000 1.229
1436276220000 1.2201
1436276340000 1.239
1436276400000 1.22
1436276460000 1.22
1436276580000 1.24
1436277000000 1.25
1436277180000 1.25
1436277240000 1.243
1436277540000 1.24
1436277600000 1.25
1436277660000 1.25
1436277720000 1.25
1436277780000 1.25
1436277840000 1.25
1436277900000 1.29
1436277960000 1.29
1436278020000 1.3
1436278140000 1.29
1436278200000 1.27
1436278260000 1.2602
1436278500000 1.2504
1436278620000 1.26
1436278740000 1.2799
1436278980000 1.3
1436279100000 1.26
1436279160000 1.26
1436279220000 1.2683
1436279340000 1.25
1436279400000 1.242
1436279460000 1.2599
1436279520000 1.24
1436279640000 1.26
1436279760000 1.2304
1436279880000 1.2399
1436280060000 1.26
1436280300000 1.26
1436280360000 1.2599
1436280420000 1.26
1436280540000 1.26
1436280600000 1.27
1436280720000 1.2492
1436280780000 1.2492
1436280900000 1.2499
1436280960000 1.2499
1436281080000 1.2499
1436281200000 1.26
1436281320000 1.26
1436281380000 1.26
1436281440000 1.25
1436281500000 1.2574
1436281560000 1.26
