1436261400000 1.09
1436261460000 1.08
1436261520000 1.02
1436262000000 1.04
1436262120000 1.05
1436262180000 1.01
1436262600000 1.01
1436262660000 1.01
1436262720000 1.01
1436262900000 1.0001
1436263020000 1.01
1436263080000 1.01
1436263140000 1.01
1436263380000 1.0
1436263560000 1.0
1436264040000 1.0096
1436264220000 1.01
1436264460000 1.0101
1436264820000 1.03
1436265180000 1.03
1436266440000 1.0
1436266500000 1.03
1436267100000 1.04
1436268060000 1.03
1436268120000 1.03
1436268180000 1.02
1436268660000 1.0201
1436268720000 1.03
1436269200000 1.03
1436269260000 1.03
1436269320000 1.03
1436269500000 1.0242
1436270220000 1.0201
1436271360000 1.03
1436272380000 1.03
1436273460000 1.03
1436273580000 1.04
1436273640000 1.04
1436275020000 1.029
1436275080000 1.0305
1436275320000 1.02
1436275440000 1.0201
1436275620000 1.02
1436276340000 1.01
1436276400000 1.01
1436276460000 1.01
1436276520000 1.01
1436276580000 1.01
1436276820000 1.01
1436276940000 1.0112
1436277060000 1.0101
1436277840000 1.01
1436277900000 1.01
1436277960000 1.01
1436278020000 1.01
1436278320000 1.01
1436278380000 1.0098
1436278440000 1.0
1436278560000 1.01
1436278800000 1.0
1436279700000 1.0
1436280540000 1.01
1436280840000 1.01
1436281200000 1.0099
1436281440000 1.0
