1436261400000 37.72
1436261460000 37.57
1436261640000 37.86
1436261820000 37.4
1436262000000 37.33
1436262060000 37.28
1436262120000 37.26
1436262240000 37.42
1436262360000 37.37
1436262480000 37.34
1436262540000 37.5
1436262600000 37.48
1436262660000 37.44
1436262720000 37.32
1436262780000 37.39
1436263200000 37.52
1436263320000 37.49
1436263380000 37.44
1436263680000 37.4
1436264040000 37.48
1436264160000 37.575
1436264400000 37.5999
1436264460000 37.55
1436264520000 37.61
1436264580000 37.63
1436264640000 37.595
1436264700000 37.56
1436264820000 37.59
1436264940000 37.59
1436265060000 37.57
1436265120000 37.57
1436265180000 37.56
1436265240000 37.56
1436265300000 37.56
1436265360000 37.57
1436265420000 37.58
1436265480000 37.6
1436265600000 37.54
1436265660000 37.53
1436265720000 37.44
1436265780000 37.41
1436265840000 37.42
1436265960000 37.425
1436266020000 37.51
1436266200000 37.535
1436266320000 37.48
1436266380000 37.54
1436266440000 37.545
1436266500000 37.585
1436266560000 37.54
1436266620000 37.57
1436266800000 37.39
1436266860000 37.33
1436267040000 37.37
1436267160000 37.37
1436267280000 37.37
1436267400000 37.37
1436267460000 37.42
1436267520000 37.44
1436267640000 37.52
1436267700000 37.46
1436267760000 37.52
1436267820000 37.535
1436267880000 37.6
1436268000000 37.52
1436268060000 37.42
1436268300000 37.38
1436268540000 37.36
1436268600000 37.275
1436268780000 37.43
1436268840000 37.3
1436268900000 37.18
1436269020000 37.28
1436269200000 37.33
1436269320000 37.52
1436269380000 37.49
1436269440000 37.67
1436269500000 37.7
1436269560000 37.69
1436269680000 37.68
1436269740000 37.68
1436269800000 37.67
1436269920000 37.65
1436269980000 37.64
1436270100000 37.68
1436270160000 37.78
1436270280000 37.94
1436270340000 37.94
1436270460000 37.94
1436270520000 37.78
1436270580000 37.73
1436270640000 37.83
1436270760000 37.72
1436270820000 37.83
1436271060000 37.86
1436271120000 37.86
1436271180000 37.86
1436271240000 37.8
1436271300000 37.8
1436271360000 37.8
1436271540000 37.83
1436271600000 37.8
1436271660000 37.8
1436271720000 37.79
1436271840000 37.81
1436271900000 37.8
1436271960000 37.7
1436272020000 37.72
1436272080000 37.66
1436272200000 37.7
1436272320000 37.7
1436272440000 37.69
1436272500000 37.77
1436272560000 37.8
1436272620000 37.82
1436272740000 37.8
1436272800000 37.8
1436272920000 37.78
1436272980000 37.8
1436273040000 37.76
1436273160000 37.845
1436273220000 37.8
1436273280000 37.9
1436273340000 37.935
1436273400000 37.86
1436273460000 37.805
1436273520000 37.889
1436273640000 37.87
1436274240000 37.97
1436274360000 37.97
1436274660000 37.96
1436274780000 38.12
1436274900000 38.1
1436275080000 38.11
1436275140000 38.09
1436275200000 38.0
1436275260000 37.95
1436275380000 37.93
1436275560000 38.04
1436275680000 38.04
1436275800000 38.15
1436275860000 38.08
1436275920000 38.06
1436276040000 38.13
1436276100000 38.08
1436276220000 38.12
1436276340000 38.12
1436276460000 38.12
1436276520000 38.02
1436276580000 38.11
1436276700000 38.11
1436276760000 38.11
1436276820000 38.03
1436276880000 38.02
1436277000000 38.01
1436277060000 37.98
1436277180000 38.05
1436277300000 38.04
1436277420000 38.04
1436277480000 38.04
1436277600000 38.04
1436277660000 38.04
1436277780000 38.04
1436277840000 38.04
1436277900000 38.03
1436277960000 37.98
1436278020000 38.0599
1436278260000 38.06
1436278380000 37.975
1436278500000 38.015
1436278620000 37.87
1436278680000 37.87
1436278740000 37.87
1436278860000 37.82
1436278920000 37.75
1436278980000 37.74
1436279040000 37.83
1436279160000 37.7475
1436279280000 37.83
1436279400000 37.82
1436279460000 37.73
1436279520000 37.77
1436279580000 37.84
1436279700000 37.84
1436279820000 37.8799
1436279880000 37.85
1436279940000 37.915
1436280000000 37.88
1436280060000 37.97
1436280180000 38.02
1436280240000 38.02
1436280360000 38.04
1436280420000 38.04
1436280480000 38.14
1436280540000 38.135
1436280660000 38.135
1436280720000 38.0
1436280780000 37.905
1436280900000 38.01
1436280960000 37.92
1436281080000 38.0
1436281140000 38.13
1436281200000 38.075
1436281260000 38.0
1436281440000 38.0
