1436261400000 30.16
1436261580000 30.15
1436261760000 30.15
1436261820000 30.02
1436261880000 30.05
1436261940000 30.06
1436262000000 30.1099
1436262060000 30.14
1436262240000 30.1
1436262300000 30.05
1436262360000 30.08
1436262420000 30.04
1436262540000 30.13
1436262600000 30.04
1436262660000 30.01
1436262780000 30.08
1436262840000 30.02
1436262900000 29.98
1436262960000 29.93
1436263020000 29.92
1436263080000 29.92
1436263140000 29.84
1436263200000 29.82
1436263260000 29.82
1436263320000 29.87
1436263380000 29.86
1436263560000 29.85
1436263620000 29.84
1436263680000 29.8
1436263740000 29.8
1436263800000 29.83
1436263860000 29.81
1436263920000 29.8
1436263980000 29.82
1436264040000 29.81
1436264100000 29.77
1436264160000 29.78
1436264220000 29.78
1436264280000 29.8
1436264340000 29.84
1436264400000 29.8
1436264460000 29.77
1436264700000 29.78
1436264760000 29.76
1436264820000 29.73
1436264880000 29.73
1436264940000 29.75
1436265060000 29.71
1436265120000 29.73
1436265180000 29.73
1436265240000 29.69
1436265300000 29.7
1436265360000 29.62
1436265420000 29.64
1436265480000 29.61
1436265540000 29.6
1436265600000 29.59
1436265660000 29.57
1436265720000 29.57
1436265840000 29.57
1436265960000 29.57
1436266020000 29.56
1436266080000 29.57
1436266140000 29.58
1436266200000 29.58
1436266260000 29.54
1436266320000 29.55
1436266380000 29.56
1436266440000 29.62
1436266500000 29.57
1436266560000 29.58
1436266620000 29.57
1436266740000 29.55
1436266800000 29.53
1436266860000 29.5
1436266980000 29.51
1436267040000 29.47
1436267100000 29.47
1436267160000 29.49
1436267280000 29.4847
1436267400000 29.4999
1436267460000 29.5
1436267520000 29.4988
1436267580000 29.49
1436267640000 29.5
1436267700000 29.49
1436267760000 29.49
1436267820000 29.5
1436267880000 29.48
1436267940000 29.475
1436268000000 29.5
1436268060000 29.51
1436268120000 29.47
1436268180000 29.49
1436268240000 29.49
1436268300000 29.48
1436268360000 29.48
1436268420000 29.48
1436268480000 29.48
1436268540000 29.47
1436268600000 29.48
1436268660000 29.48
1436268720000 29.47
1436268780000 29.47
1436268840000 29.46
1436268900000 29.45
1436268960000 29.41
1436269020000 29.46
1436269080000 29.505
1436269140000 29.49
1436269200000 29.42
1436269260000 29.41
1436269320000 29.41
1436269380000 29.42
1436269440000 29.47
1436269500000 29.51
1436269560000 29.5
1436269620000 29.5
1436269740000 29.5
1436269800000 29.5
1436269860000 29.51
1436269920000 29.51
1436269980000 29.49
1436270040000 29.5
1436270100000 29.52
1436270160000 29.56
1436270220000 29.6
1436270280000 29.57
1436270340000 29.58
1436270400000 29.58
1436270460000 29.55
1436270520000 29.55
1436270580000 29.56
1436270640000 29.55
1436270700000 29.54
1436270820000 29.5201
1436270880000 29.52
1436271000000 29.47
1436271060000 29.44
1436271120000 29.44
1436271180000 29.46
1436271300000 29.5
1436271360000 29.51
1436271540000 29.47
1436271600000 29.48
1436271660000 29.46
1436271720000 29.47
1436271780000 29.47
1436271840000 29.46
1436271900000 29.41
1436271960000 29.33
1436272080000 29.37
1436272260000 29.37
1436272320000 29.34
1436272380000 29.28
1436272440000 29.32
1436272500000 29.3
1436272560000 29.27
1436272620000 29.29
1436272680000 29.265
1436272740000 29.29
1436272800000 29.35
1436272860000 29.34
1436272920000 29.34
1436272980000 29.32
1436273040000 29.33
1436273100000 29.34
1436273160000 29.36
1436273220000 29.37
1436273280000 29.44
1436273520000 29.44
1436273640000 29.55
1436273700000 29.65
1436273880000 29.65
1436273940000 29.71
1436274000000 29.69
1436274060000 29.69
1436274120000 29.68
1436274180000 29.66
1436274240000 29.66
1436274300000 29.68
1436274360000 29.66
1436274480000 29.61
1436274600000 29.62
1436274660000 29.66
1436274720000 29.74
1436274780000 29.77
1436274840000 29.76
1436274900000 29.82
1436274960000 29.76
1436275020000 29.74
1436275080000 29.71
1436275140000 29.71
1436275200000 29.75
1436275260000 29.71
1436275320000 29.68
1436275380000 29.74
1436275440000 29.82
1436275560000 29.8
1436275620000 29.82
1436275740000 29.82
1436275800000 29.845
1436275920000 29.83
1436275980000 29.85
1436276040000 29.83
1436276100000 29.81
1436276160000 29.78
1436276220000 29.77
1436276280000 29.78
1436276400000 29.8
1436276460000 29.755
1436276520000 29.77
1436276580000 29.82
1436276640000 29.82
1436276700000 29.84
1436276760000 29.82
1436276820000 29.82
1436276880000 29.83
1436276940000 29.82
1436277000000 29.8
1436277060000 29.81
1436277120000 29.81
1436277240000 29.81
1436277300000 29.79
1436277360000 29.79
1436277420000 29.79
1436277540000 29.77
1436277720000 29.81
1436277780000 29.79
1436277960000 29.79
1436278080000 29.79
1436278140000 29.81
1436278320000 29.83
1436278380000 29.84
1436278440000 29.8346
1436278500000 29.83
1436278560000 29.79
1436278620000 29.77
1436278680000 29.78
1436278740000 29.77
1436278860000 29.74
1436278920000 29.68
1436278980000 29.69
1436279040000 29.72
1436279100000 29.74
1436279340000 29.74
1436279400000 29.73
1436279520000 29.73
1436279580000 29.72
1436279640000 29.71
1436279700000 29.69
1436279820000 29.717
1436279880000 29.72
1436279940000 29.76
1436280000000 29.76
1436280060000 29.8
1436280120000 29.84
1436280180000 29.83
1436280240000 29.86
1436280360000 29.86
1436280420000 29.88
1436280480000 29.86
1436280600000 29.9
1436280660000 29.89
1436280780000 29.9
1436280840000 29.93
1436280900000 29.94
1436281020000 29.92
1436281080000 29.97
1436281140000 30.04
1436281260000 30.01
1436281380000 29.99
1436281440000 30.0
1436281500000 30.02
1436281560000 30.04
