1436261400000 51.74
1436261460000 51.853
1436261520000 51.67
1436261580000 51.555
1436261640000 51.75
1436261700000 51.64
1436261760000 51.63
1436261820000 51.7
1436261880000 51.715
1436261940000 51.99
1436262000000 52.04
1436262060000 52.12
1436262120000 52.16
1436262180000 52.215
1436262240000 52.12
1436262300000 52.02
1436262360000 52.08
1436262420000 52.0755
1436262480000 52.05
1436262540000 51.9
1436262600000 51.96
1436262660000 51.905
1436262720000 51.905
1436262780000 51.98
1436262840000 51.9
1436262900000 52.0145
1436262960000 52.005
1436263020000 52.15
1436263080000 51.98
1436263140000 51.99
1436263200000 52.09
1436263260000 52.02
1436263320000 52.03
1436263380000 52.0098
1436263440000 51.98
1436263500000 52.0
1436263560000 52.005
1436263620000 51.9799
1436263680000 51.848
1436263740000 51.76
1436263800000 51.765
1436263860000 51.71
1436263920000 51.72
1436263980000 51.55
1436264040000 51.575
1436264100000 51.56
1436264160000 51.5001
1436264220000 51.5349
1436264280000 51.5399
1436264340000 51.5
1436264400000 51.38
1436264460000 51.37
1436264520000 51.42
1436264580000 51.39
1436264640000 51.31
1436264700000 51.29
1436264760000 51.2388
1436264820000 51.22
1436264880000 51.1535
1436264940000 51.09
1436265000000 51.1
1436265060000 51.14
1436265120000 51.1
1436265180000 51.15
1436265240000 51.16
1436265300000 51.15
1436265360000 51.12
1436265420000 51.14
1436265480000 51.15
1436265540000 51.12
1436265600000 51.1
1436265660000 51.12
1436265720000 51.11
1436265780000 51.07
1436265840000 51.06
1436265900000 51.07
1436265960000 51.04
1436266020000 51.04
1436266080000 51.12
1436266140000 51.12
1436266200000 51.16
1436266260000 51.16
1436266320000 51.2
1436266380000 51.28
1436266440000 51.37
1436266500000 51.49
1436266560000 51.43
1436266620000 51.41
1436266680000 51.38
1436266740000 51.38
1436266800000 51.33
1436266860000 51.32
1436266920000 51.13
1436266980000 51.08
1436267040000 51.01
1436267100000 50.95
1436267160000 50.93
1436267220000 50.96
1436267280000 50.94
1436267340000 50.9
1436267400000 50.95
1436267460000 50.97
1436267520000 50.96
1436267580000 50.97
1436267640000 50.9244
1436267700000 50.99
1436267760000 50.96
1436267820000 50.99
1436267880000 50.9901
1436267940000 51.0
1436268000000 50.985
1436268060000 51.02
1436268120000 51.05
1436268180000 51.0144
1436268240000 51.08
1436268300000 51.03
1436268360000 51.0
1436268420000 50.9634
1436268480000 51.02
1436268540000 50.98
1436268600000 50.94
1436268660000 51.0
1436268720000 50.98
1436268780000 50.97
1436268840000 50.91
1436268900000 50.86
1436268960000 50.89
1436269020000 50.92
1436269080000 50.92
1436269140000 50.95
1436269200000 50.94
1436269260000 50.98
1436269320000 50.99
1436269380000 51.09
1436269440000 51.27
1436269500000 51.1
1436269560000 51.1
1436269620000 51.12
1436269680000 51.2
1436269740000 51.18
1436269800000 51.23
1436269860000 51.24
1436269920000 51.1515
1436269980000 51.18
1436270040000 51.1703
1436270100000 51.17
1436270160000 51.16
1436270220000 51.17
1436270280000 51.25
1436270340000 51.2342
1436270400000 51.25
1436270460000 51.251
1436270520000 51.2666
1436270580000 51.36
1436270640000 51.46
1436270700000 51.4948
1436270760000 51.53
1436270820000 51.51
1436270880000 51.49
1436270940000 51.52
1436271000000 51.52
1436271060000 51.5645
1436271120000 51.52
1436271180000 51.51
1436271300000 51.51
1436271360000 51.6
1436271420000 51.5
1436271480000 51.52
1436271540000 51.54
1436271600000 51.51
1436271660000 51.52
1436271720000 51.49
1436271780000 51.52
1436271840000 51.53
1436271900000 51.5
1436271960000 51.5
1436272020000 51.6
1436272080000 51.55
1436272140000 51.52
1436272200000 51.5199
1436272260000 51.5
1436272320000 51.56
1436272380000 51.52
1436272440000 51.5272
1436272500000 51.59
1436272560000 51.65
1436272620000 51.6316
1436272680000 51.77
1436272740000 51.81
1436272800000 51.9
1436272860000 51.878
1436272920000 51.94
1436272980000 51.99
1436273040000 51.935
1436273100000 51.94
1436273160000 51.96
1436273220000 51.97
1436273280000 52.18
1436273340000 52.33
1436273400000 52.44
1436273460000 52.41
1436273520000 52.4
1436273580000 52.45
1436273640000 52.6
1436273700000 52.81
1436273760000 52.69
1436273820000 52.64
1436273880000 52.76
1436273940000 52.75
1436274000000 52.78
1436274060000 52.75
1436274120000 52.65
1436274180000 52.69
1436274240000 52.6
1436274300000 52.66
1436274360000 52.641
1436274420000 52.55
1436274480000 52.55
1436274540000 52.76
1436274600000 52.78
1436274660000 52.9
1436274720000 52.93
1436274780000 52.905
1436274840000 52.92
1436274900000 52.99
1436274960000 52.9
1436275020000 52.738
1436275080000 52.7001
1436275140000 52.84
1436275200000 52.88
1436275260000 52.9
1436275320000 52.8566
1436275380000 52.83
1436275440000 52.79
1436275500000 52.87
1436275560000 52.92
1436275620000 52.9
1436275680000 52.9594
1436275740000 53.01
1436275800000 53.07
1436275860000 52.955
1436275920000 52.79
1436275980000 52.8052
1436276040000 52.78
1436276100000 52.8293
1436276160000 52.81
1436276220000 52.83
1436276280000 52.9
1436276340000 52.76
1436276400000 52.75
1436276460000 52.685
1436276520000 52.68
1436276580000 52.8
1436276640000 52.78
1436276700000 52.8401
1436276760000 52.83
1436276820000 52.81
1436276880000 52.72
1436276940000 52.82
1436277000000 52.75
1436277060000 52.69
1436277120000 52.674
1436277180000 52.62
1436277240000 52.61
1436277300000 52.56
1436277360000 52.61
1436277420000 52.65
1436277480000 52.5748
1436277540000 52.5116
1436277600000 52.53
1436277660000 52.5599
1436277720000 52.595
1436277780000 52.56
1436277840000 52.59
1436277900000 52.5808
1436277960000 52.51
1436278020000 52.5224
1436278080000 52.525
1436278140000 52.445
1436278200000 52.42
1436278260000 52.47
1436278320000 52.5
1436278380000 52.52
1436278440000 52.6
1436278500000 52.5428
1436278560000 52.49
1436278620000 52.45
1436278680000 52.38
1436278740000 52.35
1436278800000 52.23
1436278860000 52.29
1436278920000 52.26
1436278980000 52.2116
1436279040000 52.25
1436279100000 52.27
1436279160000 52.33
1436279220000 52.34
1436279280000 52.32
1436279340000 52.43
1436279400000 52.345
1436279460000 52.295
1436279520000 52.32
1436279580000 52.36
1436279640000 52.31
1436279700000 52.19
1436279760000 52.29
1436279820000 52.3
1436279880000 52.32
1436279940000 52.47
1436280000000 52.41
1436280060000 52.44
1436280120000 52.62
1436280180000 52.54
1436280240000 52.6216
1436280300000 52.61
1436280360000 52.6275
1436280420000 52.65
1436280480000 52.68
1436280540000 52.75
1436280600000 52.82
1436280660000 52.87
1436280720000 52.852
1436280780000 52.86
1436280840000 52.88
1436280900000 52.9
1436280960000 52.96
1436281020000 52.97
1436281080000 53.0
1436281140000 53.12
1436281200000 53.11
1436281260000 53.086
1436281320000 53.13
1436281380000 53.11
1436281440000 53.1
1436281500000 53.1039
1436281560000 53.06
1436281620000 52.96
