1436261400000 28.57
1436261520000 28.86
1436261700000 28.6
1436261760000 28.4
1436261820000 28.58
1436261880000 28.58
1436261940000 28.47
1436262000000 28.52
1436262060000 28.74
1436262240000 28.44
1436262600000 28.63
1436262780000 28.63
1436262840000 28.6
1436263200000 28.66
1436263260000 28.48
1436263380000 28.42
1436263620000 28.35
1436263680000 28.26
1436263740000 28.32
1436263920000 28.45
1436264100000 28.5
1436264460000 28.52
1436264700000 28.47
1436264820000 28.56
1436264940000 28.55
1436265000000 28.5
1436265060000 28.48
1436265180000 28.41
1436265360000 28.37
1436265600000 28.29
1436265660000 28.22
1436265960000 28.26
1436266140000 28.41
1436266260000 28.41
1436266380000 28.48
1436266440000 28.48
1436266620000 28.53
1436266800000 28.52
1436266980000 28.45
1436267340000 28.34
1436267460000 28.42
1436267520000 28.42
1436267580000 28.48
1436267700000 28.46
1436267940000 28.53
1436268060000 28.54
1436268120000 28.51
1436268300000 28.5
1436268780000 28.43
1436268840000 28.42
1436268900000 28.32
1436268960000 28.32
1436269140000 28.36
1436269860000 28.57
1436270100000 28.62
1436270760000 28.68
1436271000000 28.66
1436271360000 28.64
1436271660000 28.64
1436271780000 28.65
1436271960000 28.65
1436272020000 28.69
1436272260000 28.69
1436272320000 28.69
1436272380000 28.78
1436272500000 28.75
1436272560000 28.8
1436272620000 28.8
1436272740000 28.82
1436272800000 28.8
1436273160000 28.83
1436273340000 28.86
1436273520000 28.84
1436273640000 28.9
1436273700000 28.99
1436273760000 29.0
1436273820000 29.08
1436274000000 29.08
1436274120000 29.25
1436274180000 29.08
1436274300000 29.01
1436274360000 28.96
1436274960000 28.9301
1436275020000 29.01
1436275200000 28.96
1436275260000 28.94
1436275320000 28.95
1436275560000 29.0
1436275680000 29.07
1436275800000 29.0696
1436275860000 29.07
1436276100000 29.07
1436276160000 29.02
1436276460000 28.96
1436277060000 28.9193
1436277240000 28.96
1436277540000 28.96
1436277780000 28.95
1436277840000 28.88
1436277900000 28.91
1436278080000 28.95
1436278200000 28.94
1436278380000 28.8601
1436278440000 28.86
1436278620000 28.76
1436278920000 28.82
1436279040000 28.75
1436279220000 28.8
1436279400000 28.79
1436279520000 28.78
1436279760000 28.81
1436279880000 28.81
1436280060000 28.83
1436280180000 28.88
1436280240000 28.92
1436280420000 28.94
1436280480000 28.95
1436280540000 28.94
1436280600000 28.94
1436280720000 28.9
1436281020000 28.95
1436281080000 28.92
1436281140000 28.92
1436281200000 28.93
1436281260000 28.93
1436281440000 28.92
1436281500000 29.01
