1436265780000 8.66
1436265840000 8.8
1436265900000 8.725
1436265960000 8.72
1436266080000 8.66
1436266140000 8.67
1436266200000 8.7
1436266260000 8.66
1436266320000 8.7
1436266560000 8.69
1436266620000 8.7
1436267280000 8.59
1436267340000 8.59
1436267400000 8.58
1436267460000 8.58
1436267520000 8.6099
1436267580000 8.61
1436267760000 8.61
1436267820000 8.63
1436267880000 8.66
1436267940000 8.66
1436268000000 8.5
1436268240000 8.6
1436268360000 8.66
1436269320000 8.7
1436269380000 8.57
1436269440000 8.72
1436269500000 8.448
1436269560000 8.84
1436269620000 9.0
1436269680000 9.02
1436269740000 8.98
1436269800000 8.8601
1436269860000 8.86
1436269980000 8.79
1436270040000 8.982
1436270100000 8.84
1436270160000 8.8201
1436270280000 8.84
1436270340000 8.85
1436270580000 8.88
1436270640000 8.916
1436270700000 8.9
1436270760000 8.88
1436270880000 8.87
1436273460000 8.75
1436277000000 8.65
1436278140000 8.6
1436280780000 8.61
