1436261400000 38.82
1436261520000 38.91
1436261640000 38.6
1436261700000 38.59
1436262360000 38.33
1436262420000 38.36
1436262480000 38.35
1436262540000 38.45
1436262600000 38.33
1436262720000 38.33
1436262780000 38.28
1436262900000 38.26
1436262960000 38.26
1436263020000 38.26
1436263320000 38.18
1436263500000 38.17
1436263560000 38.17
1436263860000 38.31
1436264160000 38.27
1436264280000 38.16
1436264340000 38.14
1436264520000 38.14
1436264700000 38.03
1436264760000 38.02
1436264820000 38.05
1436264940000 37.92
1436265000000 37.91
1436265060000 37.92
1436265120000 37.8
1436265180000 37.85
1436265480000 37.83
1436265540000 37.83
1436265600000 37.81
1436265840000 37.76
1436265900000 37.8
1436265960000 37.8
1436266020000 37.81
1436266260000 37.84
1436266320000 37.68
1436266380000 37.78
1436266560000 37.82
1436266620000 37.82
1436266680000 37.83
1436266860000 37.82
1436266980000 37.83
1436267040000 37.8
1436267220000 37.78
1436267280000 37.76
1436267460000 37.72
1436267580000 37.64
1436267640000 37.71
1436267760000 37.62
1436267820000 37.64
1436267940000 37.62
1436268120000 37.58
1436268240000 37.54
1436268300000 37.61
1436268360000 37.53
1436268420000 37.54
1436268720000 37.6
1436268840000 37.58
1436268900000 37.53
1436269080000 37.555
1436269140000 37.58
1436269200000 37.65
1436269260000 37.64
1436269500000 37.61
1436269620000 37.53
1436269680000 37.52
1436269740000 37.5699
1436269800000 37.51
1436269860000 37.52
1436269920000 37.5199
1436269980000 37.46
1436270040000 37.37
1436270100000 37.42
1436270220000 37.58
1436270340000 37.67
1436270520000 37.66
1436270580000 37.71
1436270640000 37.67
1436270700000 37.66
1436271000000 37.72
1436271240000 37.7974
1436271300000 37.804
1436271360000 37.75
1436271540000 37.71
1436271840000 37.7
1436271900000 37.67
1436272080000 37.64
1436272140000 37.68
1436272200000 37.66
1436272260000 37.71
1436272500000 37.75
1436272680000 37.81
1436272740000 37.82
1436272860000 37.82
1436273280000 37.75
1436273400000 37.6901
1436273460000 37.7399
1436273760000 37.74
1436273820000 37.82
1436273880000 37.93
1436274060000 37.89
1436274120000 37.79
1436274180000 37.78
1436274300000 37.73
1436274360000 37.67
1436274420000 37.71
1436274660000 37.76
1436274780000 37.84
1436274840000 37.88
1436274900000 37.87
1436275320000 37.82
1436275440000 37.89
1436275500000 37.94
1436275800000 37.8
1436275860000 37.84
1436275920000 37.85
1436276040000 37.79
1436276100000 37.83
1436276220000 37.91
1436276340000 37.915
1436276400000 37.85
1436276520000 37.85
1436276640000 37.84
1436276820000 37.94
1436276880000 37.88
1436276940000 37.86
1436277060000 37.86
1436277360000 37.87
1436277420000 37.96
1436277480000 37.98
1436277540000 37.92
1436277840000 37.94
1436278020000 37.92
1436278080000 37.87
1436278140000 37.77
1436278500000 37.87
1436278560000 37.81
1436278680000 37.78
1436278860000 37.78
1436278920000 37.75
1436279160000 37.7
1436279220000 37.7
1436279280000 37.77
1436279340000 37.77
1436279400000 37.74
1436279460000 37.8
1436279640000 37.85
1436279700000 37.76
1436279880000 37.75
1436279940000 37.9
1436280060000 37.995
1436280180000 38.01
1436280360000 38.0
1436280420000 38.02
1436280480000 38.09
1436280540000 38.03
1436280600000 37.89
1436280720000 37.96
1436280840000 38.0
1436280900000 38.0
1436281020000 37.98
1436281080000 38.04
1436281140000 38.12
1436281320000 38.18
1436281380000 38.145
1436281440000 38.12
1436281500000 38.1
1436281560000 38.06
1436281620000 38.04
