1436261400000 46.75
1436261460000 46.88
1436261520000 46.72
1436261820000 46.49
1436261880000 46.51
1436261940000 46.39
1436262000000 46.4
1436262240000 46.36
1436262300000 46.35
1436262360000 46.28
1436262420000 46.16
1436262720000 46.2
1436262780000 46.21
1436262840000 46.22
1436262900000 46.25
1436263200000 46.075
1436263260000 46.105
1436263320000 46.1525
1436263380000 46.105
1436263440000 46.02
1436263500000 46.035
1436263620000 46.01
1436263680000 46.0
1436263860000 46.07
1436263980000 46.1
1436264040000 46.06
1436264100000 46.13
1436264280000 46.11
1436264340000 46.11
1436264520000 46.11
1436264760000 46.1
1436264820000 45.93
1436264940000 45.97
1436265060000 45.93
1436265480000 45.92
1436265540000 45.93
1436265720000 45.93
1436265840000 45.99
1436266020000 45.92
1436266140000 45.9612
1436266260000 45.87
1436266560000 46.03
1436266680000 45.98
1436266740000 45.91
1436266800000 45.895
1436266860000 45.885
1436266980000 45.88
1436267040000 45.875
1436267100000 45.87
1436267160000 45.875
1436267220000 45.88
1436267280000 45.93
1436267520000 45.97
1436267640000 45.99
1436267700000 46.06
1436267760000 46.03
1436268120000 45.98
1436268300000 45.98
1436268480000 45.94
1436268540000 45.87
1436268720000 45.845
1436268780000 45.83
1436268840000 45.925
1436269020000 45.93
1436269080000 45.93
1436269140000 46.005
1436269200000 46.045
1436269260000 46.11
1436269320000 46.03
1436269380000 46.08
1436269680000 46.06
1436269980000 46.07
1436270160000 46.05
1436270220000 46.13
1436270280000 46.16
1436270400000 46.11
1436270640000 46.15
1436270820000 46.1
1436271060000 46.07
1436271660000 46.05
1436272140000 46.0
1436272260000 45.97
1436272920000 46.08
1436272980000 46.09
1436273700000 46.08
1436273760000 46.1
1436273880000 46.11
1436274000000 46.15
1436274120000 46.1
1436274240000 46.19
1436274360000 46.1
1436274480000 46.09
1436274660000 46.16
1436274720000 46.16
1436274780000 46.19
1436274900000 46.21
1436275200000 46.18
1436275680000 46.13
1436275740000 46.08
1436276040000 46.08
1436276580000 46.095
1436276640000 46.13
1436276940000 46.21
1436277000000 46.19
1436277300000 46.14
1436277360000 46.08
1436277420000 46.02
1436277540000 46.07
1436277780000 46.12
1436278020000 46.05
1436278140000 46.04
1436278320000 46.05
1436278380000 46.08
1436278500000 46.08
1436278560000 46.08
1436278680000 46.19
1436278740000 46.17
1436278920000 46.11
1436279160000 46.02
1436279280000 45.98
1436279520000 45.93
1436279640000 45.91
1436279700000 45.87
1436279760000 45.885
1436279820000 45.95
1436279880000 46.0
1436280180000 46.09
1436280360000 46.16
1436280420000 46.18
1436280480000 46.1
1436280540000 46.1
1436280720000 46.15
1436281020000 46.18
1436281080000 46.33
1436281140000 46.34
1436281440000 46.36
1436281500000 46.3
1436281560000 46.34
