1436261400000 5.75
1436261580000 5.76
1436261640000 5.75
1436261700000 5.7
1436261760000 5.66
1436261820000 5.65
1436261880000 5.63
1436262000000 5.64
1436262060000 5.63
1436262180000 5.64
1436262300000 5.65
1436262480000 5.65
1436262540000 5.66
1436262600000 5.65
1436262660000 5.65
1436262720000 5.64
1436262780000 5.64
1436262960000 5.6718
1436263020000 5.65
1436263080000 5.64
1436263140000 5.63
1436263200000 5.645
1436263260000 5.61
1436263320000 5.64
1436263380000 5.65
1436263500000 5.6
1436263560000 5.62
1436263680000 5.63
1436263800000 5.61
1436263860000 5.61
1436263980000 5.6299
1436264040000 5.61
1436264100000 5.6
1436264160000 5.61
1436264220000 5.617
1436264280000 5.62
1436264340000 5.65
1436264400000 5.65
1436264460000 5.65
1436264580000 5.655
1436264640000 5.66
1436264700000 5.66
1436264760000 5.66
1436264820000 5.65
1436264940000 5.65
1436265000000 5.65
1436265060000 5.6483
1436265120000 5.64
1436265180000 5.63
1436265240000 5.64
1436265300000 5.64
1436265360000 5.635
1436265420000 5.63
1436265480000 5.61
1436265540000 5.6
1436265660000 5.6099
1436265720000 5.6
1436265780000 5.59
1436265840000 5.59
1436265900000 5.585
1436265960000 5.6
1436266020000 5.62
1436266080000 5.63
1436266140000 5.63
1436266200000 5.63
1436266260000 5.63
1436266320000 5.635
1436266380000 5.64
1436266440000 5.63
1436266500000 5.64
1436266560000 5.63
1436266680000 5.625
1436266740000 5.62
1436266860000 5.6
1436266920000 5.6
1436266980000 5.59
1436267040000 5.59
1436267100000 5.59
1436267160000 5.58
1436267220000 5.59
1436267400000 5.581
1436267460000 5.6
1436267520000 5.62
1436267580000 5.615
1436267640000 5.61
1436267700000 5.61
1436267760000 5.61
1436267820000 5.62
1436267880000 5.6101
1436268000000 5.615
1436268060000 5.605
1436268120000 5.6
1436268180000 5.605
1436268300000 5.61
1436268360000 5.605
1436268480000 5.61
1436268540000 5.61
1436268780000 5.59
1436268840000 5.58
1436268900000 5.6
1436268960000 5.58
1436269020000 5.59
1436269080000 5.59
1436269140000 5.6
1436269200000 5.59
1436269260000 5.59
1436269320000 5.6
1436269380000 5.605
1436269560000 5.6
1436269680000 5.59
1436269740000 5.59
1436269860000 5.59
1436269980000 5.59
1436270160000 5.59
1436270220000 5.605
1436270280000 5.61
1436270340000 5.64
1436270400000 5.635
1436270460000 5.655
1436270580000 5.64
1436270640000 5.65
1436270700000 5.64
1436270760000 5.64
1436270880000 5.6401
1436271000000 5.655
1436271060000 5.655
1436271120000 5.65
1436271240000 5.66
1436271300000 5.65
1436271360000 5.65
1436271480000 5.65
1436272080000 5.66
1436272260000 5.655
1436272320000 5.66
1436272380000 5.66
1436272440000 5.66
1436272500000 5.66
1436272560000 5.7
1436272740000 5.68
1436272860000 5.672
1436272920000 5.69
1436273040000 5.735
1436273160000 5.74
1436273220000 5.76
1436273340000 5.765
1436273520000 5.765
1436273580000 5.765
1436273880000 5.77
1436274000000 5.7999
1436274060000 5.79
1436274180000 5.79
1436274240000 5.79
1436274300000 5.775
1436274360000 5.76
1436274600000 5.74
1436274660000 5.74
1436274720000 5.75
1436274780000 5.75
1436274840000 5.77
1436274900000 5.77
1436274960000 5.77
1436275140000 5.77
1436275200000 5.76
1436275260000 5.765
1436275320000 5.765
1436275920000 5.7699
1436276160000 5.75
1436276520000 5.74
1436276580000 5.75
1436276640000 5.76
1436276880000 5.75
1436276940000 5.76
1436277000000 5.77
1436277060000 5.76
1436277120000 5.76
1436277300000 5.77
1436277360000 5.77
1436277480000 5.77
1436277540000 5.77
1436277600000 5.77
1436277780000 5.78
1436277900000 5.78
1436277960000 5.78
1436278020000 5.78
1436278080000 5.75
1436278200000 5.7859
1436278260000 5.7802
1436278320000 5.79
1436278500000 5.8
1436278560000 5.795
1436278740000 5.81
1436278800000 5.81
1436278860000 5.8158
1436279100000 5.818
1436279340000 5.8
1436279520000 5.8
1436279700000 5.81
1436279760000 5.83
1436279820000 5.82
1436279940000 5.83
1436280000000 5.84
1436280060000 5.8374
1436280120000 5.845
1436280180000 5.85
1436280240000 5.86
1436280360000 5.85
1436280420000 5.86
1436280600000 5.8698
1436280840000 5.86
1436280960000 5.85
1436281020000 5.86
1436281320000 5.89
1436281380000 5.9
1436281440000 5.9
1436281500000 5.9
1436281620000 5.9
