1436261400000 15.52
1436261460000 15.3
1436261580000 15.42
1436261640000 15.4
1436261700000 15.37
1436261760000 15.35
1436261820000 15.32
1436261880000 15.31
1436261940000 15.4
1436262000000 15.47
1436262060000 15.53
1436262120000 15.54
1436262180000 15.52
1436262240000 15.55
1436262300000 15.5
1436262360000 15.46
1436262480000 15.42
1436262540000 15.42
1436262600000 15.43
1436262660000 15.4
1436262720000 15.4
1436262780000 15.41
1436262840000 15.4
1436262900000 15.36
1436262960000 15.35
1436263020000 15.35
1436263080000 15.37
1436263140000 15.35
1436263200000 15.33
1436263260000 15.33
1436263320000 15.33
1436263440000 15.34
1436263500000 15.32
1436263560000 15.31
1436263620000 15.31
1436263680000 15.32
1436263740000 15.31
1436263800000 15.31
1436263920000 15.35
1436263980000 15.35
1436264040000 15.34
1436264100000 15.31
1436264160000 15.315
1436264220000 15.315
1436264280000 15.31
1436264340000 15.31
1436264400000 15.3
1436264460000 15.31
1436264520000 15.31
1436264580000 15.315
1436264640000 15.31
1436264700000 15.3
1436264760000 15.3
1436264820000 15.3
1436264940000 15.3
1436265000000 15.3
1436265060000 15.3
1436265120000 15.3
1436265180000 15.3
1436265240000 15.3
1436265300000 15.26
1436265360000 15.25
1436265420000 15.22
1436265480000 15.22
1436265540000 15.21
1436265600000 15.19
1436265660000 15.18
1436265720000 15.14
1436265780000 15.15
1436265840000 15.14
1436265900000 15.13
1436265960000 15.12
1436266020000 15.12
1436266080000 15.135
1436266140000 15.14
1436266200000 15.14
1436266260000 15.12
1436266320000 15.1
1436266380000 15.1
1436266440000 15.13
1436266500000 15.13
1436266560000 15.14
1436266620000 15.15
1436266680000 15.15
1436266740000 15.15
1436266800000 15.15
1436266860000 15.151
1436266920000 15.16
1436266980000 15.16
1436267040000 15.14
1436267100000 15.14
1436267160000 15.14
1436267220000 15.14
1436267280000 15.16
1436267340000 15.16
1436267400000 15.17
1436267520000 15.17
1436267640000 15.19
1436267700000 15.2
1436267760000 15.26
1436267820000 15.28
1436267880000 15.29
1436267940000 15.3
1436268000000 15.29
1436268060000 15.3
1436268180000 15.28
1436268240000 15.31
1436268300000 15.32
1436268360000 15.3
1436268420000 15.31
1436268480000 15.32
1436268540000 15.33
1436268600000 15.34
1436268660000 15.355
1436268720000 15.38
1436268780000 15.39
1436268840000 15.35
1436268900000 15.35
1436268960000 15.32
1436269020000 15.32
1436269080000 15.31
1436269140000 15.32
1436269200000 15.34
1436269260000 15.36
1436269320000 15.38
1436269380000 15.41
1436269440000 15.46
1436269500000 15.45
1436269560000 15.44
1436269620000 15.45
1436269680000 15.47
1436269740000 15.5
1436269800000 15.49
1436269860000 15.49
1436269920000 15.48
1436269980000 15.47
1436270100000 15.47
1436270160000 15.47
1436270220000 15.54
1436270280000 15.56
1436270340000 15.53
1436270400000 15.5
1436270460000 15.49
1436270520000 15.49
1436270580000 15.485
1436270640000 15.48
1436270700000 15.52
1436270760000 15.53
1436270820000 15.56
1436270880000 15.55
1436270940000 15.56
1436271000000 15.56
1436271060000 15.55
1436271120000 15.53
1436271180000 15.54
1436271240000 15.52
1436271300000 15.52
1436271360000 15.54
1436271420000 15.51
1436271480000 15.49
1436271540000 15.49
1436271600000 15.49
1436271660000 15.485
1436271720000 15.54
1436271780000 15.55
1436271840000 15.56
1436271900000 15.57
1436271960000 15.57
1436272020000 15.58
1436272080000 15.59
1436272140000 15.58
1436272200000 15.58
1436272260000 15.58
1436272320000 15.58
1436272380000 15.58
1436272440000 15.57
1436272500000 15.57
1436272560000 15.57
1436272620000 15.57
1436272680000 15.59
1436272740000 15.61
1436272800000 15.6699
1436272860000 15.7
1436272920000 15.715
1436272980000 15.73
1436273040000 15.74
1436273100000 15.74
1436273160000 15.7601
1436273220000 15.76
1436273280000 15.78
1436273340000 15.78
1436273400000 15.79
1436273460000 15.79
1436273520000 15.81
1436273580000 15.78
1436273640000 15.78
1436273760000 15.78
1436273820000 15.79
1436273880000 15.79
1436273940000 15.78
1436274000000 15.78
1436274060000 15.78
1436274120000 15.78
1436274180000 15.76
1436274240000 15.76
1436274300000 15.66
1436274360000 15.71
1436274420000 15.66
1436274480000 15.68
1436274540000 15.7
1436274600000 15.7
1436274660000 15.72
1436274720000 15.75
1436274780000 15.76
1436274840000 15.72
1436274900000 15.76
1436274960000 15.74
1436275020000 15.739
1436275140000 15.73
1436275200000 15.73
1436275260000 15.72
1436275320000 15.71
1436275380000 15.7
1436275440000 15.71
1436275560000 15.7
1436275620000 15.71
1436275680000 15.72
1436275740000 15.73
1436275800000 15.715
1436275860000 15.7
1436275920000 15.68
1436275980000 15.685
1436276040000 15.67
1436276100000 15.67
1436276160000 15.66
1436276220000 15.65
1436276280000 15.64
1436276340000 15.64
1436276520000 15.65
1436276580000 15.66
1436276640000 15.65
1436276700000 15.7
1436276760000 15.68
1436276820000 15.68
1436276940000 15.68
1436277000000 15.68
1436277060000 15.68
1436277120000 15.66
1436277240000 15.66
1436277300000 15.65
1436277360000 15.635
1436277420000 15.62
1436277540000 15.63
1436277600000 15.65
1436277660000 15.65
1436277720000 15.64
1436277780000 15.63
1436277840000 15.63
1436277900000 15.65
1436278020000 15.635
1436278080000 15.64
1436278140000 15.65
1436278260000 15.67
1436278320000 15.67
1436278380000 15.6602
1436278440000 15.6602
1436278500000 15.65
1436278560000 15.65
1436278620000 15.65
1436278680000 15.65
1436278740000 15.63
1436278860000 15.62
1436279040000 15.62
1436279100000 15.62
1436279160000 15.62
1436279220000 15.63
1436279280000 15.63
1436279340000 15.62
1436279400000 15.6001
1436279460000 15.61
1436279520000 15.61
1436279580000 15.65
1436279640000 15.65
1436279760000 15.67
1436279880000 15.67
1436280000000 15.68
1436280060000 15.71
1436280120000 15.72
1436280180000 15.72
1436280240000 15.72
1436280300000 15.72
1436280360000 15.72
1436280420000 15.735
1436280480000 15.74
1436280540000 15.72
1436280600000 15.71
1436280660000 15.71
1436280720000 15.72
1436280780000 15.74
1436280900000 15.77
1436280960000 15.78
1436281020000 15.79
1436281080000 15.8
1436281140000 15.795
1436281200000 15.8
1436281260000 15.8
1436281320000 15.79
1436281380000 15.79
1436281440000 15.79
1436281500000 15.8
1436281560000 15.79
1436281620000 15.79
