1436261400000 25.81
1436261760000 25.57
1436261940000 25.5
1436262000000 25.4825
1436262060000 25.49
1436262120000 25.4432
1436262180000 25.405
1436262420000 25.46
1436262480000 25.45
1436262540000 25.42
1436262600000 25.41
1436262660000 25.36
1436262720000 25.32
1436262840000 25.31
1436262900000 25.28
1436263020000 25.25
1436263320000 25.23
1436263440000 25.24
1436263560000 25.22
1436263620000 25.085
1436263740000 25.15
1436263860000 25.2
1436264040000 25.21
1436264100000 25.12
1436264160000 25.12
1436264220000 25.13
1436264340000 25.2
1436264460000 25.2
1436264520000 25.25
1436264580000 25.23
1436264820000 25.1675
1436264880000 25.11
1436265000000 25.07
1436265180000 25.1
1436265360000 25.09
1436265420000 25.0625
1436265480000 25.08
1436265540000 25.07
1436265600000 25.05
1436265660000 25.07
1436265720000 25.05
1436265780000 25.08
1436265840000 25.09
1436265900000 25.105
1436265960000 25.11
1436266020000 25.22
1436266080000 25.27
1436266140000 25.24
1436266200000 25.23
1436266320000 25.24
1436266380000 25.28
1436266440000 25.3
1436266560000 25.34
1436266620000 25.33
1436266740000 25.32
1436266800000 25.27
1436266920000 25.21
1436267100000 25.24
1436267280000 25.23
1436267340000 25.26
1436267400000 25.25
1436267460000 25.27
1436267760000 25.275
1436267820000 25.32
1436267880000 25.32
1436267940000 25.3
1436268000000 25.27
1436268060000 25.25
1436268180000 25.245
1436268240000 25.23
1436268300000 25.24
1436268360000 25.23
1436268420000 25.29
1436268480000 25.32
1436268540000 25.33
1436268780000 25.27
1436268840000 25.27
1436268960000 25.17
1436269020000 25.219
1436269140000 25.32
1436269200000 25.37
1436269260000 25.38
1436269320000 25.42
1436269380000 25.43
1436269440000 25.43
1436269500000 25.51
1436269560000 25.46
1436269680000 25.49
1436269740000 25.48
1436269860000 25.44
1436269920000 25.41
1436269980000 25.38
1436270100000 25.45
1436270160000 25.48
1436270220000 25.52
1436270280000 25.52
1436270400000 25.5
1436270520000 25.45
1436270580000 25.47
1436270640000 25.46
1436270760000 25.35
1436270820000 25.34
1436270940000 25.35
1436271000000 25.41
1436271060000 25.43
1436271180000 25.47
1436271240000 25.41
1436271300000 25.4
1436271360000 25.45
1436271600000 25.42
1436271660000 25.45
1436271720000 25.48
1436271840000 25.45
1436271900000 25.4
1436271960000 25.45
1436272020000 25.465
1436272080000 25.47
1436272260000 25.41
1436272320000 25.45
1436272380000 25.485
1436272500000 25.5
1436272560000 25.5
1436272680000 25.515
1436272740000 25.55
1436272800000 25.535
1436272920000 25.53
1436272980000 25.54
1436273040000 25.5
1436273100000 25.51
1436273160000 25.53
1436273340000 25.52
1436273460000 25.53
1436273640000 25.5
1436273700000 25.525
1436273820000 25.5
1436273880000 25.52
1436274000000 25.51
1436274060000 25.51
1436274120000 25.52
1436274180000 25.51
1436274240000 25.51
1436274300000 25.5
1436274420000 25.44
1436274480000 25.4
1436274660000 25.45
1436274720000 25.47
1436274780000 25.485
1436274840000 25.49
1436274960000 25.44
1436275020000 25.39
1436275080000 25.44
1436275140000 25.45
1436275200000 25.46
1436275260000 25.395
1436275320000 25.44
1436275380000 25.45
1436275620000 25.45
1436275800000 25.45
1436275860000 25.43
1436275920000 25.42
1436275980000 25.36
1436276040000 25.4
1436276160000 25.38
1436276280000 25.38
1436276460000 25.37
1436276640000 25.39
1436276760000 25.43
1436276880000 25.4
1436276940000 25.44
1436277000000 25.45
1436277060000 25.44
1436277240000 25.38
1436277300000 25.37
1436277360000 25.37
1436277480000 25.36
1436277660000 25.43
1436277720000 25.45
1436277840000 25.48
1436277960000 25.475
1436278020000 25.48
1436278080000 25.48
1436278200000 25.48
1436278260000 25.49
1436278320000 25.48
1436278380000 25.505
1436278440000 25.51
1436278500000 25.495
1436278560000 25.5
1436278620000 25.51
1436278680000 25.515
1436278740000 25.5
1436278800000 25.5
1436278860000 25.51
1436278920000 25.515
1436278980000 25.55
1436279040000 25.53
1436279100000 25.56
1436279160000 25.58
1436279220000 25.62
1436279280000 25.63
1436279400000 25.6
1436279460000 25.62
1436279580000 25.6
1436279640000 25.58
1436279700000 25.6
1436279760000 25.62
1436279820000 25.61
1436279880000 25.6
1436280000000 25.65
1436280060000 25.6525
1436280120000 25.65
1436280180000 25.7
1436280240000 25.8
1436280300000 25.855
1436280360000 25.8
1436280420000 25.82
1436280720000 25.82
1436280780000 25.87
1436280900000 25.9
1436280960000 25.9
1436281020000 25.94
1436281080000 25.95
1436281140000 25.99
1436281200000 26.02
1436281260000 26.04
1436281320000 26.005
1436281380000 26.03
1436281440000 26.035
1436281500000 26.07
1436281560000 26.08
1436281620000 26.165
