1436261400000 34.92
1436262420000 34.52
1436262600000 34.43
1436262720000 34.59
1436262840000 34.41
1436263080000 34.63
1436263500000 34.51
1436263560000 34.44
1436264160000 34.31
1436264280000 34.33
1436264340000 34.36
1436264700000 34.33
1436264820000 34.3701
1436265120000 34.38
1436265240000 34.39
1436265360000 34.38
1436265660000 34.32
1436265780000 34.16
1436266080000 34.31
1436266260000 34.38
1436266800000 34.23
1436266860000 34.34
1436267160000 34.34
1436267220000 34.25
1436267460000 34.32
1436267760000 34.39
1436267820000 34.4
1436267880000 34.44
1436268360000 34.44
1436268540000 34.42
1436268600000 34.39
1436268780000 34.38
1436268840000 34.27
1436269080000 34.16
1436269200000 34.32
1436269320000 34.21
1436269380000 34.22
1436269800000 34.35
1436270160000 34.38
1436270400000 34.35
1436270460000 34.34
1436270520000 34.34
1436271000000 34.37
1436271120000 34.26
1436271600000 34.38
1436271840000 34.36
1436272020000 34.27
1436272200000 34.37
1436272680000 34.49
1436272800000 34.58
1436272920000 34.53
1436273400000 34.73
1436273640000 34.74
1436274000000 34.89
1436274060000 34.93
1436274120000 34.95
1436274180000 34.86
1436274240000 34.94
1436274360000 34.85
1436274840000 34.9
1436274960000 34.94
1436275560000 34.87
1436275800000 34.89
1436275860000 34.865
1436275920000 34.88
1436275980000 34.85
1436276040000 34.85
1436276160000 34.885
1436276460000 34.88
1436276640000 34.9
1436276700000 34.91
1436276940000 34.87
1436277060000 34.955
1436277120000 35.0
1436277180000 34.99
1436277240000 34.99
1436277300000 34.99
1436277360000 34.99
1436277720000 35.015
1436278020000 35.02
1436278200000 34.95
1436278320000 34.89
1436278380000 34.925
1436278500000 34.9
1436278560000 34.88
1436278620000 34.88
1436278740000 34.89
1436278800000 34.73
1436278920000 34.61
1436279100000 34.58
1436279520000 34.54
1436279820000 34.51
1436280180000 34.71
1436280900000 34.76
1436281080000 34.82
1436281260000 34.946
1436281380000 34.95
1436281440000 34.98
1436281560000 35.016
