1436261400000 25.1
1436261460000 25.21
1436261520000 25.28
1436261580000 25.22
1436261640000 25.26
1436261700000 25.23
1436261760000 25.14
1436261820000 25.12
1436261880000 25.1274
1436261940000 25.19
1436262000000 25.25
1436262060000 25.32
1436262120000 25.305
1436262180000 25.368
1436262240000 25.335
1436262300000 25.42
1436262360000 25.44
1436262420000 25.442
1436262480000 25.45
1436262540000 25.45
1436262600000 25.46
1436262660000 25.4
1436262720000 25.37
1436262780000 25.45
1436262840000 25.46
1436262900000 25.49
1436262960000 25.48
1436263020000 25.55
1436263080000 25.5
1436263140000 25.46
1436263200000 25.57
1436263260000 25.595
1436263320000 25.55
1436263380000 25.58
1436263440000 25.54
1436263500000 25.5
1436263560000 25.45
1436263620000 25.41
1436263680000 25.33
1436263740000 25.29
1436263800000 25.3
1436263860000 25.34
1436263920000 25.355
1436263980000 25.33
1436264040000 25.34
1436264100000 25.22
1436264160000 25.15
1436264220000 25.16
1436264280000 25.21
1436264340000 25.21
1436264400000 25.2
1436264460000 25.217
1436264520000 25.25
1436264580000 25.32
1436264700000 25.31
1436264760000 25.34
1436264820000 25.32
1436264880000 25.25
1436264940000 25.3
1436265000000 25.3097
1436265060000 25.29
1436265120000 25.31
1436265180000 25.33
1436265240000 25.35
1436265300000 25.35
1436265360000 25.31
1436265420000 25.36
1436265480000 25.31
1436265540000 25.34
1436265600000 25.34
1436265660000 25.31
1436265720000 25.28
1436265780000 25.3
1436265840000 25.31
1436265900000 25.3375
1436265960000 25.34
1436266020000 25.38
1436266080000 25.4
1436266140000 25.39
1436266200000 25.38
1436266260000 25.3701
1436266320000 25.39
1436266380000 25.39
1436266440000 25.36
1436266500000 25.36
1436266560000 25.28
1436266620000 25.29
1436266680000 25.2842
1436266740000 25.3
1436266800000 25.285
1436266860000 25.28
1436266920000 25.24
1436266980000 25.21
1436267040000 25.12
1436267100000 25.13
1436267160000 25.13
1436267220000 25.12
1436267280000 25.12
1436267340000 25.14
1436267400000 25.15
1436267460000 25.17
1436267520000 25.22
1436267580000 25.2
1436267640000 25.19
1436267760000 25.3052
1436267820000 25.26
1436267880000 25.29
1436267940000 25.25
1436268000000 25.24
1436268060000 25.25
1436268120000 25.2102
1436268180000 25.32
1436268240000 25.33
1436268300000 25.32
1436268360000 25.32
1436268420000 25.26
1436268480000 25.26
1436268540000 25.25
1436268600000 25.24
1436268780000 25.21
1436268840000 25.17
1436268960000 25.14
1436269020000 25.1501
1436269080000 25.17
1436269140000 25.21
1436269200000 25.25
1436269260000 25.27
1436269320000 25.335
1436269440000 25.36
1436269500000 25.375
1436269620000 25.34
1436269680000 25.34
1436269800000 25.35
1436269860000 25.365
1436269920000 25.365
1436269980000 25.39
1436270040000 25.39
1436270100000 25.43
1436270160000 25.45
1436270220000 25.55
1436270280000 25.58
1436270340000 25.58
1436270400000 25.61
1436270460000 25.605
1436270520000 25.61
1436270580000 25.59
1436270640000 25.54
1436270700000 25.51
1436270760000 25.45
1436270820000 25.45
1436270880000 25.37
1436270940000 25.44
1436271000000 25.43
1436271060000 25.405
1436271120000 25.385
1436271180000 25.39
1436271240000 25.39
1436271300000 25.41
1436271360000 25.4399
1436271420000 25.42
1436271480000 25.41
1436271540000 25.41
1436271600000 25.42
1436271660000 25.43
1436271720000 25.45
1436271780000 25.45
1436271840000 25.445
1436271900000 25.435
1436271960000 25.43
1436272020000 25.42
1436272080000 25.41
1436272140000 25.4
1436272200000 25.32
1436272260000 25.32
1436272320000 25.35
1436272440000 25.33
1436272500000 25.36
1436272560000 25.35
1436272680000 25.35
1436272740000 25.33
1436272800000 25.3499
1436272860000 25.34
1436272920000 25.255
1436272980000 25.26
1436273040000 25.2568
1436273100000 25.27
1436273160000 25.2748
1436273220000 25.31
1436273280000 25.33
1436273340000 25.37
1436273400000 25.37
1436273460000 25.37
1436273520000 25.38
1436273580000 25.38
1436273640000 25.38
1436273700000 25.4
1436273760000 25.34
1436273820000 25.33
1436273880000 25.37
1436273940000 25.35
1436274000000 25.33
1436274060000 25.35
1436274120000 25.37
1436274180000 25.33
1436274360000 25.29
1436274420000 25.24
1436274540000 25.21
1436274600000 25.246
1436274660000 25.24
1436274720000 25.29
1436274780000 25.34
1436274840000 25.34
1436274900000 25.35
1436274960000 25.28
1436275020000 25.19
1436275080000 25.2
1436275140000 25.205
1436275200000 25.18
1436275260000 25.12
1436275320000 25.11
1436275380000 25.11
1436275440000 25.13
1436275500000 25.05
1436275560000 25.05
1436275620000 25.04
1436275680000 25.04
1436275740000 25.0
1436275800000 25.02
1436275860000 25.01
1436275920000 24.92
1436275980000 24.95
1436276040000 24.93
1436276100000 24.96
1436276160000 24.86
1436276220000 24.87
1436276280000 24.89
1436276340000 24.88
1436276400000 24.85
1436276460000 24.84
1436276520000 24.82
1436276580000 24.84
1436276640000 24.84
1436276700000 24.835
1436276760000 24.9
1436276880000 24.86
1436276940000 24.85
1436277000000 24.87
1436277060000 24.88
1436277120000 24.87
1436277180000 24.84
1436277240000 24.855
1436277300000 24.85
1436277360000 24.85
1436277420000 24.86
1436277480000 24.83
1436277540000 24.81
1436277600000 24.81
1436277660000 24.8
1436277720000 24.78
1436277780000 24.74
1436277840000 24.73
1436277900000 24.69
1436277960000 24.6925
1436278020000 24.68
1436278080000 24.68
1436278140000 24.685
1436278200000 24.7
1436278260000 24.7214
1436278320000 24.67
1436278380000 24.67
1436278440000 24.671
1436278500000 24.64
1436278560000 24.65
1436278620000 24.64
1436278680000 24.67
1436278740000 24.69
1436278800000 24.76
1436278860000 24.75
1436278920000 24.75
1436278980000 24.74
1436279040000 24.71
1436279100000 24.72
1436279160000 24.73
1436279220000 24.81
1436279280000 24.82
1436279340000 24.84
1436279400000 24.87
1436279460000 24.858
1436279520000 24.86
1436279580000 24.97
1436279640000 24.95
1436279700000 24.93
1436279760000 24.91
1436279820000 24.92
1436279880000 24.93
1436279940000 24.94
1436280000000 24.96
1436280060000 24.98
1436280120000 25.06
1436280180000 25.05
1436280240000 25.1
1436280300000 25.12
1436280360000 25.14
1436280420000 25.14
1436280480000 25.241
1436280540000 25.18
1436280600000 25.26
1436280660000 25.35
1436280720000 25.35
1436280780000 25.4
1436280840000 25.39
1436280900000 25.39
1436280960000 25.39
1436281020000 25.39
1436281080000 25.37
1436281140000 25.4
1436281200000 25.38
1436281260000 25.4
1436281320000 25.39
1436281380000 25.37
1436281440000 25.34
1436281500000 25.36
1436281560000 25.36
1436281620000 25.39
