1436261400000 42.28
1436261520000 42.16
1436261640000 42.17
1436261700000 41.87
1436261760000 41.92
1436261880000 42.06
1436261940000 42.06
1436262000000 42.175
1436262060000 42.17
1436262120000 42.155
1436262180000 42.09
1436262300000 42.07
1436262360000 42.05
1436262420000 42.025
1436262480000 41.9801
1436262540000 41.98
1436262600000 41.95
1436262660000 41.91
1436262780000 41.91
1436262900000 41.8701
1436262960000 41.87
1436263020000 41.82
1436263080000 41.8
1436263140000 41.76
1436263200000 41.76
1436263260000 41.795
1436263320000 41.8
1436263380000 41.89
1436263440000 41.865
1436263500000 41.86
1436263560000 41.83
1436263620000 41.84
1436263680000 41.82
1436263740000 41.83
1436263800000 41.86
1436263860000 41.885
1436263920000 41.8801
1436263980000 41.84
1436264040000 41.83
1436264100000 41.72
1436264160000 41.8
1436264220000 41.8598
1436264280000 41.85
1436264340000 41.85
1436264400000 41.835
1436264460000 41.835
1436264520000 41.83
1436264640000 41.8
1436264700000 41.8
1436264760000 41.79
1436264820000 41.78
1436264880000 41.74
1436264940000 41.74
1436265000000 41.73
1436265060000 41.69
1436265120000 41.64
1436265240000 41.66
1436265300000 41.68
1436265360000 41.68
1436265420000 41.64
1436265480000 41.61
1436265540000 41.62
1436265600000 41.56
1436265660000 41.53
1436265720000 41.47
1436265780000 41.45
1436265840000 41.4504
1436265960000 41.455
1436266020000 41.47
1436266080000 41.5
1436266140000 41.51
1436266200000 41.51
1436266260000 41.43
1436266320000 41.49
1436266380000 41.54
1436266440000 41.54
1436266500000 41.57
1436266560000 41.46
1436266620000 41.55
1436266740000 41.56
1436266800000 41.57
1436266860000 41.48
1436266920000 41.48
1436267040000 41.46
1436267100000 41.48
1436267160000 41.5
1436267220000 41.5
1436267280000 41.54
1436267340000 41.56
1436267400000 41.545
1436267460000 41.555
1436267520000 41.57
1436267580000 41.56
1436267640000 41.52
1436267700000 41.5
1436267760000 41.525
1436267880000 41.55
1436268000000 41.5276
1436268060000 41.46
1436268120000 41.48
1436268180000 41.5
1436268360000 41.56
1436268480000 41.5625
1436268540000 41.54
1436268600000 41.5
1436268660000 41.58
1436268720000 41.59
1436268780000 41.57
1436268840000 41.52
1436268960000 41.48
1436269020000 41.5
1436269080000 41.525
1436269140000 41.56
1436269200000 41.57
1436269380000 41.64
1436269440000 41.67
1436269740000 41.73
1436269800000 41.73
1436269860000 41.74
1436269980000 41.71
1436270040000 41.69
1436270100000 41.69
1436270160000 41.74
1436270220000 41.76
1436270400000 41.81
1436270520000 41.75
1436270580000 41.74
1436270640000 41.76
1436270700000 41.84
1436270760000 41.8153
1436270880000 41.82
1436271000000 41.82
1436271120000 41.8
1436271180000 41.8
1436271240000 41.82
1436271300000 41.84
1436271360000 41.82
1436271600000 41.83
1436271660000 41.82
1436271720000 41.82
1436271780000 41.83
1436271840000 41.85
1436271900000 41.84
1436271960000 41.83
1436272140000 41.82
1436272200000 41.81
1436272260000 41.85
1436272320000 41.85
1436272380000 41.85
1436272440000 41.8675
1436272500000 41.87
1436272740000 41.85
1436272800000 41.8501
1436272920000 41.85
1436273040000 41.85
1436273160000 41.85
1436273220000 41.88
1436273280000 41.87
1436273340000 41.88
1436273520000 41.9125
1436273580000 41.89
1436273640000 41.91
1436273700000 41.94
1436273760000 41.92
1436273820000 41.95
1436273880000 41.98
1436273940000 41.9601
1436274000000 41.99
1436274060000 42.0
1436274120000 41.96
1436274180000 41.9401
1436274240000 41.955
1436274360000 41.97
1436274420000 41.89
1436274480000 41.88
1436274540000 41.89
1436274600000 41.87
1436274660000 41.85
1436274720000 41.87
1436274780000 41.86
1436274840000 41.85
1436274900000 41.91
1436274960000 41.86
1436275080000 41.855
1436275140000 41.855
1436275200000 41.915
1436275260000 41.9
1436275320000 41.915
1436275380000 41.95
1436275440000 41.97
1436275500000 41.98
1436275560000 41.95
1436275620000 41.99
1436275680000 41.995
1436275740000 42.05
1436275860000 42.11
1436275920000 42.09
1436275980000 42.09
1436276040000 42.03
1436276160000 42.05
1436276280000 42.08
1436276400000 42.09
1436276460000 42.02
1436276520000 42.03
1436276580000 42.07
1436276640000 42.06
1436276880000 42.085
1436276940000 42.1
1436277000000 42.125
1436277060000 42.08
1436277120000 42.07
1436277180000 42.09
1436277240000 42.105
1436277300000 42.105
1436277360000 42.11
1436277420000 42.14
1436277480000 42.12
1436277720000 42.115
1436277780000 42.081
1436277840000 42.11
1436277900000 42.09
1436277960000 42.09
1436278020000 42.092
1436278140000 42.11
1436278200000 42.115
1436278260000 42.1
1436278320000 42.115
1436278380000 42.11
1436278440000 42.085
1436278500000 42.07
1436278560000 42.08
1436278680000 42.08
1436278740000 42.04
1436278860000 42.03
1436278920000 42.01
1436278980000 42.0
1436279100000 42.0
1436279160000 42.02
1436279220000 42.0
1436279280000 42.01
1436279340000 42.0
1436279520000 42.02
1436279580000 42.0
1436279700000 41.975
1436279820000 41.9884
1436279880000 42.0
1436279940000 42.0
1436280000000 41.99
1436280060000 42.0
1436280120000 42.04
1436280180000 42.01
1436280240000 42.01
1436280300000 42.04
1436280360000 42.05
1436280420000 42.05
1436280480000 42.02
1436280540000 42.04
1436280600000 42.09
1436280660000 42.05
1436280720000 42.09
1436280780000 42.12
1436280840000 42.18
1436280900000 42.16
1436280960000 42.17
1436281020000 42.18
1436281080000 42.23
1436281140000 42.25
1436281200000 42.26
1436281320000 42.275
1436281380000 42.25
1436281440000 42.25
1436281500000 42.3
1436281560000 42.29
1436281620000 42.31
