1436261400000 6.83
1436261460000 6.78
1436261580000 6.79
1436261640000 6.78
1436261700000 6.78
1436261760000 6.78
1436261820000 6.76
1436261880000 6.75
1436261940000 6.77
1436262000000 6.75
1436262060000 6.75
1436262180000 6.75
1436262240000 6.75
1436262300000 6.75
1436262420000 6.735
1436262480000 6.74
1436262540000 6.75
1436262600000 6.75
1436262660000 6.76
1436262780000 6.75
1436262900000 6.745
1436262960000 6.75
1436263080000 6.75
1436263260000 6.75
1436263320000 6.75
1436263380000 6.76
1436263440000 6.75
1436263500000 6.75
1436263560000 6.75
1436263620000 6.745
1436263680000 6.75
1436263740000 6.75
1436263800000 6.75
1436263920000 6.75
1436264040000 6.7528
1436264100000 6.75
1436264160000 6.75
1436264220000 6.75
1436264280000 6.75
1436264340000 6.76
1436264460000 6.75
1436264580000 6.75
1436264700000 6.75
1436264760000 6.73
1436264820000 6.72
1436264880000 6.73
1436265000000 6.73
1436265060000 6.71
1436265120000 6.7
1436265180000 6.71
1436265240000 6.713
1436265300000 6.72
1436265360000 6.71
1436265420000 6.71
1436265480000 6.7
1436265600000 6.71
1436265660000 6.69
1436265720000 6.69
1436265780000 6.69
1436265840000 6.69
1436265900000 6.7
1436265960000 6.7
1436266020000 6.705
1436266080000 6.705
1436266200000 6.72
1436266260000 6.72
1436266320000 6.72
1436266380000 6.745
1436266440000 6.745
1436266500000 6.75
1436266560000 6.74
1436266620000 6.74
1436266800000 6.73
1436266860000 6.72
1436266980000 6.72
1436267040000 6.72
1436267100000 6.73
1436267220000 6.72
1436267280000 6.72
1436267460000 6.71
1436267520000 6.71
1436267580000 6.72
1436267700000 6.715
1436267760000 6.71
1436267820000 6.71
1436267880000 6.7
1436267940000 6.7
1436268120000 6.7
1436268240000 6.7
1436268300000 6.7
1436268420000 6.705
1436268480000 6.7
1436268540000 6.7
1436268600000 6.7
1436268660000 6.7
1436268780000 6.69
1436268840000 6.69
1436268900000 6.69
1436268960000 6.695
1436269140000 6.7
1436269200000 6.71
1436269260000 6.71
1436269440000 6.73
1436269560000 6.735
1436269680000 6.73
1436269740000 6.72
1436269800000 6.72
1436269860000 6.72
1436269920000 6.72
1436270160000 6.72
1436270220000 6.73
1436270460000 6.73
1436270580000 6.73
1436270640000 6.72
1436270820000 6.73
1436270880000 6.72
1436270940000 6.715
1436271060000 6.72
1436271120000 6.71
1436271180000 6.71
1436271240000 6.715
1436271360000 6.715
1436271420000 6.71
1436271480000 6.71
1436271540000 6.71
1436271720000 6.71
1436271960000 6.71
1436272200000 6.72
1436272260000 6.72
1436272320000 6.72
1436272440000 6.72
1436272500000 6.72
1436272560000 6.725
1436272620000 6.72
1436272680000 6.73
1436272740000 6.725
1436272860000 6.74
1436273100000 6.74
1436273160000 6.76
1436273400000 6.75
1436273460000 6.75
1436273520000 6.74
1436273640000 6.74
1436273700000 6.75
1436273760000 6.75
1436273820000 6.76
1436273880000 6.76
1436273940000 6.755
1436274000000 6.755
1436274180000 6.75
1436274240000 6.75
1436274300000 6.74
1436274360000 6.735
1436274420000 6.725
1436274480000 6.72
1436274540000 6.72
1436274600000 6.73
1436274660000 6.73
1436274720000 6.75
1436274780000 6.76
1436274840000 6.76
1436274900000 6.76
1436274960000 6.75
1436275200000 6.74
1436275260000 6.74
1436275320000 6.74
1436275380000 6.74
1436275500000 6.75
1436275560000 6.75
1436275620000 6.75
1436275680000 6.75
1436275800000 6.74
1436275860000 6.75
1436275920000 6.74
1436275980000 6.74
1436276280000 6.74
1436276340000 6.74
1436276640000 6.75
1436276700000 6.76
1436276820000 6.76
1436276880000 6.75
1436276940000 6.75
1436277000000 6.75
1436277060000 6.76
1436277120000 6.75
1436277180000 6.75
1436277300000 6.74
1436277480000 6.74
1436277540000 6.74
1436277600000 6.74
1436277660000 6.74
1436277780000 6.745
1436277900000 6.74
1436278080000 6.735
1436278200000 6.74
1436278320000 6.74
1436278380000 6.75
1436278560000 6.74
1436278620000 6.74
1436278740000 6.74
1436278800000 6.745
1436278860000 6.74
1436279100000 6.74
1436279160000 6.75
1436279520000 6.74
1436279580000 6.75
1436279640000 6.75
1436279700000 6.75
1436279760000 6.74
1436279820000 6.75
1436279880000 6.75
1436280060000 6.75
1436280180000 6.76
1436280240000 6.77
1436280300000 6.77
1436280360000 6.77
1436280420000 6.77
1436280540000 6.77
1436280780000 6.77
1436280900000 6.76
1436280960000 6.77
1436281020000 6.76
1436281080000 6.76
1436281140000 6.78
1436281200000 6.79
1436281320000 6.795
1436281380000 6.79
1436281440000 6.7849
1436281560000 6.78
