1436261400000 9.12
1436261460000 9.09
1436261520000 9.08
1436261640000 9.0876
1436261700000 9.08
1436261760000 9.08
1436262000000 9.03
1436262060000 9.09
1436262120000 9.07
1436263020000 9.09
1436263080000 9.08
1436263140000 9.08
1436263200000 9.08
1436263260000 9.08
1436263320000 9.09
1436263380000 9.09
1436263680000 9.1
1436263740000 9.1
1436263800000 9.11
1436263920000 9.1101
1436263980000 9.13
1436264100000 9.16
1436264220000 9.115
1436264340000 9.1101
1436264580000 9.17
1436264820000 9.15
1436265120000 9.12
1436265180000 9.1
1436265300000 9.08
1436265360000 9.08
1436265420000 9.08
1436265480000 9.08
1436265540000 9.08
1436265660000 9.08
1436266080000 9.1
1436266200000 9.1
1436266260000 9.1
1436266620000 9.1
1436267940000 9.13
1436268360000 9.11
1436268660000 9.11
1436268840000 9.145
1436269140000 9.08
1436269320000 9.08
1436269620000 9.08
1436269800000 9.09
1436270040000 9.09
1436270100000 9.09
1436270160000 9.1
1436270220000 9.18
1436270280000 9.2
1436270400000 9.08
1436271060000 9.18
1436271420000 9.1245
1436271600000 9.15
1436271720000 9.15
1436271780000 9.16
1436271960000 9.19
1436272140000 9.21
1436272200000 9.24
1436272260000 9.23
1436272920000 9.26
1436273280000 9.26
1436273820000 9.26
1436273880000 9.29
1436274360000 9.26
1436275920000 9.25
1436276640000 9.27
1436277300000 9.28
1436278200000 9.26
1436278740000 9.27
1436278920000 9.25
1436279820000 9.26
1436279880000 9.26
1436280060000 9.26
1436280180000 9.29
1436280420000 9.315
1436280840000 9.35
1436281080000 9.3
1436281140000 9.32
1436281200000 9.34
1436281260000 9.36
1436281320000 9.35
1436281380000 9.36
1436281440000 9.33
1436281500000 9.3699
1436281560000 9.3639
