1436261400000 244.54
1436261460000 243.95
1436261520000 244.37
1436261640000 244.27
1436261700000 243.96
1436261760000 243.92
1436261820000 243.87
1436261880000 244.04
1436261940000 244.05
1436262000000 243.95
1436262060000 243.81
1436262120000 244.0
1436262180000 243.96
1436262300000 244.02
1436262420000 244.05
1436262480000 244.12
1436262600000 244.1
1436262660000 243.84
1436262720000 244.13
1436262900000 244.01
1436263020000 243.74
1436263080000 243.54
1436263140000 243.37
1436263200000 243.7
1436263320000 243.71
1436263440000 243.74
1436263500000 243.58
1436263620000 243.52
1436263680000 243.06
1436263740000 243.26
1436263800000 243.35
1436263920000 243.415
1436263980000 243.33
1436264040000 242.88
1436264100000 242.71
1436264220000 242.41
1436264280000 242.21
1436264340000 242.21
1436264400000 242.02
1436264460000 241.91
1436264580000 241.89
1436264700000 242.325
1436264760000 241.72
1436264820000 241.68
1436264940000 241.67
1436265000000 241.5
1436265060000 241.44
1436265120000 241.25
1436265180000 241.34
1436265240000 241.15
1436265300000 241.2
1436265360000 241.0
1436265420000 240.9
1436265540000 240.57
1436265600000 240.44
1436265780000 240.12
1436265840000 240.32
1436265900000 240.3149
1436265960000 240.27
1436266020000 240.61
1436266080000 240.656
1436266140000 240.87
1436266200000 240.78
1436266260000 240.67
1436266320000 240.72
1436266380000 241.13
1436266500000 241.1
1436266620000 241.22
1436266800000 240.8
1436266920000 240.68
1436266980000 240.72
1436267100000 240.48
1436267160000 240.51
1436267220000 240.492
1436267340000 240.62
1436267460000 240.94
1436267520000 240.95
1436267580000 241.32
1436267640000 240.9401
1436267700000 240.87
1436267880000 241.04
1436267940000 241.11
1436268000000 240.77
1436268060000 240.78
1436268120000 240.77
1436268180000 240.81
1436268240000 240.74
1436268360000 240.41
1436268420000 240.42
1436268540000 240.55
1436268600000 240.5
1436268660000 240.53
1436268720000 240.47
1436268780000 240.58
1436268840000 240.51
1436269080000 240.46
1436269320000 240.99
1436269440000 241.27
1436269500000 241.139
1436269560000 241.56
1436269620000 241.5156
1436269680000 241.09
1436269980000 241.06
1436270160000 241.43
1436270220000 241.34
1436270460000 241.5
1436270520000 241.55
1436270820000 241.84
1436270880000 241.6996
1436271060000 241.3
1436271360000 241.38
1436271420000 241.5
1436272020000 241.67
1436272320000 241.43
1436272380000 241.69
1436272440000 241.63
1436272560000 241.84
1436272620000 241.81
1436272740000 242.055
1436272860000 242.05
1436272920000 242.01
1436273040000 242.04
1436273100000 242.03
1436273160000 242.05
1436273220000 242.15
1436273280000 242.22
1436273340000 242.09
1436273460000 242.17
1436273520000 242.09
1436273580000 242.004
1436273700000 241.87
1436273820000 241.875
1436273880000 242.23
1436274060000 242.32
1436274120000 242.25
1436274180000 242.13
1436274240000 242.03
1436274480000 241.86
1436274540000 241.88
1436274660000 242.31
1436274720000 242.46
1436274780000 242.6
1436274840000 242.67
1436274900000 242.66
1436274960000 242.66
1436275020000 242.32
1436275200000 242.52
1436275320000 242.51
1436275620000 242.55
1436275680000 242.57
1436275800000 242.694
1436276100000 242.57
1436276220000 242.5808
1436276400000 242.65
1436276460000 242.73
1436276520000 242.84
1436276580000 242.77
1436276640000 242.6
1436276820000 242.47
1436276940000 242.45
1436277000000 242.41
1436277060000 242.39
1436277120000 242.19
1436277180000 242.19
1436277240000 242.18
1436277300000 242.15
1436277360000 242.21
1436277420000 242.2
1436277480000 242.18
1436277540000 242.13
1436277600000 242.2
1436277720000 242.38
1436277780000 242.22
1436277840000 242.35
1436277900000 242.35
1436277960000 242.33
1436278020000 242.7
1436278080000 242.37
1436278140000 242.7
1436278260000 242.42
1436278320000 242.46
1436278380000 242.55
1436278440000 242.41
1436278500000 242.42
1436278560000 242.5
1436278620000 242.315
1436278680000 242.23
1436278740000 242.11
1436278800000 242.03
1436278860000 242.15
1436278920000 241.92
1436278980000 241.86
1436279040000 241.97
1436279100000 241.9
1436279160000 241.94
1436279280000 241.9
1436279340000 241.93
1436279400000 241.93
1436279460000 241.93
1436279520000 241.93
1436279580000 241.96
1436279640000 242.295
1436279820000 242.34
1436279880000 242.22
1436280000000 242.29
1436280060000 242.445
1436280120000 242.56
1436280180000 242.7
1436280240000 242.895
1436280300000 243.01
1436280360000 242.77
1436280420000 242.77
1436280480000 242.73
1436280540000 242.86
1436280600000 242.89
1436280660000 242.83
1436280720000 242.71
1436280780000 242.83
1436280840000 242.93
1436280900000 242.72
1436280960000 242.71
1436281020000 242.77
1436281080000 242.81
1436281140000 242.95
1436281200000 242.96
1436281260000 243.1
1436281320000 243.09
1436281380000 242.97
1436281440000 242.881
1436281500000 242.81
1436281560000 242.85
