1436261400000 28.84
1436261460000 28.89
1436261640000 28.83
1436261820000 28.78
1436262000000 28.78
1436262720000 28.8
1436262780000 28.86
1436262960000 28.815
1436263020000 28.8
1436263380000 28.79
1436263740000 28.71
1436263980000 28.765
1436264100000 28.74
1436264220000 28.74
1436264280000 28.77
1436264460000 28.74
1436264820000 28.72
1436265000000 28.67
1436265120000 28.63
1436265180000 28.68
1436265480000 28.64
1436265540000 28.64
1436265840000 28.621
1436265960000 28.62
1436266020000 28.62
1436266080000 28.61
1436266140000 28.61
1436266320000 28.61
1436266380000 28.61
1436266440000 28.61
1436266500000 28.62
1436266560000 28.575
1436266800000 28.58
1436266920000 28.61
1436266980000 28.61
1436267040000 28.57
1436267220000 28.58
1436267400000 28.61
1436267580000 28.61
1436267640000 28.61
1436268000000 28.59
1436268120000 28.54
1436268180000 28.55
1436268360000 28.55
1436268420000 28.59
1436268480000 28.55
1436268540000 28.54
1436268660000 28.55
1436268720000 28.55
1436268840000 28.49
1436268960000 28.52
1436269080000 28.5354
1436269140000 28.55
1436269200000 28.55
1436269260000 28.56
1436269320000 28.555
1436269440000 28.605
1436269620000 28.579
1436269740000 28.59
1436269860000 28.61
1436269920000 28.57
1436269980000 28.5701
1436270160000 28.63
1436270340000 28.665
1436270760000 28.66
1436271360000 28.63
1436271420000 28.63
1436271540000 28.57
1436271600000 28.62
1436272080000 28.62
1436272320000 28.64
1436272440000 28.67
1436272500000 28.65
1436272680000 28.66
1436272920000 28.7
1436273040000 28.7
1436273100000 28.71
1436273520000 28.73
1436273940000 28.8
1436274000000 28.8099
1436274240000 28.8
1436274360000 28.76
1436274420000 28.748
1436274720000 28.79
1436274840000 28.84
1436274900000 28.87
1436274960000 28.86
1436275020000 28.83
1436276640000 28.74
1436276940000 28.77
1436277120000 28.77
1436277900000 28.7
1436278020000 28.71
1436278500000 28.69
1436278560000 28.65
1436278740000 28.63
1436279040000 28.63
1436279280000 28.6173
1436279340000 28.63
1436279400000 28.645
1436279580000 28.67
1436279640000 28.645
1436279820000 28.63
1436279880000 28.63
1436280000000 28.66
1436280060000 28.68
1436280120000 28.7
1436280180000 28.75
1436280240000 28.75
1436280420000 28.751
1436280480000 28.78
1436280960000 28.77
1436281020000 28.79
1436281080000 28.87
1436281320000 28.88
1436281560000 28.88
