1436261400000 27.48
1436261460000 27.36
1436261520000 27.34
1436261700000 27.3749
1436261820000 27.305
1436261940000 27.485
1436262000000 27.512
1436262060000 27.5
1436262120000 27.51
1436262180000 27.36
1436262300000 27.395
1436262600000 27.36
1436262660000 27.555
1436262720000 27.51
1436262780000 27.51
1436262840000 27.41
1436263020000 27.2982
1436263080000 27.1221
1436263140000 27.25
1436263200000 27.26
1436263260000 27.27
1436263320000 27.265
1436263380000 27.2
1436263800000 27.27
1436264040000 27.35
1436264280000 27.4815
1436264520000 27.42
1436265000000 27.558
1436265240000 27.3601
1436265360000 27.37
1436265420000 27.3828
1436265540000 27.4
1436265720000 27.36
1436265840000 27.2173
1436265900000 27.1816
1436265960000 27.15
1436266080000 27.1
1436266200000 27.15
1436266380000 27.14
1436266440000 27.15
1436267160000 27.15
1436267280000 27.09
1436267340000 27.107
1436267400000 27.0553
1436267640000 27.03
1436267700000 26.95
1436267760000 26.9999
1436267940000 26.9
1436268000000 26.899
1436268180000 26.58
1436268240000 26.625
1436268420000 26.5849
1436268900000 26.4
1436268960000 26.15
1436269440000 26.2216
1436269740000 26.2252
1436270100000 26.2475
1436270460000 26.3
1436270940000 26.2999
1436271060000 26.2999
1436271300000 26.25
1436272140000 26.2364
1436272260000 26.2101
1436272440000 26.2646
1436272500000 26.26
1436272560000 26.2555
1436272620000 26.25
1436272800000 26.26
1436272860000 26.24
1436272920000 26.24
1436272980000 26.25
1436273340000 26.4661
1436273400000 26.48
1436274420000 26.6249
1436274780000 26.62
1436274840000 26.565
1436274960000 26.62
1436275440000 26.85
1436277300000 26.9206
1436277720000 26.96
1436277900000 27.0
1436277960000 27.01
1436278080000 27.01
1436278380000 27.0081
1436278680000 27.1613
1436278800000 27.0
1436278860000 27.0
1436279100000 27.0
1436279160000 27.0
1436279340000 27.048
1436279640000 27.0692
1436279820000 27.1
1436279880000 27.11
1436280060000 27.0
1436280360000 27.05
1436280840000 27.1
1436280960000 27.055
1436281020000 27.01
1436281140000 27.09
1436281260000 27.05
1436281320000 27.1
1436281380000 27.09
1436281500000 27.0999
