1436261400000 45.47
1436261460000 44.93
1436261520000 45.3
1436261580000 44.5505
1436261640000 44.6
1436261700000 44.27
1436261760000 44.13
1436261820000 44.11
1436261880000 44.28
1436261940000 44.06
1436262000000 43.79
1436262060000 43.9599
1436262120000 44.03
1436262180000 44.03
1436262240000 43.99
1436262300000 43.62
1436262360000 43.69
1436262420000 43.71
1436262480000 43.8699
1436262540000 43.75
1436262600000 43.72
1436262660000 43.43
1436262720000 43.41
1436262780000 43.44
1436262840000 43.53
1436262900000 43.35
1436262960000 43.36
1436263020000 43.59
1436263080000 43.685
1436263140000 43.52
1436263200000 43.69
1436263260000 43.5
1436263320000 43.41
1436263380000 43.32
1436263440000 43.23
1436263500000 43.22
1436263560000 43.2099
1436263620000 43.16
1436263680000 43.19
1436263740000 43.1301
1436263800000 43.17
1436263860000 43.39
1436263920000 43.37
1436263980000 43.31
1436264040000 43.49
1436264100000 43.45
1436264160000 43.34
1436264220000 43.52
1436264280000 43.619
1436264340000 43.4008
1436264400000 43.36
1436264460000 43.35
1436264520000 43.55
1436264580000 43.62
1436264640000 43.33
1436264700000 43.17
1436264760000 43.09
1436264820000 43.08
1436264880000 43.105
1436264940000 43.27
1436265000000 43.2625
1436265060000 43.2325
1436265120000 43.26
1436265180000 43.2904
1436265240000 43.42
1436265300000 43.54
1436265360000 43.42
1436265420000 43.25
1436265480000 43.38
1436265540000 43.3
1436265600000 43.12
1436265660000 43.115
1436265720000 43.03
1436265780000 42.8
1436265840000 42.86
1436265900000 42.97
1436265960000 42.69
1436266020000 42.96
1436266080000 43.1
1436266140000 43.1904
1436266200000 43.28
1436266260000 43.38
1436266320000 43.42
1436266380000 43.26
1436266440000 43.34
1436266500000 43.29
1436266560000 43.22
1436266620000 43.29
1436266680000 42.93
1436266740000 42.9116
1436266800000 42.89
1436266860000 42.81
1436266920000 42.89
1436266980000 42.88
1436267040000 42.88
1436267100000 42.89
1436267160000 42.73
1436267220000 42.5001
1436267280000 42.44
1436267340000 42.629
1436267400000 42.8
1436267460000 42.82
1436267520000 42.8
1436267580000 42.95
1436267640000 43.01
1436267700000 43.05
1436267760000 43.02
1436267820000 43.23
1436267880000 43.29
1436267940000 43.14
1436268000000 43.07
1436268060000 43.2
1436268120000 42.96
1436268180000 43.05
1436268240000 43.1
1436268300000 43.21
1436268360000 43.13
1436268420000 43.28
1436268480000 43.29
1436268540000 43.21
1436268600000 43.125
1436268660000 43.1
1436268720000 43.21
1436268780000 43.2
1436268840000 43.15
1436268900000 43.085
1436268960000 43.05
1436269020000 43.15
1436269080000 43.3
1436269140000 43.19
1436269200000 43.29
1436269260000 43.29
1436269320000 43.3
1436269380000 43.341
1436269440000 43.4399
1436269500000 43.61
1436269560000 43.7501
1436269620000 43.8796
1436269680000 43.7094
1436269740000 43.75
1436269800000 43.753
1436269860000 43.8357
1436269920000 43.9199
1436269980000 43.72
1436270040000 43.85
1436270100000 43.72
1436270160000 43.75
1436270220000 43.94
1436270280000 43.76
1436270340000 43.75
1436270400000 43.8
1436270460000 43.7201
1436270520000 43.75
1436270580000 43.84
1436270640000 43.97
1436270700000 44.11
1436270760000 43.9601
1436270820000 43.84
1436270880000 43.84
1436270940000 43.75
1436271000000 43.79
1436271060000 43.7201
1436271120000 43.67
1436271180000 43.5847
1436271240000 43.655
1436271300000 43.63
1436271360000 43.6975
1436271420000 43.87
1436271480000 43.89
1436271540000 43.91
1436271600000 43.99
1436271660000 43.94
1436271720000 44.08
1436271780000 44.05
1436271840000 44.2
1436271900000 44.08
1436271960000 44.1
1436272020000 44.2
1436272080000 44.2201
1436272140000 44.11
1436272200000 44.11
1436272260000 44.0943
1436272320000 44.22
1436272380000 44.2
1436272440000 44.22
1436272500000 44.22
1436272560000 44.17
1436272620000 44.23
1436272680000 44.3
1436272740000 44.24
1436272800000 44.23
1436272860000 44.09
1436272920000 44.13
1436272980000 44.15
1436273040000 44.144
1436273100000 44.07
1436273160000 44.24
1436273220000 44.29
1436273280000 44.21
1436273340000 44.22
1436273400000 44.0
1436273460000 44.01
1436273520000 44.03
1436273580000 44.06
1436273640000 44.05
1436273700000 44.15
1436273760000 44.13
1436273820000 44.06
1436273880000 44.05
1436273940000 44.1
1436274000000 44.1
1436274060000 44.0312
1436274120000 43.99
1436274180000 43.9751
1436274240000 43.95
1436274300000 43.93
1436274360000 43.93
1436274420000 43.82
1436274480000 43.83
1436274540000 43.9
1436274600000 43.94
1436274660000 44.0
1436274720000 44.0
1436274780000 44.15
1436274840000 44.04
1436274900000 44.14
1436274960000 44.06
1436275020000 44.045
1436275080000 44.04
1436275140000 44.045
1436275200000 44.06
1436275260000 44.081
1436275320000 44.05
1436275380000 44.0401
1436275440000 44.045
1436275500000 44.045
1436275560000 44.04
1436275620000 44.105
1436275680000 44.14
1436275740000 44.19
1436275800000 44.32
1436275860000 44.4499
1436275920000 44.34
1436275980000 44.3
1436276040000 44.27
1436276100000 44.24
1436276160000 44.26
1436276220000 44.26
1436276280000 44.2
1436276340000 44.22
1436276400000 44.22
1436276460000 44.28
1436276520000 44.26
1436276580000 44.23
1436276640000 44.225
1436276700000 44.36
1436276760000 44.3
1436276820000 44.265
1436276880000 44.17
1436276940000 44.22
1436277000000 44.24
1436277060000 44.36
1436277120000 44.22
1436277180000 44.17
1436277240000 44.16
1436277300000 44.175
1436277360000 44.24
1436277420000 44.21
1436277480000 44.19
1436277540000 44.19
1436277600000 44.16
1436277660000 44.16
1436277720000 44.22
1436277780000 44.2
1436277840000 44.198
1436277900000 44.2
1436277960000 44.26
1436278020000 44.26
1436278080000 44.2799
1436278140000 44.18
1436278200000 44.19
1436278260000 44.34
1436278320000 44.37
1436278380000 44.32
1436278440000 44.32
1436278500000 44.31
1436278560000 44.31
1436278620000 44.29
1436278680000 44.37
1436278740000 44.37
1436278800000 44.25
1436278860000 44.183
1436278920000 44.01
1436278980000 43.95
1436279040000 44.0
1436279100000 44.03
1436279160000 44.08
1436279220000 44.06
1436279280000 44.02
1436279340000 44.02
1436279400000 44.0
1436279460000 44.059
1436279520000 44.1
1436279580000 44.14
1436279640000 44.1725
1436279700000 44.1999
1436279760000 44.18
1436279820000 44.19
1436279880000 44.21
1436279940000 44.25
1436280000000 44.2775
1436280060000 44.41
1436280120000 44.4498
1436280180000 44.35
1436280240000 44.57
1436280300000 44.57
1436280360000 44.5599
1436280420000 44.545
1436280480000 44.64
1436280540000 44.5699
1436280600000 44.55
1436280660000 44.44
1436280720000 44.44
1436280780000 44.462
1436280840000 44.46
1436280900000 44.45
1436280960000 44.45
1436281020000 44.44
1436281080000 44.45
1436281140000 44.64
1436281200000 44.58
1436281260000 44.6
1436281320000 44.515
1436281380000 44.448
1436281440000 44.44
1436281500000 44.43
1436281560000 44.42
1436281620000 44.35
