1436261400000 142.3
1436261460000 142.2
1436261520000 142.8537
1436261580000 141.51
1436261640000 141.1
1436261700000 140.92
1436261760000 140.15
1436261820000 141.41
1436261880000 141.42
1436261940000 141.25
1436262000000 141.02
1436262060000 141.04
1436262120000 141.2
1436262180000 141.25
1436262360000 140.22
1436262420000 140.4
1436262480000 140.464
1436262540000 140.55
1436262600000 140.76
1436262660000 140.62
1436262780000 140.77
1436262840000 140.8
1436262900000 140.76
1436262960000 140.72
1436263020000 140.42
1436263080000 140.24
1436263140000 140.07
1436263200000 139.57
1436263260000 139.71
1436263320000 139.64
1436263380000 139.59
1436263440000 139.69
1436263500000 139.64
1436263560000 139.42
1436263620000 139.27
1436263680000 139.03
1436263740000 139.24
1436263800000 139.35
1436263860000 139.48
1436263920000 139.65
1436263980000 139.29
1436264040000 139.32
1436264100000 139.0
1436264160000 139.19
1436264220000 139.17
1436264280000 139.265
1436264400000 139.15
1436264460000 139.09
1436264520000 139.13
1436264580000 139.16
1436264640000 139.22
1436264700000 139.2
1436264760000 139.11
1436264820000 138.89
1436264880000 138.83
1436264940000 138.88
1436265000000 138.795
1436265180000 138.7
1436265240000 138.62
1436265300000 138.755
1436265360000 138.86
1436265420000 138.81
1436265600000 138.545
1436265660000 138.49
1436265720000 138.45
1436265780000 138.385
1436265840000 138.45
1436265900000 138.445
1436265960000 138.635
1436266020000 138.48
1436266080000 138.45
1436266140000 138.37
1436266200000 138.25
1436266260000 138.29
1436266320000 138.31
1436266440000 138.58
1436266500000 138.72
1436266560000 138.26
1436266620000 138.27
1436266680000 138.36
1436266740000 138.17
1436266800000 138.23
1436266860000 138.16
1436266980000 138.08
1436267040000 138.145
1436267100000 138.03
1436267280000 138.2579
1436267340000 138.18
1436267460000 138.3482
1436267520000 138.42
1436267580000 138.605
1436267700000 138.51
1436267760000 138.67
1436267820000 138.85
1436267880000 138.9
1436267940000 138.9999
1436268000000 138.93
1436268060000 138.76
1436268120000 138.87
1436268180000 139.02
1436268240000 139.1
1436268300000 138.89
1436268360000 138.7001
1436268420000 138.76
1436268480000 139.08
1436268600000 138.64
1436268660000 138.58
1436268720000 138.51
1436268780000 138.44
1436268840000 138.42
1436268900000 138.42
1436268960000 138.22
1436269020000 138.23
1436269080000 138.29
1436269140000 138.63
1436269200000 138.39
1436269260000 138.51
1436269320000 138.51
1436269380000 138.44
1436269440000 138.61
1436269500000 138.51
1436269560000 138.47
1436269620000 138.61
1436269680000 138.55
1436269740000 138.55
1436269800000 138.66
1436269860000 138.78
1436269920000 138.64
1436269980000 138.63
1436270040000 138.54
1436270100000 138.53
1436270220000 139.1058
1436270280000 139.26
1436270340000 138.855
1436270400000 138.98
1436270460000 138.8
1436270520000 138.87
1436270580000 139.18
1436270640000 139.25
1436270700000 139.46
1436270760000 139.142
1436270820000 139.225
1436270880000 138.9
1436270940000 138.68
1436271000000 138.61
1436271060000 138.6
1436271120000 138.73
1436271180000 138.65
1436271240000 138.65
1436271300000 138.82
1436271360000 138.92
1436271420000 138.92
1436271480000 138.84
1436271540000 138.7101
1436271600000 138.61
1436271660000 138.84
1436271720000 138.82
1436271780000 138.625
1436271840000 138.6715
1436271900000 138.7
1436271960000 138.91
1436272020000 138.89
1436272080000 138.88
1436272140000 138.77
1436272200000 138.9
1436272260000 138.76
1436272320000 138.83
1436272380000 138.885
1436272440000 138.9
1436272500000 139.04
1436272560000 138.79
1436272620000 138.88
1436272680000 138.79
1436272740000 138.99
1436272800000 138.86
1436272860000 139.02
1436272980000 139.05
1436273040000 138.74
1436273100000 138.85
1436273160000 139.145
1436273220000 138.94
1436273280000 138.91
1436273340000 139.015
1436273400000 139.0
1436273460000 138.99
1436273520000 138.95
1436273580000 139.135
1436273640000 139.05
1436273700000 139.33
1436273760000 139.175
1436273820000 139.17
1436273880000 139.36
1436273940000 139.5999
1436274000000 139.58
1436274060000 139.45
1436274120000 139.24
1436274180000 139.16
1436274240000 139.28
1436274300000 139.23
1436274360000 139.12
1436274420000 138.98
1436274540000 138.985
1436274600000 139.18
1436274660000 139.17
1436274720000 139.34
1436274780000 139.58
1436274840000 139.51
1436274900000 139.57
1436274960000 139.42
1436275020000 139.33
1436275080000 139.395
1436275140000 139.38
1436275200000 139.51
1436275260000 139.37
1436275320000 139.5
1436275440000 139.68
1436275500000 139.59
1436275560000 139.66
1436275620000 139.54
1436275680000 139.49
1436275740000 139.62
1436275800000 139.695
1436275860000 139.79
1436275920000 139.645
1436275980000 139.42
1436276040000 139.515
1436276100000 139.54
1436276160000 139.54
1436276220000 139.46
1436276280000 139.4
1436276340000 139.395
1436276400000 139.46
1436276460000 139.37
1436276520000 139.4
1436276580000 139.435
1436276640000 139.5
1436276700000 139.57
1436276760000 139.52
1436276820000 139.39
1436276880000 139.3
1436276940000 139.335
1436277000000 139.335
1436277060000 139.255
1436277120000 139.305
1436277180000 139.2
1436277300000 139.17
1436277420000 139.13
1436277480000 139.245
1436277540000 139.19
1436277600000 139.2
1436277660000 139.46
1436277720000 139.34
1436277780000 139.12
1436277840000 139.015
1436277900000 139.03
1436277960000 139.0087
1436278020000 139.15
1436278080000 139.165
1436278140000 139.17
1436278200000 139.15
1436278260000 139.2
1436278320000 139.14
1436278380000 139.16
1436278440000 139.18
1436278500000 139.17
1436278560000 139.0
1436278620000 139.02
1436278680000 138.93
1436278740000 138.91
1436278800000 138.84
1436278860000 138.92
1436278920000 138.84
1436278980000 138.835
1436279040000 138.8
1436279100000 138.76
1436279160000 138.76
1436279220000 138.7701
1436279280000 138.74
1436279340000 138.69
1436279400000 138.61
1436279460000 138.6
1436279520000 138.58
1436279580000 138.59
1436279640000 138.59
1436279700000 138.47
1436279760000 138.52
1436279820000 138.49
1436279880000 138.49
1436279940000 138.54
1436280000000 138.68
1436280060000 138.755
1436280120000 138.87
1436280180000 138.8
1436280240000 138.96
1436280300000 138.9549
1436280360000 138.97
1436280420000 139.15
1436280480000 139.12
1436280540000 139.08
1436280600000 138.96
1436280660000 138.96
1436280720000 139.055
1436280780000 139.03
1436280840000 139.045
1436280900000 138.99
1436280960000 139.02
1436281020000 139.01
1436281080000 138.96
1436281140000 139.28
1436281200000 139.3
1436281260000 139.23
1436281320000 139.26
1436281380000 139.14
1436281440000 139.15
1436281500000 139.15
1436281560000 139.13
1436281620000 139.12
