1436261400000 53.2
1436261700000 53.06
1436261760000 53.2
1436262000000 53.05
1436262060000 53.055
1436262180000 53.08
1436262240000 53.02
1436262300000 53.02
1436262360000 53.0
1436262420000 52.995
1436262480000 53.08
1436262600000 53.06
1436262780000 53.09
1436262900000 53.05
1436262960000 53.005
1436263020000 53.0
1436263080000 53.01
1436263140000 52.975
1436263260000 52.88
1436263320000 52.895
1436263380000 52.885
1436263440000 52.9
1436263500000 52.87
1436263560000 52.865
1436263620000 52.82
1436263680000 52.87
1436263800000 53.0
1436263980000 53.06
1436264100000 52.97
1436264280000 52.875
1436264400000 52.87
1436264460000 52.9
1436264640000 52.93
1436264700000 52.91
1436264760000 52.855
1436264820000 52.88
1436264880000 52.87
1436265000000 52.9
1436265060000 52.87
1436265120000 52.9
1436265180000 52.83
1436265300000 52.83
1436265360000 52.8225
1436265540000 52.89
1436265600000 52.93
1436265720000 52.83
1436265780000 52.89
1436266080000 52.96
1436266200000 52.89
1436266440000 52.93
1436266560000 52.95
1436266740000 52.935
1436266800000 52.89
1436266920000 52.8485
1436266980000 52.88
1436267100000 52.88
1436267220000 52.8846
1436267400000 52.95
1436267580000 52.975
1436267760000 52.95
1436267880000 52.95
1436268000000 52.9
1436268060000 52.85
1436268120000 52.865
1436268300000 52.86
1436268360000 52.79
1436268480000 52.81
1436268600000 52.85
1436268660000 52.85
1436268840000 52.76
1436268900000 52.77
1436269080000 52.78
1436269140000 52.82
1436269440000 52.98
1436269560000 52.93
1436269620000 52.89
1436269800000 53.05
1436270160000 52.94
1436270280000 53.1
1436270340000 53.05
1436270400000 53.08
1436271060000 53.01
1436271180000 53.0
1436271360000 53.0
1436271540000 52.92
1436271720000 52.97
1436271900000 52.97
1436271960000 52.985
1436272020000 53.01
1436272200000 53.015
1436272260000 53.05
1436272500000 53.08
1436272740000 53.05
1436272800000 53.09
1436272980000 53.08
1436273100000 53.11
1436273280000 53.18
1436273460000 53.08
1436273640000 53.12
1436273700000 53.1
1436273760000 53.11
1436273940000 53.15
1436274000000 53.1201
1436274120000 53.1369
1436274180000 53.11
1436274300000 53.12
1436274600000 53.06
1436274720000 53.11
1436275200000 53.12
1436275260000 53.08
1436275320000 53.08
1436275440000 53.05
1436275500000 53.0712
1436275560000 53.09
1436275620000 53.14
1436275740000 53.14
1436275800000 53.215
1436275920000 53.17
1436276040000 53.17
1436276280000 53.16
1436276340000 53.17
1436276640000 53.1
1436276700000 53.06
1436276760000 53.0009
1436277000000 53.1
1436277060000 53.03
1436277180000 53.07
1436277240000 52.97
1436277300000 53.0599
1436277360000 52.98
1436277480000 52.98
1436277540000 52.97
1436277720000 52.97
1436277960000 52.95
1436278020000 52.91
1436278080000 52.91
1436278140000 52.93
1436278680000 53.0
1436279040000 52.92
1436279100000 52.95
1436279340000 52.92
1436279520000 52.94
1436279880000 53.06
1436279940000 53.12
1436280000000 53.1
1436280060000 53.1
1436280180000 53.18
1436280240000 53.16
1436280300000 53.2
1436280420000 53.21
1436280540000 53.19
1436281020000 53.22
1436281080000 53.41
1436281140000 53.42
1436281200000 53.42
1436281260000 53.43
1436281320000 53.36
1436281500000 53.34
1436281560000 53.33
