1436261400000 18.21
1436261640000 18.24
1436261820000 18.24
1436261880000 18.24
1436262000000 18.23
1436262300000 18.21
1436262360000 18.2
1436262600000 18.1949
1436262900000 18.2
1436263080000 18.16
1436263500000 18.12
1436264400000 18.1
1436264640000 18.09
1436264700000 18.06
1436265000000 18.03
1436265120000 18.045
1436265240000 18.03
1436265360000 18.01
1436265480000 18.01
1436265660000 18.0
1436265780000 17.97
1436265840000 17.985
1436266080000 17.98
1436266140000 17.97
1436266200000 17.97
1436266320000 17.991
1436266380000 17.98
1436266440000 17.97
1436266620000 18.01
1436266800000 17.99
1436266980000 18.0
1436267100000 17.97
1436267340000 17.97
1436267400000 17.97
1436267520000 17.95
1436267640000 17.9548
1436267700000 17.96
1436267760000 17.97
1436267880000 17.975
1436268060000 17.9601
1436268120000 17.96
1436268180000 17.96
1436268240000 17.965
1436268300000 17.96
1436268360000 17.97
1436268480000 17.96
1436268540000 17.96
1436268600000 17.961
1436268660000 17.97
1436268840000 18.02
1436268900000 18.0001
1436269020000 18.0
1436269200000 18.017
1436269320000 18.0
1436269440000 18.02
1436269560000 18.0301
1436269800000 18.01
1436269980000 18.01
1436270160000 18.03
1436270280000 18.04
1436270460000 18.02
1436270520000 18.05
1436270820000 18.045
1436270940000 18.04
1436271060000 18.03
1436271480000 18.03
1436271540000 18.03
1436271780000 18.05
1436271840000 18.03
1436272020000 18.03
1436272500000 18.05
1436272560000 18.09
1436272740000 18.075
1436272920000 18.09
1436273460000 18.11
1436273640000 18.12
1436273760000 18.13
1436273820000 18.14
1436273880000 18.17
1436274300000 18.12
1436274480000 18.11
1436274660000 18.11
1436274720000 18.11
1436274840000 18.14
1436274900000 18.138
1436275200000 18.1387
1436275380000 18.11
1436275500000 18.13
1436275740000 18.13
1436275920000 18.15
1436276280000 18.13
1436276400000 18.14
1436276520000 18.14
1436276640000 18.14
1436277000000 18.135
1436277360000 18.13
1436277660000 18.15
1436277960000 18.15
1436278320000 18.15
1436278380000 18.1438
1436278500000 18.14
1436278740000 18.14
1436278920000 18.13
1436279340000 18.12
1436279520000 18.13
1436279820000 18.14
1436279880000 18.14
1436279940000 18.14
1436280060000 18.14
1436280300000 18.17
1436280360000 18.16
1436280420000 18.16
1436280480000 18.18
1436280660000 18.19
1436280720000 18.18
1436280960000 18.19
1436281020000 18.19
1436281200000 18.21
1436281500000 18.21
