1404705600000 137.34
1404792000000 137.27
1404878400000 133.29
1404964800000 133.84
1405051200000 131.81
1405310400000 135.34
1405396800000 133.87
1405483200000 132.91
1405569600000 130.74
1405656000000 131.85
1405915200000 130.14
1406001600000 131.26
1406088000000 132.35
1406174400000 132.26
1406260800000 132.22
1406520000000 131.32
1406606400000 131.48
1406692800000 135.26
1406779200000 131.91
1406865600000 134.88
1407124800000 136.16
1407211200000 137.23
1407297600000 137.62
1407384000000 133.55
1407470400000 128.29
1407729600000 128.73
1407816000000 127.75
1407902400000 131.05
1407988800000 133.23
1408075200000 139.58
1408334400000 139.17
1408420800000 160.8
1408507200000 157.18
1408593600000 158.3
1408680000000 158.96
1408939200000 157.9
1409025600000 157.64
1409112000000 157.31
1409198400000 158.66
1409284800000 159.11
1409630400000 159.0
1409716800000 157.33
1409803200000 154.48
1409889600000 154.51
1410148800000 156.83
1410235200000 152.76
1410321600000 147.94
1410408000000 148.99
1410494400000 143.43
1410753600000 148.72
1410840000000 155.87
1410926400000 159.89
1411012800000 159.77
1411099200000 164.23
1411358400000 159.83
1411444800000 169.17
1411531200000 167.52
1411617600000 166.33
1411704000000 161.77
1411963200000 155.78
1412049600000 156.24
1412136000000 154.56
1412222400000 151.09
1412308800000 152.87
1412568000000 147.42
1412654400000 143.92
1412740800000 144.0
1412827200000 142.45
1412913600000 139.88
1413172800000 135.27
1413259200000 133.58
1413345600000 132.42
1413432000000 137.38
1413518400000 140.0
1413777600000 141.99
1413864000000 140.55
1413950400000 137.61
1414036800000 135.56
1414123200000 140.42
1414382400000 137.84
1414468800000 139.94
1414555200000 139.36
1414641600000 144.5
1414728000000 143.85
1414990800000 143.19
1415077200000 140.45
1415163600000 139.5
1415250000000 138.55
1415336400000 91.47
1415595600000 93.87
1415682000000 99.01
1415768400000 95.55
1415854800000 96.99
1415941200000 102.32
1416200400000 101.21
1416286800000 105.39
1416373200000 103.63
1416459600000 100.43
1416546000000 102.9
1416805200000 102.91
1416891600000 102.34
1416978000000 103.25
1417150800000 102.69
1417410000000 101.59
1417496400000 103.27
1417582800000 104.05
1417669200000 105.88
1417755600000 105.62
1418014800000 108.005
1418101200000 107.985
1418187600000 105.68
1418274000000 106.15
1418360400000 103.36
1418619600000 103.03
1418706000000 110.11
1418792400000 114.49
1418878800000 118.45
1418965200000 117.2
1419224400000 117.46
1419310800000 116.1
1419397200000 114.92
1419570000000 118.09
1419829200000 118.02
1419915600000 116.2
1420002000000 114.94
1420174800000 114.74
1420434000000 112.84
1420520400000 115.99
1420606800000 120.21
1420693200000 118.93
1420779600000 118.09
1421038800000 119.87
1421125200000 119.805
1421211600000 120.21
1421298000000 119.11
1421384400000 120.19
1421730000000 125.83
1421816400000 124.49
1421902800000 125.99
1421989200000 125.92
1422248400000 127.0
1422334800000 126.3
1422421200000 127.89
1422507600000 135.14
1422594000000 134.67
1422853200000 133.65
1422939600000 140.47
1423026000000 139.78
1423112400000 141.22
1423198800000 140.94
1423458000000 140.14
1423544400000 142.25
1423630800000 143.34
1423717200000 149.18
1423803600000 152.35
1424149200000 152.89
1424235600000 152.27
1424322000000 150.74
1424408400000 157.85
1424667600000 155.76
1424754000000 157.1
1424840400000 156.67
1424926800000 156.95
1425013200000 157.2
1425272400000 156.88
1425358800000 156.5
1425445200000 157.13
1425531600000 157.44
1425618000000 158.01
1425873600000 157.83
1425960000000 157.65
1426046400000 168.61
1426132800000 170.05
1426219200000 169.4
1426478400000 172.75
1426564800000 172.48
1426651200000 172.74
1426737600000 172.54
1426824000000 172.8
1427083200000 172.55
1427169600000 172.53
1427256000000 172.55
1427342400000 172.63
1427428800000 172.6
1427688000000 172.65
1427774400000 172.81
