1404705600000 2.82
1404792000000 2.81
1404878400000 2.88
1404964800000 2.8
1405051200000 2.85
1405310400000 2.9
1405396800000 2.8
1405483200000 2.87
1405656000000 2.72
1405915200000 2.8
1406001600000 2.78
1406088000000 2.65
1406174400000 2.71
1406260800000 2.7
1406520000000 2.68
1406606400000 2.76
1406692800000 2.84
1406779200000 2.7
1406865600000 2.75
1407124800000 2.77
1407211200000 2.78
1407297600000 2.74
1407384000000 2.74
1407470400000 2.71
1407729600000 3.06
1407816000000 2.95
1407902400000 2.89
1407988800000 2.8659
1408075200000 2.78
1408334400000 2.78
1408420800000 2.782
1408507200000 2.76
1408593600000 2.74
1408680000000 2.75
1408939200000 2.718
1409025600000 2.79
1409112000000 3.04
1409198400000 2.94
1409284800000 2.88
1409630400000 2.88
1409716800000 2.82
1409803200000 2.84
1409889600000 2.81
1410148800000 2.76
1410235200000 2.76
1410408000000 2.7
1410494400000 2.7652
1410840000000 2.71
1410926400000 2.77
1411099200000 2.72
1411444800000 2.7198
1411531200000 2.71
1411617600000 2.71
1411704000000 2.75
1411963200000 2.95
1412049600000 3.2
1412136000000 2.96
1412222400000 2.782
1412308800000 2.82
1412568000000 2.9
1412654400000 2.92
1412740800000 3.03
1412827200000 3.04
1412913600000 3.0
1413172800000 2.81
1413259200000 2.82
1413345600000 2.85
1413432000000 2.87
1413518400000 2.99
1413777600000 3.01
1413864000000 2.93
1413950400000 3.14
1414036800000 2.9999
1414123200000 3.105
1414382400000 3.12
1414468800000 2.93
1414555200000 2.84
1414641600000 2.86
1414728000000 2.94
1414990800000 2.9
1415077200000 2.9699
1415163600000 2.9
1415250000000 3.0
1415336400000 2.97
1415595600000 2.94
1415682000000 2.97
1415768400000 2.93
1415941200000 2.94
1416200400000 2.9001
1416286800000 2.93
1416459600000 2.99
1416546000000 3.04
1416805200000 3.0
1416891600000 2.94
1416978000000 2.9
1417150800000 3.0
1417410000000 2.89
1417496400000 2.9
1417582800000 2.92
1417669200000 2.96
1417755600000 2.95
1418187600000 2.97
1418274000000 2.8305
1418619600000 2.87
1418706000000 2.87
1418792400000 2.9
1418878800000 2.78
1418965200000 2.95
1419224400000 2.91
1419310800000 2.8
1419570000000 2.97
1419829200000 2.9
1419915600000 2.95
1420174800000 2.99
1420434000000 2.77
1420520400000 2.82
1420606800000 2.95
1420779600000 2.7601
1421038800000 2.97
1421125200000 2.78
1421298000000 2.76
1421730000000 2.735
1421816400000 2.76
1421902800000 2.7276
1422248400000 2.82
1422334800000 2.7516
1422421200000 2.78
1422507600000 2.84
1422939600000 2.84
1423458000000 2.8
1423544400000 2.7271
1423803600000 2.7344
1424149200000 2.74
1424235600000 2.7
1424322000000 2.7
1424408400000 2.66
1424667600000 2.75
1424754000000 2.69
1424840400000 2.76
1424926800000 2.73
1425013200000 2.7
1425272400000 2.7
1425358800000 2.68
1425445200000 2.6501
1425531600000 2.68
1425618000000 2.7
1425873600000 2.68
1425960000000 2.7
1426046400000 2.68
1426132800000 2.65
1426219200000 2.7
1426478400000 2.7
1426564800000 2.7
1426651200000 2.69
1426737600000 2.679
1426824000000 2.62
1427342400000 2.6395
1427428800000 2.69
1427688000000 2.6999
1428465600000 2.657
1428552000000 2.6164
1428638400000 2.7
1428984000000 2.6873
1429156800000 2.8
1429243200000 2.77
1429848000000 2.75
1430107200000 2.69
1430193600000 2.72
1430280000000 2.73
1430366400000 2.69
1431057600000 2.64
1431403200000 2.63
1431489600000 2.69
1431662400000 2.75
1432094400000 2.72
1432267200000 2.65
1432612800000 2.62
1432699200000 2.7
1432872000000 2.74
1433476800000 2.6495
1433736000000 2.69
1434340800000 2.632
1435032000000 2.7
1435118400000 2.77
1435204800000 2.8699
1435723200000 2.8
