1436261400000 1.14
1436261460000 1.14
1436261760000 1.14
1436261820000 1.13
1436261880000 1.12
1436262300000 1.12
1436262360000 1.16
1436262480000 1.13
1436263080000 1.12
1436263140000 1.12
1436263320000 1.12
1436263380000 1.12
1436263680000 1.11
1436264280000 1.11
1436264340000 1.11
1436264640000 1.12
1436265000000 1.12
1436265120000 1.12
1436265480000 1.12
1436265540000 1.12
1436265780000 1.11
1436265960000 1.11
1436266020000 1.101
1436266080000 1.1099
1436266140000 1.1144
1436266260000 1.1002
1436266500000 1.1091
1436266560000 1.1
1436266920000 1.11
1436267160000 1.11
1436267340000 1.1126
1436268000000 1.11
1436268720000 1.1
1436269020000 1.104
1436269680000 1.1
1436269920000 1.11
1436270220000 1.11
1436270340000 1.11
1436270400000 1.11
1436270880000 1.1188
1436271480000 1.1199
1436271720000 1.1101
1436272320000 1.11
1436273220000 1.1101
1436274000000 1.12
1436274180000 1.12
1436274240000 1.12
1436275020000 1.11
1436275920000 1.11
1436276100000 1.11
1436276880000 1.11
1436277540000 1.11
1436277660000 1.11
1436277720000 1.11
1436278560000 1.11
1436278680000 1.11
1436278800000 1.1101
1436279100000 1.1195
1436280480000 1.111
1436280540000 1.1199
1436280900000 1.1102
1436281020000 1.1168
1436281320000 1.1142
1436281380000 1.111
