1436261400000 0.92
1436262000000 0.92
1436262060000 0.92
1436262120000 0.92
1436262240000 0.92
1436262720000 0.91
1436262780000 0.92
1436262960000 0.9202
1436263680000 0.9387
1436263740000 0.9387
1436264460000 0.91
1436265240000 0.911
1436265300000 0.9387
1436265360000 0.92
1436265420000 0.92
1436265660000 0.9369
1436265720000 0.9369
1436265960000 0.9369
1436266980000 0.94
1436268060000 0.94
1436268420000 0.9276
1436268480000 0.93
1436268720000 0.94
1436269680000 0.9201
1436269800000 0.92
1436269860000 0.913
1436269920000 0.913
1436271000000 0.9194
1436271060000 0.9194
1436271240000 0.9193
1436273880000 0.912
1436275380000 0.9199
1436275920000 0.913
1436276040000 0.92
1436276100000 0.9102
1436276160000 0.913
1436278380000 0.913
1436279100000 0.913
