1436261400000 10.01
1436261640000 10.06
1436261700000 10.0
1436261820000 10.0
1436261880000 10.0
1436261940000 10.01
1436262000000 10.01
1436262120000 10.06
1436262180000 10.09
1436262240000 10.08
1436262900000 10.08
1436262960000 10.07
1436263020000 10.05
1436263080000 10.1
1436263200000 9.982
1436263500000 9.9975
1436263800000 10.06
1436263920000 10.08
1436264220000 10.01
1436264280000 9.97
1436264400000 10.06
1436264640000 9.982
1436264700000 9.95
1436264760000 9.985
1436264820000 10.0
1436265000000 10.0
1436265060000 10.02
1436265420000 10.0
1436265480000 10.02
1436265540000 10.0
1436265600000 10.0
1436265720000 9.99
1436265780000 9.962
1436265840000 9.99
1436265960000 10.0
1436266260000 10.02
1436266320000 10.03
1436266380000 10.03
1436266560000 10.035
1436266620000 10.07
1436266800000 10.02
1436267280000 9.99
1436267400000 10.02
1436267820000 10.02
1436267880000 10.03
1436267940000 10.0101
1436268060000 10.01
1436268420000 10.02
1436268600000 9.99
1436268840000 9.99
1436268900000 9.96
1436269020000 10.0
1436269080000 9.984
1436269440000 10.02
1436269680000 10.0
1436269800000 10.01
1436269860000 10.02
1436270040000 10.02
1436270340000 9.97
1436270400000 10.0
1436270460000 9.97
1436270520000 10.0
1436270640000 9.965
1436270940000 9.9701
1436271060000 10.02
1436271180000 9.97
1436271300000 10.0
1436271480000 10.0118
1436271600000 10.0
1436271900000 10.015
1436271960000 10.01
1436272020000 10.01
1436272260000 10.01
1436272500000 9.9801
1436273160000 10.03
1436273400000 10.04
1436273580000 10.06
1436273760000 10.05
1436273880000 10.05
1436274000000 10.07
1436274360000 10.1
1436274600000 10.08
1436274720000 10.08
1436274840000 10.08
1436275140000 10.105
1436275740000 10.09
1436275800000 10.12
1436276580000 10.11
1436276640000 10.11
1436276760000 10.1101
1436276880000 10.13
1436277180000 10.15
1436277240000 10.14
1436277900000 10.1201
1436278440000 10.12
1436278560000 10.12
1436278740000 10.115
1436278980000 10.04
1436279400000 10.04
1436279640000 10.06
1436279700000 10.057
1436279820000 10.04
1436280180000 10.1
1436280300000 10.0952
1436280420000 10.09
1436280480000 10.09
1436280840000 10.09
1436280900000 10.1
1436281080000 10.12
1436281380000 10.16
1436281560000 10.16
