1436261400000 45.52
1436261700000 45.39
1436261760000 45.1601
1436261820000 45.09
1436261880000 45.2052
1436261940000 45.09
1436262000000 45.215
1436262120000 45.14
1436262300000 45.12
1436262360000 45.0
1436262480000 44.91
1436262540000 44.97
1436262780000 45.06
1436262900000 45.03
1436263020000 45.02
1436263080000 45.0
1436263140000 44.94
1436263200000 44.95
1436263260000 45.16
1436263320000 45.2
1436263380000 45.19
1436263440000 45.09
1436263500000 44.9701
1436263920000 44.98
1436263980000 44.98
1436264040000 44.995
1436264100000 45.0
1436264160000 45.02
1436264220000 45.01
1436264280000 45.0
1436264400000 44.98
1436264460000 44.97
1436264580000 44.97
1436264640000 44.97
1436264700000 44.95
1436264760000 44.95
1436264880000 44.95
1436265000000 44.95
1436265060000 44.86
1436265120000 44.83
1436265240000 44.8
1436265300000 44.8
1436265360000 44.8
1436265420000 44.79
1436265480000 44.75
1436265540000 44.75
1436265600000 44.67
1436265660000 44.61
1436265720000 44.65
1436265840000 44.64
1436265900000 44.64
1436265960000 44.64
1436266020000 44.65
1436266080000 44.65
1436266140000 44.62
1436266260000 44.511
1436266320000 44.5328
1436266380000 44.65
1436266440000 44.67
1436266620000 44.6794
1436266800000 44.645
1436266920000 44.5
1436267100000 44.54
1436267400000 44.57
1436267460000 44.585
1436267520000 44.59
1436267580000 44.6
1436267700000 44.57
1436267760000 44.57
1436267880000 44.6
1436267940000 44.53
1436268000000 44.4984
1436268180000 44.46
1436268240000 44.46
1436268300000 44.45
1436268360000 44.4699
1436268420000 44.5
1436268480000 44.5
1436268540000 44.45
1436268660000 44.43
1436268720000 44.41
1436268780000 44.47
1436268840000 44.37
1436268960000 44.375
1436269020000 44.375
1436269080000 44.3725
1436269140000 44.37
1436269200000 44.4
1436269320000 44.51
1436269380000 44.5185
1436269440000 44.6
1436269500000 44.67
1436269620000 44.5699
1436269860000 44.5143
1436269920000 44.63
1436269980000 44.6
1436270040000 44.68
1436270160000 44.7
1436270220000 44.96
1436270280000 44.94
1436270340000 44.8501
1436270400000 44.95
1436270460000 44.97
1436270520000 44.93
1436270640000 44.95
1436271120000 44.68
1436271240000 44.72
1436271300000 44.7
1436271360000 44.77
1436271420000 44.74
1436271480000 44.81
1436271540000 44.82
1436271600000 44.82
1436271840000 44.78
1436271900000 44.86
1436271960000 44.98
1436272020000 45.01
1436272080000 45.04
1436272200000 45.04
1436272260000 45.05
1436272380000 45.04
1436272440000 45.04
1436272500000 45.06
1436272680000 45.07
1436272740000 45.14
1436272860000 45.23
1436273040000 45.195
1436273100000 45.26
1436273160000 45.35
1436273220000 45.36
1436273340000 45.41
1436273640000 45.38
1436273760000 45.4077
1436273820000 45.43
1436273880000 45.48
1436273940000 45.58
1436274000000 45.58
1436274060000 45.54
1436274120000 45.46
1436274240000 45.37
1436274300000 45.41
1436274360000 45.28
1436274420000 45.25
1436274480000 45.19
1436274720000 45.41
1436274780000 45.4
1436274840000 45.3457
1436274900000 45.37
1436275020000 45.21
1436275140000 45.27
1436275440000 45.41
1436275500000 45.37
1436275620000 45.32
1436275740000 45.37
1436276040000 45.37
1436276160000 45.39
1436276280000 45.3838
1436276340000 45.38
1436276400000 45.3707
1436276640000 45.38
1436276820000 45.35
1436276940000 45.34
1436277300000 45.32
1436277480000 45.302
1436277540000 45.33
1436277600000 45.33
1436277660000 45.3799
1436278080000 45.318
1436278140000 45.33
1436278380000 45.325
1436278440000 45.4
1436278500000 45.41
1436278560000 45.4
1436278620000 45.4
1436278680000 45.4
1436278740000 45.31
1436278800000 45.33
1436278860000 45.32
1436279100000 45.3294
1436279400000 45.24
1436279580000 45.31
1436279640000 45.29
1436279700000 45.2871
1436279880000 45.41
1436279940000 45.39
1436280000000 45.36
1436280060000 45.4
1436280120000 45.41
1436280180000 45.4
1436280420000 45.54
1436280480000 45.65
1436280540000 45.6001
1436280600000 45.62
1436280660000 45.625
1436280780000 45.66
1436280900000 45.67
1436280960000 45.67
1436281020000 45.7
1436281080000 45.73
1436281140000 45.6
1436281200000 45.6
1436281260000 45.6
1436281320000 45.58
1436281380000 45.55
1436281440000 45.5
1436281500000 45.56
1436281560000 45.6
1436281620000 45.78
