1436261400000 55.36
1436261460000 55.13
1436261520000 55.1492
1436261580000 54.824
1436261640000 54.915
1436261700000 54.78
1436261760000 54.67
1436261820000 54.69
1436261880000 54.5
1436261940000 54.57
1436262000000 54.645
1436262060000 54.72
1436262120000 54.63
1436262180000 54.61
1436262240000 54.63
1436262300000 54.69
1436262360000 54.77
1436262420000 54.88
1436262480000 54.88
1436262540000 54.92
1436262600000 54.89
1436262660000 54.9
1436262720000 54.84
1436262780000 54.86
1436262840000 54.867
1436262900000 54.86
1436262960000 54.784
1436263020000 54.74
1436263080000 54.64
1436263140000 54.6
1436263200000 54.6
1436263260000 54.55
1436263320000 54.5799
1436263380000 54.6
1436263440000 54.6
1436263500000 54.58
1436263560000 54.56
1436263620000 54.58
1436263680000 54.4
1436263740000 54.48
1436263800000 54.38
1436263860000 54.46
1436263920000 54.505
1436263980000 54.52
1436264040000 54.56
1436264100000 54.485
1436264160000 54.43
1436264220000 54.43
1436264280000 54.39
1436264340000 54.41
1436264400000 54.41
1436264460000 54.538
1436264520000 54.6699
1436264580000 54.63
1436264640000 54.645
1436264700000 54.655
1436264760000 54.5601
1436264820000 54.49
1436264880000 54.34
1436264940000 54.304
1436265000000 54.31
1436265060000 54.2701
1436265120000 54.23
1436265180000 54.29
1436265240000 54.212
1436265300000 54.23
1436265360000 54.22
1436265420000 54.17
1436265480000 54.17
1436265540000 54.083
1436265600000 53.97
1436265660000 53.97
1436265720000 53.96
1436265780000 53.9
1436265840000 53.962
1436265900000 53.99
1436265960000 54.04
1436266020000 54.05
1436266080000 54.08
1436266140000 54.095
1436266200000 54.132
1436266260000 54.195
1436266320000 54.19
1436266380000 54.2
1436266440000 54.2
1436266500000 54.24
1436266560000 54.19
1436266620000 54.18
1436266680000 54.17
1436266740000 54.16
1436266800000 54.19
1436266860000 54.18
1436266920000 54.2
1436266980000 54.2
1436267040000 54.16
1436267100000 54.165
1436267160000 54.09
1436267220000 54.07
1436267280000 54.03
1436267340000 54.0
1436267400000 54.02
1436267460000 54.0204
1436267520000 54.08
1436267580000 54.1268
1436267640000 54.09
1436267700000 54.1784
1436267760000 54.241
1436267820000 54.34
1436267880000 54.32
1436267940000 54.27
1436268000000 54.38
1436268060000 54.3497
1436268120000 54.24
1436268180000 54.31
1436268240000 54.35
1436268300000 54.27
1436268360000 54.26
1436268420000 54.28
1436268480000 54.33
1436268540000 54.27
1436268600000 54.275
1436268660000 54.21
1436268720000 54.19
1436268780000 54.18
1436268840000 54.18
1436268900000 54.19
1436268960000 54.16
1436269020000 54.23
1436269080000 54.217
1436269140000 54.25
1436269200000 54.27
1436269260000 54.3
1436269320000 54.31
1436269380000 54.4
1436269440000 54.41
1436269500000 54.43
1436269560000 54.4
1436269620000 54.38
1436269680000 54.42
1436269740000 54.3625
1436269800000 54.38
1436269860000 54.38
1436269920000 54.39
1436269980000 54.39
1436270040000 54.39
1436270100000 54.39
1436270160000 54.48
1436270220000 54.73
1436270280000 54.62
1436270340000 54.61
1436270400000 54.6
1436270460000 54.55
1436270520000 54.6
1436270580000 54.6
1436270640000 54.57
1436270700000 54.63
1436270760000 54.6199
1436270820000 54.58
1436270880000 54.6
1436270940000 54.56
1436271000000 54.58
1436271060000 54.52
1436271120000 54.5
1436271180000 54.52
1436271240000 54.52
1436271300000 54.55
1436271360000 54.585
1436271420000 54.59
1436271480000 54.575
1436271540000 54.595
1436271600000 54.61
1436271660000 54.65
1436271720000 54.67
1436271780000 54.66
1436271840000 54.67
1436271900000 54.68
1436271960000 54.68
1436272020000 54.682
1436272080000 54.69
1436272140000 54.6998
1436272200000 54.69
1436272260000 54.71
1436272320000 54.76
1436272380000 54.8
1436272440000 54.83
1436272500000 54.91
1436272560000 54.88
1436272620000 54.92
1436272680000 54.9201
1436272740000 54.99
1436272800000 55.04
1436272860000 55.02
1436272920000 55.04
1436272980000 55.07
1436273040000 55.07
1436273100000 55.1
1436273160000 55.15
1436273220000 55.17
1436273280000 55.19
1436273340000 55.14
1436273400000 55.01
1436273460000 55.0
1436273520000 54.99
1436273580000 54.99
1436273640000 54.9901
1436273700000 55.11
1436273760000 55.07
1436273820000 55.15
1436273880000 55.18
1436273940000 55.22
1436274000000 55.24
1436274060000 55.2698
1436274120000 55.21
1436274180000 55.13
1436274240000 55.14
1436274300000 55.11
1436274360000 55.09
1436274420000 55.02
1436274480000 55.04
1436274540000 55.12
1436274600000 55.1175
1436274660000 55.14
1436274720000 55.15
1436274780000 55.23
1436274840000 55.32
1436274900000 55.35
1436274960000 55.29
1436275020000 55.22
1436275080000 55.1972
1436275140000 55.21
1436275200000 55.23
1436275260000 55.19
1436275320000 55.15
1436275380000 55.18
1436275440000 55.2
1436275500000 55.25
1436275560000 55.31
1436275620000 55.35
1436275680000 55.35
1436275740000 55.39
1436275800000 55.4
1436275860000 55.43
1436275920000 55.37
1436275980000 55.33
1436276040000 55.34
1436276100000 55.3434
1436276160000 55.35
1436276220000 55.33
1436276280000 55.27
1436276340000 55.27
1436276400000 55.25
1436276460000 55.21
1436276520000 55.24
1436276580000 55.33
1436276640000 55.37
1436276700000 55.48
1436276760000 55.5
1436276820000 55.49
1436276880000 55.45
1436276940000 55.47
1436277000000 55.53
1436277060000 55.47
1436277120000 55.47
1436277180000 55.485
1436277240000 55.51
1436277300000 55.52
1436277360000 55.61
1436277420000 55.53
1436277480000 55.49
1436277540000 55.49
1436277600000 55.5
1436277660000 55.49
1436277720000 55.49
1436277780000 55.49
1436277840000 55.49
1436277900000 55.495
1436277960000 55.5
1436278020000 55.49
1436278080000 55.47
1436278140000 55.485
1436278200000 55.49
1436278260000 55.51
1436278320000 55.53
1436278380000 55.5009
1436278440000 55.49
1436278500000 55.5
1436278560000 55.44
1436278620000 55.49
1436278680000 55.48
1436278740000 55.47
1436278800000 55.42
1436278860000 55.48
1436278920000 55.4
1436278980000 55.41
1436279040000 55.42
1436279100000 55.43
1436279160000 55.45
1436279220000 55.45
1436279280000 55.49
1436279340000 55.49
1436279400000 55.5
1436279460000 55.44
1436279520000 55.43
1436279580000 55.48
1436279640000 55.5
1436279700000 55.46
1436279760000 55.43
1436279820000 55.44
1436279880000 55.43
1436279940000 55.53
1436280000000 55.53
1436280060000 55.56
1436280120000 55.64
1436280180000 55.67
1436280240000 55.75
1436280300000 55.7832
1436280360000 55.75
1436280420000 55.8
1436280480000 55.82
1436280540000 55.78
1436280600000 55.8
1436280660000 55.77
1436280720000 55.7
1436280780000 55.73
1436280840000 55.79
1436280900000 55.78
1436280960000 55.78
1436281020000 55.85
1436281080000 55.88
1436281140000 56.05
1436281200000 56.0
1436281260000 56.05
1436281320000 56.0068
1436281380000 56.0
1436281440000 55.99
1436281500000 56.05
1436281560000 55.98
1436281620000 56.0
