1436261400000 4.95
1436261640000 4.93
1436261940000 4.89
1436262060000 4.86
1436262180000 4.8694
1436262540000 4.86
1436262600000 4.87
1436262780000 4.86
1436262840000 4.86
1436263140000 4.85
1436263380000 4.835
1436263440000 4.82
1436263500000 4.82
1436263560000 4.78
1436263680000 4.785
1436263740000 4.77
1436263980000 4.78
1436264040000 4.77
1436264160000 4.755
1436264340000 4.76
1436264760000 4.77
1436264820000 4.77
1436264940000 4.7701
1436265000000 4.7795
1436265060000 4.77
1436265120000 4.77
1436265180000 4.77
1436265240000 4.77
1436265300000 4.77
1436265360000 4.77
1436265480000 4.77
1436265540000 4.78
1436265600000 4.77
1436265660000 4.77
1436265720000 4.75
1436265780000 4.75
1436265900000 4.76
1436266020000 4.76
1436266080000 4.79
1436266260000 4.78
1436266320000 4.79
1436266380000 4.83
1436266440000 4.84
1436266500000 4.86
1436266560000 4.86
1436266860000 4.82
1436266920000 4.82
1436266980000 4.82
1436267040000 4.82
1436267100000 4.82
1436267160000 4.82
1436267220000 4.82
1436267280000 4.825
1436267340000 4.83
1436267400000 4.82
1436267460000 4.83
1436267520000 4.83
1436268060000 4.85
1436268120000 4.84
1436268480000 4.84
1436268540000 4.84
1436268720000 4.84
1436268780000 4.84
1436268840000 4.84
1436269380000 4.84
1436269800000 4.86
1436270100000 4.86
1436270160000 4.87
1436270220000 4.9
1436270820000 4.88
1436270880000 4.885
1436271000000 4.88
1436271060000 4.88
1436271240000 4.88
1436271480000 4.88
1436271540000 4.88
1436271720000 4.88
1436271960000 4.89
1436272020000 4.9
1436272440000 4.91
1436272500000 4.95
1436272560000 4.95
1436272620000 4.96
1436273160000 4.945
1436273220000 4.96
1436273700000 4.94
1436273820000 4.94
1436273880000 4.95
1436274000000 4.96
1436274060000 4.95
1436274120000 4.96
1436274240000 4.97
1436274420000 4.96
1436274480000 4.96
1436274600000 4.96
1436274720000 4.96
1436274780000 4.96
1436274900000 4.97
1436274960000 4.97
1436275260000 4.95
1436275380000 4.97
1436275920000 4.97
1436276040000 4.96
1436276160000 4.96
1436276280000 4.97
1436276460000 4.97
1436276520000 4.97
1436276580000 4.97
1436276640000 4.98
1436277180000 4.98
1436277240000 4.98
1436277300000 4.98
1436277420000 4.98
1436277480000 4.98
1436277540000 4.98
1436277600000 4.98
1436277720000 4.98
1436277780000 4.98
1436278200000 4.98
1436278260000 4.98
1436278380000 4.98
1436278440000 4.98
1436278500000 4.9899
1436278560000 4.98
1436278680000 4.98
1436278740000 4.98
1436278800000 4.98
1436278860000 4.98
1436279220000 4.98
1436279280000 4.99
1436279400000 4.98
1436279460000 4.98
1436279580000 4.98
1436279640000 4.98
1436279760000 4.98
1436279820000 4.98
1436279940000 4.98
1436280000000 4.99
1436280060000 4.99
1436280120000 4.98
1436280180000 4.99
1436280480000 4.99
1436280600000 4.99
1436280960000 4.98
1436281020000 4.98
1436281080000 5.0
1436281140000 5.0
1436281200000 5.0
1436281260000 5.0
1436281320000 5.0
1436281440000 5.0
1436281500000 4.99
1436281560000 4.99
