1436261400000 19.1
1436261460000 19.002
1436261520000 19.0
1436261580000 19.0
1436262600000 18.86
1436262960000 18.7999
1436263140000 18.75
1436263320000 18.68
1436263440000 18.66
1436263500000 18.66
1436263560000 18.64
1436263620000 18.63
1436264040000 18.62
1436264280000 18.59
1436264580000 18.57
1436264700000 18.52
1436264880000 18.5
1436265420000 18.47
1436265540000 18.45
1436265720000 18.45
1436265780000 18.391
1436265840000 18.375
1436265900000 18.39
1436265960000 18.4199
1436266020000 18.44
1436266140000 18.474
1436266500000 18.55
1436267040000 18.5042
1436267160000 18.5
1436267220000 18.48
1436267340000 18.4601
1436267520000 18.46
1436267700000 18.5
1436267760000 18.52
1436267820000 18.54
1436267880000 18.54
1436268480000 18.54
1436268840000 18.54
1436268960000 18.5398
1436269200000 18.54
1436269320000 18.5997
1436269560000 18.6
1436269680000 18.62
1436270520000 18.69
1436270820000 18.69
1436271780000 18.7
1436271960000 18.7
1436272020000 18.72
1436272260000 18.72
1436273580000 18.8158
1436273880000 18.805
1436274120000 18.83
1436274180000 18.83
1436274780000 18.85
1436275020000 18.85
1436275980000 18.87
1436276640000 18.89
1436276700000 18.9072
1436277120000 18.8942
1436278920000 18.83
1436279100000 18.8205
1436279580000 18.84
1436280060000 18.88
1436280180000 18.9
1436280780000 18.94
1436281200000 18.98
