1436261400000 7.25
1436261700000 7.25
1436261760000 7.23
1436262240000 7.2312
1436262300000 7.2191
1436262780000 7.23
1436262840000 7.23
1436263260000 7.2001
1436263320000 7.21
1436263380000 7.23
1436263500000 7.22
1436263620000 7.19
1436263680000 7.19
1436263740000 7.2
1436263800000 7.21
1436264160000 7.23
1436264580000 7.21
1436264640000 7.2
1436265060000 7.18
1436265120000 7.17
1436265660000 7.15
1436265780000 7.12
1436265840000 7.11
1436265900000 7.0946
1436266080000 7.098
1436266140000 7.08
1436266200000 7.0899
1436266320000 7.1
1436266440000 7.1
1436266500000 7.1
1436267280000 7.0967
1436267340000 7.1
1436267700000 7.1
1436268120000 7.1
1436268180000 7.1
1436268300000 7.11
1436268420000 7.12
1436268600000 7.1999
1436269020000 7.1899
1436269080000 7.15
1436269800000 7.14
1436269920000 7.14
1436270160000 7.18
1436270220000 7.1899
1436270700000 7.1301
1436272500000 7.19
1436273220000 7.162
1436273280000 7.184
1436273400000 7.181
1436273580000 7.155
1436273880000 7.19
1436274180000 7.2
1436274240000 7.21
1436274480000 7.204
1436274720000 7.2
1436274840000 7.22
1436275200000 7.22
1436275260000 7.22
1436275320000 7.22
1436275380000 7.22
1436275440000 7.22
1436275500000 7.22
1436276100000 7.22
1436276460000 7.21
1436276820000 7.18
1436277600000 7.19
1436278020000 7.2
1436278260000 7.2
1436278320000 7.2
1436279400000 7.2
1436279520000 7.2
1436280540000 7.2
1436280600000 7.2
1436280840000 7.2
1436281140000 7.22
