1436261400000 48.87
1436261460000 48.23
1436261520000 48.22
1436261580000 47.77
1436261640000 47.74
1436261700000 47.005
1436261760000 46.82
1436261820000 46.76
1436261880000 46.8
1436261940000 46.55
1436262000000 46.5
1436262060000 46.6
1436262120000 46.85
1436262180000 46.82
1436262240000 46.6
1436262300000 46.46
1436262360000 46.45
1436262420000 46.53
1436262480000 46.51
1436262540000 46.5401
1436262600000 46.46
1436262660000 46.53
1436262720000 46.08
1436262780000 46.04
1436262840000 46.015
1436262900000 45.75
1436262960000 45.67
1436263020000 45.71
1436263080000 45.73
1436263140000 45.037
1436263200000 45.18
1436263260000 45.13
1436263320000 45.26
1436263380000 45.395
1436263440000 45.55
1436263500000 45.19
1436263560000 45.14
1436263620000 44.91
1436263680000 44.85
1436263740000 44.76
1436263800000 44.7391
1436263860000 45.22
1436263920000 45.28
1436263980000 45.36
1436264040000 45.59
1436264100000 45.51
1436264160000 45.38
1436264220000 45.4
1436264280000 45.6
1436264340000 45.5452
1436264400000 45.64
1436264460000 45.75
1436264520000 45.64
1436264580000 45.63
1436264640000 45.59
1436264700000 44.98
1436264760000 44.66
1436264820000 44.81
1436264880000 44.74
1436264940000 45.05
1436265000000 45.2
1436265060000 45.43
1436265120000 45.36
1436265180000 45.38
1436265240000 45.43
1436265300000 45.62
1436265360000 45.6
1436265420000 45.57
1436265480000 45.45
1436265540000 45.43
1436265600000 45.14
1436265660000 45.08
1436265720000 44.94
1436265780000 44.59
1436265840000 44.77
1436265900000 44.99
1436265960000 45.08
1436266020000 45.27
1436266080000 45.43
1436266140000 45.4
1436266200000 45.41
1436266260000 45.36
1436266320000 45.416
1436266380000 45.53
1436266440000 45.54
1436266500000 45.41
1436266560000 45.21
1436266620000 45.16
1436266680000 44.8
1436266740000 44.4901
1436266800000 44.67
1436266860000 44.64
1436266920000 44.47
1436266980000 44.5
1436267040000 44.555
1436267100000 44.5
1436267160000 44.34
1436267220000 44.14
1436267280000 44.29
1436267340000 44.73
1436267400000 44.58
1436267460000 44.584
1436267520000 44.645
1436267580000 44.78
1436267640000 44.72
1436267700000 44.87
1436267760000 44.88
1436267820000 45.14
1436267880000 45.19
1436267940000 45.27
1436268000000 45.371
1436268060000 45.3
1436268120000 45.17
1436268180000 45.33
1436268240000 45.53
1436268360000 45.51
1436268420000 45.6
1436268480000 45.93
1436268540000 45.83
1436268600000 45.6216
1436268660000 45.9
1436268720000 45.8105
1436268780000 45.725
1436268840000 45.5906
1436268900000 45.31
1436268960000 45.18
1436269020000 45.29
1436269080000 45.33
1436269140000 45.31
1436269200000 45.24
1436269260000 45.18
1436269320000 45.16
1436269380000 45.06
1436269440000 45.29
1436269500000 45.29
1436269560000 45.36
1436269620000 45.78
1436269680000 45.8572
1436269740000 46.23
1436269800000 45.9432
1436269860000 45.89
1436269920000 45.76
1436269980000 45.7002
1436270040000 45.76
1436270100000 46.05
1436270160000 46.04
1436270220000 46.07
1436270280000 46.18
1436270340000 45.97
1436270400000 46.02
1436270460000 45.97
1436270520000 45.97
1436270580000 46.26
1436270640000 46.3
1436270700000 46.29
1436270760000 46.2
1436270820000 45.94
1436270880000 45.93
1436270940000 45.78
1436271000000 45.98
1436271060000 45.83
1436271120000 45.75
1436271180000 45.645
1436271240000 45.865
1436271300000 45.96
1436271360000 45.95
1436271420000 46.12
1436271480000 46.19
1436271540000 46.29
1436271600000 46.44
1436271660000 46.43
1436271720000 46.49
1436271780000 46.61
1436271840000 46.7101
1436271900000 46.65
1436271960000 46.6
1436272020000 46.59
1436272080000 46.34
1436272140000 46.64
1436272200000 46.41
1436272260000 46.43
1436272320000 46.46
1436272380000 46.36
1436272440000 46.55
1436272500000 46.55
1436272560000 46.56
1436272620000 46.65
1436272680000 46.76
1436272740000 46.74
1436272800000 46.62
1436272860000 46.5
1436272920000 46.52
1436272980000 46.2
1436273040000 46.03
1436273100000 46.03
1436273160000 45.99
1436273220000 46.0699
1436273280000 46.1737
1436273340000 46.06
1436273400000 46.06
1436273460000 46.15
1436273520000 46.19
1436273580000 46.07
1436273640000 46.08
1436273700000 46.0801
1436273760000 46.05
1436273820000 45.8349
1436273880000 45.8004
1436273940000 46.07
1436274000000 46.0
1436274060000 45.86
1436274120000 45.81
1436274180000 45.8154
1436274240000 45.92
1436274300000 45.8949
1436274360000 45.87
1436274420000 45.84
1436274480000 45.42
1436274540000 45.69
1436274600000 45.67
1436274660000 45.82
1436274720000 46.0349
1436274780000 46.08
1436274840000 46.08
1436274900000 46.18
1436274960000 46.13
1436275020000 46.36
1436275080000 46.35
1436275140000 46.44
1436275200000 46.52
1436275260000 46.46
1436275320000 46.67
1436275380000 46.639
1436275440000 46.4901
1436275500000 46.53
1436275560000 46.5
1436275620000 46.52
1436275680000 46.558
1436275740000 46.52
1436275800000 46.71
1436275860000 46.99
1436275920000 46.88
1436275980000 46.68
1436276040000 46.45
1436276100000 46.56
1436276160000 46.64
1436276220000 46.5
1436276280000 46.27
1436276340000 46.35
1436276400000 46.4
1436276460000 46.41
1436276520000 46.34
1436276580000 46.35
1436276640000 46.32
1436276700000 46.49
1436276760000 46.692
1436276820000 46.52
1436276880000 46.55
1436276940000 46.52
1436277000000 46.4992
1436277060000 46.44
1436277120000 46.39
1436277180000 46.37
1436277240000 46.39
1436277300000 46.4
1436277360000 46.3836
1436277420000 46.53
1436277480000 46.5
1436277540000 46.45
1436277600000 46.37
1436277660000 46.45
1436277720000 46.45
1436277780000 46.4131
1436277840000 46.4
1436277900000 46.3
1436277960000 46.18
1436278020000 46.15
1436278080000 46.16
1436278140000 46.105
1436278200000 46.17
1436278260000 46.255
1436278320000 46.36
1436278380000 46.31
1436278440000 46.33
1436278500000 46.32
1436278560000 46.28
1436278620000 46.2
1436278680000 46.2
1436278740000 46.205
1436278800000 46.19
1436278860000 46.03
1436278920000 46.01
1436278980000 46.0
1436279040000 46.03
1436279100000 46.14
1436279160000 46.16
1436279220000 46.11
1436279280000 46.16
1436279340000 46.13
1436279400000 46.14
1436279460000 46.16
1436279520000 46.16
1436279580000 46.24
1436279640000 46.5
1436279700000 46.44
1436279760000 46.39
1436279820000 46.3
1436279880000 46.31
1436279940000 46.38
1436280000000 46.53
1436280060000 46.56
1436280120000 46.56
1436280180000 46.48
1436280240000 46.51
1436280300000 46.61
1436280360000 46.555
1436280420000 46.58
1436280480000 46.56
1436280540000 46.58
1436280600000 46.54
1436280660000 46.46
1436280720000 46.29
1436280780000 46.485
1436280840000 46.5
1436280900000 46.52
1436280960000 46.43
1436281020000 46.44
1436281080000 46.46
1436281140000 46.65
1436281200000 46.62
1436281260000 46.6
1436281320000 46.51
1436281380000 46.37
1436281440000 46.39
1436281500000 46.46
1436281560000 46.44
1436281620000 46.38
