1436261400000 91.43
1436261460000 91.0
1436261520000 90.96
1436261580000 90.96
1436261640000 90.93
1436261700000 90.79
1436261760000 90.59
1436261820000 90.5
1436261880000 90.32
1436261940000 90.44
1436262000000 90.315
1436262060000 90.33
1436262120000 90.285
1436262180000 90.36
1436262240000 90.32
1436262300000 90.38
1436262420000 90.45
1436262480000 90.4
1436262540000 90.39
1436262600000 90.34
1436262660000 90.31
1436262720000 90.3
1436262780000 90.365
1436262840000 90.34
1436262900000 90.295
1436262960000 90.2
1436263020000 90.13
1436263080000 90.035
1436263140000 89.9
1436263200000 89.89
1436263260000 89.9
1436263320000 89.834
1436263380000 89.83
1436263440000 89.855
1436263500000 89.78
1436263560000 89.74
1436263620000 89.54
1436263680000 89.5
1436263800000 89.49
1436263920000 89.58
1436263980000 89.58
1436264040000 89.56
1436264100000 89.47
1436264160000 89.42
1436264220000 89.44
1436264280000 89.46
1436264340000 89.5
1436264400000 89.48
1436264460000 89.4
1436264520000 89.43
1436264580000 89.37
1436264640000 89.34
1436264700000 89.34
1436264760000 89.26
1436264820000 89.231
1436264880000 89.11
1436264940000 89.08
1436265000000 88.97
1436265060000 88.9401
1436265120000 88.9
1436265180000 88.89
1436265240000 88.93
1436265300000 88.87
1436265360000 88.81
1436265420000 88.83
1436265480000 88.79
1436265540000 88.74
1436265600000 88.68
1436265660000 88.56
1436265720000 88.53
1436265780000 88.4
1436265840000 88.42
1436265900000 88.54
1436265960000 88.61
1436266020000 88.74
1436266080000 88.85
1436266200000 88.96
1436266260000 88.98
1436266320000 89.065
1436266380000 89.14
1436266440000 89.17
1436266500000 89.3
1436266560000 89.22
1436266620000 89.28
1436266680000 89.27
1436266740000 89.19
1436266800000 89.18
1436266860000 89.05
1436266920000 89.03
1436266980000 89.05
1436267040000 89.0
1436267100000 88.99
1436267160000 88.86
1436267220000 88.98
1436267280000 88.93
1436267340000 88.93
1436267400000 88.99
1436267460000 88.99
1436267520000 89.04
1436267580000 89.06
1436267640000 89.06
1436267700000 89.08
1436267760000 89.12
1436267820000 89.14
1436267880000 89.13
1436267940000 89.04
1436268000000 89.07
1436268060000 89.01
1436268120000 88.96
1436268180000 89.01
1436268240000 89.0
1436268300000 88.95
1436268420000 88.99
1436268480000 88.94
1436268540000 88.84
1436268600000 88.85
1436268660000 88.81
1436268720000 88.77
1436268780000 88.76
1436268840000 88.71
1436268900000 88.65
1436268960000 88.62
1436269020000 88.71
1436269080000 88.74
1436269140000 88.83
1436269200000 88.93
1436269260000 88.97
1436269320000 88.93
1436269380000 89.01
1436269440000 89.03
1436269500000 89.09
1436269560000 89.02
1436269620000 89.06
1436269680000 89.06
1436269740000 88.99
1436269800000 89.0699
1436269920000 89.01
1436269980000 89.04
1436270040000 89.05
1436270100000 89.07
1436270160000 89.21
1436270220000 89.4
1436270280000 89.33
1436270340000 89.31
1436270400000 89.24
1436270460000 89.26
1436270520000 89.24
1436270580000 89.23
1436270640000 89.22
1436270820000 89.3
1436271000000 89.33
1436271120000 89.22
1436271180000 89.23
1436271240000 89.22
1436271300000 89.26
1436271360000 89.3
1436271420000 89.2227
1436271480000 89.2
1436271540000 89.22
1436271600000 89.22
1436271660000 89.27
1436271720000 89.25
1436271780000 89.24
1436271840000 89.22
1436271900000 89.24
1436271960000 89.2
1436272020000 89.25
1436272080000 89.29
1436272140000 89.23
1436272200000 89.22
1436272260000 89.25
1436272320000 89.32
1436272380000 89.34
1436272440000 89.4
1436272500000 89.44
1436272560000 89.4
1436272680000 89.45
1436272740000 89.56
1436272800000 89.55
1436272860000 89.55
1436272920000 89.55
1436272980000 89.58
1436273040000 89.6
1436273100000 89.6
1436273160000 89.71
1436273220000 89.77
1436273280000 89.79
1436273340000 89.76
1436273400000 89.77
1436273460000 89.75
1436273520000 89.78
1436273580000 89.74
1436273640000 89.74
1436273700000 89.82
1436273760000 89.81
1436273820000 89.835
1436273880000 89.855
1436273940000 89.93
1436274000000 89.93
1436274060000 89.88
1436274120000 89.85
1436274180000 89.81
1436274240000 89.84
1436274300000 89.81
1436274420000 89.74
1436274480000 89.71
1436274540000 89.8112
1436274600000 89.84
1436274660000 89.81
1436274720000 89.98
1436274780000 90.05
1436274840000 90.09
1436274900000 90.15
1436274960000 90.0
1436275020000 89.96
1436275080000 89.93
1436275140000 89.91
1436275200000 89.96
1436275260000 89.89
1436275320000 89.92
1436275380000 89.93
1436275440000 90.0
1436275500000 89.99
1436275560000 90.01
1436275620000 90.02
1436275680000 90.12
1436275740000 90.14
1436275800000 90.18
1436275860000 90.16
1436275980000 90.07
1436276040000 90.08
1436276220000 90.11
1436276280000 90.12
1436276400000 90.19
1436276520000 90.12
1436276640000 90.25
1436276700000 90.33
1436276820000 90.31
1436276880000 90.31
1436276940000 90.34
1436277000000 90.36
1436277060000 90.32
1436277120000 90.31
1436277300000 90.25
1436277360000 90.25
1436277420000 90.29
1436277480000 90.25
1436277540000 90.24
1436277600000 90.27
1436277720000 90.3
1436277840000 90.33
1436277900000 90.33
1436277960000 90.29
1436278080000 90.26
1436278140000 90.27
1436278200000 90.34
1436278320000 90.32
1436278440000 90.32
1436278500000 90.33
1436278560000 90.31
1436278680000 90.31
1436278740000 90.23
1436278860000 90.14
1436278920000 90.03
1436278980000 90.01
1436279040000 90.08
1436279100000 90.1
1436279160000 90.14
1436279220000 90.06
1436279280000 90.06
1436279340000 90.07
1436279400000 90.03
1436279460000 90.05
1436279520000 90.08
1436279580000 90.13
1436279640000 90.09
1436279700000 90.09
1436279820000 90.14
1436279880000 90.15
1436279940000 90.26
1436280000000 90.25
1436280060000 90.34
1436280120000 90.46
1436280180000 90.46
1436280240000 90.6
1436280300000 90.6
1436280360000 90.61
1436280420000 90.69
1436280480000 90.66
1436280540000 90.67
1436280600000 90.68
1436280720000 90.65
1436280780000 90.67
1436280900000 90.72
1436280960000 90.72
1436281020000 90.8
1436281080000 90.84
1436281140000 91.11
1436281200000 91.09
1436281260000 91.12
1436281320000 91.04
1436281380000 91.03
1436281440000 91.05
1436281500000 91.06
1436281560000 90.96
