1436261400000 4.5
1436261460000 4.5
1436261520000 4.52
1436261700000 4.495
1436261760000 4.485
1436261820000 4.485
1436261880000 4.485
1436261940000 4.485
1436262000000 4.485
1436262060000 4.485
1436262300000 4.48
1436262780000 4.49
1436263020000 4.5
1436263080000 4.5
1436263740000 4.495
1436263860000 4.49
1436264100000 4.49
1436264160000 4.5
1436264700000 4.495
1436265000000 4.495
1436265240000 4.49
1436265300000 4.48
1436265420000 4.47
1436265540000 4.47
1436265660000 4.45
1436265780000 4.43
1436265900000 4.435
1436265960000 4.435
1436266080000 4.43
1436266140000 4.44
1436266200000 4.44
1436266500000 4.42
1436266560000 4.43
1436266620000 4.43
1436266740000 4.44
1436266860000 4.43
1436266920000 4.44
1436267100000 4.435
1436267220000 4.435
1436267280000 4.45
1436267460000 4.45
1436267700000 4.47
1436267880000 4.46
1436267940000 4.45
1436268060000 4.45
1436268240000 4.44
1436268540000 4.44
1436268600000 4.44
1436268720000 4.44
1436268780000 4.45
1436268900000 4.44
1436268960000 4.44
1436269320000 4.43
1436269500000 4.4437
1436269560000 4.44
1436269680000 4.43
1436269860000 4.44
1436269920000 4.45
1436270040000 4.44
1436270400000 4.44
1436270820000 4.44
1436270880000 4.4342
1436271060000 4.44
1436271120000 4.44
1436271180000 4.44
1436271240000 4.44
1436271300000 4.44
1436271360000 4.45
1436271420000 4.44
1436271480000 4.44
1436271660000 4.435
1436271720000 4.44
1436271900000 4.45
1436271960000 4.445
1436272020000 4.445
1436272500000 4.48
1436272620000 4.47
1436272680000 4.47
1436272920000 4.47
1436272980000 4.47
1436273040000 4.47
1436273280000 4.47
1436273340000 4.47
1436273460000 4.47
1436273640000 4.47
1436273760000 4.47
1436274420000 4.47
1436274480000 4.47
1436274600000 4.462
1436274780000 4.47
1436274900000 4.47
1436275200000 4.47
1436275680000 4.48
1436275740000 4.462
1436275920000 4.47
1436275980000 4.465
1436276040000 4.465
1436276100000 4.47
1436276220000 4.47
1436276400000 4.465
1436276520000 4.47
1436276580000 4.47
1436276640000 4.475
1436276700000 4.49
1436276820000 4.49
1436277120000 4.46
1436277540000 4.46
1436277660000 4.46
1436277780000 4.49
1436277960000 4.49
1436278080000 4.49
1436278440000 4.47
1436278500000 4.47
1436278560000 4.47
1436278620000 4.46
1436278680000 4.47
1436278740000 4.46
1436278800000 4.47
1436278860000 4.48
1436278920000 4.47
1436278980000 4.47
1436279280000 4.47
1436279400000 4.46
1436280120000 4.46
1436280420000 4.46
1436280540000 4.48
1436280600000 4.48
1436280660000 4.49
1436280720000 4.5
1436280780000 4.49
1436280900000 4.49
1436280960000 4.495
1436281080000 4.5
1436281320000 4.495
1436281380000 4.5
1436281560000 4.495
