1404705600000 28.9
1404792000000 28.89
1404878400000 28.89
1404964800000 28.89
1405051200000 28.9
1405310400000 28.89
1405396800000 28.84
1405656000000 28.85
1405915200000 28.88
1406001600000 28.9
1406260800000 28.88
1406520000000 28.88
1406606400000 28.9388
1406692800000 28.84
1406779200000 29.0
1406865600000 28.985
1407124800000 29.0
1407211200000 28.95
1407297600000 28.97
1407384000000 28.95
1407470400000 29.0
1407729600000 29.11
1407816000000 28.9001
1407902400000 29.0
1407988800000 29.01
1408075200000 29.0
1408334400000 29.0
1408420800000 29.17
1408507200000 29.01
1408593600000 29.01
1408680000000 28.96
1408939200000 29.0
1409025600000 28.8
1409112000000 28.72
1409198400000 28.8
1409284800000 28.75
1409630400000 28.8
1409803200000 29.0
1409889600000 29.0
1410148800000 28.94
1410235200000 29.0
1410321600000 29.0
1410408000000 29.0
1410494400000 29.01
1410753600000 29.55
1411012800000 29.49
1411099200000 29.25
1411358400000 29.15
1411531200000 29.08
1411617600000 29.07
1411704000000 29.01
1412049600000 29.1
1412568000000 29.1
1412654400000 29.025
1412827200000 29.34
1412913600000 29.17
1413172800000 29.165
1413259200000 29.13
1413345600000 29.1001
