1436261400000 12.4
1436261640000 12.53
1436261700000 12.5
1436261760000 12.53
1436261940000 12.5035
1436262000000 12.51
1436262060000 12.5
1436262120000 12.52
1436262720000 12.53
1436262780000 12.5618
1436262840000 12.543
1436263080000 12.52
1436263140000 12.5
1436263200000 12.5
1436263260000 12.5
1436263320000 12.5
1436263380000 12.5
1436263440000 12.51
1436263500000 12.51
1436263620000 12.5
1436263740000 12.55
1436264580000 12.56
1436264640000 12.58
1436264700000 12.57
1436264760000 12.53
1436264820000 12.54
1436264880000 12.51
1436265000000 12.5218
1436265060000 12.504
1436265120000 12.51
1436265180000 12.5
1436265240000 12.5263
1436265300000 12.43
1436265420000 12.36
1436265660000 12.33
1436265720000 12.32
1436265780000 12.26
1436265960000 12.24
1436266080000 12.2799
1436266380000 12.235
1436266500000 12.22
1436266620000 12.22
1436266680000 12.22
1436266740000 12.22
1436266800000 12.22
1436267280000 12.22
1436267520000 12.155
1436267580000 12.15
1436267640000 12.1679
1436267760000 12.18
1436267820000 12.225
1436267880000 12.2
1436267940000 12.1801
1436268240000 12.1901
1436268360000 12.1845
1436268660000 12.163
1436268720000 12.18
1436268840000 12.15
1436268900000 12.06
1436268960000 12.065
1436269080000 12.09
1436269140000 12.11
1436269200000 12.08
1436269320000 12.11
1436269440000 12.12
1436269620000 12.13
1436269740000 12.1
1436269860000 12.105
1436269980000 12.0851
1436270040000 12.107
1436270100000 12.1
1436270340000 12.16
1436270400000 12.12
1436270460000 12.12
1436270520000 12.11
1436270580000 12.13
1436270640000 12.13
1436270820000 12.14
1436271000000 12.14
1436271060000 12.12
1436271240000 12.12
1436271360000 12.124
1436271540000 12.124
1436271720000 12.14
1436271780000 12.14
1436271840000 12.147
1436271900000 12.125
1436271960000 12.15
1436272020000 12.15
1436272080000 12.15
1436272320000 12.15
1436272440000 12.134
1436272680000 12.15
1436272740000 12.16
1436273040000 12.1615
1436273100000 12.176
1436273220000 12.1501
1436273280000 12.135
1436273340000 12.1275
1436273400000 12.14
1436273460000 12.125
1436273520000 12.14
1436273580000 12.17
1436274120000 12.1101
1436274540000 12.11
1436274840000 12.148
1436274900000 12.15
1436275080000 12.17
1436275320000 12.149
1436275500000 12.16
1436275620000 12.16
1436275740000 12.1845
1436275800000 12.16
1436275980000 12.18
1436276160000 12.1872
1436276280000 12.18
1436276340000 12.19
1436276400000 12.21
1436276580000 12.2299
1436276640000 12.21
1436276700000 12.2
1436276760000 12.21
1436276820000 12.25
1436276880000 12.25
1436276940000 12.25
1436277000000 12.25
1436277060000 12.25
1436277360000 12.21
1436277420000 12.18
1436277480000 12.2
1436277540000 12.2
1436277720000 12.18
1436277900000 12.16
1436278380000 12.2
1436278500000 12.19
1436278560000 12.2
1436278620000 12.25
1436278740000 12.22
1436278980000 12.19
1436279040000 12.19
1436279280000 12.19
1436279580000 12.19
1436279640000 12.1805
1436279820000 12.1701
1436280120000 12.17
1436280180000 12.23
1436280240000 12.34
1436280420000 12.35
1436280480000 12.36
1436280840000 12.36
1436280960000 12.34
1436281020000 12.35
1436281200000 12.37
1436281560000 12.39
