1404705600000 1.19
1404792000000 1.18
1404964800000 1.1899
1405051200000 1.17
1405396800000 1.1701
1405483200000 1.17
1405569600000 1.15
1405656000000 1.14
1405915200000 1.15
1406001600000 1.18
1406088000000 1.16
1406174400000 1.15
1406260800000 1.15
1406520000000 1.16
1406606400000 1.1201
1406692800000 1.11
1406779200000 1.112
1406865600000 1.154
1407124800000 1.2
1407211200000 1.19
1407297600000 1.19
1407384000000 1.19
1407729600000 1.19
1407816000000 1.19
1407902400000 1.195
1407988800000 1.19
1408075200000 1.16
1408334400000 1.22
1408420800000 1.21
