1436261400000 0.29
1436261460000 0.2899
1436261700000 0.28
1436261820000 0.2808
1436261880000 0.2805
1436262000000 0.2806
1436263140000 0.2805
1436263440000 0.2805
1436265060000 0.2805
1436265420000 0.2806
1436265660000 0.2814
1436265720000 0.2806
1436265900000 0.281
1436265960000 0.2827
1436266020000 0.2827
1436266080000 0.2827
1436266140000 0.2848
1436266200000 0.2841
1436266440000 0.282
1436266620000 0.2841
1436266680000 0.284
1436266740000 0.284
1436266800000 0.284
1436266980000 0.2818
1436267160000 0.2807
1436267220000 0.284
1436267340000 0.2816
1436267400000 0.284
1436267580000 0.285
1436267640000 0.2807
1436267700000 0.285
1436267760000 0.2813
1436267940000 0.2818
1436268000000 0.285
1436268180000 0.285
1436268240000 0.2842
1436268420000 0.285
1436268540000 0.2816
1436268600000 0.2826
1436268660000 0.285
1436268780000 0.285
1436268900000 0.285
1436268960000 0.285
1436269080000 0.2853
1436269380000 0.285
1436269440000 0.2849
1436269500000 0.2849
1436269560000 0.285
1436269620000 0.285
1436269680000 0.285
1436269740000 0.285
1436269800000 0.285
1436269860000 0.2874
1436269920000 0.288
1436269980000 0.2893
1436270040000 0.2893
1436270100000 0.288
1436270340000 0.2893
1436270400000 0.2893
1436270460000 0.2893
1436270520000 0.288
1436270580000 0.288
1436270640000 0.288
1436270880000 0.285
1436271000000 0.2872
1436271060000 0.2834
1436271240000 0.2864
1436271300000 0.2841
1436271360000 0.2863
1436271420000 0.289
1436271480000 0.2889
1436271600000 0.2901
1436271660000 0.2996
1436271780000 0.2902
1436271840000 0.2902
1436271960000 0.2903
1436272140000 0.291
1436272200000 0.293
1436272260000 0.3
1436272320000 0.295
1436272500000 0.2955
1436272560000 0.292
1436272620000 0.2924
1436272740000 0.2965
1436272800000 0.2939
1436272860000 0.2968
1436272980000 0.3002
1436273040000 0.301
1436273100000 0.3149
1436273160000 0.3102
1436273220000 0.3179
1436273280000 0.315
1436273340000 0.2968
1436273400000 0.3098
1436273460000 0.3098
1436273520000 0.3098
1436273700000 0.3055
1436273760000 0.3052
1436273940000 0.3011
1436274000000 0.3048
1436274060000 0.3034
1436274120000 0.3001
1436274240000 0.3001
1436274300000 0.3
1436274360000 0.3001
1436274420000 0.3
1436274480000 0.3099
1436274540000 0.3077
1436274600000 0.3077
1436274660000 0.3043
1436274720000 0.3017
1436274840000 0.3005
1436274900000 0.3041
1436274960000 0.304
1436275020000 0.2999
1436275140000 0.2998
1436275200000 0.2968
1436275320000 0.2996
1436275440000 0.3
1436275500000 0.3
1436275560000 0.3
1436275620000 0.3
1436275740000 0.2976
1436275800000 0.2999
1436275860000 0.2997
1436275920000 0.3
1436276040000 0.3021
1436276100000 0.3021
1436276280000 0.306
1436276340000 0.3
1436276400000 0.3
1436276460000 0.2948
1436276580000 0.306
1436276700000 0.3076
1436276820000 0.3026
1436277000000 0.3
1436277060000 0.3015
1436277180000 0.3
1436277240000 0.305
1436277300000 0.305
1436277420000 0.3051
1436277540000 0.3051
1436277600000 0.3051
1436277660000 0.3095
1436277720000 0.3051
1436277900000 0.306
1436278080000 0.3051
1436278200000 0.305
1436278260000 0.3051
1436278380000 0.3092
1436278440000 0.3051
1436278500000 0.307
1436278560000 0.307
1436278800000 0.3059
1436278860000 0.3058
1436278980000 0.306
1436279040000 0.3058
1436279100000 0.306
1436279340000 0.306
1436279520000 0.3082
1436279580000 0.3094
1436279640000 0.31
1436279700000 0.3162
1436279820000 0.31
1436279880000 0.31
1436279940000 0.31
1436280000000 0.31
1436280060000 0.3098
1436280240000 0.31
1436280420000 0.31
1436280540000 0.31
1436280600000 0.3101
1436280660000 0.3106
1436280720000 0.3106
1436280900000 0.315
1436280960000 0.3137
1436281080000 0.315
1436281140000 0.315
1436281200000 0.3106
1436281260000 0.315
1436281380000 0.3106
1436281500000 0.3019
