1436261400000 0.79
1436261760000 0.79
1436262300000 0.79
1436262360000 0.79
1436262480000 0.79
1436262600000 0.79
1436262660000 0.79
1436262780000 0.79
1436262900000 0.7973
1436262960000 0.7973
1436263380000 0.7976
1436263500000 0.79
1436263560000 0.79
1436264100000 0.766
1436264400000 0.7698
1436264460000 0.7601
1436264760000 0.76
1436265000000 0.7613
1436265960000 0.7711
1436266200000 0.7602
1436266560000 0.76
1436266980000 0.7797
1436267100000 0.7697
1436267520000 0.7637
1436268000000 0.7666
1436268300000 0.7639
1436268720000 0.7637
1436268780000 0.76
1436268840000 0.751
1436268900000 0.7117
1436268960000 0.7199
1436269380000 0.7201
1436269500000 0.73
1436269620000 0.7201
1436270160000 0.723
1436270220000 0.7201
1436270760000 0.75
1436271060000 0.75
1436271120000 0.7499
1436272140000 0.7301
1436272260000 0.7328
1436272620000 0.7318
1436272980000 0.7311
1436273040000 0.7399
1436275080000 0.7401
1436277540000 0.7558
1436277660000 0.7483
1436278440000 0.743
1436278500000 0.7498
1436278800000 0.758
