1436261400000 68.52
1436261460000 68.5151
1436261520000 68.39
1436261580000 68.22
1436261640000 68.345
1436261700000 68.15
1436261760000 67.91
1436261820000 67.82
1436261880000 67.69
1436261940000 67.62
1436262000000 67.665
1436262060000 67.44
1436262120000 67.45
1436262180000 67.51
1436262240000 67.71
1436262300000 67.32
1436262360000 67.28
1436262420000 67.09
1436262480000 67.23
1436262540000 67.33
1436262600000 67.305
1436262660000 67.155
1436262720000 67.06
1436262780000 67.11
1436262840000 67.215
1436262900000 67.29
1436262960000 67.27
1436263020000 67.38
1436263080000 67.34
1436263140000 67.23
1436263200000 67.18
1436263260000 67.17
1436263320000 67.18
1436263380000 67.27
1436263440000 67.37
1436263500000 67.425
1436263560000 67.37
1436263620000 67.16
1436263680000 67.14
1436263740000 67.06
1436263800000 67.09
1436263860000 67.23
1436263920000 67.3
1436263980000 67.34
1436264040000 67.41
1436264100000 67.27
1436264160000 67.21
1436264220000 67.3
1436264280000 67.22
1436264340000 67.3
1436264400000 67.25
1436264460000 67.2
1436264520000 67.32
1436264580000 67.28
1436264640000 67.22
1436264700000 67.13
1436264760000 67.0
1436264820000 66.9
1436264880000 66.81
1436264940000 66.89
1436265000000 66.84
1436265060000 66.685
1436265120000 66.53
1436265180000 66.58
1436265240000 66.52
1436265300000 66.5
1436265360000 66.495
1436265420000 66.5
1436265480000 66.34
1436265540000 66.31
1436265600000 66.22
1436265660000 66.23
1436265720000 66.14
1436265780000 65.98
1436265840000 66.005
1436265900000 66.01
1436265960000 65.93
1436266020000 66.08
1436266080000 66.18
1436266140000 66.28
1436266200000 66.33
1436266260000 66.255
1436266320000 66.33
1436266380000 66.48
1436266440000 66.55
1436266500000 66.74
1436266560000 66.495
1436266620000 66.57
1436266680000 66.48
1436266740000 66.5
1436266800000 66.47
1436266860000 66.43
1436266920000 66.43
1436266980000 66.485
1436267040000 66.46
1436267100000 66.47
1436267160000 66.33
1436267220000 66.06
1436267280000 66.09
1436267340000 66.14
1436267400000 66.22
1436267460000 66.18
1436267520000 66.22
1436267580000 66.4
1436267640000 66.31
1436267700000 66.41
1436267760000 66.59
1436267820000 66.57
1436267880000 66.565
1436267940000 66.5
1436268000000 66.54
1436268060000 66.5642
1436268120000 66.68
1436268180000 66.73
1436268240000 66.8299
1436268300000 66.7
1436268360000 66.64
1436268420000 66.69
1436268480000 66.82
1436268540000 66.69
1436268600000 66.65
1436268660000 66.65
1436268720000 66.67
1436268780000 66.63
1436268840000 66.625
1436268900000 66.49
1436268960000 66.49
1436269020000 66.63
1436269080000 66.7
1436269140000 66.665
1436269200000 66.67
1436269260000 66.63
1436269320000 66.65
1436269380000 66.78
1436269440000 66.74
1436269500000 66.77
1436269560000 66.77
1436269620000 66.76
1436269680000 66.875
1436269740000 66.78
1436269800000 66.83
1436269860000 66.89
1436269920000 66.85
1436269980000 66.93
1436270040000 66.93
1436270100000 66.93
1436270160000 66.901
1436270220000 67.215
1436270280000 67.03
1436270340000 67.1
1436270400000 67.085
1436270460000 67.1301
1436270520000 67.16
1436270580000 67.268
1436270640000 67.4
1436270700000 67.325
1436270760000 67.3105
1436270820000 67.3
1436270880000 67.26
1436270940000 67.27
1436271000000 67.35
1436271060000 67.325
1436271120000 67.245
1436271180000 67.23
1436271240000 67.25
1436271300000 67.29
1436271360000 67.38
1436271420000 67.33
1436271480000 67.26
1436271540000 67.27
1436271600000 67.29
1436271660000 67.355
1436271720000 67.44
1436271840000 67.38
1436271900000 67.38
1436271960000 67.36
1436272020000 67.38
1436272080000 67.38
1436272140000 67.376
1436272200000 67.41
1436272260000 67.45
1436272320000 67.58
1436272380000 67.51
1436272440000 67.59
1436272500000 67.575
1436272560000 67.51
1436272620000 67.54
1436272680000 67.62
1436272740000 67.655
1436272800000 67.67
1436272860000 67.63
1436272920000 67.62
1436272980000 67.69
1436273040000 67.71
1436273100000 67.7
1436273160000 67.79
1436273220000 67.97
1436273280000 67.88
1436273340000 67.88
1436273400000 67.93
1436273460000 67.92
1436273520000 67.95
1436273580000 67.89
1436273640000 67.85
1436273700000 68.01
1436273760000 68.0
1436273820000 68.05
1436273880000 68.21
1436273940000 68.2
1436274000000 68.095
1436274060000 68.19
1436274120000 68.21
1436274180000 68.14
1436274240000 68.13
1436274300000 68.1
1436274360000 68.08
1436274420000 68.07
1436274480000 68.07
1436274540000 68.2
1436274600000 68.11
1436274660000 68.14
1436274720000 68.27
1436274780000 68.29
1436274840000 68.334
1436274900000 68.395
1436274960000 68.24
1436275020000 68.13
1436275080000 68.06
1436275140000 68.06
1436275200000 68.075
1436275260000 67.99
1436275320000 67.99
1436275380000 68.03
1436275440000 68.05
1436275500000 68.03
1436275560000 67.99
1436275620000 67.99
1436275680000 68.025
1436275740000 68.04
1436275800000 68.11
1436275860000 68.1
1436275920000 68.03
1436275980000 67.98
1436276040000 67.9
1436276160000 67.94
1436276220000 67.91
1436276280000 67.86
1436276340000 67.84
1436276400000 67.865
1436276460000 67.81
1436276520000 67.84
1436276580000 67.96
1436276640000 67.99
1436276700000 68.01
1436276760000 67.98
1436276820000 68.0
1436276880000 67.9706
1436276940000 68.01
1436277000000 68.01
1436277060000 67.96
1436277120000 67.99
1436277180000 67.96
1436277240000 67.91
1436277300000 67.86
1436277360000 67.87
1436277420000 67.83
1436277480000 67.78
1436277540000 67.75
1436277600000 67.82
1436277660000 67.82
1436277720000 67.77
1436277780000 67.7
1436277840000 67.65
1436277900000 67.65
1436277960000 67.6599
1436278020000 67.66
1436278080000 67.66
1436278140000 67.69
1436278200000 67.74
1436278260000 67.74
1436278380000 67.67
1436278440000 67.61
1436278500000 67.55
1436278560000 67.5
1436278620000 67.48
1436278680000 67.41
1436278740000 67.41
1436278800000 67.41
1436278860000 67.33
1436278920000 67.25
1436278980000 67.17
1436279040000 67.2
1436279100000 67.24
1436279160000 67.27
1436279220000 67.25
1436279280000 67.236
1436279340000 67.24
1436279400000 67.23
1436279460000 67.27
1436279520000 67.24
1436279580000 67.36
1436279640000 67.4218
1436279700000 67.45
1436279760000 67.53
1436279820000 67.47
1436279880000 67.46
1436279940000 67.63
1436280000000 67.6
1436280060000 67.61
1436280120000 67.6201
1436280180000 67.62
1436280240000 67.8
1436280300000 67.81
1436280360000 67.82
1436280420000 67.82
1436280480000 67.774
1436280540000 67.74
1436280600000 67.79
1436280660000 67.74
1436280720000 67.9
1436280780000 67.89
1436280840000 67.91
1436280900000 67.97
1436280960000 68.035
1436281020000 68.14
1436281080000 68.17
1436281140000 68.29
1436281200000 68.38
1436281260000 68.39
1436281320000 68.43
1436281380000 68.45
1436281440000 68.42
1436281500000 68.45
1436281560000 68.36
1436281620000 68.3
