1436261400000 7.07
1436261460000 7.02
1436261520000 7.05
1436261580000 7.05
1436261640000 7.06
1436261700000 7.034
1436261760000 7.0
1436261880000 7.04
1436262000000 7.06
1436262060000 7.07
1436262120000 7.05
1436262180000 7.07
1436262240000 7.08
1436262300000 7.08
1436262360000 7.05
1436262420000 7.04
1436262540000 7.07
1436262600000 7.05
1436262660000 7.04
1436262720000 7.07
1436262840000 7.06
1436262900000 7.0628
1436262960000 7.06
1436263020000 7.06
1436263080000 7.04
1436263140000 7.03
1436263200000 7.0414
1436263260000 7.031
1436263320000 7.03
1436263380000 7.05
1436263440000 7.04
1436263500000 7.04
1436263560000 7.03
1436263620000 7.02
1436263680000 7.01
1436263740000 7.01
1436263800000 7.03
1436263860000 7.04
1436263920000 7.04
1436263980000 7.03
1436264040000 7.03
1436264100000 7.02
1436264160000 7.02
1436264220000 7.02
1436264280000 7.02
1436264340000 7.0201
1436264400000 7.0101
1436264460000 7.01
1436264640000 6.99
1436264700000 6.98
1436264760000 6.97
1436264820000 6.97
1436264880000 6.961
1436264940000 6.96
1436265000000 6.98
1436265060000 6.96
1436265120000 6.96
1436265180000 6.97
1436265240000 6.97
1436265300000 6.96
1436265360000 6.95
1436265420000 6.96
1436265480000 6.95
1436265540000 6.94
1436265600000 6.92
1436265660000 6.91
1436265720000 6.91
1436265780000 6.9
1436265840000 6.91
1436265960000 6.92
1436266020000 6.95
1436266080000 6.96
1436266200000 6.96
1436266260000 6.94
1436266320000 6.96
1436266380000 6.97
1436266440000 6.98
1436266500000 6.98
1436266560000 6.96
1436266620000 6.97
1436266740000 6.97
1436266800000 6.96
1436266860000 6.93
1436266920000 6.94
1436266980000 6.94
1436267040000 6.93
1436267100000 6.93
1436267160000 6.93
1436267220000 6.935
1436267280000 6.94
1436267340000 6.95
1436267400000 6.94
1436267460000 6.94
1436267520000 6.94
1436267580000 6.95
1436267640000 6.94
1436267700000 6.95
1436267760000 6.955
1436267880000 6.95
1436267940000 6.95
1436268060000 6.94
1436268120000 6.93
1436268180000 6.93
1436268240000 6.93
1436268360000 6.92
1436268420000 6.93
1436268480000 6.93
1436268540000 6.91
1436268600000 6.9
1436268660000 6.9
1436268780000 6.9
1436268840000 6.89
1436268960000 6.9
1436269020000 6.9001
1436269080000 6.91
1436269140000 6.9101
1436269200000 6.94
1436269320000 6.94
1436269380000 6.96
1436269440000 6.96
1436269500000 6.96
1436269560000 6.95
1436269620000 6.95
1436269740000 6.95
1436269800000 6.95
1436269980000 6.95
1436270040000 6.96
1436270100000 6.97
1436270160000 6.97
1436270220000 6.99
1436270280000 6.98
1436270340000 6.98
1436270400000 6.97
1436270460000 6.98
1436270520000 6.96
1436270580000 6.96
1436270640000 6.99
1436270700000 6.98
1436270760000 6.98
1436270940000 6.98
1436271000000 6.97
1436271060000 6.95
1436271120000 6.95
1436271240000 6.96
1436271300000 6.96
1436271360000 6.96
1436271420000 6.96
1436271480000 6.96
1436271540000 6.96
1436271600000 6.96
1436271720000 6.975
1436271780000 6.98
1436271840000 6.98
1436271900000 6.98
1436271960000 6.98
1436272260000 6.99
1436272320000 7.0
1436272380000 7.0
1436272500000 7.01
1436272560000 7.005
1436272620000 7.02
1436272740000 7.02
1436272800000 7.02
1436272860000 7.02
1436272920000 7.02
1436273040000 7.03
1436273160000 7.02
1436273220000 7.02
1436273280000 7.03
1436273340000 7.03
1436273400000 7.03
1436273460000 7.03
1436273520000 7.04
1436273580000 7.04
1436273640000 7.04
1436273700000 7.05
1436273820000 7.06
1436273880000 7.07
1436273940000 7.08
1436274000000 7.08
1436274120000 7.08
1436274180000 7.06
1436274240000 7.06
1436274300000 7.07
1436274360000 7.0601
1436274420000 7.03
1436274480000 7.03
1436274540000 7.05
1436274600000 7.04
1436274660000 7.05
1436274720000 7.07
1436274780000 7.06
1436274840000 7.06
1436274900000 7.07
1436274960000 7.06
1436275080000 7.06
1436275200000 7.07
1436275320000 7.07
1436275380000 7.07
1436275440000 7.07
1436275500000 7.07
1436275620000 7.06
1436275800000 7.08
1436275860000 7.08
1436275920000 7.06
1436276040000 7.07
1436276160000 7.062
1436276400000 7.06
1436276460000 7.06
1436276520000 7.06
1436276640000 7.07
1436276700000 7.0801
1436276760000 7.0601
1436276820000 7.05
1436276880000 7.045
1436276940000 7.06
1436277000000 7.06
1436277060000 7.04
1436277120000 7.04
1436277180000 7.04
1436277240000 7.04
1436277360000 7.04
1436277420000 7.04
1436277540000 7.03
1436277600000 7.035
1436277660000 7.03
1436277720000 7.03
1436277780000 7.01
1436277840000 7.01
1436277900000 7.02
1436277960000 7.01
1436278020000 7.01
1436278080000 7.01
1436278140000 7.01
1436278260000 7.0101
1436278380000 7.01
1436278440000 7.01
1436278500000 7.0
1436278560000 7.01
1436278620000 7.01
1436278680000 7.005
1436278740000 6.99
1436278860000 6.98
1436278920000 6.97
1436278980000 6.96
1436279040000 6.96
1436279100000 6.98
1436279220000 6.98
1436279280000 6.99
1436279520000 7.0
1436279580000 7.01
1436279640000 7.005
1436279700000 7.0
1436279760000 7.0
1436279820000 7.0
1436279880000 7.005
1436280000000 7.02
1436280060000 7.015
1436280120000 7.03
1436280180000 7.03
1436280240000 7.02
1436280300000 7.03
1436280420000 7.04
1436280480000 7.03
1436280540000 7.03
1436280600000 7.02
1436280720000 7.03
1436280780000 7.03
1436280840000 7.04
1436280900000 7.0301
1436280960000 7.04
1436281020000 7.04
1436281080000 7.06
1436281140000 7.07
1436281260000 7.06
1436281320000 7.05
1436281380000 7.05
1436281440000 7.05
1436281500000 7.05
1436281560000 7.05
1436281620000 7.04
