1436261400000 1.36
1436262360000 1.33
1436262420000 1.33
1436262600000 1.34
1436263500000 1.345
1436263560000 1.34
1436263620000 1.34
1436263680000 1.34
1436263740000 1.34
1436264280000 1.345
1436264400000 1.3472
1436264700000 1.3499
1436264760000 1.3401
1436265060000 1.35
1436265300000 1.34
1436265360000 1.34
1436265540000 1.34
1436265660000 1.34
1436265780000 1.35
1436266020000 1.369
1436266560000 1.36
1436266620000 1.36
1436267160000 1.3601
1436267280000 1.38
1436267520000 1.361
1436268000000 1.37
1436268960000 1.37
1436269140000 1.3659
1436269440000 1.3699
1436269980000 1.3601
1436270400000 1.36
1436270460000 1.36
1436270520000 1.37
1436270760000 1.361
1436271180000 1.36
1436271240000 1.36
1436271300000 1.37
1436271660000 1.3601
1436272320000 1.37
1436272500000 1.36
1436272560000 1.36
1436272620000 1.36
1436273520000 1.36
1436273760000 1.37
1436274360000 1.36
1436274420000 1.36
1436274600000 1.36
1436274660000 1.37
1436275200000 1.36
1436275260000 1.36
1436275320000 1.36
1436275380000 1.365
1436277060000 1.365
1436277780000 1.37
1436277840000 1.37
1436278080000 1.38
1436278500000 1.3754
1436278800000 1.38
1436279100000 1.37
1436279640000 1.375
1436279700000 1.37
1436279760000 1.375
1436280540000 1.38
1436281200000 1.3744
1436281260000 1.38
