1436261400000 66.8
1436262240000 66.33
1436262300000 66.34
1436262360000 66.36
1436263260000 66.27
1436263320000 66.06
1436263500000 66.06
1436263560000 66.17
1436263860000 65.97
1436263920000 65.97
1436263980000 65.98
1436264100000 65.7554
1436264700000 65.75
1436264760000 65.8
1436264820000 66.05
1436265060000 66.0
1436265420000 65.43
1436265480000 65.5
1436265540000 65.57
1436266140000 65.48
1436266320000 65.69
1436266380000 65.705
1436266440000 65.75
1436266800000 65.88
1436266980000 65.66
1436267040000 65.46
1436267100000 65.6
1436267220000 65.59
1436267280000 65.58
1436267340000 65.37
1436267520000 65.79
1436267640000 65.71
1436267880000 66.0
1436268000000 65.7
1436268060000 65.7
1436268240000 65.47
1436268420000 65.48
1436268660000 65.42
1436268780000 65.55
1436268900000 65.34
1436269140000 65.38
1436269200000 65.38
1436269260000 65.42
1436269380000 65.38
1436270040000 65.755
1436270220000 65.9
1436270400000 65.6555
1436270520000 65.63
1436270640000 65.72
1436270700000 65.73
1436270820000 65.44
1436271120000 65.68
1436271180000 65.67
1436271300000 65.595
1436271360000 65.68
1436271540000 65.67
1436271600000 65.7
1436271780000 65.69
1436271840000 65.71
1436271900000 65.72
1436271960000 65.75
1436272140000 66.14
1436272320000 66.16
1436272560000 66.09
1436272740000 66.2
1436272980000 66.39
1436273220000 66.546
1436273580000 66.66
1436273640000 66.69
1436273820000 66.54
1436273880000 66.59
1436273940000 66.7
1436274000000 66.46
1436274360000 66.43
1436275320000 66.53
1436275800000 66.505
1436275860000 66.65
1436275920000 66.51
1436276040000 66.23
1436276400000 66.17
1436276460000 66.37
1436276520000 66.3
1436276640000 66.36
1436276700000 66.5
1436277000000 66.74
1436277300000 66.69
1436277540000 66.71
1436277600000 66.97
1436277900000 66.81
1436277960000 66.92
1436278140000 66.63
1436278380000 66.79
1436278620000 66.65
1436278740000 66.53
1436278800000 66.345
1436278980000 66.43
1436279100000 66.3
1436279280000 66.47
1436279460000 66.47
1436279520000 66.48
1436279760000 66.52
1436280120000 66.77
1436280300000 67.28
1436280420000 67.08
1436280840000 67.45
1436280900000 67.4
1436280960000 67.44
1436281200000 67.46
1436281500000 67.2301
1436281560000 67.44
