1436261400000 1.29
1436261760000 1.3
1436261880000 1.2868
1436262000000 1.2999
1436262420000 1.26
1436262540000 1.25
1436263260000 1.2502
1436263680000 1.24
1436264040000 1.22
1436264160000 1.22
1436264580000 1.22
1436264640000 1.21
1436264820000 1.2101
1436265180000 1.22
1436265600000 1.22
1436265660000 1.22
1436265720000 1.23
1436266740000 1.2042
1436267280000 1.2015
1436267760000 1.2
1436267880000 1.18
1436267940000 1.07
1436268060000 1.1101
1436268600000 1.11
1436268720000 1.1286
1436268900000 1.11
1436269680000 1.12
1436269920000 1.12
1436270280000 1.1201
1436270400000 1.12
1436270760000 1.11
1436270820000 1.11
1436270940000 1.11
1436271000000 1.11
1436271420000 1.11
1436271660000 1.1091
1436271840000 1.11
1436272140000 1.1001
1436272200000 1.1001
1436272320000 1.1
1436272440000 1.1
1436272500000 1.1
1436273160000 1.11
1436273280000 1.178
1436274360000 1.164
1436274420000 1.1695
1436274660000 1.155
1436274840000 1.1528
1436275260000 1.15
1436276940000 1.15
1436277000000 1.16
1436277060000 1.16
1436277720000 1.1201
1436278440000 1.13
1436278500000 1.12
1436280120000 1.1699
1436280240000 1.15
1436280960000 1.15
1436281380000 1.1799
1436281620000 1.15
