1436261400000 26.81
1436261460000 26.71
1436261520000 26.705
1436261580000 26.7
1436261640000 26.69
1436261700000 26.59
1436261760000 26.5463
1436261820000 26.54
1436261880000 26.54
1436261940000 26.42
1436262000000 26.36
1436262060000 26.34
1436262120000 26.42
1436262180000 26.47
1436262240000 26.53
1436262300000 26.445
1436262360000 26.44
1436262420000 26.44
1436262480000 26.485
1436262540000 26.44
1436262600000 26.45
1436262660000 26.47
1436262720000 26.4479
1436262780000 26.48
1436262840000 26.46
1436262900000 26.49
1436262960000 26.46
1436263020000 26.46
1436263080000 26.37
1436263140000 26.31
1436263200000 26.25
1436263260000 26.2
1436263320000 26.1799
1436263380000 26.165
1436263440000 26.2
1436263500000 26.16
1436263560000 26.13
1436263620000 26.05
1436263680000 25.87
1436263740000 25.86
1436263800000 25.79
1436263860000 25.85
1436263920000 25.835
1436263980000 25.79
1436264040000 25.84
1436264100000 25.85
1436264160000 25.8
1436264220000 25.85
1436264280000 25.8342
1436264340000 25.84
1436264400000 25.85
1436264460000 25.87
1436264520000 25.89
1436264580000 25.88
1436264640000 25.85
1436264700000 25.83
1436264760000 25.72
1436264820000 25.7
1436264880000 25.68
1436264940000 25.6384
1436265000000 25.66
1436265060000 25.67
1436265120000 25.68
1436265180000 25.67
1436265240000 25.62
1436265300000 25.63
1436265360000 25.63
1436265420000 25.6362
1436265480000 25.6401
1436265540000 25.65
1436265600000 25.65
1436265660000 25.65
1436265720000 25.66
1436265780000 25.51
1436265840000 25.54
1436265900000 25.55
1436265960000 25.62
1436266020000 25.64
1436266080000 25.65
1436266140000 25.67
1436266200000 25.68
1436266260000 25.67
1436266320000 25.7
1436266380000 25.75
1436266440000 25.81
1436266500000 25.86
1436266560000 25.865
1436266620000 25.85
1436266680000 25.85
1436266740000 25.845
1436266800000 25.84
1436266860000 25.84
1436266920000 25.85
1436266980000 25.85
1436267040000 25.86
1436267100000 25.89
1436267160000 25.88
1436267220000 25.9
1436267280000 25.89
1436267340000 25.9
1436267400000 25.91
1436267460000 25.89
1436267520000 25.92
1436267580000 25.97
1436267640000 25.98
1436267700000 26.04
1436267760000 26.0499
1436267820000 26.08
1436267880000 26.09
1436267940000 26.07
1436268000000 26.1
1436268060000 26.11
1436268120000 26.081
1436268180000 26.13
1436268240000 26.13
1436268300000 26.14
1436268360000 26.0947
1436268420000 26.08
1436268480000 26.09
1436268540000 26.04
1436268600000 25.9
1436268660000 25.9
1436268720000 25.92
1436268780000 25.895
1436268840000 25.88
1436268900000 25.76
1436268960000 25.69
1436269020000 25.69
1436269080000 25.73
1436269140000 25.75
1436269200000 25.81
1436269260000 25.87
1436269320000 25.87
1436269380000 25.92
1436269440000 25.91
1436269500000 25.97
1436269560000 25.94
1436269620000 25.94
1436269680000 25.96
1436269740000 25.95
1436269800000 25.94
1436269860000 25.98
1436269920000 25.99
1436269980000 26.02
1436270040000 26.06
1436270100000 26.05
1436270160000 26.08
1436270220000 26.15
1436270280000 26.15
1436270340000 26.14
1436270400000 26.11
1436270460000 26.07
1436270520000 26.06
1436270580000 26.055
1436270640000 26.06
1436270700000 26.06
1436270760000 26.09
1436270820000 26.09
1436270880000 26.06
1436270940000 26.06
1436271000000 26.04
1436271060000 26.01
1436271120000 26.05
1436271180000 26.06
1436271240000 26.0256
1436271300000 26.03
1436271360000 26.04
1436271420000 26.05
1436271480000 26.05
1436271540000 26.01
1436271600000 26.0
1436271660000 25.98
1436271720000 25.91
1436271780000 25.91
1436271840000 25.91
1436271900000 25.92
1436271960000 25.95
1436272020000 25.95
1436272080000 25.95
1436272140000 25.95
1436272200000 26.03
1436272260000 26.04
1436272320000 26.11
1436272380000 26.17
1436272440000 26.18
1436272500000 26.17
1436272560000 26.16
1436272620000 26.17
1436272680000 26.175
1436272740000 26.2
1436272800000 26.22
1436272860000 26.2
1436272920000 26.22
1436272980000 26.3
1436273040000 26.35
1436273100000 26.3437
1436273160000 26.34
1436273220000 26.4
1436273280000 26.42
1436273340000 26.38
1436273400000 26.4
1436273460000 26.39
1436273520000 26.39
1436273580000 26.38
1436273640000 26.4
1436273700000 26.49
1436273760000 26.53
1436273820000 26.52
1436273880000 26.54
1436273940000 26.63
1436274000000 26.68
1436274060000 26.69
1436274120000 26.72
1436274180000 26.7
1436274240000 26.71
1436274300000 26.72
1436274360000 26.71
1436274420000 26.66
1436274480000 26.611
1436274540000 26.67
1436274600000 26.68
1436274660000 26.75
1436274720000 26.79
1436274780000 26.84
1436274840000 26.84
1436274900000 26.91
1436274960000 26.84
1436275020000 26.78
1436275080000 26.74
1436275140000 26.75
1436275200000 26.75
1436275260000 26.69
1436275320000 26.63
1436275380000 26.61
1436275440000 26.585
1436275500000 26.585
1436275560000 26.5742
1436275620000 26.51
1436275680000 26.52
1436275740000 26.55
1436275800000 26.599
1436275860000 26.61
1436275920000 26.62
1436275980000 26.63
1436276040000 26.62
1436276100000 26.67
1436276220000 26.69
1436276280000 26.71
1436276340000 26.71
1436276400000 26.73
1436276460000 26.699
1436276520000 26.7
1436276580000 26.79
1436276640000 26.8
1436276700000 26.83
1436276760000 26.8
1436276820000 26.78
1436276880000 26.76
1436276940000 26.81
1436277000000 26.83
1436277060000 26.7963
1436277120000 26.79
1436277180000 26.74
1436277240000 26.72
1436277300000 26.69
1436277360000 26.66
1436277420000 26.6549
1436277480000 26.6
1436277540000 26.575
1436277600000 26.57
1436277660000 26.57
1436277720000 26.57
1436277780000 26.58
1436277840000 26.56
1436277900000 26.57
1436277960000 26.55
1436278020000 26.46
1436278080000 26.47
1436278140000 26.47
1436278200000 26.52
1436278260000 26.54
1436278320000 26.535
1436278380000 26.54
1436278440000 26.585
1436278500000 26.58
1436278560000 26.59
1436278620000 26.63
1436278680000 26.61
1436278740000 26.58
1436278800000 26.53
1436278860000 26.52
1436278920000 26.49
1436278980000 26.45
1436279040000 26.45
1436279100000 26.45
1436279160000 26.48
1436279220000 26.51
1436279280000 26.47
1436279340000 26.45
1436279400000 26.46
1436279460000 26.46
1436279520000 26.47
1436279580000 26.5099
1436279640000 26.5
1436279700000 26.48
1436279760000 26.49
1436279820000 26.51
1436279880000 26.5
1436280000000 26.5799
1436280060000 26.596
1436280120000 26.65
1436280180000 26.7
1436280240000 26.7399
1436280300000 26.79
1436280360000 26.78
1436280420000 26.78
1436280480000 26.8
1436280540000 26.84
1436280600000 26.8999
1436280660000 26.95
1436280720000 26.97
1436280780000 26.9997
1436280840000 27.04
1436280900000 27.04
1436280960000 27.05
1436281020000 27.07
1436281080000 27.11
1436281140000 27.24
1436281200000 27.228
1436281260000 27.24
1436281320000 27.24
1436281380000 27.23
1436281440000 27.153
1436281500000 27.18
1436281560000 27.15
1436281620000 27.05
