1436261400000 16.58
1436261640000 16.57
1436261700000 16.59
1436261760000 16.52
1436261820000 16.5
1436261880000 16.33
1436261940000 16.42
1436262000000 16.42
1436262360000 16.42
1436262960000 16.31
1436263020000 16.25
1436263140000 16.18
1436263320000 16.19
1436263620000 16.17
1436263800000 16.13
1436264700000 16.3
1436264880000 16.34
1436264940000 16.3
1436265000000 16.26
1436265120000 16.26
1436265180000 16.23
1436265600000 16.29
1436265720000 16.19
1436265780000 16.18
1436265840000 16.26
1436265900000 16.305
1436265960000 16.33
1436266080000 16.3
1436266200000 16.32
1436266380000 16.34
1436266440000 16.44
1436266560000 16.39
1436266980000 16.42
1436267040000 16.38
1436267100000 16.37
1436267220000 16.362
1436267460000 16.38
1436267520000 16.38
1436267640000 16.34
1436267700000 16.34
1436267940000 16.3
1436268060000 16.28
1436268120000 16.3
1436268180000 16.24
1436268420000 16.25
1436268480000 16.25
1436268540000 16.25
1436268720000 16.23
1436268780000 16.19
1436268840000 16.16
1436268900000 16.17
1436268960000 16.16
1436269020000 16.15
1436269200000 16.27
1436269380000 16.27
1436269440000 16.335
1436269740000 16.31
1436269800000 16.31
1436270160000 16.3
1436270520000 16.29
1436270940000 16.25
1436271540000 16.24
1436271600000 16.27
1436271720000 16.25
1436272260000 16.26
1436272320000 16.27
1436272380000 16.27
1436272440000 16.29
1436272500000 16.29
1436272560000 16.29
1436272680000 16.3
1436272740000 16.32
1436272980000 16.34
1436273220000 16.38
1436273340000 16.44
1436273520000 16.37
1436273640000 16.35
1436273820000 16.46
1436274240000 16.45
1436274360000 16.46
1436274660000 16.45
1436274720000 16.49
1436274900000 16.48
1436275800000 16.48
1436275980000 16.52
1436276100000 16.44
1436276520000 16.49
1436276700000 16.56
1436276940000 16.53
1436277600000 16.53
1436277720000 16.51
1436278020000 16.46
1436278200000 16.485
1436278320000 16.49
1436278380000 16.49
1436278440000 16.46
1436278560000 16.48
1436278680000 16.48
1436278920000 16.46
1436279160000 16.43
1436279220000 16.48
1436279580000 16.5
1436279700000 16.54
1436279880000 16.53
1436279940000 16.51
1436280000000 16.55
1436280180000 16.58
1436280240000 16.58
1436280420000 16.64
1436280480000 16.63
1436281020000 16.66
1436281080000 16.7
1436281140000 16.7
1436281200000 16.79
1436281320000 16.75
1436281500000 16.71
