1436261400000 27.26
1436261700000 27.09
1436262060000 26.99
1436262960000 26.93
1436263020000 26.91
1436263620000 26.81
1436263680000 26.79
1436263860000 26.905
1436263920000 26.88
1436264280000 26.88
1436265000000 26.75
1436265060000 26.71
1436265420000 26.64
1436265480000 26.61
1436265540000 26.61
1436265600000 26.6
1436265660000 26.58
1436265780000 26.59
1436265840000 26.59
1436265900000 26.59
1436265960000 26.61
1436266020000 26.66
1436266080000 26.63
1436266140000 26.57
1436266380000 26.6
1436266560000 26.6
1436266680000 26.63
1436266740000 26.64
1436266800000 26.64
1436267160000 26.63
1436267220000 26.65
1436267280000 26.6
1436267520000 26.64
1436267640000 26.67
1436267820000 26.67
1436267880000 26.67
1436268060000 26.67
1436268120000 26.63
1436268180000 26.64
1436268840000 26.67
1436269140000 26.69
1436269320000 26.69
1436270040000 26.7
1436270160000 26.79
1436270280000 26.79
1436270400000 26.77
1436270460000 26.75
1436270580000 26.76
1436270820000 26.73
1436271360000 26.725
1436271540000 26.66
1436271600000 26.7
1436271900000 26.64
1436272740000 26.72
1436273040000 26.74
1436273100000 26.71
1436273460000 26.73
1436273520000 26.73
1436273640000 26.75
1436273700000 26.75
1436274360000 26.77
1436274480000 26.75
1436274540000 26.77
1436275200000 26.87
1436275380000 26.81
1436275440000 26.84
1436275680000 26.87
1436275860000 26.83
1436276100000 26.81
1436276280000 26.8
1436276400000 26.81
1436277540000 26.87
1436277660000 26.86
1436277720000 26.84
1436278440000 26.8
1436278980000 26.69
1436279040000 26.71
1436279100000 26.74
1436279160000 26.76
1436279220000 26.77
1436279280000 26.75
1436279880000 26.77
1436279940000 26.81
1436280420000 26.88
1436280540000 26.875
1436281020000 26.9
1436281140000 26.94
1436281200000 26.99
1436281440000 26.95
1436281500000 26.93
