1436261400000 13.88
1436261700000 13.74
1436262360000 13.55
1436262420000 13.58
1436262900000 13.58
1436263020000 13.65
1436263260000 13.65
1436263380000 13.65
1436263440000 13.66
1436263560000 13.67
1436263980000 13.65
1436264040000 13.64
1436264100000 13.61
1436264160000 13.6
1436264220000 13.6
1436264280000 13.6
1436264340000 13.6
1436264400000 13.58
1436264580000 13.58
1436264640000 13.58
1436264820000 13.57
1436264940000 13.54
1436265300000 13.52
1436265360000 13.5
1436265540000 13.5
1436265660000 13.49
1436265720000 13.49
1436265840000 13.49
1436266140000 13.53
1436266260000 13.53
1436266380000 13.54
1436266440000 13.54
1436266500000 13.56
1436266620000 13.57
1436266740000 13.6
1436266800000 13.6
1436267100000 13.54
1436267460000 13.54
1436267580000 13.545
1436267640000 13.57
1436267760000 13.58
1436267940000 13.59
1436268000000 13.6099
1436268120000 13.59
1436268180000 13.6
1436268300000 13.59
1436268420000 13.59
1436268480000 13.605
1436268540000 13.59
1436268660000 13.57
1436268780000 13.53
1436268840000 13.53
1436268900000 13.49
1436268960000 13.48
1436269080000 13.46
1436269380000 13.53
1436269440000 13.58
1436269680000 13.62
1436269740000 13.595
1436270100000 13.62
1436270160000 13.62
1436270340000 13.67
1436270400000 13.67
1436270580000 13.67
1436271120000 13.62
1436271240000 13.63
1436271540000 13.63
1436271780000 13.6
1436271900000 13.59
1436272080000 13.59
1436272200000 13.585
1436272260000 13.585
1436272380000 13.585
1436272500000 13.585
1436272560000 13.585
1436272620000 13.585
1436272680000 13.585
1436272740000 13.585
1436272800000 13.585
1436272860000 13.585
1436272920000 13.585
1436273040000 13.585
1436273100000 13.58
1436273160000 13.595
1436273220000 13.595
1436273280000 13.61
1436273400000 13.62
1436273460000 13.63
1436273520000 13.65
1436273640000 13.68
1436273700000 13.7
1436273760000 13.7
1436273820000 13.7
1436273880000 13.67
1436273940000 13.69
1436274000000 13.7
1436274120000 13.7
1436274180000 13.72
1436274240000 13.72
1436274660000 13.75
1436274720000 13.75
1436274840000 13.8
1436274900000 13.81
1436275020000 13.81
1436275200000 13.8
1436275260000 13.76
1436275440000 13.76
1436275500000 13.73
1436275560000 13.7
1436275680000 13.695
1436275740000 13.69
1436275800000 13.69
1436276280000 13.63
1436276580000 13.64
1436276640000 13.65
1436276700000 13.66
1436276760000 13.62
1436276820000 13.62
1436276880000 13.59
1436277000000 13.6
1436277120000 13.6
1436277180000 13.59
1436277240000 13.59
1436277480000 13.53
1436277780000 13.52
1436277840000 13.56
1436277960000 13.57
1436278020000 13.59
1436278200000 13.61
1436278260000 13.58
1436278440000 13.61
1436278500000 13.58
1436278560000 13.57
1436278920000 13.54
1436279340000 13.53
1436279640000 13.5257
1436279760000 13.51
1436279880000 13.55
1436279940000 13.55
1436280060000 13.55
1436280120000 13.58
1436280300000 13.64
1436280360000 13.645
1436280420000 13.645
1436280540000 13.68
1436280600000 13.68
1436280660000 13.67
1436280720000 13.63
1436280840000 13.62
1436280900000 13.625
1436280960000 13.615
1436281080000 13.61
1436281140000 13.62
1436281200000 13.6
1436281260000 13.6
1436281380000 13.6
1436281440000 13.61
1436281560000 13.6
