1436261400000 34.09
1436261520000 34.09
1436262840000 33.7726
1436263140000 33.76
1436263380000 33.77
1436263680000 33.71
1436263920000 33.71
1436263980000 33.77
1436265300000 33.71
1436265720000 33.62
1436266020000 33.6
1436266380000 33.66
1436267220000 33.63
1436267280000 33.66
1436267400000 33.72
1436267460000 33.7
1436267520000 33.74
1436268300000 33.68
1436268840000 33.5
1436269080000 33.4
1436269560000 33.56
1436269740000 33.58
1436269800000 33.65
1436269860000 33.65
1436269920000 33.66
1436269980000 33.67
1436270040000 33.69
1436270100000 33.77
1436270160000 33.72
1436270220000 33.69
1436270280000 33.67
1436270880000 33.69
1436274360000 33.66
1436274540000 33.62
1436274720000 33.66
1436274840000 33.71
1436276640000 33.8
1436278200000 33.84
1436278260000 33.81
1436279640000 33.765
1436280240000 33.6
1436280480000 33.77
1436281140000 34.03
