1436261820000 23.79
1436261880000 23.86
1436261940000 23.85
1436262180000 23.82
1436262480000 23.91
1436264160000 23.77
1436264460000 23.65
1436265360000 23.67
1436265780000 23.575
1436265900000 23.54
1436265960000 23.51
1436266200000 23.56
1436266380000 23.57
1436266440000 23.62
1436266500000 23.63
1436266680000 23.585
1436266980000 23.46
1436267100000 23.47
1436267160000 23.45
1436267280000 23.46
1436267580000 23.49
1436267640000 23.44
1436268600000 23.35
1436268660000 23.32
1436268720000 23.41
1436269140000 23.4
1436269200000 23.45
1436269260000 23.47
1436269320000 23.485
1436269440000 23.52
1436269500000 23.57
1436269560000 23.57
1436269620000 23.58
1436270220000 23.654
1436270400000 23.62
1436270460000 23.64
1436270700000 23.71
1436271060000 23.72
1436271720000 23.76
1436272500000 23.72
1436272680000 23.64
1436272740000 23.64
1436272980000 23.625
1436273640000 23.65
1436273760000 23.72
1436274120000 23.77
1436274300000 23.74
1436274360000 23.75
1436274660000 23.8
1436275440000 23.82
1436275740000 23.87
1436275980000 23.89
1436276400000 23.88
1436276700000 23.86
1436276940000 23.88
1436278380000 23.9
1436278680000 23.85
1436279160000 23.75
1436279760000 23.76
1436279880000 23.75
1436280780000 23.86
1436280900000 23.81
1436280960000 23.88
1436281020000 23.91
1436281140000 23.89
1436281200000 23.94
