1436261400000 5.33
1436261460000 5.39
1436261520000 5.39
1436261580000 5.32
1436261640000 5.3
1436261700000 5.29
1436261760000 5.3
1436261820000 5.32
1436261940000 5.32
1436262000000 5.37
1436262120000 5.325
1436262180000 5.315
1436262240000 5.3
1436262300000 5.31
1436262360000 5.3
1436262480000 5.301
1436262540000 5.3099
1436262600000 5.31
1436262660000 5.34
1436262780000 5.34
1436262840000 5.34
1436262900000 5.36
1436262960000 5.33
1436263020000 5.35
1436263200000 5.32
1436263320000 5.3101
1436263380000 5.32
1436263500000 5.31
1436263560000 5.3
1436263620000 5.3
1436263680000 5.3
1436263740000 5.31
1436263800000 5.3
1436263860000 5.33
1436264040000 5.33
1436264100000 5.33
1436264280000 5.3294
1436264340000 5.33
1436264400000 5.32
1436264520000 5.3056
1436264760000 5.3
1436264820000 5.28
1436265120000 5.2899
1436265300000 5.27
1436265360000 5.27
1436265480000 5.24
1436265540000 5.25
1436265600000 5.26
1436265660000 5.25
1436265720000 5.25
1436265780000 5.255
1436265840000 5.2301
1436265900000 5.2392
1436265960000 5.24
1436266020000 5.25
1436266080000 5.26
1436266140000 5.3
1436266260000 5.28
1436266380000 5.29
1436266440000 5.32
1436266500000 5.33
1436266620000 5.32
1436266740000 5.3
1436266800000 5.32
1436266860000 5.3
1436267100000 5.3
1436267160000 5.3
1436267220000 5.31
1436267280000 5.31
1436267460000 5.33
1436267520000 5.34
1436267880000 5.35
1436268060000 5.35
1436268120000 5.32
1436268300000 5.33
1436268540000 5.32
1436268660000 5.32
1436268780000 5.33
1436268840000 5.32
1436268900000 5.32
1436268960000 5.32
1436269020000 5.33
1436269140000 5.33
1436269200000 5.34
1436269320000 5.34
1436269380000 5.35
1436269440000 5.36
1436269500000 5.38
1436269680000 5.38
1436269740000 5.38
1436269800000 5.39
1436269980000 5.39
1436270040000 5.39
1436270100000 5.39
1436270160000 5.4
1436270220000 5.4
1436270280000 5.4
1436270400000 5.39
1436270460000 5.39
1436270520000 5.39
1436270940000 5.38
1436271180000 5.37
1436271240000 5.37
1436271300000 5.37
1436271420000 5.36
1436271480000 5.36
1436271540000 5.36
1436271660000 5.36
1436271720000 5.36
1436271960000 5.37
1436272020000 5.38
1436272080000 5.38
1436272260000 5.39
1436272320000 5.39
1436272440000 5.38
1436272500000 5.38
1436272740000 5.39
1436272800000 5.4
1436272920000 5.4
1436273040000 5.4
1436273100000 5.4
1436273220000 5.4
1436273280000 5.4
1436273340000 5.4
1436273400000 5.4
1436273460000 5.4
1436273520000 5.4
1436273580000 5.405
1436273640000 5.41
1436273700000 5.4
1436273760000 5.4
1436273880000 5.4
1436273940000 5.4
1436274000000 5.4
1436274060000 5.4
1436274120000 5.4
1436274240000 5.41
1436274300000 5.4
1436274360000 5.39
1436274480000 5.38
1436274600000 5.39
1436274660000 5.39
1436274720000 5.39
1436274780000 5.4
1436274840000 5.39
1436274900000 5.38
1436274960000 5.37
1436275020000 5.37
1436275080000 5.37
1436275320000 5.37
1436275440000 5.38
1436275500000 5.38
1436275560000 5.38
1436275620000 5.38
1436275680000 5.38
1436275740000 5.38
1436275800000 5.39
1436275860000 5.4
1436275920000 5.39
1436275980000 5.4
1436276040000 5.4
1436276220000 5.39
1436276280000 5.4
1436276340000 5.4
1436276400000 5.4
1436276460000 5.39
1436276580000 5.39
1436276640000 5.4
1436276700000 5.4
1436276760000 5.4
1436276820000 5.39
1436276880000 5.38
1436276940000 5.38
1436277180000 5.375
1436277540000 5.39
1436277600000 5.38
1436277720000 5.37
1436277780000 5.38
1436277900000 5.38
1436277960000 5.38
1436278020000 5.37
1436278080000 5.37
1436278200000 5.365
1436278380000 5.37
1436278440000 5.37
1436278500000 5.37
1436278560000 5.365
1436278620000 5.37
1436278680000 5.36
1436278740000 5.36
1436278800000 5.34
1436278860000 5.33
1436278920000 5.32
1436278980000 5.32
1436279040000 5.32
1436279160000 5.33
1436279280000 5.35
1436279340000 5.34
1436279400000 5.34
1436279460000 5.34
1436279520000 5.34
1436279580000 5.34
1436279640000 5.35
1436279700000 5.34
1436279760000 5.34
1436279820000 5.33
1436279940000 5.34
1436280000000 5.34
1436280060000 5.35
1436280120000 5.37
1436280180000 5.38
1436280240000 5.38
1436280420000 5.385
1436280480000 5.38
1436280540000 5.38
1436280600000 5.38
1436280660000 5.38
1436280720000 5.38
1436280780000 5.38
1436280840000 5.39
1436280900000 5.39
1436280960000 5.39
1436281080000 5.4
1436281140000 5.41
1436281200000 5.41
1436281260000 5.405
1436281320000 5.41
1436281440000 5.395
1436281560000 5.41
