1436261400000 17.2
1436261460000 17.1376
1436261520000 17.06
1436261640000 17.05
1436261700000 17.1
1436261820000 17.0
1436261940000 16.92
1436262000000 17.05
1436262120000 17.0225
1436262180000 16.99
1436262240000 17.06
1436262300000 17.12
1436262360000 17.0676
1436262480000 17.09
1436262600000 17.02
1436262720000 17.02
1436262960000 17.0995
1436263020000 17.01
1436263080000 17.0
1436263140000 16.88
1436263320000 16.83
1436263500000 16.84
1436263560000 16.86
1436263620000 16.85
1436263680000 16.8
1436263740000 16.74
1436263800000 16.79
1436263860000 16.8999
1436263920000 16.8899
1436263980000 16.85
1436264040000 16.85
1436264100000 16.83
1436264160000 16.82
1436264220000 16.8966
1436264280000 16.86
1436264340000 16.9499
1436264400000 16.93
1436264460000 16.92
1436264520000 16.93
1436264580000 16.93
1436264640000 16.95
1436264700000 17.02
1436264760000 17.04
1436264820000 17.0133
1436264880000 16.94
1436265000000 16.9
1436265060000 16.83
1436265120000 16.8203
1436265180000 16.85
1436265240000 16.87
1436265300000 16.855
1436265360000 16.87
1436265480000 16.8201
1436265540000 16.77
1436265600000 16.7476
1436265660000 16.66
1436265720000 16.67
1436265780000 16.61
1436265840000 16.564
1436265900000 16.5831
1436265960000 16.61
1436266020000 16.71
1436266080000 16.76
1436266140000 16.76
1436266200000 16.76
1436266260000 16.7199
1436266440000 16.7899
1436266500000 16.83
1436266620000 16.8099
1436266680000 16.8
1436266740000 16.795
1436266800000 16.795
1436266980000 16.68
1436267100000 16.69
1436267280000 16.78
1436267340000 16.82
1436267520000 16.81
1436267580000 16.82
1436267640000 16.82
1436267700000 16.82
1436267760000 16.845
1436267880000 16.84
1436267940000 16.74
1436268000000 16.73
1436268060000 16.71
1436268120000 16.705
1436268180000 16.69
1436268240000 16.67
1436268300000 16.65
1436268360000 16.685
1436268540000 16.715
1436268600000 16.7299
1436268660000 16.74
1436268780000 16.71
1436268840000 16.66
1436268900000 16.61
1436268960000 16.64
1436269140000 16.74
1436269320000 16.84
1436269380000 16.85
1436269440000 16.87
1436269500000 16.85
1436269560000 16.79
1436269620000 16.7801
1436269800000 16.83
1436269920000 16.77
1436270040000 16.85
1436270160000 16.86
1436270220000 16.94
1436270280000 17.015
1436270400000 16.985
1436270460000 16.98
1436270520000 16.98
1436270700000 17.0
1436270760000 17.015
1436270820000 17.01
1436270880000 17.01
1436270940000 17.01
1436271000000 17.01
1436271060000 17.01
1436271120000 17.01
1436271180000 17.01
1436271240000 17.01
1436271300000 16.985
1436271360000 16.9959
1436271420000 16.99
1436271480000 16.99
1436271540000 16.96
1436271600000 16.96
1436271660000 17.0
1436271720000 16.96
1436271840000 16.945
1436271960000 16.95
1436272020000 16.96
1436272080000 17.01
1436272140000 17.01
1436272260000 17.0
1436272320000 17.06
1436272380000 17.1141
1436272500000 17.11
1436272740000 17.18
1436272860000 17.15
1436272920000 17.18
1436273040000 17.1856
1436273160000 17.18
1436273220000 17.19
1436273280000 17.25
1436273460000 17.26
1436273520000 17.2401
1436273580000 17.25
1436273700000 17.27
1436273760000 17.26
1436273880000 17.27
1436273940000 17.251
1436274120000 17.2
1436274240000 17.21
1436274360000 17.22
1436274420000 17.11
1436274480000 17.12
1436274600000 17.11
1436274660000 17.16
1436274720000 17.2
1436274840000 17.23
1436274900000 17.2699
1436274960000 17.275
1436275140000 17.22
1436275200000 17.19
1436275260000 17.15
1436275320000 17.17
1436275440000 17.21
1436275500000 17.2
1436275620000 17.16
1436275740000 17.16
1436275800000 17.18
1436275860000 17.23
1436275920000 17.18
1436276040000 17.21
1436276280000 17.235
1436276340000 17.25
1436276400000 17.25
1436276640000 17.25
1436276760000 17.28
1436276820000 17.2699
1436276880000 17.27
1436276940000 17.29
1436277000000 17.27
1436277120000 17.27
1436277180000 17.3
1436277420000 17.295
1436277540000 17.28
1436277600000 17.28
1436277660000 17.27
1436277720000 17.2799
1436277780000 17.26
1436277840000 17.26
1436277900000 17.22
1436278020000 17.28
1436278140000 17.307
1436278320000 17.31
1436278380000 17.3
1436278500000 17.25
1436278620000 17.18
1436278680000 17.11
1436278740000 16.99
1436278860000 17.02
1436278920000 17.0
1436278980000 16.93
1436279040000 17.02
1436279100000 17.04
1436279160000 17.06
1436279280000 17.03
1436279340000 17.06
1436279460000 17.05
1436279520000 17.12
1436279640000 17.19
1436279700000 17.15
1436279760000 17.15
1436279880000 17.16
1436279940000 17.185
1436280000000 17.199
1436280060000 17.21
1436280120000 17.25
1436280180000 17.26
1436280240000 17.29
1436280420000 17.26
1436280480000 17.32
1436280540000 17.32
1436280600000 17.31
1436280660000 17.26
1436280780000 17.29
1436280900000 17.31
1436280960000 17.29
1436281020000 17.32
1436281080000 17.35
1436281140000 17.39
1436281200000 17.36
1436281260000 17.36
1436281320000 17.34
1436281440000 17.32
1436281500000 17.33
