1436261400000 30.01
1436261460000 30.11
1436261580000 30.07
1436261700000 30.08
1436261760000 29.9
1436261820000 29.8388
1436261880000 29.84
1436261940000 29.88
1436262000000 29.89
1436262060000 29.86
1436262120000 29.77
1436262180000 29.76
1436262240000 29.75
1436262300000 29.7
1436262360000 29.66
1436262420000 29.71
1436262480000 29.8
1436262540000 29.74
1436262600000 29.72
1436262660000 29.695
1436262720000 29.73
1436262780000 29.86
1436262840000 29.88
1436262900000 29.8586
1436262960000 29.8
1436263080000 29.7
1436263140000 29.637
1436263200000 29.586
1436263260000 29.56
1436263320000 29.64
1436263380000 29.608
1436263440000 29.57
1436263500000 29.58
1436263560000 29.54
1436263620000 29.34
1436263680000 29.35
1436263740000 29.24
1436263800000 29.4
1436263860000 29.42
1436263920000 29.4281
1436263980000 29.43
1436264040000 29.39
1436264220000 29.2765
1436264280000 29.35
1436264340000 29.42
1436264400000 29.37
1436264460000 29.29
1436264520000 29.25
1436264580000 29.37
1436264640000 29.29
1436264700000 29.21
1436264760000 29.05
1436264820000 29.15
1436264880000 29.06
1436264940000 29.11
1436265000000 29.115
1436265060000 29.0551
1436265120000 29.01
1436265180000 29.06
1436265240000 29.05
1436265300000 28.91
1436265360000 28.88
1436265420000 28.89
1436265480000 28.93
1436265540000 28.9
1436265600000 28.77
1436265660000 28.68
1436265720000 28.5975
1436265780000 28.61
1436265840000 28.57
1436265900000 28.61
1436265960000 28.69
1436266020000 28.84
1436266080000 28.85
1436266140000 28.86
1436266200000 28.909
1436266260000 28.9
1436266320000 29.0076
1436266380000 29.11
1436266440000 29.1508
1436266500000 29.2
1436266560000 29.0725
1436266620000 29.165
1436266680000 29.186
1436266740000 29.0675
1436266800000 28.99
1436266860000 28.9296
1436266920000 28.98
1436266980000 28.94
1436267040000 28.96
1436267100000 28.9541
1436267160000 28.75
1436267280000 28.91
1436267340000 28.9537
1436267400000 28.92
1436267460000 28.9368
1436267520000 28.925
1436267580000 29.0
1436267640000 28.925
1436267700000 28.93
1436267760000 29.02
1436267820000 29.025
1436267880000 29.005
1436267940000 28.9401
1436268060000 28.97
1436268120000 28.86
1436268180000 28.89
1436268240000 28.95
1436268300000 28.89
1436268420000 28.915
1436268480000 28.92
1436268540000 28.89
1436268660000 28.87
1436268720000 28.8
1436268780000 28.752
1436268840000 28.7699
1436268960000 28.69
1436269020000 28.61
1436269080000 28.66
1436269140000 28.72
1436269200000 28.769
1436269260000 28.7701
1436269320000 28.78
1436269380000 28.88
1436269440000 28.93
1436269500000 28.9
1436269620000 28.9199
1436269680000 28.94
1436269740000 28.9001
1436269800000 28.89
1436269860000 28.88
1436269980000 28.92
1436270100000 28.98
1436270160000 28.97
1436270220000 29.1
1436270280000 28.985
1436270340000 29.003
1436270400000 28.97
1436270460000 28.9634
1436270520000 28.95
1436270580000 28.88
1436270640000 28.95
1436270700000 28.96
1436270760000 28.93
1436270820000 28.92
1436270880000 28.91
1436270940000 28.9001
1436271000000 28.9205
1436271060000 28.86
1436271300000 28.88
1436271360000 28.9
1436271480000 28.92
1436271540000 28.955
1436271660000 28.94
1436271780000 28.99
1436271900000 28.967
1436272080000 28.9832
1436272140000 29.03
1436272200000 29.04
1436272260000 29.12
1436272320000 29.15
1436272380000 29.1968
1436272440000 29.23
1436272500000 29.21
1436272560000 29.16
1436272740000 29.21
1436272800000 29.24
1436272860000 29.23
1436272920000 29.28
1436272980000 29.35
1436273040000 29.32
1436273100000 29.32
1436273160000 29.37
1436273220000 29.4
1436273280000 29.48
1436273340000 29.4412
1436273400000 29.47
1436273460000 29.49
1436273520000 29.49
1436273580000 29.4545
1436273640000 29.48
1436273700000 29.53
1436273760000 29.46
1436273820000 29.48
1436273880000 29.57
1436273940000 29.59
1436274060000 29.565
1436274120000 29.525
1436274180000 29.44
1436274240000 29.49
1436274300000 29.44
1436274360000 29.42
1436274420000 29.2884
1436274480000 29.28
1436274600000 29.424
1436274660000 29.425
1436274720000 29.47
1436274780000 29.4601
1436274840000 29.43
1436274900000 29.485
1436274960000 29.48
1436275020000 29.4
1436275080000 29.395
1436275200000 29.44
1436275260000 29.4
1436275320000 29.39
1436275380000 29.41
1436275440000 29.45
1436275560000 29.38
1436275740000 29.38
1436275800000 29.4
1436275860000 29.33
1436275920000 29.32
1436275980000 29.37
1436276040000 29.38
1436276100000 29.42
1436276160000 29.43
1436276220000 29.42
1436276340000 29.4
1436276400000 29.42
1436276520000 29.38
1436276580000 29.41
1436276640000 29.44
1436276700000 29.49
1436276760000 29.415
1436276820000 29.44
1436276880000 29.43
1436276940000 29.41
1436277000000 29.43
1436277060000 29.39
1436277120000 29.43
1436277180000 29.4
1436277240000 29.3901
1436277300000 29.41
1436277360000 29.4
1436277480000 29.39
1436277540000 29.39
1436277600000 29.45
1436277660000 29.42
1436277720000 29.38
1436277780000 29.4199
1436277840000 29.4
1436277900000 29.44
1436277960000 29.43
1436278020000 29.43
1436278080000 29.4268
1436278140000 29.42
1436278320000 29.42
1436278380000 29.3992
1436278440000 29.37
1436278500000 29.29
1436278620000 29.25
1436278680000 29.27
1436278740000 29.22
1436278800000 29.2175
1436278860000 29.23
1436278920000 29.19
1436278980000 29.18
1436279040000 29.23
1436279100000 29.23
1436279160000 29.22
1436279220000 29.25
1436279280000 29.2247
1436279340000 29.245
1436279400000 29.2516
1436279460000 29.2048
1436279520000 29.22
1436279580000 29.2501
1436279760000 29.26
1436279880000 29.31
1436279940000 29.3
1436280000000 29.32
1436280060000 29.32
1436280120000 29.37
1436280180000 29.385
1436280240000 29.39
1436280300000 29.37
1436280360000 29.37
1436280420000 29.38
1436280480000 29.41
1436280540000 29.4118
1436280600000 29.45
1436280660000 29.37
1436280720000 29.37
1436280780000 29.39
1436280840000 29.42
1436280900000 29.38
1436280960000 29.35
1436281020000 29.41
1436281080000 29.46
1436281140000 29.49
1436281200000 29.4
1436281260000 29.42
1436281320000 29.39
1436281380000 29.35
1436281440000 29.44
1436281500000 29.48
1436281560000 29.38
1436281620000 29.42
1436281680000 29.36
