1436261400000 76.83
1436261460000 76.9
1436261640000 76.65
1436262060000 76.32
1436262120000 76.31
1436262180000 76.52
1436262240000 76.56
1436262300000 76.56
1436262360000 76.52
1436262600000 76.32
1436262660000 76.22
1436262720000 76.2101
1436262780000 76.6
1436262840000 76.6
1436263020000 76.44
1436263080000 76.46
1436263200000 76.45
1436263260000 76.45
1436263380000 76.4
1436263440000 76.43
1436263500000 76.55
1436263560000 76.58
1436263680000 76.37
1436263740000 76.46
1436263860000 76.48
1436263980000 76.52
1436264040000 76.52
1436264340000 76.44
1436264400000 76.37
1436264820000 76.32
1436264880000 76.15
1436265060000 76.05
1436265660000 75.8
1436265900000 75.75
1436266140000 75.75
1436266260000 75.9
1436266320000 75.92
1436266380000 76.04
1436266500000 75.88
1436266560000 75.84
1436266740000 75.8
1436266800000 75.74
1436267400000 75.52
1436267760000 75.65
1436268300000 75.6
1436268480000 75.63
1436268540000 75.6
1436268780000 75.6
1436269380000 75.7
1436269440000 75.62
1436269500000 75.66
1436269560000 75.68
1436270160000 75.75
1436270220000 75.77
1436270280000 75.93
1436270400000 75.85
1436270460000 75.59
1436270640000 75.58
1436270880000 75.58
1436271420000 75.58
1436271600000 75.51
1436272080000 75.51
1436272260000 75.58
1436272320000 75.505
1436272380000 75.475
1436272440000 75.475
1436272500000 75.35
1436272560000 75.36
1436272680000 75.35
1436272800000 75.465
1436272860000 75.4
1436272920000 75.37
1436272980000 75.245
1436273040000 75.21
1436273100000 75.13
1436273160000 75.07
1436273220000 75.19
1436273280000 75.125
1436273340000 75.09
1436273400000 75.05
1436273460000 75.04
1436273520000 75.07
1436273580000 75.04
1436273640000 75.11
1436274000000 75.13
1436274180000 75.205
1436274240000 75.21
1436274300000 75.07
1436274360000 75.13
1436274420000 75.25
1436274720000 75.34
1436274780000 75.39
1436275440000 75.45
1436275860000 75.69
1436275920000 75.73
1436275980000 75.695
1436276040000 75.6
1436276160000 75.54
1436276220000 75.51
1436276280000 75.51
1436276340000 75.51
1436276520000 75.55
1436276640000 75.61
1436277000000 75.66
1436277360000 75.48
1436277420000 75.57
1436277480000 75.48
1436277540000 75.5
1436278020000 75.62
1436278260000 75.485
1436278500000 75.48
1436278740000 75.3
1436278800000 75.33
1436278860000 75.38
1436278980000 75.095
1436279520000 75.12
1436279640000 75.12
1436279700000 75.22
1436279940000 75.065
1436280000000 75.17
1436280060000 75.22
1436280120000 75.175
1436280180000 75.25
1436280300000 75.3
1436280420000 75.56
1436280480000 75.65
1436280540000 75.65
1436280600000 75.675
1436280720000 75.72
1436280900000 75.695
1436280960000 75.695
1436281020000 75.695
1436281080000 75.765
1436281260000 75.9
1436281320000 75.93
1436281440000 75.94
1436281500000 75.83
1436281620000 75.96
