1436261400000 3.45
1436261640000 3.47
1436261700000 3.45
1436262600000 3.4263
1436262840000 3.435
1436263320000 3.43
1436263380000 3.42
1436263560000 3.4
1436263620000 3.39
1436263980000 3.35
1436264340000 3.35
1436264400000 3.35
1436264520000 3.35
1436264580000 3.34
1436264640000 3.34
1436264700000 3.34
1436264760000 3.34
1436264820000 3.34
1436264880000 3.34
1436265000000 3.34
1436265240000 3.33
1436265420000 3.32
1436265600000 3.32
1436265660000 3.3
1436265780000 3.3
1436265960000 3.3
1436266140000 3.3
1436266320000 3.3
1436266440000 3.3
1436266620000 3.3
1436266800000 3.32
1436266860000 3.32
1436266980000 3.31
1436267160000 3.31
1436267400000 3.31
1436267580000 3.31
1436267940000 3.33
1436268060000 3.32
1436268120000 3.32
1436268420000 3.31
1436268540000 3.317
1436268660000 3.29
1436268900000 3.3
1436268960000 3.3
1436269140000 3.3
1436269260000 3.3
1436269380000 3.32
1436269560000 3.32
1436269680000 3.3
1436269860000 3.3001
1436269920000 3.31
1436270160000 3.29
1436270400000 3.3
1436270460000 3.2701
1436271120000 3.27
1436271300000 3.27
1436271600000 3.27
1436272200000 3.26
1436272320000 3.2572
1436272500000 3.25
1436272620000 3.25
1436272860000 3.26
1436273040000 3.26
1436273100000 3.26
1436273160000 3.25
1436273400000 3.28
1436273580000 3.28
1436273640000 3.28
1436274420000 3.26
1436274720000 3.26
1436274960000 3.26
1436275020000 3.24
1436275080000 3.24
1436275440000 3.24
1436275920000 3.22
1436275980000 3.24
1436276160000 3.25
1436276460000 3.24
1436276520000 3.24
1436277240000 3.22
1436277420000 3.22
1436277900000 3.202
1436278020000 3.19
1436278680000 3.16
1436279280000 3.12
1436279400000 3.2099
1436279520000 3.1667
1436279940000 3.18
1436280180000 3.1856
1436280660000 3.19
1436280720000 3.18
1436280960000 3.18
1436281080000 3.19
1436281140000 3.1998
