1436261400000 6.05
1436261460000 5.92
1436261520000 5.88
1436261580000 5.84
1436261640000 5.84
1436261700000 5.834
1436261760000 5.83
1436261820000 5.8
1436261880000 5.78
1436261940000 5.769
1436262000000 5.76
1436262060000 5.76
1436262120000 5.78
1436262180000 5.76
1436262240000 5.75
1436262300000 5.7499
1436262360000 5.745
1436262420000 5.72
1436262480000 5.721
1436262540000 5.72
1436262600000 5.74
1436262660000 5.72
1436262720000 5.7
1436262780000 5.69
1436262840000 5.71
1436262900000 5.68
1436262960000 5.66
1436263020000 5.67
1436263080000 5.66
1436263140000 5.6788
1436263200000 5.69
1436263260000 5.67
1436263320000 5.68
1436263380000 5.6746
1436263440000 5.71
1436263500000 5.71
1436263560000 5.73
1436263620000 5.74
1436263680000 5.73
1436263740000 5.73
1436263800000 5.72
1436263860000 5.73
1436263920000 5.72
1436263980000 5.735
1436264040000 5.73
1436264100000 5.72
1436264160000 5.68
1436264220000 5.68
1436264280000 5.69
1436264340000 5.68
1436264400000 5.6899
1436264460000 5.67
1436264520000 5.68
1436264580000 5.69
1436264640000 5.67
1436264700000 5.65
1436264760000 5.633
1436264820000 5.62
1436264880000 5.62
1436264940000 5.6279
1436265000000 5.62
1436265060000 5.6
1436265120000 5.6
1436265180000 5.59
1436265240000 5.62
1436265300000 5.61
1436265360000 5.62
1436265420000 5.6121
1436265480000 5.61
1436265540000 5.64
1436265600000 5.65
1436265660000 5.65
1436265720000 5.68
1436265780000 5.68
1436265840000 5.68
1436265900000 5.67
1436265960000 5.67
1436266020000 5.68
1436266080000 5.68
1436266140000 5.68
1436266260000 5.6799
1436266320000 5.71
1436266380000 5.73
1436266440000 5.74
1436266500000 5.75
1436266560000 5.75
1436266620000 5.76
1436266680000 5.75
1436266740000 5.75
1436266800000 5.72
1436266860000 5.71
1436266920000 5.715
1436266980000 5.7199
1436267100000 5.71
1436267160000 5.719
1436267280000 5.71
1436267340000 5.7
1436267400000 5.705
1436267460000 5.705
1436267520000 5.705
1436267580000 5.705
1436267760000 5.7
1436267820000 5.69
1436267880000 5.69
1436267940000 5.6799
1436268000000 5.6621
1436268060000 5.6601
1436268180000 5.653
1436268300000 5.64
1436268360000 5.6401
1436268420000 5.64
1436268540000 5.64
1436268600000 5.64
1436268660000 5.64
1436268720000 5.64
1436268780000 5.65
1436268840000 5.64
1436268900000 5.63
1436268960000 5.63
1436269020000 5.625
1436269080000 5.63
1436269140000 5.64
1436269200000 5.65
1436269320000 5.655
1436269380000 5.66
1436269440000 5.665
1436269500000 5.66
1436269560000 5.665
1436269620000 5.6601
1436269680000 5.67
1436269740000 5.7
1436269800000 5.695
1436269860000 5.695
1436269920000 5.7
1436269980000 5.7
1436270040000 5.714
1436270100000 5.74
1436270160000 5.74
1436270220000 5.735
1436270280000 5.73
1436270340000 5.7202
1436270460000 5.72
1436270520000 5.72
1436270580000 5.7199
1436270640000 5.7099
1436270700000 5.71
1436270760000 5.73
1436270820000 5.7248
1436270880000 5.729
1436270940000 5.73
1436271000000 5.74
1436271060000 5.738
1436271120000 5.735
1436271180000 5.74
1436271420000 5.735
1436271480000 5.74
1436271540000 5.74
1436271600000 5.74
1436271660000 5.745
1436271780000 5.745
1436271840000 5.75
1436271900000 5.745
1436271960000 5.75
1436272020000 5.7499
1436272080000 5.75
1436272140000 5.7701
1436272200000 5.78
1436272260000 5.8
1436272320000 5.805
1436272380000 5.8
1436272440000 5.7821
1436272500000 5.785
1436272560000 5.79
1436272620000 5.79
1436272680000 5.79
1436272740000 5.81
1436272800000 5.815
1436272920000 5.82
1436272980000 5.82
1436273040000 5.81
1436273100000 5.805
1436273160000 5.8001
1436273220000 5.81
1436273280000 5.81
1436273400000 5.81
1436273460000 5.81
1436273580000 5.8101
1436273640000 5.82
1436273700000 5.845
1436273760000 5.84
1436273880000 5.84
1436273940000 5.845
1436274000000 5.845
1436274120000 5.841
1436274180000 5.8406
1436274240000 5.84
1436274300000 5.84
1436274360000 5.82
1436274420000 5.825
1436274480000 5.8299
1436274540000 5.8201
1436274660000 5.825
1436274720000 5.8412
1436274780000 5.84
1436274840000 5.8351
1436274900000 5.84
1436274960000 5.84
1436275080000 5.83
1436275140000 5.835
1436275260000 5.83
1436275320000 5.82
1436275380000 5.82
1436275440000 5.82
1436275500000 5.82
1436275560000 5.82
1436275620000 5.825
1436275680000 5.82
1436275740000 5.82
1436275800000 5.825
1436275860000 5.8285
1436275920000 5.82
1436275980000 5.82
1436276040000 5.83
1436276100000 5.84
1436276160000 5.8301
1436276220000 5.8301
1436276280000 5.84
1436276340000 5.8301
1436276400000 5.8301
1436276460000 5.83
1436276520000 5.84
1436276580000 5.83
1436276640000 5.835
1436276700000 5.86
1436276880000 5.8501
1436277000000 5.88
1436277120000 5.8701
1436277180000 5.88
1436277360000 5.87
1436277420000 5.871
1436277480000 5.865
1436277600000 5.87
1436277660000 5.865
1436277720000 5.86
1436277780000 5.86
1436277840000 5.86
1436277900000 5.86
1436278020000 5.85
1436278080000 5.85
1436278200000 5.855
1436278260000 5.855
1436278320000 5.85
1436278380000 5.85
1436278440000 5.85
1436278500000 5.86
1436278740000 5.85
1436278800000 5.855
1436278920000 5.85
1436278980000 5.845
1436279040000 5.85
1436279100000 5.845
1436279160000 5.85
1436279220000 5.845
1436279280000 5.84
1436279340000 5.84
1436279520000 5.8404
1436279640000 5.84
1436279760000 5.8438
1436279940000 5.84
1436280000000 5.845
1436280120000 5.83
1436280180000 5.82
1436280240000 5.825
1436280300000 5.8299
1436280360000 5.83
1436280420000 5.83
1436280480000 5.825
1436280540000 5.83
1436280600000 5.84
1436280660000 5.85
1436280720000 5.86
1436280840000 5.875
1436280900000 5.865
1436280960000 5.87
1436281020000 5.87
1436281200000 5.87
1436281260000 5.87
1436281320000 5.87
1436281380000 5.865
1436281440000 5.86
1436281500000 5.855
1436281560000 5.86
