1436261400000 9.23
1436261580000 9.33
1436261640000 9.49
1436261700000 9.41
1436261760000 9.41
1436261820000 9.395
1436261880000 9.41
1436261940000 9.455
1436262000000 9.45
1436262180000 9.49
1436262240000 9.44
1436262300000 9.4625
1436262360000 9.46
1436262420000 9.5
1436262480000 9.53
1436262600000 9.54
1436262840000 9.58
1436262900000 9.54
1436262960000 9.45
1436263020000 9.46
1436263080000 9.42
1436263440000 9.37
1436263500000 9.34
1436263800000 9.32
1436264100000 9.2994
1436264280000 9.24
1436264820000 9.28
1436265120000 9.2346
1436265240000 9.205
1436265300000 9.16
1436265360000 9.12
1436265420000 9.1
1436265600000 9.1
1436265780000 9.09
1436265960000 9.0401
1436266020000 9.071
1436266080000 9.07
1436266140000 9.08
1436266200000 9.14
1436266260000 9.15
1436266320000 9.15
1436266380000 9.19
1436266440000 9.2
1436266500000 9.19
1436266560000 9.19
1436266620000 9.31
1436266680000 9.19
1436266740000 9.2
1436266800000 9.09
1436266860000 9.06
1436266920000 9.02
1436266980000 9.06
1436267040000 9.0
1436267280000 9.05
1436267520000 9.07
1436267580000 9.06
1436267760000 9.07
1436267880000 9.09
1436268000000 9.09
1436268060000 9.05
1436268120000 8.98
1436268180000 8.92
1436268300000 8.965
1436268420000 8.97
1436268480000 8.91
1436268840000 8.91
1436268900000 8.94
1436269080000 8.93
1436269200000 8.93
1436269260000 9.0
1436269380000 9.02
1436269440000 8.99
1436269500000 9.0
1436269620000 9.03
1436269680000 9.0706
1436269980000 9.1
1436270220000 9.16
1436270460000 9.1986
1436270520000 9.2
1436270580000 9.2
1436270640000 9.18
1436270760000 9.24
1436271180000 9.24
1436271240000 9.23
1436271300000 9.23
1436271360000 9.1725
1436271480000 9.11
1436271660000 9.1
1436271720000 9.09
1436271960000 9.17
1436272200000 9.21
1436272500000 9.215
1436272560000 9.235
1436272620000 9.235
1436272680000 9.245
1436272740000 9.25
1436272920000 9.25
1436272980000 9.27
1436273040000 9.25
1436273100000 9.25
1436273220000 9.25
1436273280000 9.27
1436273460000 9.26
1436273580000 9.26
1436273700000 9.26
1436273760000 9.26
1436273820000 9.25
1436274060000 9.25
1436274240000 9.28
1436274420000 9.23
1436274600000 9.23
1436274660000 9.25
1436274840000 9.28
1436274960000 9.27
1436275020000 9.25
1436275080000 9.24
1436275140000 9.26
1436275200000 9.131
1436275260000 9.09
1436275320000 9.11
1436275500000 9.11
1436275560000 9.09
1436275620000 9.09
1436275980000 9.09
1436276040000 9.08
1436276100000 9.09
1436276160000 9.09
1436276220000 9.08
1436276400000 9.09
1436276580000 9.09
1436276640000 9.11
1436276700000 9.11
1436276760000 9.09
1436277000000 9.09
1436277180000 9.08
1436277420000 9.06
1436277480000 9.06
1436277540000 9.02
1436277600000 9.06
1436277960000 9.08
1436278440000 9.04
1436278500000 9.05
1436278560000 9.11
1436278620000 9.11
1436278680000 9.13
1436278800000 9.11
1436278860000 9.08
1436278980000 9.1
1436279040000 9.1
1436279100000 9.1
1436279160000 9.12
1436279220000 9.13
1436279520000 9.15
1436279580000 9.15
1436279820000 9.17
1436280060000 9.22
1436280120000 9.19
1436280180000 9.19
1436280360000 9.23
1436280420000 9.27
1436280780000 9.21
1436281020000 9.25
1436281080000 9.2314
1436281200000 9.27
1436281320000 9.25
1436281380000 9.26
