1436261400000 21.74
1436261460000 21.59
1436261520000 21.59
1436261640000 21.63
1436261820000 21.67
1436262360000 21.57
1436262540000 21.5
1436262960000 21.49
1436263260000 21.43
1436263320000 21.43
1436263500000 21.435
1436263680000 21.435
1436263740000 21.44
1436263920000 21.47
1436264040000 21.46
1436264100000 21.45
1436264460000 21.46
1436264520000 21.47
1436264760000 21.4
1436264880000 21.44
1436265000000 21.44
1436265240000 21.45
1436265300000 21.45
1436265360000 21.45
1436265540000 21.42
1436265660000 21.4
1436265720000 21.395
1436265840000 21.41
1436265900000 21.395
1436265960000 21.41
1436266020000 21.35
1436266080000 21.39
1436266260000 21.41
1436266320000 21.4
1436266440000 21.46
1436266500000 21.3701
1436266740000 21.4
1436267160000 21.34
1436267220000 21.39
1436267340000 21.37
1436267760000 21.39
1436267820000 21.39
1436267880000 21.4
1436267940000 21.43
1436268060000 21.4
1436268360000 21.34
1436268480000 21.31
1436268540000 21.34
1436268600000 21.315
1436268720000 21.31
1436268840000 21.28
1436269140000 21.31
1436269320000 21.3
1436269380000 21.31
1436270160000 21.38
1436270400000 21.39
1436271000000 21.32
1436271060000 21.32
1436271120000 21.32
1436271780000 21.26
1436272500000 21.31
1436272680000 21.27
1436272740000 21.31
1436273040000 21.3
1436273580000 21.345
1436273640000 21.34
1436273700000 21.34
1436274000000 21.43
1436274060000 21.43
1436274180000 21.4
1436274240000 21.45
1436274300000 21.425
1436274360000 21.42
1436274600000 21.43
1436274720000 21.42
1436274960000 21.39
1436275020000 21.375
1436275200000 21.43
1436275260000 21.41
1436275320000 21.43
1436275500000 21.435
1436275620000 21.41
1436275680000 21.418
1436275860000 21.45
1436275920000 21.45
1436275980000 21.44
1436276460000 21.43
1436276640000 21.44
1436276760000 21.46
1436276820000 21.45
1436277000000 21.46
1436277360000 21.48
1436277420000 21.44
1436277480000 21.48
1436277540000 21.455
1436277660000 21.48
1436277720000 21.48
1436277780000 21.47
1436277900000 21.46
1436278140000 21.43
1436278680000 21.47
1436278740000 21.46
1436278860000 21.42
1436279280000 21.36
1436279460000 21.34
1436279700000 21.34
1436280120000 21.38
1436280300000 21.41
1436280420000 21.49
1436280720000 21.43
1436280840000 21.49
1436281020000 21.43
1436281080000 21.48
1436281140000 21.44
1436281320000 21.43
1436281440000 21.48
1436281500000 21.47
