1436261400000 19.11
1436261580000 19.05
1436261640000 19.015
1436261820000 19.05
1436261880000 18.95
1436261940000 18.97
1436263320000 18.79
1436263380000 18.85
1436264040000 18.795
1436264100000 18.79
1436264460000 18.79
1436264760000 18.72
1436265060000 18.72
1436265420000 18.72
1436265540000 18.69
1436265600000 18.65
1436265660000 18.63
1436265720000 18.61
1436265780000 18.62
1436266260000 18.61
1436266440000 18.66
1436266620000 18.685
1436267100000 18.66
1436268600000 18.68
1436268660000 18.56
1436269140000 18.47
1436269320000 18.55
1436269440000 18.6
1436270160000 18.64
1436270220000 18.65
1436270940000 18.68
1436271120000 18.63
1436271180000 18.615
1436272080000 18.63
1436272500000 18.64
1436273640000 18.69
1436273880000 18.855
1436273940000 18.91
1436274000000 18.9
1436274060000 18.88
1436274120000 18.88
1436274180000 18.89
1436274240000 18.86
1436274300000 18.84
1436274360000 18.83
1436274420000 18.81
1436274720000 18.81
1436274840000 18.81
1436274900000 18.81
1436275560000 18.8
1436275860000 18.8
1436276640000 18.8
1436276880000 18.82
1436277840000 18.81
1436278440000 18.815
1436278680000 18.8
1436279760000 18.74
1436279880000 18.75
1436280060000 18.8
1436280180000 18.85
1436280540000 18.82
1436280660000 18.83
1436281080000 18.88
1436281140000 18.9
1436281500000 18.93
1436281560000 18.92
