1436261400000 12.03
1436261760000 12.01
1436261820000 11.97
1436262360000 11.95
1436262420000 11.9
1436262480000 11.89
1436262540000 11.89
1436262840000 11.85
1436262960000 11.8
1436263020000 11.82
1436263320000 11.84
1436263440000 11.8495
1436263560000 11.81
1436263620000 11.82
1436264040000 11.81
1436264220000 11.735
1436264640000 11.72
1436264700000 11.72
1436264940000 11.68
1436265000000 11.73
1436265060000 11.7
1436265120000 11.77
1436265240000 11.73
1436265360000 11.69
1436265420000 11.68
1436265480000 11.61
1436265540000 11.61
1436265720000 11.6
1436265840000 11.59
1436265900000 11.58
1436265960000 11.62
1436266020000 11.68
1436266080000 11.7157
1436266140000 11.7
1436266200000 11.72
1436266380000 11.75
1436266440000 11.8
1436266560000 11.84
1436266800000 11.76
1436266860000 11.74
1436266920000 11.705
1436266980000 11.625
1436267040000 11.649
1436267100000 11.64
1436267220000 11.65
1436267280000 11.625
1436267340000 11.71
1436267400000 11.65
1436268060000 11.73
1436268120000 11.62
1436268360000 11.59
1436268480000 11.62
1436268540000 11.59
1436268840000 11.65
1436268960000 11.51
1436269140000 11.59
1436269500000 11.67
1436269560000 11.72
1436270100000 11.73
1436270160000 11.79
1436270220000 11.8
1436270520000 11.8
1436270640000 11.78
1436270700000 11.78
1436270820000 11.72
1436270880000 11.7
1436270940000 11.67
1436271000000 11.68
1436271120000 11.64
1436271720000 11.78
1436271900000 11.76
1436272260000 11.79
1436272440000 11.86
1436272740000 11.85
1436272920000 11.86
1436273040000 11.93
1436273100000 11.89
1436273340000 11.9157
1436273580000 11.9
1436273760000 11.88
1436273880000 11.9
1436274120000 11.885
1436274180000 11.87
1436274360000 11.85
1436274600000 11.83
1436274660000 11.78
1436274960000 11.83
1436275140000 11.82
1436275320000 11.8
1436275380000 11.72
1436275560000 11.76
1436275680000 11.78
1436275740000 11.79
1436275800000 11.76
1436275860000 11.8
1436275920000 11.75
1436275980000 11.74
1436276040000 11.67
1436276100000 11.66
1436276160000 11.66
1436276220000 11.702
1436276280000 11.69
1436276340000 11.82
1436276400000 11.81
1436276520000 11.77
1436276640000 11.81
1436276700000 11.84
1436276760000 11.82
1436276820000 11.795
1436276880000 11.81
1436276940000 11.87
1436277060000 11.87
1436277120000 11.81
1436277180000 11.84
1436277300000 11.87
1436277480000 11.8
1436277540000 11.89
1436277600000 11.94
1436277660000 12.02
1436277720000 12.09
1436277780000 12.08
1436277840000 12.03
1436277900000 11.97
1436277960000 11.9808
1436278020000 11.94
1436278080000 11.93
1436278140000 11.89
1436278320000 11.92
1436278500000 11.88
1436278560000 11.86
1436278860000 11.76
1436279160000 11.8444
1436279520000 11.85
1436279640000 11.85
1436279880000 11.89
1436280060000 11.92
1436280120000 11.98
1436280180000 12.03
1436280420000 12.0
1436280660000 12.1199
1436280780000 11.96
1436281080000 12.07
1436281260000 12.11
