1436261400000 54.73
1436261460000 55.0
1436261700000 54.59
1436261940000 54.4
1436262000000 54.45
1436262180000 54.5499
1436262240000 54.49
1436262360000 54.5099
1436262420000 54.41
1436262660000 54.49
1436263020000 54.61
1436263080000 54.4521
1436263140000 54.47
1436263560000 54.509
1436264100000 54.47
1436264280000 54.5
1436264460000 54.24
1436264520000 54.44
1436264640000 54.43
1436265000000 54.13
1436265540000 54.28
1436265660000 54.25
1436265840000 54.2799
1436266020000 54.18
1436266200000 54.2799
1436266320000 54.28
1436266440000 54.33
1436266500000 54.4999
1436266800000 54.41
1436267160000 54.285
1436267520000 54.24
1436268180000 54.25
1436268300000 54.25
1436268360000 54.345
1436268540000 54.315
1436268720000 54.35
1436268840000 54.27
1436269440000 54.31
1436270160000 54.27
1436270580000 54.48
1436270820000 54.64
1436271060000 54.58
1436271480000 54.1
1436271540000 54.14
1436271600000 54.15
1436271660000 54.14
1436271720000 54.14
1436271780000 54.19
1436271840000 54.24
1436271900000 54.25
1436271960000 54.33
1436272020000 54.36
1436272080000 54.37
1436272140000 54.35
1436272200000 54.45
1436272320000 54.525
1436272380000 54.44
1436272500000 54.38
1436272800000 54.46
1436272860000 54.48
1436272920000 54.5
1436272980000 54.27
1436273040000 54.33
1436273100000 54.29
1436273160000 54.38
1436273220000 54.62
1436273280000 54.54
1436273340000 54.55
1436273700000 54.65
1436274000000 54.5
1436274120000 54.51
1436274180000 54.51
1436274360000 54.47
1436274660000 54.42
1436274720000 54.47
1436274900000 54.49
1436275740000 54.43
1436275860000 54.48
1436276340000 54.5
1436276400000 54.53
1436276460000 54.54
1436276520000 54.7
1436276580000 54.69
1436276640000 54.68
1436277240000 54.5
1436277300000 54.53
1436277420000 54.52
1436277540000 54.54
1436277600000 54.51
1436277660000 54.5
1436277780000 54.5
1436277840000 54.5
1436278200000 54.47
1436278320000 54.52
1436278440000 54.49
1436278500000 54.5
1436278800000 54.3
1436278920000 54.37
1436279100000 54.38
1436279520000 54.38
1436279580000 54.39
1436280000000 54.53
1436280060000 54.42
1436280120000 54.5
1436280180000 54.54
1436280360000 54.78
1436280540000 54.71
1436280660000 54.71
1436280780000 54.57
1436281020000 54.37
1436281080000 54.4
1436281200000 54.69
1436281260000 54.58
1436281440000 54.68
1436281500000 54.58
