1436261400000 67.5
1436262120000 67.75
1436263380000 67.79
1436264100000 67.96
1436264160000 68.04
1436264220000 67.95
1436264280000 67.5001
1436264520000 67.54
1436265000000 67.51
1436265300000 67.51
1436265540000 67.5
1436265660000 67.52
1436265960000 67.5
1436266980000 67.52
1436267040000 67.7
1436267100000 67.51
1436267220000 67.5
1436267280000 67.5
1436267340000 67.5
1436268000000 67.74
1436268420000 67.6
1436268480000 67.6
1436268840000 67.79
1436270880000 68.13
1436271060000 67.57
1436271420000 67.832
1436271720000 67.95
1436274120000 67.96
1436274360000 68.08
1436275560000 68.12
1436275740000 68.12
1436275920000 68.74
1436277720000 69.0
1436278260000 68.98
1436278740000 68.94
1436279220000 68.89
1436279520000 68.87
1436279940000 68.85
1436280300000 68.88
1436280720000 68.95
1436281140000 68.66
1436281440000 68.88
