1436261400000 1.46
1436261580000 1.4101
1436261700000 1.464
1436262960000 1.4301
1436263080000 1.431
1436263440000 1.4597
1436263620000 1.4301
1436263680000 1.4597
1436264160000 1.4356
1436266320000 1.42
1436266560000 1.42
1436266620000 1.41
1436266740000 1.44
1436267280000 1.4349
1436269740000 1.41
1436269800000 1.4099
1436269920000 1.41
1436270400000 1.4195
1436271660000 1.415
1436272980000 1.41
1436273100000 1.4199
1436273820000 1.4101
1436275440000 1.4198
1436275620000 1.42
1436275920000 1.4201
1436276700000 1.4299
1436277000000 1.4184
1436277120000 1.4199
1436277180000 1.41
1436277240000 1.4196
1436277360000 1.41
1436279280000 1.4101
1436279520000 1.4101
