1436261880000 25.7
1436262000000 25.78
1436262060000 25.8
1436262360000 25.69
1436262480000 25.79
1436262540000 25.95
1436262600000 25.77
1436262660000 25.89
1436262720000 25.77
1436262780000 25.74
1436262840000 25.73
1436262900000 25.68
1436263020000 25.5
1436263080000 25.69
1436263140000 25.51
1436263200000 25.72
1436263440000 25.57
1436265600000 25.49
1436265660000 25.55
1436265780000 25.58
1436266320000 25.4456
1436266680000 25.39
1436267700000 25.35
1436267760000 25.33
1436267880000 25.35
1436271660000 25.75
1436271720000 25.47
1436272200000 25.4801
1436274360000 25.7002
1436277660000 25.77
1436278860000 25.69
