1436261400000 2.0223
1436262240000 2.087
1436262780000 2.03
1436263200000 2.03
1436263500000 2.03
1436265660000 2.05
1436266980000 2.05
1436267460000 2.07
1436268900000 2.065
1436269020000 2.06
1436269200000 2.08
1436269500000 2.084
1436270040000 2.09
1436271060000 2.11
1436273400000 2.09
1436273820000 2.09
1436274240000 2.07
1436274360000 2.06
1436274840000 2.08
1436274900000 2.08
1436275020000 2.1
1436278560000 2.13
1436278740000 2.15
1436279160000 2.15
1436279340000 2.15
1436279460000 2.15
1436280000000 2.15
1436280060000 2.15
1436281500000 2.15
