1436261400000 5.24
1436261760000 5.2
1436261820000 5.22
1436262060000 5.22
1436262120000 5.2297
1436262180000 5.2297
1436262240000 5.2
1436262300000 5.22
1436262360000 5.22
1436262480000 5.2201
1436262600000 5.2318
1436262960000 5.23
1436263020000 5.2201
1436263080000 5.2212
1436263200000 5.223
1436263260000 5.22
1436263380000 5.2001
1436263800000 5.21
1436263860000 5.1997
1436263920000 5.189
1436263980000 5.18
1436264040000 5.14
1436264100000 5.15
1436264520000 5.13
1436264580000 5.16
1436264640000 5.11
1436264700000 5.11
1436264760000 5.11
1436265240000 5.1145
1436265540000 5.12
1436265660000 5.11
1436265720000 5.12
1436265780000 5.11
1436265840000 5.0501
1436265960000 5.05
1436266080000 5.01
1436266140000 5.0
1436266380000 5.06
1436266680000 4.94
1436266920000 4.95
1436267040000 4.9836
1436267100000 4.96
1436267220000 4.96
1436267280000 5.0
1436267580000 4.98
1436267760000 4.98
1436267880000 5.0
1436267940000 4.9999
1436268000000 4.98
1436268060000 5.0
1436268180000 5.01
1436268240000 5.0
1436268300000 5.01
1436268360000 5.0
1436268420000 5.0
1436268540000 4.99
1436268600000 4.99
1436268660000 4.99
1436268900000 4.98
1436268960000 4.99
1436269080000 4.99
1436269260000 5.0
1436269320000 5.02
1436269380000 5.03
1436269440000 5.04
1436269560000 5.04
1436269680000 5.04
1436269740000 5.1
1436269800000 5.1
1436269860000 5.1
1436269980000 5.11
1436270040000 5.1
1436270280000 5.1
1436270340000 5.11
1436270640000 5.1
1436270820000 5.12
1436270880000 5.16
1436271060000 5.14
1436271120000 5.14
1436271180000 5.14
1436271240000 5.14
1436271360000 5.1596
1436271420000 5.16
1436271480000 5.16
1436271540000 5.16
1436272020000 5.16
1436272080000 5.16
1436272860000 5.1448
1436272920000 5.16
1436273280000 5.14
1436273820000 5.2
1436274360000 5.19
1436274780000 5.2
1436275080000 5.18
1436275200000 5.16
1436275260000 5.2
1436275680000 5.17
1436275800000 5.18
1436276160000 5.18
1436276700000 5.19
1436276880000 5.2
1436277120000 5.19
1436277300000 5.2
1436277840000 5.19
1436278080000 5.2
1436278200000 5.19
1436278440000 5.19
1436278680000 5.18
1436278920000 5.16
1436279040000 5.16
1436279160000 5.16
1436279280000 5.17
1436279340000 5.15
1436279520000 5.15
1436279700000 5.165
1436280180000 5.15
1436280960000 5.15
1436281080000 5.17
1436281320000 5.17
1436281440000 5.18
1436281500000 5.18
