1436261400000 24.6
1436261460000 24.5
1436261520000 24.48
1436261580000 24.45
1436261640000 24.39
1436261700000 24.22
1436261760000 24.14
1436261820000 24.2699
1436261880000 24.22
1436261940000 24.22
1436262000000 24.15
1436262060000 24.115
1436262120000 24.14
1436262180000 24.21
1436262240000 24.24
1436262300000 24.22
1436262360000 24.18
1436262420000 24.24
1436262480000 24.24
1436262540000 24.24
1436262600000 24.28
1436262660000 24.2627
1436262720000 24.26
1436262780000 24.24
1436262840000 24.24
1436262900000 24.24
1436262960000 24.19
1436263020000 24.18
1436263080000 24.19
1436263140000 24.13
1436263200000 24.14
1436263260000 24.1
1436263320000 24.1
1436263380000 24.1
1436263440000 24.04
1436263500000 23.95
1436263560000 23.84
1436263620000 23.79
1436263680000 23.7688
1436263740000 23.76
1436263800000 23.68
1436263860000 23.689
1436263920000 23.72
1436263980000 23.73
1436264040000 23.8
1436264100000 23.75
1436264160000 23.7334
1436264220000 23.75
1436264280000 23.8332
1436264340000 23.8847
1436264400000 23.91
1436264460000 23.904
1436264520000 23.96
1436264580000 23.975
1436264640000 23.95
1436264700000 23.94
1436264760000 23.925
1436264820000 23.9236
1436264880000 23.96
1436264940000 23.98
1436265000000 23.97
1436265060000 23.905
1436265120000 23.88
1436265180000 23.93
1436265240000 23.88
1436265300000 23.93
1436265360000 23.95
1436265420000 23.96
1436265480000 23.96
1436265540000 23.91
1436265600000 23.94
1436265660000 23.9
1436265720000 23.8
1436265780000 23.72
1436265840000 23.66
1436265900000 23.6699
1436265960000 23.68
1436266020000 23.69
1436266080000 23.73
1436266140000 23.8
1436266200000 23.81
1436266260000 23.88
1436266320000 23.8501
1436266380000 23.95
1436266440000 23.98
1436266500000 23.99
1436266560000 24.01
1436266620000 24.02
1436266680000 24.03
1436266740000 24.04
1436266800000 24.04
1436266860000 23.95
1436266920000 24.01
1436266980000 23.89
1436267040000 23.82
1436267100000 23.83
1436267160000 23.85
1436267220000 23.803
1436267280000 23.8
1436267340000 23.7992
1436267400000 23.7951
1436267460000 23.79
1436267520000 23.89
1436267580000 23.905
1436267640000 23.905
1436267700000 23.9
1436267760000 23.92
1436267820000 23.91
1436267880000 23.9
1436267940000 23.87
1436268000000 23.835
1436268060000 23.76
1436268120000 23.81
1436268180000 23.82
1436268240000 23.8
1436268300000 23.75
1436268360000 23.74
1436268420000 23.725
1436268480000 23.77
1436268540000 23.77
1436268600000 23.7261
1436268660000 23.73
1436268720000 23.73
1436268780000 23.76
1436268840000 23.76
1436268900000 23.74
1436268960000 23.76
1436269020000 23.8402
1436269080000 23.84
1436269140000 23.8301
1436269200000 23.83
1436269260000 23.82
1436269320000 23.76
1436269380000 23.87
1436269440000 23.85
1436269500000 23.8444
1436269560000 23.82
1436269620000 23.8
1436269680000 23.825
1436269740000 23.8696
1436269800000 23.861
1436269860000 23.88
1436269920000 23.9
1436269980000 23.9
1436270040000 23.96
1436270100000 23.9896
1436270160000 24.0
1436270220000 24.11
1436270280000 24.0706
1436270340000 24.05
1436270460000 23.9901
1436270520000 23.91
1436270580000 23.815
1436270640000 23.88
1436270700000 23.84
1436270820000 23.88
1436270880000 23.8205
1436270940000 23.83
1436271000000 23.85
1436271060000 23.84
1436271120000 23.85
1436271180000 23.871
1436271240000 23.85
1436271300000 23.851
1436271360000 23.87
1436271420000 23.86
1436271540000 23.8899
1436271600000 23.87
1436271660000 23.88
1436271720000 23.86
1436271780000 23.841
1436271840000 23.86
1436271900000 23.87
1436271960000 23.9
1436272020000 23.93
1436272080000 23.877
1436272140000 23.9
1436272200000 23.9
1436272260000 23.903
1436272320000 23.92
1436272380000 23.92
1436272500000 23.91
1436272560000 23.94
1436272620000 23.93
1436272680000 23.93
1436272740000 23.91
1436272800000 23.9
1436272920000 23.9
1436272980000 23.95
1436273100000 23.973
1436273160000 24.02
1436273220000 24.02
1436273340000 24.029
1436273400000 24.01
1436273460000 23.92
1436273580000 23.93
1436273640000 23.93
1436273760000 23.95
1436273820000 23.96
1436273880000 23.96
1436274000000 24.01
1436274060000 24.01
1436274120000 23.99
1436274180000 23.99
1436274240000 24.0167
1436274300000 23.99
1436274360000 23.98
1436274420000 23.98
1436274480000 24.0332
1436274540000 24.05
1436274600000 23.97
1436274660000 24.0724
1436274780000 24.17
1436274840000 24.18
1436274900000 24.17
1436274960000 24.14
1436275020000 24.13
1436275080000 24.12
1436275140000 24.16
1436275200000 24.15
1436275260000 24.14
1436275320000 24.16
1436275380000 24.2
1436275440000 24.266
1436275500000 24.1804
1436275560000 24.2332
1436275620000 24.26
1436275680000 24.2435
1436275740000 24.22
1436275800000 24.27
1436275860000 24.29
1436275920000 24.27
1436275980000 24.29
1436276040000 24.29
1436276100000 24.32
1436276160000 24.3151
1436276220000 24.34
1436276280000 24.3199
1436276400000 24.33
1436276460000 24.283
1436276520000 24.34
1436276580000 24.35
1436276640000 24.34
1436276820000 24.45
1436276880000 24.45
1436276940000 24.46
1436277000000 24.48
1436277060000 24.45
1436277120000 24.49
1436277240000 24.52
1436277300000 24.55
1436277360000 24.52
1436277420000 24.53
1436277480000 24.55
1436277540000 24.54
1436277600000 24.51
1436277660000 24.5
1436277720000 24.49
1436277780000 24.425
1436277840000 24.42
1436277900000 24.41
1436277960000 24.3201
1436278020000 24.37
1436278080000 24.33
1436278140000 24.33
1436278200000 24.255
1436278260000 24.302
1436278320000 24.3088
1436278380000 24.34
1436278440000 24.31
1436278500000 24.3099
1436278620000 24.3
1436278680000 24.292
1436278740000 24.22
1436278800000 24.185
1436278860000 24.161
1436278920000 24.16
1436278980000 24.17
1436279040000 24.17
1436279100000 24.18
1436279160000 24.2
1436279220000 24.21
1436279280000 24.24
1436279340000 24.247
1436279400000 24.23
1436279520000 24.21
1436279580000 24.23
1436279640000 24.25
1436279820000 24.23
1436279880000 24.23
1436279940000 24.3271
1436280060000 24.32
1436280180000 24.4
1436280240000 24.46
1436280300000 24.52
1436280360000 24.4798
1436280420000 24.5
1436280480000 24.49
1436280600000 24.507
1436280720000 24.49
1436280840000 24.5022
1436280960000 24.5
1436281020000 24.52
1436281080000 24.54
1436281140000 24.59
1436281200000 24.6
1436281260000 24.64
1436281320000 24.6
1436281380000 24.5961
1436281440000 24.59
1436281500000 24.59
1436281560000 24.58
