1436261400000 37.13
1436263200000 37.0
1436263380000 36.97
1436263560000 36.98
1436263680000 36.95
1436264640000 37.05
1436264700000 37.04
1436265240000 37.0
1436265300000 36.95
1436265420000 36.95
1436265660000 36.95
1436265720000 36.95
1436265780000 37.0
1436266200000 36.95
1436266380000 37.04
1436266440000 37.0748
1436266800000 37.14
1436267040000 37.11
1436267520000 37.08
1436268120000 37.02
1436268480000 37.06
1436268720000 37.06
1436268900000 36.97
1436269260000 37.06
1436270040000 37.18
1436270100000 37.23
1436270160000 37.18
1436270220000 37.34
1436270280000 37.3
1436270400000 37.34
1436270460000 37.29
1436270520000 37.18
1436270580000 37.29
1436270640000 37.34
1436270700000 37.08
1436270760000 37.22
1436270820000 37.23
1436270880000 37.16
1436270940000 37.17
1436271000000 37.23
1436271060000 37.07
1436271120000 37.229
1436271180000 37.23
1436271240000 37.38
1436271300000 37.28
1436271360000 37.4
1436271420000 37.258
1436271480000 37.2
1436271600000 37.15
1436271660000 37.2
1436271720000 37.25
1436271780000 37.25
1436271840000 37.25
1436272140000 37.14
1436272200000 37.249
1436272260000 37.34
1436272320000 37.56
1436272500000 37.28
1436272740000 37.16
1436272980000 37.22
1436273280000 37.22
1436273400000 37.18
1436273520000 37.29
1436273640000 37.21
1436273760000 37.06
1436273820000 37.18
1436273880000 37.13
1436273940000 37.15
1436274060000 37.19
1436274360000 37.23
1436275380000 37.3
1436275920000 37.29
1436278440000 37.2834
1436278560000 37.2826
1436278740000 37.3
1436279640000 37.29
1436279820000 37.3
