1436261400000 24.29
1436261820000 24.1
1436262120000 24.19
1436262360000 24.12
1436262540000 24.19
1436262780000 24.17
1436263080000 24.08
1436263200000 24.08
1436263260000 24.14
1436263500000 24.17
1436263680000 24.09
1436263980000 24.16
1436264040000 24.15
1436264100000 24.16
1436264160000 24.17
1436264340000 24.19
1436264400000 24.17
1436264460000 24.14
1436264580000 24.12
1436264820000 24.09
1436264880000 24.08
1436265180000 24.07
1436265240000 24.08
1436265300000 24.1
1436265360000 24.1
1436265420000 24.1
1436265480000 24.11
1436265540000 24.09
1436265660000 24.09
1436265780000 24.09
1436265840000 24.09
1436265900000 24.095
1436265960000 24.11
1436266020000 24.11
1436266140000 24.13
1436266380000 24.16
1436266440000 24.16
1436266500000 24.18
1436266560000 24.2198
1436266620000 24.22
1436266680000 24.2
1436266800000 24.14
1436266980000 24.13
1436267040000 24.08
1436267460000 24.07
1436267520000 24.11
1436267580000 24.14
1436267820000 24.13
1436267880000 24.12
1436267940000 24.09
1436268060000 24.08
1436268240000 24.12
1436268360000 24.07
1436268420000 24.11
1436268540000 24.07
1436268780000 24.02
1436268840000 24.0
1436269140000 24.04
1436269320000 24.07
1436269380000 24.1
1436269560000 24.1
1436269740000 24.09
1436269800000 24.07
1436270100000 24.09
1436270160000 24.09
1436270220000 24.14
1436270400000 24.09
1436270580000 24.04
1436270760000 24.0606
1436270880000 24.08
1436270940000 24.04
1436271000000 24.06
1436271240000 24.0
1436271420000 24.05
1436271660000 24.01
1436271840000 24.07
1436271900000 24.08
1436272020000 24.04
1436272200000 24.06
1436272440000 24.06
1436272740000 24.12
1436273040000 24.13
1436273100000 24.08
1436273160000 24.08
1436273220000 24.15
1436273280000 24.21
1436273340000 24.21
1436273400000 24.155
1436273460000 24.24
1436273700000 24.24
1436273880000 24.25
1436274000000 24.2476
1436274240000 24.205
1436274360000 24.215
1436274480000 24.16
1436274660000 24.21
1436274900000 24.27
1436275380000 24.2
1436275440000 24.23
1436275800000 24.19
1436275920000 24.23
1436276160000 24.17
1436276220000 24.23
1436276580000 24.18
1436276640000 24.23
1436276880000 24.26
1436276940000 24.26
1436277300000 24.274
1436277360000 24.24
1436277420000 24.245
1436277480000 24.2
1436277900000 24.22
1436278020000 24.22
1436278140000 24.18
1436278320000 24.21
1436278500000 24.21
1436278560000 24.21
1436278740000 24.16
1436278860000 24.21
1436278920000 24.17
1436279040000 24.185
1436279220000 24.16
1436279340000 24.16
1436279520000 24.21
1436279640000 24.18
1436279760000 24.19
1436280240000 24.3
1436280300000 24.3
1436280420000 24.32
1436280720000 24.29
1436280840000 24.27
1436281080000 24.32
1436281140000 24.35
1436281200000 24.36
1436281260000 24.34
1436281320000 24.34
1436281440000 24.34
1436281500000 24.31
