1436261400000 1.62
1436263380000 1.59
1436264760000 1.59
1436265060000 1.6
1436265780000 1.5835
1436266200000 1.57
1436266740000 1.59
1436267820000 1.57
1436269620000 1.57
1436269920000 1.5701
1436270400000 1.5799
1436270820000 1.58
1436270880000 1.58
1436271120000 1.59
1436271660000 1.58
1436273940000 1.58
1436274660000 1.5999
1436274720000 1.6
1436275500000 1.6
1436275800000 1.61
1436276220000 1.59
1436278320000 1.58
1436278500000 1.607
1436278920000 1.61
1436279640000 1.58
1436280060000 1.61
1436280300000 1.58
1436281140000 1.61
