1436261400000 46.24
1436261940000 46.44
1436262180000 46.12
1436262540000 46.175
1436262720000 46.22
1436262840000 46.17
1436262900000 46.17
1436262960000 46.185
1436263020000 46.225
1436263080000 46.24
1436263260000 46.241
1436263320000 46.28
1436263380000 46.27
1436263500000 46.22
1436263740000 46.1
1436263800000 46.16
1436263860000 46.14
1436264040000 46.08
1436264100000 45.96
1436264160000 46.04
1436264220000 46.122
1436264280000 46.11
1436264820000 45.93
1436264940000 45.88
1436265060000 45.77
1436265240000 45.71
1436265300000 45.69
1436265360000 45.68
1436265420000 45.7
1436265480000 45.735
1436265600000 45.73
1436265720000 45.66
1436265780000 45.67
1436265840000 45.66
1436265960000 45.72
1436266560000 45.94
1436266620000 45.82
1436266800000 45.7
1436266920000 45.73
1436267460000 45.69
1436267580000 45.775
1436267760000 45.785
1436268060000 45.67
1436268240000 45.61
1436268360000 45.57
1436268480000 45.57
1436268540000 45.59
1436268660000 45.54
1436268840000 45.52
1436268900000 45.452
1436269080000 45.49
1436269140000 45.53
1436269320000 45.6
1436269440000 45.67
1436269560000 45.65
1436269860000 45.66
1436269920000 45.65
1436269980000 45.69
1436270040000 45.67
1436270160000 45.69
1436270220000 45.84
1436270280000 45.92
1436270340000 45.828
1436270460000 45.86
1436270700000 45.82
1436270760000 45.84
1436270880000 45.83
1436271060000 45.89
1436271180000 45.91
1436271240000 45.89
1436271360000 45.88
1436271480000 45.7901
1436271660000 45.87
1436271720000 45.91
1436271900000 45.9
1436271960000 45.92
1436272020000 45.89
1436272260000 45.94
1436272380000 46.0
1436272440000 45.99
1436272560000 45.97
1436272680000 45.98
1436272800000 46.0
1436272920000 46.0
1436272980000 46.005
1436273040000 45.99
1436273100000 45.98
1436273220000 46.011
1436273340000 46.07
1436273580000 46.02
1436273640000 46.01
1436273820000 46.0
1436273880000 46.12
1436274000000 46.07
1436274240000 46.1
1436274360000 46.02
1436274420000 45.94
1436274480000 45.94
1436274600000 46.0
1436274660000 45.96
1436274720000 46.035
1436274960000 46.011
1436275080000 45.94
1436275200000 45.995
1436275260000 45.96
1436275440000 45.96
1436275500000 46.03
1436275800000 46.18
1436275920000 46.09
1436275980000 45.99
1436276160000 46.0
1436276220000 46.01
1436276280000 46.0
1436276460000 45.93
1436276520000 45.98
1436276580000 45.97
1436276640000 45.92
1436276880000 45.89
1436276940000 45.92
1436277000000 45.96
1436277120000 45.95
1436277240000 45.94
1436277300000 45.9599
1436277360000 45.86
1436277420000 45.87
1436277540000 45.86
1436277600000 45.87
1436277720000 45.92
1436277780000 45.86
1436277840000 45.9
1436277900000 45.92
1436278020000 45.9
1436278200000 45.86
1436278260000 45.87
1436278320000 45.85
1436278380000 45.9006
1436278440000 45.9
1436278500000 45.9
1436278560000 45.91
1436278680000 45.92
1436278740000 45.92
1436278860000 45.85
1436278980000 45.79
1436279100000 45.78
1436279160000 45.8
1436279220000 45.8
1436279340000 45.8
1436279580000 45.89
1436279820000 45.93
1436279880000 45.93
1436280000000 45.94
1436280060000 45.97
1436280120000 45.98
1436280180000 45.94
1436280300000 45.96
1436280360000 45.98
1436280420000 45.94
1436280480000 45.93
1436280540000 45.93
1436280600000 45.93
1436280720000 45.97
1436280780000 45.94
1436280900000 45.93
1436280960000 45.9
1436281020000 45.965
1436281080000 45.985
1436281140000 45.99
1436281200000 45.99
1436281260000 45.99
1436281380000 45.991
1436281440000 46.0
1436281500000 45.96
1436281560000 45.91
