1436261400000 6.96
1436261580000 6.9
1436261700000 6.8
1436262000000 6.79
1436262240000 6.751
1436262300000 6.75
1436262360000 6.6
1436262420000 6.57
1436262480000 6.5601
1436262540000 6.55
1436262600000 6.55
1436262660000 6.54
1436262840000 6.53
1436262900000 6.52
1436262960000 6.55
1436263380000 6.53
1436263440000 6.53
1436263680000 6.5101
1436263800000 6.5201
1436263920000 6.523
1436264040000 6.54
1436264100000 6.52
1436264160000 6.51
1436264400000 6.5
1436264760000 6.5
1436265120000 6.46
1436265180000 6.45
1436265240000 6.42
1436265360000 6.42
1436265420000 6.4025
1436265600000 6.4
1436265720000 6.39
1436265960000 6.34
1436266020000 6.38
1436266320000 6.4
1436266380000 6.4
1436266440000 6.44
1436266500000 6.44
1436266620000 6.4295
1436266740000 6.4
1436266800000 6.39
1436267400000 6.44
1436267760000 6.38
1436268000000 6.4299
1436268120000 6.39
1436268180000 6.38
1436268360000 6.36
1436268540000 6.34
1436268660000 6.3
1436268960000 6.33
1436269020000 6.34
1436269380000 6.4
1436269500000 6.42
1436269560000 6.4
1436269800000 6.4
1436269860000 6.39
1436270160000 6.4
1436270340000 6.38
1436270400000 6.38
1436270700000 6.32
1436271120000 6.3597
1436271240000 6.37
1436271480000 6.335
1436271540000 6.35
1436271720000 6.36
1436271960000 6.3645
1436272260000 6.3401
1436272320000 6.3401
1436272380000 6.34
1436272680000 6.36
1436272980000 6.3463
1436273220000 6.36
1436273340000 6.36
1436273400000 6.3499
1436273460000 6.35
1436273520000 6.33
1436273580000 6.335
1436273640000 6.35
1436273760000 6.35
1436273880000 6.35
1436274660000 6.37
1436274720000 6.35
1436274840000 6.35
1436274900000 6.35
1436275020000 6.35
1436275080000 6.345
1436275140000 6.35
1436275320000 6.35
1436275500000 6.35
1436275680000 6.3445
1436275800000 6.35
1436275920000 6.3401
1436275980000 6.3646
1436276040000 6.35
1436276340000 6.35
1436276460000 6.3401
1436276640000 6.38
1436276760000 6.355
1436276820000 6.3403
1436277360000 6.34
1436277780000 6.36
1436277900000 6.3401
1436278080000 6.34
1436278200000 6.36
1436278620000 6.35
1436278740000 6.35
1436278800000 6.36
1436278920000 6.37
1436278980000 6.35
1436279280000 6.34
1436279340000 6.34
1436279400000 6.34
1436279640000 6.305
1436279700000 6.3
1436280000000 6.31
1436280060000 6.32
1436280240000 6.33
1436280420000 6.36
1436280540000 6.36
1436280720000 6.36
1436280840000 6.35
1436281020000 6.36
1436281080000 6.36
1436281140000 6.35
1436281200000 6.35
1436281260000 6.36
1436281440000 6.35
1436281500000 6.35
1436281620000 6.35
