1436261400000 6.92
1436261640000 6.88
1436262180000 6.857
1436262300000 6.81
1436262420000 6.8
1436262480000 6.8082
1436262840000 6.78
1436263020000 6.7571
1436263080000 6.75
1436263380000 6.77
1436263500000 6.76
1436263620000 6.75
1436263680000 6.72
1436263740000 6.72
1436263980000 6.73
1436264280000 6.73
1436264760000 6.67
1436264880000 6.69
1436264940000 6.6885
1436265000000 6.67
1436265120000 6.68
1436265300000 6.68
1436265420000 6.68
1436265480000 6.68
1436265540000 6.67
1436265720000 6.66
1436265840000 6.65
1436265960000 6.65
1436266020000 6.6303
1436266380000 6.72
1436266440000 6.7
1436266500000 6.68
1436266680000 6.69
1436266920000 6.6999
1436266980000 6.6899
1436267340000 6.71
1436267520000 6.715
1436267760000 6.72
1436267940000 6.73
1436268000000 6.73
1436268120000 6.72
1436268360000 6.72
1436268780000 6.71
1436268960000 6.717
1436269080000 6.72
1436269140000 6.72
1436269380000 6.72
1436269560000 6.72
1436269800000 6.73
1436270160000 6.73
1436270220000 6.79
1436270640000 6.8001
1436270700000 6.8
1436270760000 6.82
1436270820000 6.8
1436270940000 6.8
1436271180000 6.8
1436271540000 6.8
1436271600000 6.8
1436271660000 6.82
1436271720000 6.85
1436271840000 6.85
1436271900000 6.85
1436271960000 6.85
1436272380000 6.87
1436273520000 6.92
1436273580000 6.94
1436273640000 6.95
1436273760000 6.96
1436274000000 6.96
1436274060000 6.96
1436274120000 6.9536
1436274180000 6.96
1436274420000 6.93
1436274480000 6.94
1436274720000 6.95
1436275200000 7.02
1436275260000 7.01
1436275320000 7.01
1436275380000 7.03
1436275740000 7.06
1436276400000 7.01
1436276640000 7.0112
1436276700000 7.05
1436276880000 7.0325
1436277060000 7.06
1436277780000 7.05
1436278620000 7.04
1436278740000 7.01
1436278800000 7.01
1436279100000 6.9604
1436279760000 6.96
1436279880000 6.99
1436280060000 6.99
1436280180000 6.98
1436280360000 7.0
1436280420000 7.0
1436280480000 6.99
1436280540000 6.98
1436280600000 6.98
1436280660000 6.98
1436280720000 6.976
1436280780000 6.9648
1436280840000 6.98
1436280960000 6.988
1436281080000 6.9848
1436281320000 6.98
1436281380000 6.9998
1436281500000 6.98
1436281560000 6.98
1436281620000 6.98
