1436261400000 2.85
1436261580000 2.84
1436261640000 2.83
1436261700000 2.8509
1436261880000 2.815
1436261940000 2.8191
1436262060000 2.8209
1436262120000 2.8209
1436262240000 2.817
1436262360000 2.81
1436262420000 2.8001
1436262480000 2.8099
1436262600000 2.8
1436262660000 2.79
1436262720000 2.78
1436262900000 2.77
1436262960000 2.77
1436263020000 2.76
1436263080000 2.76
1436263200000 2.75
1436263260000 2.75
1436263320000 2.73
1436263380000 2.7312
1436263440000 2.73
1436263500000 2.7301
1436263560000 2.73
1436263620000 2.72
1436263740000 2.713
1436263800000 2.71
1436263860000 2.7199
1436263920000 2.735
1436263980000 2.74
1436264040000 2.74
1436264400000 2.75
1436264460000 2.7425
1436264520000 2.755
1436264580000 2.7501
1436264700000 2.7595
1436264760000 2.75
1436264880000 2.7554
1436264940000 2.75
1436265000000 2.75
1436265060000 2.7499
1436265180000 2.75
1436265240000 2.75
1436265360000 2.75
1436265480000 2.75
1436265600000 2.74
1436265660000 2.74
1436265720000 2.734
1436265780000 2.74
1436265840000 2.74
1436265900000 2.74
1436265960000 2.7379
1436266020000 2.75
1436266080000 2.75
1436266140000 2.76
1436266200000 2.759
1436266260000 2.76
1436266320000 2.75
1436266380000 2.77
1436266440000 2.79
1436266500000 2.787
1436266560000 2.78
1436266620000 2.79
1436266680000 2.79
1436266740000 2.8
1436266800000 2.8
1436266920000 2.79
1436266980000 2.8
1436267040000 2.7952
1436267280000 2.795
1436267400000 2.8
1436267460000 2.804
1436267520000 2.81
1436267580000 2.8141
1436267700000 2.8199
1436267820000 2.83
1436267880000 2.8299
1436267940000 2.825
1436268000000 2.8201
1436268120000 2.825
1436268180000 2.8201
1436268300000 2.82
1436268480000 2.81
1436268540000 2.8
1436268600000 2.79
1436268660000 2.79
1436268720000 2.8
1436268840000 2.8
1436268900000 2.8
1436268960000 2.8
1436269020000 2.8
1436269080000 2.8
1436269140000 2.8
1436269260000 2.8099
1436269320000 2.81
1436269380000 2.821
1436269440000 2.83
1436269500000 2.83
1436269560000 2.835
1436269800000 2.84
1436269980000 2.8401
1436270040000 2.845
1436270100000 2.845
1436270160000 2.85
1436270220000 2.86
1436270400000 2.865
1436270460000 2.86
1436270520000 2.855
1436270760000 2.87
1436271060000 2.86
1436271120000 2.8599
1436271240000 2.857
1436271660000 2.85
1436271720000 2.855
1436271780000 2.86
1436271840000 2.85
1436271900000 2.855
1436271960000 2.86
1436272200000 2.87
1436272260000 2.866
1436272320000 2.899
1436272380000 2.9
1436272440000 2.895
1436272560000 2.895
1436272680000 2.89
1436272740000 2.9
1436273160000 2.9072
1436273220000 2.9072
1436273280000 2.92
1436273340000 2.94
1436273820000 2.93
1436273880000 2.93
1436273940000 2.94
1436274000000 2.94
1436274120000 2.945
1436274240000 2.95
1436274300000 2.95
1436274360000 2.9533
1436274420000 2.9351
1436274720000 2.94
1436274960000 2.95
1436275020000 2.949
1436275200000 2.9458
1436275260000 2.93
1436275320000 2.93
1436275440000 2.9228
1436275500000 2.92
1436275620000 2.92
1436275860000 2.9201
1436275920000 2.92
1436275980000 2.91
1436276040000 2.91
1436276100000 2.91
1436276280000 2.9
1436276340000 2.9
1436276400000 2.9
1436276460000 2.89
1436276580000 2.8901
1436276640000 2.9
1436276820000 2.91
1436277000000 2.9001
1436277060000 2.9
1436277120000 2.89
1436277300000 2.89
1436277480000 2.89
1436277780000 2.88
1436277900000 2.885
1436277960000 2.88
1436278020000 2.88
1436278140000 2.88
1436278320000 2.88
1436278440000 2.88
1436278620000 2.885
1436278680000 2.885
1436278740000 2.88
1436278920000 2.88
1436278980000 2.855
1436279100000 2.855
1436279160000 2.86
1436279520000 2.86
1436279580000 2.87
1436279700000 2.87
1436279880000 2.865
1436280060000 2.88
1436280180000 2.92
1436280300000 2.8994
1436280600000 2.8963
1436280660000 2.89
1436280720000 2.89
1436281020000 2.9
1436281080000 2.9062
1436281500000 2.92
