1436261400000 10.55
1436261760000 10.53
1436262060000 10.47
1436262120000 10.45
1436262180000 10.43
1436262240000 10.42
1436262300000 10.42
1436262360000 10.48
1436262420000 10.54
1436262480000 10.53
1436262900000 10.48
1436263320000 10.47
1436263380000 10.47
1436263440000 10.46
1436263680000 10.41
1436263740000 10.4
1436263980000 10.41
1436264040000 10.4182
1436264520000 10.4
1436264640000 10.44
1436264820000 10.43
1436265120000 10.37
1436265420000 10.36
1436265660000 10.35
1436265720000 10.34
1436265840000 10.3
1436265900000 10.3
1436265960000 10.33
1436266380000 10.34
1436266560000 10.39
1436266860000 10.35
1436266980000 10.38
1436267280000 10.35
1436267400000 10.34
1436267520000 10.36
1436267700000 10.36
1436267880000 10.37
1436268120000 10.37
1436268240000 10.36
1436268540000 10.36
1436268600000 10.37
1436268660000 10.37
1436268840000 10.36
1436268900000 10.36
1436268960000 10.38
1436269140000 10.37
1436269200000 10.37
1436269260000 10.36
1436269320000 10.38
1436269440000 10.37
1436269500000 10.36
1436269980000 10.37
1436270160000 10.37
1436270220000 10.4
1436270280000 10.4
1436270340000 10.4
1436270460000 10.39
1436270520000 10.39
1436270580000 10.39
1436270700000 10.4
1436271060000 10.38
1436271180000 10.37
1436271240000 10.365
1436271300000 10.38
1436271660000 10.38
1436271840000 10.39
1436272080000 10.4
1436272500000 10.39
1436272620000 10.395
1436272680000 10.39
1436272740000 10.4
1436272920000 10.4
1436273220000 10.4
1436273520000 10.4
1436273580000 10.4
1436273640000 10.4
1436273760000 10.4
1436273820000 10.4
1436273880000 10.4
1436274180000 10.42
1436274240000 10.42
1436274360000 10.415
1436274540000 10.41
1436274960000 10.41
1436275020000 10.41
1436275200000 10.41
1436275320000 10.4
1436275440000 10.39
1436275560000 10.39
1436275680000 10.39
1436276040000 10.39
1436276340000 10.4
1436276400000 10.39
1436276520000 10.4
1436276580000 10.4
1436276700000 10.4
1436277240000 10.39
1436277420000 10.38
1436277660000 10.38
1436277840000 10.38
1436278560000 10.38
1436278620000 10.39
1436279040000 10.4
1436279100000 10.4
1436279400000 10.35
1436279760000 10.34
1436279880000 10.34
1436280000000 10.36
1436280180000 10.4
1436280240000 10.4
1436280420000 10.4
1436280780000 10.4
1436280900000 10.39
1436281080000 10.4
1436281140000 10.4
1436281260000 10.4
1436281320000 10.4
1436281440000 10.4
1436281500000 10.39
1436281560000 10.39
