1436261400000 24.61
1436261820000 24.55
1436262000000 24.46
1436263020000 24.27
1436263320000 24.23
1436263380000 24.26
1436263740000 24.43
1436263920000 24.49
1436264520000 24.67
1436266320000 24.65
1436266800000 24.65
1436267040000 24.58
1436267940000 24.57
1436268180000 24.57
1436268360000 24.635
1436270220000 24.7
1436271420000 24.66
1436271840000 24.71
1436272080000 24.75
1436272500000 24.69
1436272620000 24.67
1436273040000 24.67
1436273100000 24.66
1436273160000 24.665
1436273280000 24.665
1436273340000 24.67
1436273400000 24.69
1436273460000 24.685
1436273520000 24.69
1436273880000 24.71
1436274120000 24.66
1436274180000 24.68
1436274600000 24.72
1436274720000 24.66
1436275260000 24.67
1436275320000 24.67
1436275920000 24.66
1436277360000 24.69
1436277600000 24.68
1436278800000 24.61
1436278860000 24.59
1436278920000 24.59
1436278980000 24.59
1436279040000 24.59
1436279100000 24.65
1436279700000 24.64
1436280360000 24.675
1436280420000 24.675
1436280480000 24.66
