1436261400000 8.73
1436261580000 8.73
1436261760000 8.67
1436261880000 8.63
1436261940000 8.6
1436262000000 8.65
1436262060000 8.65
1436262120000 8.64
1436262180000 8.65
1436262240000 8.64
1436262300000 8.6
1436262360000 8.6
1436262420000 8.61
1436262480000 8.6
1436262540000 8.6
1436262600000 8.72
1436262720000 8.7
1436263080000 8.69
1436263140000 8.64
1436263200000 8.64
1436263380000 8.65
1436263440000 8.665
1436263500000 8.65
1436263560000 8.66
1436263740000 8.66
1436263800000 8.66
1436264040000 8.6656
1436264100000 8.66
1436264280000 8.699
1436264340000 8.7
1436264460000 8.7
1436264520000 8.72
1436264640000 8.662
1436265060000 8.69
1436265120000 8.66
1436265240000 8.65
1436265480000 8.63
1436265540000 8.63
1436265600000 8.65
1436265660000 8.65
1436265840000 8.66
1436265960000 8.66
1436266200000 8.66
1436266260000 8.68
1436266320000 8.67
1436266380000 8.645
1436266440000 8.68
1436266500000 8.7
1436266560000 8.72
1436266680000 8.66
1436266800000 8.65
1436267220000 8.68
1436267280000 8.68
1436267400000 8.68
1436267460000 8.67
1436267760000 8.68
1436267820000 8.681
1436267940000 8.68
1436268360000 8.69
1436268420000 8.69
1436268480000 8.69
1436268540000 8.68
1436268600000 8.662
1436268660000 8.67
1436268720000 8.67
1436268840000 8.7
1436269020000 8.708
1436269080000 8.6901
1436269260000 8.72
1436269320000 8.6901
1436269380000 8.72
1436269500000 8.72
1436269560000 8.72
1436269620000 8.72
1436269740000 8.73
1436269860000 8.75
1436269920000 8.74
1436270040000 8.75
1436270100000 8.75
1436270160000 8.75
1436270340000 8.77
1436270400000 8.77
1436270520000 8.75
1436270580000 8.7599
1436270700000 8.76
1436270820000 8.76
1436271000000 8.77
1436271120000 8.77
1436271180000 8.75
1436271420000 8.75
1436271540000 8.75
1436271660000 8.76
1436271780000 8.755
1436271840000 8.75
1436272080000 8.75
1436272320000 8.75
1436272560000 8.75
1436272620000 8.755
1436272680000 8.75
1436272800000 8.75
1436272860000 8.75
1436272980000 8.7597
1436273040000 8.76
1436273340000 8.78
1436273460000 8.79
1436273520000 8.7701
1436273580000 8.79
1436273880000 8.78
1436274360000 8.79
1436274480000 8.79
1436274720000 8.8
1436274840000 8.7899
1436275020000 8.8
1436275080000 8.8
1436275140000 8.81
1436275320000 8.8
1436275500000 8.82
1436275620000 8.8
1436275740000 8.82
1436275800000 8.82
1436275860000 8.82
1436276040000 8.82
1436276100000 8.82
1436276160000 8.82
1436276280000 8.8301
1436276340000 8.84
1436276460000 8.835
1436276580000 8.8325
1436276640000 8.84
1436276700000 8.85
1436276760000 8.845
1436276880000 8.84
1436277000000 8.8301
1436277060000 8.82
1436277180000 8.82
1436277360000 8.8201
1436277420000 8.82
1436277540000 8.845
1436277600000 8.83
1436277660000 8.82
1436277720000 8.83
1436277780000 8.83
1436277900000 8.84
1436278020000 8.87
1436278080000 8.88
1436278140000 8.87
1436278200000 8.86
1436278260000 8.84
1436278380000 8.81
1436278440000 8.805
1436278500000 8.805
1436278560000 8.82
1436278620000 8.85
1436278680000 8.84
1436278800000 8.835
1436278920000 8.835
1436279220000 8.83
1436279280000 8.829
1436279340000 8.82
1436279400000 8.8
1436279520000 8.81
1436279640000 8.81
1436279700000 8.82
1436279760000 8.82
1436279940000 8.82
1436280000000 8.835
1436280060000 8.84
1436280180000 8.83
1436280360000 8.8302
1436280420000 8.84
1436280480000 8.83
1436280660000 8.84
1436280720000 8.87
1436280900000 8.85
1436280960000 8.85
1436281080000 8.85
1436281140000 8.85
1436281200000 8.82
1436281320000 8.82
1436281380000 8.81
1436281500000 8.81
1436281560000 8.79
