1436261400000 9.39
1436261460000 9.38
1436261520000 9.35
1436261580000 9.36
1436261760000 9.3
1436261820000 9.3
1436261880000 9.28
1436261940000 9.26
1436262180000 9.2598
1436262300000 9.26
1436262420000 9.25
1436262540000 9.25
1436262600000 9.25
1436262660000 9.25
1436262720000 9.26
1436263020000 9.26
1436263080000 9.25
1436263140000 9.24
1436263260000 9.2396
1436263560000 9.25
1436263680000 9.24
1436263740000 9.25
1436263800000 9.26
1436263920000 9.25
1436264160000 9.27
1436264280000 9.25
1436264580000 9.27
1436264700000 9.25
1436264880000 9.18
1436265060000 9.22
1436265240000 9.22
1436265360000 9.21
1436265420000 9.21
1436265480000 9.21
1436265540000 9.21
1436265600000 9.21
1436265660000 9.2
1436265720000 9.2
1436265780000 9.2
1436265840000 9.2
1436265900000 9.2
1436266020000 9.2
1436266140000 9.185
1436266200000 9.2
1436266320000 9.19
1436266440000 9.22
1436266500000 9.23
1436266560000 9.2
1436266740000 9.21
1436266980000 9.21
1436267040000 9.21
1436267100000 9.21
1436267160000 9.22
1436267220000 9.22
1436267280000 9.23
1436267520000 9.23
1436267820000 9.24
1436268000000 9.25
1436268060000 9.25
1436268120000 9.25
1436268240000 9.24
1436268300000 9.25
1436268360000 9.25
1436268420000 9.25
1436268540000 9.25
1436268600000 9.25
1436268780000 9.25
1436268840000 9.25
1436268900000 9.25
1436269020000 9.25
1436269080000 9.25
1436269200000 9.26
1436269320000 9.28
1436269380000 9.29
1436269500000 9.29
1436269560000 9.27
1436270160000 9.3
1436270400000 9.31
1436270460000 9.31
1436270760000 9.29
1436270820000 9.28
1436270940000 9.28
1436271060000 9.29
1436271120000 9.27
1436271240000 9.27
1436271360000 9.25
1436271720000 9.25
1436271840000 9.26
1436272140000 9.27
1436272320000 9.31
1436272500000 9.29
1436272620000 9.27
1436272740000 9.26
1436272980000 9.26
1436273160000 9.26
1436273220000 9.27
1436273280000 9.28
1436273760000 9.29
1436273880000 9.3
1436274240000 9.34
1436274300000 9.32
1436274840000 9.3
1436274900000 9.31
1436275020000 9.3
1436275380000 9.29
1436275500000 9.3
1436275740000 9.29
1436275860000 9.29
1436275920000 9.29
1436275980000 9.29
1436276640000 9.31
1436276700000 9.315
1436277120000 9.33
1436277420000 9.33
1436277660000 9.3
1436278440000 9.32
1436278500000 9.3
1436278560000 9.29
1436278680000 9.29
1436278740000 9.29
1436278860000 9.29
1436279220000 9.27
1436279340000 9.28
1436279460000 9.27
1436279520000 9.29
1436279580000 9.29
1436279640000 9.285
1436279940000 9.27
1436280060000 9.27
1436280120000 9.29
1436280180000 9.28
1436280240000 9.3
1436280300000 9.29
1436280360000 9.29
1436280420000 9.31
1436280480000 9.31
1436280600000 9.3199
1436280720000 9.31
1436280840000 9.34
1436281020000 9.34
1436281080000 9.35
1436281140000 9.36
1436281200000 9.37
1436281320000 9.35
1436281500000 9.35
1436281560000 9.35
