1436261400000 1.47
1436261880000 1.464
1436262120000 1.464
1436262180000 1.4966
1436263560000 1.4799
1436263620000 1.4799
1436263680000 1.47
1436263740000 1.46
1436264160000 1.46
1436264340000 1.4601
1436264400000 1.46
1436264940000 1.47
1436265000000 1.4699
1436265120000 1.45
1436265180000 1.45
1436265240000 1.45
1436265300000 1.45
1436265360000 1.45
1436265480000 1.4612
1436265600000 1.4799
1436265960000 1.4613
1436266020000 1.4601
1436266200000 1.46
1436266260000 1.46
1436266800000 1.46
1436268540000 1.45
1436268660000 1.45
1436268840000 1.45
1436268900000 1.45
1436269320000 1.4599
1436269440000 1.46
1436269500000 1.46
1436269560000 1.46
1436269620000 1.46
1436270160000 1.46
1436270400000 1.46
1436270460000 1.46
1436270520000 1.46
1436271180000 1.4655
1436271540000 1.46
1436271600000 1.46
1436271660000 1.46
1436271780000 1.46
1436271840000 1.46
1436272620000 1.46
1436274180000 1.46
1436274420000 1.46
1436274660000 1.4699
1436274900000 1.469
1436275200000 1.46
1436275320000 1.4606
1436276280000 1.46
1436276460000 1.46
1436276520000 1.46
1436276880000 1.461
1436277000000 1.46
1436277060000 1.46
1436277120000 1.46
1436277180000 1.46
1436277240000 1.46
1436277300000 1.46
1436277360000 1.46
1436278500000 1.46
1436278800000 1.46
1436278860000 1.46
1436278920000 1.46
1436278980000 1.46
1436279040000 1.46
1436279100000 1.46
1436279160000 1.46
1436280120000 1.469
1436280240000 1.4687
