1436261820000 24.83
1436262720000 24.81
1436263860000 24.7
1436264580000 24.78
1436264760000 24.71
1436264820000 24.7
1436265000000 24.645
1436265420000 24.55
1436266200000 24.51
1436266260000 24.61
1436267940000 24.55
1436268120000 24.59
1436269800000 24.55
1436270040000 24.65
1436272560000 24.57
1436273640000 24.63
1436274060000 24.65
1436274780000 24.58
1436278200000 24.58
1436278740000 24.58
1436279400000 24.54
1436279940000 24.54
1436280120000 24.54
1436280420000 24.61
1436280480000 24.62
1436281080000 24.65
1436281200000 24.74
1436281260000 24.73
1436281320000 24.83
