1436261400000 15.65
1436261640000 15.72
1436261760000 15.73
1436261820000 15.71
1436262000000 15.7
1436262120000 15.74
1436262300000 15.69
1436262420000 15.71
1436262600000 15.74
1436262720000 15.68
1436262960000 15.66
1436263080000 15.67
1436263200000 15.65
1436263320000 15.6566
1436263380000 15.65
1436263440000 15.64
1436263500000 15.63
1436263560000 15.63
1436263620000 15.62
1436263680000 15.62
1436263740000 15.63
1436263860000 15.59
1436263980000 15.5701
1436264040000 15.58
1436264160000 15.58
1436264340000 15.5753
1436264400000 15.57
1436264640000 15.58
1436264760000 15.58
1436265000000 15.57
1436265180000 15.55
1436265360000 15.55
1436265420000 15.54
1436265480000 15.523
1436265540000 15.53
1436265720000 15.52
1436265780000 15.497
1436266140000 15.52
1436266200000 15.52
1436266380000 15.5101
1436266440000 15.54
1436266620000 15.5499
1436266740000 15.54
1436266860000 15.53
1436266920000 15.53
1436267040000 15.52
1436267100000 15.51
1436267160000 15.51
1436267220000 15.49
1436267280000 15.48
1436267340000 15.51
1436267460000 15.53
1436267580000 15.52
1436267760000 15.53
1436267880000 15.5328
1436267940000 15.53
1436268060000 15.52
1436268240000 15.51
1436268360000 15.49
1436268420000 15.49
1436268480000 15.49
1436268540000 15.49
1436268720000 15.48
1436268840000 15.497
1436269020000 15.49
1436269200000 15.5
1436269320000 15.5
1436269380000 15.5
1436269440000 15.5
1436269500000 15.5
1436269560000 15.482
1436269740000 15.5
1436269920000 15.49
1436269980000 15.49
1436270040000 15.48
1436270100000 15.475
1436270160000 15.48
1436270460000 15.5299
1436270520000 15.5366
1436270700000 15.53
1436270760000 15.52
1436271000000 15.54
1436271120000 15.5524
1436271180000 15.56
1436271480000 15.56
1436271720000 15.55
1436271840000 15.54
1436272080000 15.565
1436272140000 15.56
1436272260000 15.57
1436272500000 15.57
1436272560000 15.57
1436272860000 15.6
1436272920000 15.62
1436272980000 15.6199
1436273160000 15.62
1436273340000 15.64
1436273640000 15.61
1436273700000 15.58
1436273940000 15.5901
1436274060000 15.64
1436274120000 15.637
1436274240000 15.63
1436274300000 15.63
1436274480000 15.61
1436274780000 15.63
1436274900000 15.64
1436275020000 15.63
1436275200000 15.6169
1436275380000 15.63
1436275500000 15.628
1436275560000 15.63
1436275620000 15.6301
1436275680000 15.65
1436275920000 15.658
1436276160000 15.6599
1436276220000 15.65
1436276400000 15.63
1436276640000 15.62
1436276700000 15.605
1436276940000 15.6
1436277240000 15.59
1436277300000 15.61
1436277360000 15.605
1436277480000 15.5992
1436277540000 15.61
1436277660000 15.59
1436277900000 15.61
1436278020000 15.602
1436278140000 15.61
1436278200000 15.61
1436278320000 15.6
1436278380000 15.59
1436278500000 15.58
1436278620000 15.5801
1436278680000 15.58
1436279160000 15.58
1436279340000 15.59
1436279460000 15.582
1436279520000 15.57
1436279580000 15.5683
1436279820000 15.55
1436280000000 15.56
1436280060000 15.58
1436280240000 15.58
1436280360000 15.58
1436280420000 15.58
1436280540000 15.6
1436280660000 15.58
1436280780000 15.6
1436280840000 15.6
1436280960000 15.61
1436281080000 15.63
1436281140000 15.61
1436281200000 15.63
1436281260000 15.65
1436281380000 15.64
1436281500000 15.63
1436281560000 15.61
