1436261400000 11.4
1436261520000 11.39
1436261760000 11.39
1436261880000 11.39
1436261940000 11.41
1436262240000 11.39
1436262420000 11.39
1436262540000 11.4
1436262600000 11.4
1436262660000 11.39
1436262780000 11.395
1436263080000 11.39
1436263140000 11.37
1436263260000 11.37
1436263320000 11.3599
1436263680000 11.35
1436263920000 11.3
1436264340000 11.32
1436264400000 11.33
1436264520000 11.34
1436264820000 11.33
1436264880000 11.33
1436265120000 11.34
1436265180000 11.35
1436265240000 11.34
1436265540000 11.34
1436265600000 11.34
1436265780000 11.34
1436265840000 11.34
1436265900000 11.33
1436266080000 11.31
1436266440000 11.32
1436266800000 11.31
1436267220000 11.31
1436267760000 11.32
1436267820000 11.3265
1436267880000 11.31
1436267940000 11.31
1436268000000 11.31
1436268060000 11.31
1436268180000 11.33
1436268840000 11.31
1436269200000 11.3
1436269560000 11.306
1436269680000 11.32
1436269800000 11.3028
1436270160000 11.32
1436270220000 11.32
1436270940000 11.35
1436271780000 11.34
1436272440000 11.3499
1436272500000 11.34
1436272860000 11.35
1436273040000 11.35
1436273160000 11.35
1436273340000 11.37
1436273460000 11.3668
1436273820000 11.3644
1436273880000 11.38
1436274060000 11.373
1436274180000 11.3701
1436274240000 11.4
1436274480000 11.3805
1436274660000 11.39
1436274720000 11.4
1436274780000 11.4233
1436274960000 11.4
1436275260000 11.3714
1436275920000 11.37
1436276460000 11.36
1436276820000 11.3749
1436276880000 11.37
1436276940000 11.38
1436277660000 11.36
1436278140000 11.36
1436278320000 11.37
1436278800000 11.3405
1436278860000 11.36
1436278920000 11.3584
1436279340000 11.3312
1436279820000 11.32
1436280000000 11.32
1436280180000 11.35
1436280360000 11.37
1436280420000 11.37
1436280480000 11.37
1436280840000 11.38
1436280900000 11.37
1436281260000 11.38
1436281320000 11.38
1436281440000 11.37
