1436261400000 26.28
1436261460000 26.25
1436261640000 26.12
1436261820000 26.1001
1436262420000 26.0801
1436262780000 26.1106
1436262900000 26.08
1436262960000 26.08
1436263020000 26.08
1436263500000 26.01
1436263560000 25.99
1436263620000 25.97
1436263680000 25.93
1436263740000 25.95
1436263800000 25.955
1436263920000 25.96
1436264100000 25.959
1436264520000 25.9501
1436264820000 25.91
1436264940000 25.8989
1436265000000 25.87
1436265420000 25.875
1436265480000 25.8768
1436265540000 25.8497
1436265660000 25.83
1436265840000 25.82
1436265900000 25.83
1436266020000 25.87
1436266140000 25.9099
1436266200000 25.88
1436266260000 25.9103
1436266620000 25.92
1436266680000 25.9001
1436266740000 25.89
1436266860000 25.9
1436266920000 25.8703
1436266980000 25.8701
1436267040000 25.8601
1436267100000 25.862
1436267220000 25.8403
1436267280000 25.855
1436267580000 25.8979
1436267640000 25.8999
1436267880000 25.898
1436267940000 25.895
1436268060000 25.9
1436268120000 25.8749
1436268240000 25.8683
1436268480000 25.86
1436268600000 25.82
1436268660000 25.84
1436269080000 25.815
1436269140000 25.83
1436269320000 25.88
1436269380000 25.86
1436269440000 25.89
1436269620000 25.8615
1436269740000 25.88
1436269920000 25.88
1436270100000 25.89
1436270160000 25.9
1436270220000 25.98
1436270520000 25.9304
1436270580000 25.94
1436270700000 25.9436
1436270760000 25.92
1436270880000 25.936
1436270940000 25.94
1436271120000 25.9299
1436271240000 25.9
1436271360000 25.91
1436271480000 25.9
1436271540000 25.9101
1436271840000 25.91
1436272020000 25.9101
1436272200000 25.9205
1436272500000 25.95
1436272560000 25.9351
1436272740000 25.97
1436273100000 26.0
1436273160000 26.0399
1436273640000 26.05
1436273820000 26.0501
1436273940000 26.0784
1436274420000 26.0447
1436275020000 26.1099
1436275140000 26.0801
1436275200000 26.0901
1436275260000 26.0849
1436275740000 26.105
1436276280000 26.1099
1436276640000 26.1253
1436276940000 26.11
1436277960000 26.1092
1436278380000 26.1
1436278500000 26.1109
1436278560000 26.09
1436278800000 26.0698
1436278920000 26.0517
1436278980000 26.0301
1436279100000 26.05
1436279160000 26.05
1436279220000 26.05
1436279340000 26.05
1436279400000 26.04
1436279520000 26.06
1436279760000 26.0899
1436279820000 26.06
1436279880000 26.0899
1436279940000 26.0924
1436280180000 26.2132
1436280240000 26.2199
1436280360000 26.19
1436280420000 26.2399
1436280780000 26.2199
1436281020000 26.24
1436281080000 26.24
1436281200000 26.29
1436281440000 26.25
