1436261400000 56.83
1436261520000 56.93
1436261580000 56.82
1436261640000 56.67
1436261700000 56.64
1436261760000 56.24
1436261820000 56.18
1436261880000 56.27
1436261940000 56.34
1436262000000 56.33
1436262060000 56.42
1436262120000 56.43
1436262180000 56.48
1436262240000 56.49
1436262300000 56.51
1436262360000 56.4
1436262420000 56.52
1436262480000 56.38
1436262540000 56.51
1436262600000 56.52
1436262660000 56.29
1436262720000 56.345
1436262780000 56.43
1436262840000 56.4
1436262900000 56.36
1436262960000 56.41
1436263020000 56.365
1436263080000 56.3
1436263140000 56.31
1436263260000 56.2
1436263500000 56.205
1436263560000 56.21
1436263620000 56.15
1436263740000 56.12
1436263800000 56.1001
1436263860000 56.23
1436263920000 56.2
1436263980000 56.2
1436264040000 56.28
1436264100000 56.22
1436264160000 56.23
1436264220000 56.23
1436264280000 56.29
1436264340000 56.31
1436264400000 56.35
1436264460000 56.29
1436264520000 56.35
1436264580000 56.32
1436264700000 56.27
1436264760000 56.17
1436264820000 56.09
1436264880000 56.01
1436264940000 56.02
1436265000000 55.98
1436265060000 55.99
1436265120000 55.93
1436265180000 55.93
1436265300000 55.91
1436265360000 55.88
1436265480000 55.8901
1436265540000 55.89
1436265600000 55.89
1436265660000 55.86
1436265720000 55.84
1436265780000 55.84
1436265840000 55.9
1436265900000 55.93
1436265960000 55.97
1436266020000 56.0
1436266080000 56.0
1436266140000 56.0
1436266200000 56.0
1436266260000 56.0
1436266320000 55.992
1436266380000 56.0
1436266440000 56.0
1436266500000 56.0
1436266560000 55.95
1436266620000 56.0
1436266740000 56.0
1436266800000 55.96
1436266920000 55.93
1436266980000 55.93
1436267040000 55.94
1436267100000 55.93
1436267220000 55.91
1436267280000 55.965
1436267400000 55.98
1436267460000 56.01
1436267520000 56.0
1436267640000 56.0
1436267700000 56.0
1436267760000 56.0
1436267820000 56.0
1436267880000 55.99
1436267940000 55.97
1436268000000 55.94
1436268060000 55.9
1436268120000 55.91
1436268180000 55.92
1436268240000 55.95
1436268300000 55.96
1436268360000 55.92
1436268420000 55.89
1436268480000 55.96
1436268540000 55.9
1436268600000 55.89
1436268660000 55.93
1436268780000 55.85
1436268840000 55.82
1436268900000 55.725
1436268960000 55.78
1436269020000 55.8
1436269080000 55.83
1436269140000 55.905
1436269200000 55.88
1436269320000 55.905
1436269380000 55.95
1436269440000 55.98
1436269500000 56.07
1436269560000 56.02
1436269620000 56.055
1436269680000 56.05
1436269740000 56.08
1436269800000 56.04
1436269860000 56.04
1436269920000 56.02
1436269980000 56.04
1436270040000 56.12
1436270100000 56.13
1436270160000 56.23
1436270220000 56.45
1436270280000 56.395
1436270340000 56.4
1436270400000 56.365
1436270460000 56.29
1436270520000 56.31
1436270580000 56.31
1436270640000 56.33
1436270700000 56.26
1436270760000 56.26
1436270820000 56.26
1436270880000 56.23
1436270940000 56.23
1436271000000 56.22
1436271060000 56.19
1436271120000 56.13
1436271180000 56.16
1436271300000 56.19
1436271360000 56.18
1436271420000 56.13
1436271540000 56.19
1436271600000 56.215
1436271720000 56.21
1436271780000 56.19
1436271900000 56.2
1436271960000 56.2
1436272020000 56.17
1436272140000 56.19
1436272200000 56.17
1436272260000 56.2
1436272380000 56.21
1436272440000 56.21
1436272500000 56.215
1436272560000 56.24
1436272620000 56.24
1436272680000 56.23
1436272740000 56.26
1436272800000 56.33
1436272920000 56.335
1436272980000 56.42
1436273040000 56.37
1436273100000 56.37
1436273160000 56.4
1436273220000 56.58
1436273340000 56.64
1436273400000 56.65
1436273460000 56.63
1436273520000 56.62
1436273580000 56.64
1436273640000 56.68
1436273700000 56.73
1436273820000 56.7
1436273880000 56.74
1436274120000 56.68
1436274180000 56.62
1436274300000 56.64
1436274360000 56.675
1436274480000 56.59
1436274540000 56.67
1436274600000 56.67
1436274660000 56.67
1436274720000 56.69
1436274780000 56.78
1436274840000 56.79
1436274900000 56.8
1436274960000 56.75
1436275020000 56.71
1436275080000 56.6501
1436275140000 56.7
1436275200000 56.71
1436275260000 56.65
1436275320000 56.64
1436275380000 56.66
1436275440000 56.69
1436275500000 56.7
1436275620000 56.77
1436275680000 56.81
1436275740000 56.76
1436275860000 56.82
1436275920000 56.71
1436275980000 56.75
1436276040000 56.72
1436276100000 56.73
1436276220000 56.77
1436276340000 56.77
1436276400000 56.77
1436276520000 56.75
1436276580000 56.76
1436276640000 56.802
1436276700000 56.92
1436276760000 56.87
1436276820000 56.86
1436276940000 56.86
1436277000000 56.87
1436277060000 56.86
1436277120000 56.86
1436277240000 56.84
1436277300000 56.845
1436277360000 56.83
1436277420000 56.91
1436277480000 56.84
1436277540000 56.84
1436277600000 56.88
1436277660000 56.89
1436277720000 56.85
1436277900000 56.78
1436277960000 56.77
1436278020000 56.74
1436278080000 56.74
1436278140000 56.72
1436278200000 56.74
1436278260000 56.77
1436278440000 56.71
1436278500000 56.71
1436278620000 56.73
1436278680000 56.71
1436278740000 56.67
1436278800000 56.61
1436278860000 56.6
1436278980000 56.56
1436279040000 56.65
1436279220000 56.68
1436279280000 56.69
1436279340000 56.69
1436279400000 56.67
1436279460000 56.65
1436279520000 56.67
1436279580000 56.73
1436279640000 56.73
1436279760000 56.7049
1436279820000 56.66
1436279880000 56.65
1436279940000 56.72
1436280000000 56.735
1436280060000 56.78
1436280120000 56.83
1436280180000 56.87
1436280240000 56.92
1436280360000 56.95
1436280420000 57.04
1436280600000 57.0
1436280660000 57.0
1436280720000 57.04
1436280780000 57.05
1436280840000 57.11
1436280900000 57.07
1436280960000 57.07
1436281020000 57.085
1436281080000 57.17
1436281140000 57.22
1436281200000 57.27
1436281260000 57.29
1436281320000 57.27
1436281380000 57.28
1436281500000 57.31
1436281560000 57.27
1436281620000 57.19
