1436261400000 11.57
1436261460000 11.585
1436261520000 11.56
1436261580000 11.45
1436261640000 11.3839
1436261700000 11.23
1436261760000 11.16
1436261820000 11.17
1436261880000 11.1
1436261940000 11.15
1436262000000 11.17
1436262060000 11.137
1436262120000 11.09
1436262180000 11.0995
1436262240000 11.05
1436262300000 11.03
1436262360000 11.05
1436262420000 11.06
1436262480000 11.07
1436262540000 11.1
1436262600000 11.11
1436262660000 11.115
1436262720000 11.1
1436262780000 11.11
1436262840000 11.09
1436262900000 11.025
1436262960000 11.02
1436263020000 11.03
1436263080000 11.02
1436263140000 11.0299
1436263200000 11.03
1436263260000 11.04
1436263320000 11.027
1436263380000 11.06
1436263440000 11.01
1436263500000 11.01
1436263560000 11.03
1436263620000 11.04
1436263680000 11.03
1436263740000 10.95
1436263800000 11.0
1436263920000 11.07
1436263980000 11.0
1436264040000 10.935
1436264100000 10.86
1436264160000 10.82
1436264220000 10.91
1436264280000 10.89
1436264340000 10.9
1436264400000 10.89
1436264520000 10.81
1436264580000 10.78
1436264640000 10.7601
1436264700000 10.76
1436264760000 10.68
1436264820000 10.68
1436264880000 10.6001
1436264940000 10.6
1436265000000 10.56
1436265060000 10.562
1436265120000 10.5301
1436265180000 10.52
1436265240000 10.6001
1436265300000 10.61
1436265360000 10.61
1436265420000 10.61
1436265480000 10.65
1436265540000 10.6101
1436265600000 10.6
1436265660000 10.55
1436265720000 10.52
1436265780000 10.51
1436265900000 10.51
1436265960000 10.5
1436266020000 10.43
1436266080000 10.4301
1436266140000 10.4
1436266200000 10.33
1436266320000 10.25
1436266380000 10.25
1436266440000 10.25
1436266500000 10.4
1436266560000 10.32
1436266620000 10.33
1436266680000 10.3199
1436266740000 10.2563
1436266860000 10.23
1436266920000 10.19
1436266980000 10.15
1436267040000 10.13
1436267100000 10.1
1436267160000 10.07
1436267220000 10.05
1436267280000 10.04
1436267340000 10.03
1436267460000 10.1
1436267520000 10.13
1436267580000 10.095
1436267700000 10.14
1436267760000 10.19
1436267820000 10.175
1436267880000 10.142
1436267940000 10.1382
1436268000000 10.14
1436268060000 10.14
1436268120000 10.18
1436268180000 10.195
1436268240000 10.22
1436268300000 10.22
1436268360000 10.22
1436268420000 10.21
1436268480000 10.23
1436268540000 10.25
1436268600000 10.25
1436268660000 10.25
1436268720000 10.255
1436268780000 10.25
1436268900000 10.25
1436268960000 10.25
1436269020000 10.24
1436269080000 10.24
1436269140000 10.2651
1436269200000 10.27
1436269320000 10.26
1436269380000 10.2353
1436269440000 10.194
1436269500000 10.16
1436269560000 10.2
1436269680000 10.2
1436269740000 10.15
1436269800000 10.16
1436269860000 10.16
1436269920000 10.3
1436269980000 10.28
1436270040000 10.3
1436270100000 10.337
1436270160000 10.355
1436270220000 10.38
1436270340000 10.44
1436270400000 10.4499
1436270460000 10.4455
1436270520000 10.35
1436270640000 10.33
1436270700000 10.33
1436270760000 10.33
1436270880000 10.3
1436270940000 10.26
1436271060000 10.29
1436271120000 10.3
1436271180000 10.275
1436271240000 10.28
1436271300000 10.28
1436271360000 10.28
1436271420000 10.28
1436271540000 10.28
1436271600000 10.275
1436271660000 10.27
1436271720000 10.27
1436271780000 10.27
1436271840000 10.265
1436271900000 10.26
1436271960000 10.26
1436272020000 10.27
1436272080000 10.265
1436272140000 10.28
1436272200000 10.41
1436272260000 10.3702
1436272320000 10.365
1436272380000 10.37
1436272440000 10.3501
1436272500000 10.35
1436272560000 10.36
1436272620000 10.36
1436272680000 10.4
1436272800000 10.4
1436272860000 10.385
1436273040000 10.41
1436273100000 10.5
1436273160000 10.5
1436273340000 10.5
1436273400000 10.5
1436273460000 10.5
1436273520000 10.48
1436273580000 10.48
1436273640000 10.55
1436273700000 10.55
1436273760000 10.59
1436273820000 10.59
1436273880000 10.59
1436274000000 10.59
1436274060000 10.63
1436274120000 10.526
1436274180000 10.56
1436274240000 10.54
1436274360000 10.5225
1436274480000 10.53
1436274540000 10.53
1436274600000 10.56
1436274660000 10.57
1436274720000 10.57
1436274780000 10.57
1436274840000 10.57
1436274900000 10.58
1436274960000 10.58
1436275020000 10.6
1436275140000 10.61
1436275200000 10.61
1436275320000 10.68
1436275380000 10.67
1436275440000 10.64
1436275560000 10.62
1436275620000 10.6008
1436275680000 10.61
1436275740000 10.61
1436275800000 10.65
1436275860000 10.64
1436275920000 10.64
1436275980000 10.63
1436276160000 10.66
1436276220000 10.65
1436276280000 10.66
1436276340000 10.66
1436276460000 10.67
1436276580000 10.67
1436276640000 10.67
1436276700000 10.77
1436276760000 10.78
1436276820000 10.83
1436276880000 10.83
1436277180000 10.75
1436277300000 10.72
1436277360000 10.73
1436277420000 10.75
1436277540000 10.74
1436277600000 10.75
1436277660000 10.8
1436277780000 10.76
1436277900000 10.76
1436277960000 10.76
1436278080000 10.77
1436278200000 10.766
1436278260000 10.76
1436278380000 10.73
1436278440000 10.73
1436278500000 10.725
1436278560000 10.73
1436278620000 10.725
1436278680000 10.72
1436278800000 10.72
1436278860000 10.72
1436278980000 10.71
1436279040000 10.7
1436279100000 10.705
1436279160000 10.69
1436279220000 10.69
1436279280000 10.7
1436279340000 10.68
1436279400000 10.67
1436279520000 10.66
1436279580000 10.64
1436279700000 10.61
1436279760000 10.61
1436279820000 10.63
1436279880000 10.67
1436279940000 10.6699
1436280000000 10.67
1436280060000 10.65
1436280120000 10.6483
1436280240000 10.65
1436280300000 10.649
1436280360000 10.665
1436280420000 10.68
1436280480000 10.7
1436280540000 10.7
1436280600000 10.7
1436280660000 10.7
1436280720000 10.7
1436280780000 10.679
1436280840000 10.68
1436280900000 10.7
1436280960000 10.69
1436281020000 10.7
1436281080000 10.7
1436281140000 10.71
1436281200000 10.7099
1436281260000 10.71
1436281320000 10.73
1436281380000 10.73
1436281440000 10.77
1436281500000 10.79
1436281560000 10.75
