1436261400000 20.29
1436261520000 20.3
1436261700000 20.28
1436261820000 20.28
1436261940000 20.22
1436262540000 20.25
1436262600000 20.25
1436263080000 20.18
1436263440000 19.82
1436263500000 19.825
1436263980000 19.99
1436264040000 20.1
1436264160000 20.08
1436264220000 19.94
1436264460000 20.06
1436264880000 20.05
1436265060000 19.99
1436265120000 19.99
1436265480000 20.07
1436265540000 19.99
1436266320000 20.06
1436266380000 20.07
1436266500000 20.04
1436266860000 19.93
1436267280000 20.23
1436267760000 20.14
1436267820000 20.19
1436268000000 20.19
1436268060000 20.22
1436268300000 20.29
1436268600000 20.2
1436269080000 20.19
1436269620000 20.16
1436270220000 19.99
1436270940000 20.125
1436271180000 20.34
1436272260000 20.25
1436272440000 20.25
1436272500000 20.47
1436272560000 20.25
1436272620000 20.355
1436272740000 20.25
1436272860000 20.24
1436273220000 20.25
1436273340000 20.46
1436273880000 20.35
1436273940000 20.31
1436274900000 20.115
1436275080000 20.235
1436275800000 20.24
1436275980000 20.25
1436276280000 20.245
1436276340000 20.25
1436276400000 20.15
1436277000000 20.35
1436277180000 20.25
1436277240000 20.16
1436277300000 20.17
1436277360000 20.21
1436277420000 20.23
1436277480000 20.19
1436277720000 19.96
1436277780000 20.12
1436277840000 20.21
1436277900000 20.19
1436279940000 20.42
1436280060000 20.39
1436280900000 20.25
1436281380000 20.22
1436281440000 20.25
