1436261400000 16.88
1436261460000 16.92
1436261580000 16.93
1436261640000 16.9
1436261700000 16.88
1436261820000 16.84
1436261880000 16.88
1436261940000 16.875
1436262060000 16.87
1436262120000 16.87
1436262180000 16.86
1436262240000 16.85
1436262420000 16.83
1436262540000 16.83
1436262720000 16.83
1436262780000 16.83
1436262840000 16.8297
1436262900000 16.82
1436262960000 16.83
1436263020000 16.83
1436263080000 16.815
1436263140000 16.8
1436263200000 16.8
1436263260000 16.8
1436263320000 16.7899
1436263440000 16.78
1436263500000 16.78
1436263560000 16.78
1436263680000 16.77
1436263740000 16.77
1436263800000 16.77
1436263920000 16.78
1436264100000 16.78
1436264160000 16.77
1436264400000 16.78
1436264520000 16.7805
1436264580000 16.78
1436264640000 16.79
1436264700000 16.78
1436264760000 16.7899
1436264820000 16.785
1436264940000 16.77
1436265000000 16.77
1436265060000 16.76
1436265240000 16.77
1436265360000 16.77
1436265420000 16.76
1436265480000 16.76
1436265540000 16.76
1436265600000 16.78
1436265660000 16.8099
1436265780000 16.79
1436265840000 16.79
1436266020000 16.8
1436266200000 16.79
1436266320000 16.78
1436266380000 16.78
1436266440000 16.78
1436266500000 16.78
1436266560000 16.78
1436266740000 16.77
1436266800000 16.77
1436266860000 16.78
1436266920000 16.765
1436266980000 16.76
1436267040000 16.77
1436267100000 16.75
1436267160000 16.76
1436267280000 16.75
1436267340000 16.75
1436267400000 16.7499
1436267460000 16.77
1436267520000 16.78
1436267580000 16.79
1436267640000 16.77
1436267760000 16.75
1436267820000 16.75
1436267940000 16.78
1436268000000 16.77
1436268060000 16.7699
1436268120000 16.74
1436268180000 16.76
1436268360000 16.76
1436268420000 16.7599
1436268480000 16.755
1436268540000 16.75
1436268600000 16.77
1436268780000 16.75
1436268840000 16.74
1436269080000 16.74
1436269140000 16.75
1436269200000 16.75
1436269260000 16.77
1436269320000 16.77
1436269380000 16.77
1436269500000 16.76
1436269560000 16.76
1436269740000 16.75
1436269800000 16.7599
1436269860000 16.755
1436269920000 16.7599
1436269980000 16.75
1436270040000 16.75
1436270100000 16.75
1436270160000 16.77
1436270220000 16.7899
1436270340000 16.78
1436270400000 16.77
1436270460000 16.78
1436270640000 16.76
1436270700000 16.78
1436270820000 16.78
1436271120000 16.76
1436271300000 16.75
1436271360000 16.77
1436271420000 16.76
1436271480000 16.76
1436271540000 16.76
1436271720000 16.76
1436272020000 16.74
1436272380000 16.77
1436272560000 16.77
1436272740000 16.77
1436273040000 16.77
1436273100000 16.77
1436273700000 16.77
1436273820000 16.77
1436273880000 16.7799
1436274180000 16.79
1436274300000 16.79
1436274360000 16.78
1436274420000 16.78
1436274480000 16.78
1436274540000 16.78
1436274660000 16.78
1436274720000 16.78
1436274840000 16.79
1436274900000 16.8
1436274960000 16.8
1436275080000 16.79
1436275140000 16.79
1436275440000 16.79
1436275560000 16.8
1436275680000 16.8
1436275740000 16.8
1436275800000 16.791
1436276160000 16.8
1436276220000 16.8
1436276640000 16.79
1436276700000 16.8099
1436276760000 16.81
1436277180000 16.8
1436277240000 16.78
1436277480000 16.76
1436277540000 16.77
1436277600000 16.76
1436277780000 16.76
1436278020000 16.76
1436278140000 16.76
1436278200000 16.76
1436278320000 16.76
1436278440000 16.76
1436278500000 16.76
1436278560000 16.74
1436278680000 16.72
1436278740000 16.72
1436278800000 16.72
1436279040000 16.73
1436279160000 16.74
1436279280000 16.74
1436279340000 16.75
1436279400000 16.74
1436279460000 16.75
1436279580000 16.7454
1436279640000 16.74
1436279700000 16.74
1436279820000 16.74
1436279880000 16.74
1436279940000 16.77
1436280000000 16.7699
1436280060000 16.7968
1436280120000 16.79
1436280180000 16.79
1436280240000 16.82
1436280300000 16.82
1436280360000 16.82
1436280420000 16.82
1436280480000 16.82
1436280600000 16.82
1436280720000 16.815
1436280780000 16.8153
1436280840000 16.81
1436280900000 16.82
1436280960000 16.82
1436281020000 16.82
1436281080000 16.83
1436281200000 16.85
1436281260000 16.84
1436281320000 16.83
1436281380000 16.82
1436281560000 16.82
