1436262720000 35.255
1436262780000 35.14
1436262840000 35.04
1436262900000 35.23
1436263020000 35.2
1436263080000 35.15
1436263260000 34.96
1436263320000 34.97
1436263380000 34.98
1436263440000 35.04
1436263560000 35.09
1436263740000 35.17
1436263800000 35.19
1436263980000 35.27
1436264100000 35.26
1436264160000 35.15
1436264280000 35.17
1436265300000 35.06
1436265360000 35.12
1436266320000 35.18
1436266380000 35.18
1436267880000 35.08
1436268540000 35.07
1436268600000 35.07
1436268840000 35.07
1436270700000 34.887
1436271480000 35.0
1436271600000 35.14
1436271660000 35.17
1436271780000 34.8917
1436271840000 34.95
1436271900000 34.85
1436271960000 35.0
1436272020000 35.01
1436272140000 35.01
1436272200000 35.03
1436272260000 35.14
1436272320000 35.065
1436274540000 35.13
1436274780000 35.38
1436274840000 35.25
1436276100000 35.24
1436276640000 35.23
1436278800000 35.02
1436279700000 35.06
1436279880000 34.97
1436280120000 35.13
1436280540000 35.0
1436280660000 35.04
1436280720000 35.06
1436280780000 35.1
1436280840000 35.17
1436280900000 35.1575
1436281020000 35.21
1436281500000 35.14
