1436261400000 4.16
1436261460000 4.07
1436261640000 4.07
1436261760000 4.08
1436261820000 4.07
1436261940000 4.07
1436262000000 4.07
1436262120000 4.04
1436262240000 4.07
1436262300000 4.06
1436262360000 4.03
1436262420000 4.0
1436262480000 4.01
1436262540000 4.0
1436262660000 4.0
1436262720000 4.0
1436262780000 4.03
1436262840000 4.03
1436262900000 4.01
1436262960000 4.012
1436263020000 4.0299
1436263080000 4.01
1436263140000 4.0
1436263200000 4.0
1436263260000 3.99
1436263320000 4.0
1436263440000 4.0199
1436263500000 4.02
1436263620000 4.01
1436263740000 4.01
1436263800000 4.01
1436263860000 4.0191
1436263980000 4.018
1436264040000 4.01
1436264160000 4.0
1436264220000 4.0
1436264280000 4.01
1436264340000 4.01
1436264400000 4.001
1436264700000 4.0
1436264760000 4.0
1436264820000 3.998
1436265000000 3.98
1436265120000 3.9701
1436265300000 3.97
1436265360000 3.97
1436265540000 3.96
1436265600000 3.95
1436265660000 3.948
1436265720000 3.927
1436265780000 3.929
1436265840000 3.93
1436265900000 3.92
1436265960000 3.94
1436266020000 3.96
1436266140000 3.967
1436266200000 3.961
1436266260000 3.97
1436266320000 3.96
1436266440000 4.0
1436266620000 3.99
1436266800000 3.9897
1436266980000 3.98
1436267040000 3.96
1436267220000 3.955
1436267280000 3.97
1436267340000 3.9701
1436268000000 3.97
1436268060000 3.97
1436268120000 3.97
1436268300000 3.97
1436268360000 3.97
1436268480000 3.97
1436268540000 3.97
1436268660000 3.99
1436268720000 3.9608
1436268780000 3.97
1436268840000 3.96
1436268900000 3.95
1436268960000 3.94
1436269020000 3.94
1436269140000 3.95
1436269320000 3.952
1436269380000 3.95
1436269440000 3.9791
1436269560000 3.95
1436269620000 3.94
1436269740000 3.94
1436269800000 3.94
1436269860000 3.94
1436269920000 3.93
1436269980000 3.95
1436270040000 3.95
1436270160000 3.96
1436270220000 3.97
1436270280000 3.97
1436270400000 3.97
1436270460000 3.97
1436270520000 3.96
1436270760000 3.95
1436270940000 3.95
1436271000000 3.95
1436271300000 3.96
1436271360000 3.96
1436271480000 3.96
1436271540000 3.95
1436271660000 3.9501
1436271720000 3.93
1436271780000 3.9295
1436271840000 3.92
1436271900000 3.92
1436272080000 3.925
1436272260000 3.925
1436272320000 3.96
1436272380000 3.96
1436272500000 3.951
1436272560000 3.945
1436272920000 3.98
1436273100000 3.97
1436273160000 3.9829
1436273220000 3.987
1436273280000 3.9933
1436273340000 3.99
1436273580000 3.9812
1436273640000 3.9855
1436273760000 3.98
1436273820000 3.98
1436273880000 3.99
1436273940000 4.01
1436274120000 4.0
1436274180000 3.98
1436274240000 3.99
1436274360000 3.99
1436274420000 3.98
1436274480000 3.97
1436274540000 4.01
1436274600000 4.01
1436274660000 3.99
1436274720000 4.0
1436275200000 4.0
1436275320000 3.99
1436275380000 3.99
1436275440000 4.0
1436275500000 4.01
1436275620000 4.0
1436275740000 4.0
1436276040000 3.98
1436276160000 4.0
1436276280000 4.0
1436276340000 4.0
1436276400000 4.0
1436276580000 3.9801
1436276640000 3.9905
1436276700000 4.0248
1436277000000 4.02
1436277120000 4.0
1436277240000 3.98
1436277720000 3.99
1436277780000 4.0
1436277840000 3.99
1436277960000 3.99
1436278020000 3.9999
1436278080000 4.01
1436278140000 4.005
1436278440000 4.0
1436278500000 4.0
1436278620000 3.9899
1436278800000 3.98
1436279100000 3.98
1436279520000 3.97
1436279820000 3.99
1436279880000 3.98
1436280000000 3.99
1436280060000 4.0
1436280120000 4.01
1436280180000 4.0
1436280420000 4.005
1436280480000 4.018
1436280600000 4.01
1436280660000 4.01
1436280780000 4.01
1436280960000 4.028
1436281020000 4.028
1436281080000 4.03
1436281260000 4.0201
1436281320000 4.02
1436281440000 4.02
1436281560000 4.01
