1436261400000 44.59
1436262060000 44.54
1436262120000 44.5
1436262180000 44.69
1436262420000 44.55
1436262720000 44.48
1436262840000 44.56
1436262900000 44.4801
1436263020000 44.48
1436263140000 44.47
1436263320000 44.44
1436263440000 44.44
1436263560000 44.44
1436263620000 44.43
1436263800000 44.33
1436263920000 44.425
1436263980000 44.43
1436264040000 44.39
1436264100000 44.34
1436264160000 44.31
1436264220000 44.39
1436264280000 44.405
1436264340000 44.41
1436264400000 44.4
1436264520000 44.405
1436264700000 44.4
1436264760000 44.23
1436264820000 44.23
1436264940000 44.25
1436265000000 44.21
1436265060000 44.15
1436265180000 44.2
1436265300000 44.15
1436265360000 44.15
1436265420000 44.21
1436265480000 44.16
1436265540000 44.15
1436265660000 44.15
1436265720000 44.15
1436265840000 44.11
1436265900000 44.115
1436265960000 44.11
1436266020000 44.08
1436266080000 44.08
1436266200000 44.03
1436266320000 44.04
1436266380000 44.12
1436266440000 44.12
1436266500000 44.11
1436266680000 44.057
1436266740000 44.13
1436266800000 44.077
1436266860000 44.07
1436266920000 44.02
1436266980000 44.015
1436267040000 43.98
1436267100000 43.985
1436267220000 43.957
1436267280000 44.02
1436267340000 44.02
1436267400000 44.04
1436267460000 44.025
1436267520000 44.035
1436267580000 44.03
1436267700000 43.93
1436267820000 43.98
1436267880000 43.95
1436267940000 43.95
1436268000000 43.93
1436268060000 43.9
1436268120000 43.9
1436268180000 43.88
1436268360000 43.87
1436268420000 43.83
1436268480000 43.86
1436268540000 43.78
1436268660000 43.8
1436268720000 43.79
1436268780000 43.79
1436268840000 43.75
1436268900000 43.64
1436268960000 43.69
1436269140000 43.76
1436269200000 43.82
1436269320000 43.85
1436269380000 43.86
1436269440000 43.88
1436269500000 43.94
1436269620000 44.03
1436269680000 44.015
1436269740000 44.03
1436269800000 44.03
1436269860000 43.99
1436269920000 43.94
1436270040000 43.94
1436270100000 43.955
1436270160000 44.09
1436270220000 44.14
1436270340000 44.11
1436270400000 44.08
1436270580000 44.07
1436270700000 44.03
1436270760000 44.08
1436270880000 44.03
1436270940000 44.02
1436271060000 43.98
1436271180000 43.96
1436271240000 44.01
1436271300000 44.05
1436271360000 44.08
1436271480000 44.08
1436271600000 44.12
1436271660000 44.13
1436271780000 44.12
1436271840000 44.085
1436271960000 44.12
1436272140000 44.07
1436272260000 44.01
1436272320000 44.01
1436272440000 44.03
1436272500000 44.06
1436272680000 44.15
1436272740000 44.17
1436272800000 44.2
1436272860000 44.25
1436273100000 44.26
1436273160000 44.28
1436273280000 44.33
1436273400000 44.33
1436273460000 44.33
1436273520000 44.32
1436273640000 44.36
1436273700000 44.37
1436273880000 44.37
1436274000000 44.38
1436274120000 44.36
1436274360000 44.34
1436274420000 44.31
1436274540000 44.35
1436274660000 44.35
1436274720000 44.46
1436274780000 44.52
1436274840000 44.49
1436274900000 44.49
1436275020000 44.4
1436275080000 44.38
1436275140000 44.41
1436275200000 44.45
1436275260000 44.4
1436275380000 44.41
1436275560000 44.43
1436275620000 44.42
1436275740000 44.47
1436275800000 44.44
1436275860000 44.45
1436275920000 44.4
1436276040000 44.43
1436276160000 44.46
1436276280000 44.47
1436276520000 44.44
1436276640000 44.44
1436276700000 44.455
1436276820000 44.43
1436277060000 44.41
1436277300000 44.46
1436277360000 44.45
1436277540000 44.41
1436277600000 44.4
1436277660000 44.423
1436277720000 44.423
1436277780000 44.425
1436277840000 44.42
1436277900000 44.43
1436277960000 44.42
1436278020000 44.43
1436278200000 44.39
1436278260000 44.46
1436278320000 44.44
1436278440000 44.435
1436278500000 44.35
1436278560000 44.35
1436278620000 44.31
1436278680000 44.3
1436278800000 44.18
1436278860000 44.22
1436278920000 44.23
1436279100000 44.21
1436279160000 44.175
1436279220000 44.18
1436279280000 44.2
1436279400000 44.22
1436279520000 44.23
1436279580000 44.25
1436279760000 44.25
1436279820000 44.245
1436279880000 44.29
1436280000000 44.29
1436280060000 44.34
1436280120000 44.39
1436280180000 44.38
1436280420000 44.47
1436280480000 44.55
1436280600000 44.59
1436280660000 44.6
1436280720000 44.63
1436280780000 44.62
1436280840000 44.6
1436280960000 44.6
1436281020000 44.63
1436281080000 44.63
1436281140000 44.69
1436281260000 44.79
1436281320000 44.8
1436281380000 44.79
1436281440000 44.81
1436281560000 44.8
