1436261400000 53.71
1436261520000 53.5092
1436261580000 53.55
1436261640000 53.45
1436261700000 53.29
1436261880000 53.02
1436261940000 52.625
1436262000000 52.84
1436262060000 52.8
1436262120000 52.89
1436262180000 52.94
1436262240000 52.99
1436262300000 52.93
1436262360000 52.98
1436262480000 53.07
1436262540000 53.225
1436262600000 53.17
1436262660000 53.27
1436262720000 53.2148
1436262840000 53.21
1436262900000 53.09
1436263080000 52.99
1436263200000 53.05
1436263260000 52.95
1436263320000 52.95
1436263380000 52.89
1436263500000 52.9016
1436263560000 52.87
1436263620000 52.85
1436263680000 52.85
1436263800000 52.9
1436263860000 53.01
1436263920000 53.08
1436264040000 53.08
1436264100000 52.88
1436264400000 52.91
1436264460000 52.9
1436264640000 52.9
1436264700000 52.82
1436264760000 52.79
1436264820000 52.72
1436264940000 52.67
1436265000000 52.68
1436265060000 52.68
1436265120000 52.57
1436265240000 52.545
1436265300000 52.5
1436265360000 52.25
1436265420000 52.21
1436265480000 52.2
1436265540000 52.07
1436265600000 52.01
1436265660000 51.95
1436265720000 51.77
1436265780000 51.65
1436265840000 51.6428
1436265900000 51.696
1436265960000 51.6601
1436266020000 51.715
1436266080000 51.74
1436266140000 51.73
1436266200000 51.81
1436266260000 52.04
1436266440000 52.3
1436266500000 52.35
1436266560000 52.3837
1436266620000 52.35
1436266740000 52.4399
1436266800000 52.34
1436266860000 52.21
1436266920000 52.13
1436267040000 52.12
1436267100000 52.14
1436267160000 52.1
1436267220000 52.08
1436267280000 52.09
1436267400000 52.09
1436267460000 52.16
1436267520000 52.2
1436267580000 52.2
1436267700000 52.21
1436267760000 52.26
1436267880000 52.29
1436267940000 52.25
1436268060000 52.18
1436268120000 52.14
1436268240000 52.14
1436268360000 52.12
1436268480000 52.07
1436268540000 51.94
1436268720000 51.911
1436268780000 51.9
1436268840000 51.82
1436268900000 51.7301
1436268960000 51.72
1436269020000 51.74
1436269080000 51.73
1436269140000 51.73
1436269200000 51.83
1436269320000 51.95
1436269380000 52.0
1436269440000 52.06
1436269560000 52.0
1436269620000 51.98
1436269680000 51.99
1436269800000 51.985
1436269860000 51.84
1436269980000 51.91
1436270040000 51.88
1436270100000 51.9
1436270160000 51.99
1436270220000 52.21
1436270280000 52.11
1436270340000 52.06
1436270400000 52.16
1436270460000 52.14
1436270520000 52.17
1436270580000 52.14
1436270640000 52.17
1436270700000 52.2
1436270760000 52.25
1436270940000 52.27
1436271000000 52.22
1436271060000 52.19
1436271180000 52.15
1436271240000 52.19
1436271300000 52.2
1436271480000 52.22
1436271540000 52.23
1436271600000 52.33
1436271660000 52.39
1436271720000 52.44
1436271780000 52.4045
1436271900000 52.44
1436271960000 52.47
1436272020000 52.49
1436272080000 52.55
1436272140000 52.53
1436272260000 52.55
1436272320000 52.49
1436272380000 52.46
1436272440000 52.52
1436272500000 52.54
1436272620000 52.49
1436272740000 52.55
1436272800000 52.6505
1436272860000 52.62
1436272920000 52.6649
1436272980000 52.775
1436273040000 52.78
1436273100000 52.82
1436273160000 52.88
1436273220000 52.86
1436273460000 52.86
1436273520000 52.876
1436273640000 52.86
1436273700000 52.88
1436273820000 52.89
1436273880000 52.93
1436274000000 52.93
1436274120000 52.94
1436274180000 52.88
1436274240000 52.9
1436274300000 52.92
1436274360000 52.95
1436274420000 52.95
1436274540000 53.015
1436274660000 53.02
1436274720000 53.02
1436274780000 53.03
1436274840000 53.02
1436275020000 52.98
1436275200000 52.96
1436275260000 53.005
1436275320000 53.032
1436275380000 52.97
1436275620000 53.02
1436275740000 53.06
1436275800000 53.0
1436275920000 52.98
1436276040000 52.99
1436276340000 53.03
1436276400000 53.025
1436276460000 53.03
1436276520000 52.97
1436276580000 53.03
1436276640000 53.025
1436276700000 53.025
1436276820000 53.025
1436276880000 53.0
1436276940000 53.025
1436277000000 53.12
1436277060000 53.16
1436277120000 53.11
1436277180000 53.09
1436277240000 53.03
1436277300000 53.07
1436277420000 53.165
1436277480000 53.09
1436277660000 53.0501
1436277900000 53.08
1436278080000 53.0
1436278320000 53.08
1436278440000 53.1
1436278500000 53.1
1436278740000 53.04
1436278860000 53.02
1436278980000 53.015
1436279100000 53.03
1436279160000 53.03
1436279220000 53.03
1436279280000 53.02
1436279520000 53.03
1436279640000 53.0
1436279700000 53.05
1436279820000 53.05
1436279880000 53.03
1436280000000 53.06
1436280060000 53.16
1436280120000 53.11
1436280180000 53.11
1436280240000 53.13
1436280300000 53.21
1436280360000 53.17
1436280420000 53.25
1436280480000 53.21
1436280540000 53.17
1436280600000 53.2
1436280660000 53.18
1436280900000 53.15
1436280960000 53.2
1436281080000 53.25
1436281140000 53.31
1436281260000 53.37
1436281380000 53.33
1436281440000 53.33
1436281500000 53.33
