1436261400000 2.8
1436263980000 2.751
1436265120000 2.75
1436265240000 2.75
1436265540000 2.75
1436265660000 2.75
1436265840000 2.75
1436266500000 2.75
1436266980000 2.765
1436267220000 2.75
1436267280000 2.75
1436267340000 2.75
1436267520000 2.75
1436267580000 2.75
1436267640000 2.75
1436267700000 2.75
1436267760000 2.75
1436267820000 2.75
1436267880000 2.75
1436267940000 2.75
1436268000000 2.75
1436268060000 2.75
1436268120000 2.75
1436268180000 2.75
1436268240000 2.75
1436268300000 2.75
1436268360000 2.75
1436268420000 2.75
1436268480000 2.75
1436268540000 2.75
1436268600000 2.75
1436268660000 2.75
1436268720000 2.75
1436268780000 2.75
1436268840000 2.75
1436268900000 2.75
1436268960000 2.75
1436269020000 2.75
1436269080000 2.75
1436269140000 2.75
1436269200000 2.75
1436269260000 2.75
1436269320000 2.75
1436269380000 2.75
1436269440000 2.75
1436269500000 2.75
1436269560000 2.75
1436269620000 2.75
1436269680000 2.75
1436269740000 2.75
1436269800000 2.75
1436269920000 2.76
1436270100000 2.7578
1436270940000 2.75
1436272500000 2.75
1436274240000 2.75
1436276520000 2.75
1436276640000 2.75
1436277660000 2.75
1436278440000 2.75
1436278800000 2.75
1436278860000 2.75
1436279160000 2.75
1436279580000 2.75
1436279940000 2.75
1436280300000 2.75
1436280420000 2.75
1436280660000 2.75
1436281020000 2.75
1436281380000 2.75
1436281440000 2.75
