1436261700000 6.96
1436262420000 6.87
1436262600000 6.88
1436262660000 6.86
1436262720000 6.81
1436262840000 6.8
1436262900000 6.8
1436262960000 6.8
1436263080000 6.8
1436263140000 6.8
1436263200000 6.79
1436263620000 6.75
1436263740000 6.8
1436264280000 6.78
1436264760000 6.82
1436264880000 6.85
1436265360000 6.85
1436265540000 6.89
1436265600000 6.89
1436265900000 6.87
1436265960000 6.87
1436266020000 6.89
1436268000000 6.86
1436268180000 6.87
1436268240000 6.88
1436268600000 6.92
1436268660000 6.92
1436268840000 6.88
1436269200000 6.795
1436269500000 6.77
1436270160000 6.86
1436270220000 6.87
1436271600000 6.9
1436272740000 6.89
1436272920000 6.86
1436273040000 6.87
1436273340000 6.87
1436273520000 6.87
1436274180000 6.87
1436274240000 6.87
1436274720000 6.89
1436277000000 6.91
1436277300000 6.9
1436277540000 6.88
1436278320000 6.85
1436278380000 6.86
1436278740000 6.86
1436278920000 6.87
1436279040000 6.86
1436279400000 6.86
1436280000000 6.87
1436280480000 6.905
1436280840000 6.89
1436281140000 6.88
1436281200000 6.87
1436281380000 6.89
