1436261400000 15.14
1436261640000 15.02
1436261700000 15.07
1436261760000 15.1
1436261880000 14.93
1436261940000 14.9
1436262000000 14.9
1436262060000 14.89
1436262120000 14.91
1436262180000 15.04
1436262240000 15.025
1436262360000 15.04
1436262480000 15.09
1436262540000 15.09
1436262600000 15.0601
1436262660000 15.11
1436262720000 15.05
1436262780000 15.1
1436262840000 15.05
1436262900000 15.07
1436262960000 15.08
1436263020000 15.06
1436263080000 15.04
1436263140000 15.09
1436263440000 15.06
1436263500000 15.075
1436263740000 15.11
1436263920000 15.11
1436263980000 15.06
1436264100000 15.09
1436264160000 15.08
1436264700000 15.085
1436264940000 15.05
1436265000000 15.0
1436265120000 15.04
1436265300000 14.99
1436265600000 15.03
1436265720000 14.97
1436265780000 15.0
1436265840000 14.98
1436266080000 15.03
1436266140000 15.0
1436266440000 15.0
1436266500000 15.03
1436266740000 15.01
1436266860000 14.97
1436266980000 14.995
1436267100000 14.99
1436267160000 14.985
1436267220000 14.98
1436267280000 14.95
1436267340000 14.98
1436267400000 14.92
1436267460000 14.98
1436267580000 15.0
1436267760000 14.96
1436267820000 14.97
1436267880000 15.0
1436268000000 15.0
1436268060000 14.97
1436268240000 14.93
1436268300000 14.93
1436268360000 14.93
1436268420000 14.94
1436268480000 14.93
1436268600000 14.93
1436268660000 14.93
1436268720000 14.95
1436268780000 14.97
1436268840000 15.01
1436268900000 15.0
1436268960000 15.02
1436269020000 15.0
1436269080000 15.04
1436269140000 15.04
1436269200000 15.07
1436269260000 14.99
1436269320000 14.99
1436269500000 15.0
1436269560000 15.0
1436269620000 14.98
1436269680000 15.03
1436269740000 14.98
1436269800000 15.03
1436269860000 14.995
1436269980000 15.0
1436270160000 14.97
1436270400000 15.02
1436270460000 14.965
1436270520000 14.97
1436270820000 15.02
1436270880000 15.06
1436271000000 15.03
1436271060000 15.03
1436271120000 14.98
1436271180000 15.03
1436271300000 15.05
1436271420000 15.03
1436271660000 15.0
1436271960000 14.99
1436272140000 15.0
1436272200000 15.0
1436272500000 14.99
1436272620000 15.02
1436272800000 14.97
1436272920000 15.02
1436273040000 15.02
1436273100000 15.0
1436273400000 15.0246
1436273460000 14.97
1436273520000 15.0
1436273580000 15.01
1436273640000 14.98
1436273700000 14.99
1436273760000 14.99
1436273820000 15.0
1436273940000 14.99
1436274000000 15.01
1436274180000 14.99
1436274240000 14.96
1436274360000 14.98
1436274420000 14.96
1436274480000 14.97
1436274540000 14.95
1436274720000 14.99
1436274780000 14.97
1436274840000 15.02
1436274900000 15.015
1436275020000 15.05
1436275080000 15.02
1436275140000 15.045
1436275380000 15.06
1436275440000 14.99
1436275680000 15.01
1436275740000 15.03
1436275920000 14.98
1436276160000 15.01
1436276220000 14.99
1436276280000 14.98
1436276340000 15.02
1436276460000 14.99
1436276520000 14.98
1436276580000 15.0
1436276700000 14.99
1436276760000 14.99
1436276820000 14.99
1436276880000 14.972
1436277000000 14.95
1436277060000 14.95
1436277120000 14.95
1436277180000 14.95
1436277240000 14.9653
1436277300000 14.95
1436277360000 14.95
1436277660000 14.95
1436277720000 14.98
1436277780000 14.99
1436277960000 14.96
1436278020000 14.95
1436278080000 14.96
1436278140000 14.96
1436278260000 14.95
1436278380000 14.95
1436278440000 14.96
1436278500000 14.95
1436278560000 14.95
1436278620000 14.95
1436278680000 14.95
1436278800000 14.95
1436278860000 14.95
1436278920000 14.95
1436279040000 14.9
1436279340000 14.9
1436279460000 14.95
1436279640000 14.91
1436279700000 14.93
1436279760000 14.91
1436280060000 14.95
1436280180000 14.99
1436280360000 14.99
1436280420000 15.02
1436280480000 15.06
1436280660000 15.02
1436280780000 15.02
1436281080000 15.03
1436281140000 15.07
1436281260000 15.06
1436281380000 15.02
1436281440000 15.04
