1436261400000 10.11
1436261520000 10.14
1436261580000 10.14
1436261640000 10.14
1436261700000 10.12
1436261760000 10.08
1436261820000 10.07
1436261880000 10.07
1436261940000 10.08
1436262000000 10.06
1436262060000 10.07
1436262120000 10.06
1436262180000 10.06
1436262240000 10.06
1436262300000 10.04
1436262360000 10.03
1436262420000 10.05
1436262480000 10.05
1436262540000 10.07
1436262600000 10.08
1436262660000 10.08
1436262720000 10.08
1436262840000 10.09
1436262900000 10.09
1436262960000 10.06
1436263020000 10.08
1436263080000 10.06
1436263140000 10.0421
1436263200000 10.04
1436263260000 10.06
1436263320000 10.05
1436263380000 10.07
1436263440000 10.06
1436263500000 10.055
1436263560000 10.04
1436263620000 10.05
1436263680000 10.03
1436263800000 10.045
1436263860000 10.05
1436263920000 10.07
1436263980000 10.06
1436264040000 10.06
1436264100000 10.045
1436264160000 10.04
1436264220000 10.035
1436264280000 10.04
1436264340000 10.04
1436264400000 10.055
1436264460000 10.05
1436264580000 10.045
1436264640000 10.05
1436264700000 10.04
1436264760000 10.02
1436264820000 10.025
1436264880000 10.01
1436264940000 10.035
1436265000000 10.03
1436265120000 10.01
1436265180000 10.0
1436265240000 10.0
1436265300000 10.01
1436265360000 10.01
1436265420000 10.005
1436265480000 10.015
1436265540000 10.02
1436265600000 10.015
1436265660000 10.01
1436265720000 10.01
1436265780000 10.01
1436265840000 10.0
1436265900000 9.99
1436265960000 10.0
1436266020000 10.0
1436266080000 10.025
1436266140000 10.015
1436266200000 10.03
1436266260000 10.02
1436266320000 10.03
1436266380000 10.035
1436266440000 10.04
1436266500000 10.03
1436266560000 10.02
1436266620000 10.06
1436266680000 10.045
1436266740000 10.06
1436266800000 10.07
1436266860000 10.035
1436266920000 10.045
1436266980000 10.02
1436267100000 10.02
1436267160000 9.99
1436267220000 10.01
1436267280000 10.02
1436267340000 10.01
1436267400000 10.02
1436267460000 10.02
1436267520000 10.03
1436267580000 10.04
1436267640000 10.03
1436267700000 10.04
1436267760000 10.05
1436267820000 10.07
1436267880000 10.05
1436268000000 10.05
1436268060000 10.05
1436268120000 10.05
1436268180000 10.03
1436268240000 10.03
1436268360000 10.035
1436268420000 10.03
1436268480000 10.03
1436268540000 9.99
1436268600000 9.99
1436268660000 9.99
1436268720000 9.995
1436268780000 9.995
1436268840000 9.995
1436268900000 9.98
1436268960000 9.98
1436269020000 9.995
1436269080000 10.01
1436269140000 10.0
1436269200000 10.01
1436269260000 10.02
1436269320000 10.03
1436269380000 10.05
1436269440000 10.07
1436269500000 10.065
1436269620000 10.045
1436269680000 10.04
1436269740000 10.04
1436269800000 10.06
1436269860000 10.0535
1436269980000 10.06
1436270040000 10.05
1436270100000 10.06
1436270160000 10.08
1436270220000 10.11
1436270280000 10.1
1436270340000 10.11
1436270400000 10.11
1436270460000 10.105
1436270520000 10.125
1436270640000 10.12
1436270700000 10.13
1436270760000 10.125
1436270820000 10.11
1436270880000 10.09
1436270940000 10.11
1436271000000 10.11
1436271060000 10.12
1436271180000 10.105
1436271300000 10.1
1436271360000 10.095
1436271420000 10.09
1436271480000 10.1
1436271540000 10.1
1436271600000 10.1
1436271660000 10.09
1436271720000 10.1
1436271780000 10.1
1436271840000 10.1
1436271900000 10.12
1436271960000 10.12
1436272020000 10.13
1436272140000 10.14
1436272200000 10.13
1436272260000 10.14
1436272320000 10.15
1436272500000 10.16
1436272560000 10.16
1436272620000 10.14
1436272680000 10.15
1436272740000 10.13
1436272920000 10.16
1436272980000 10.1599
1436273040000 10.16
1436273100000 10.14
1436273160000 10.15
1436273220000 10.15
1436273280000 10.16
1436273340000 10.165
1436273460000 10.15
1436273580000 10.15
1436273640000 10.15
1436273700000 10.16
1436273760000 10.17
1436273820000 10.18
1436273880000 10.185
1436273940000 10.18
1436274000000 10.18
1436274060000 10.19
1436274120000 10.18
1436274240000 10.17
1436274300000 10.17
1436274360000 10.17
1436274420000 10.15
1436274480000 10.16
1436274540000 10.17
1436274600000 10.18
1436274660000 10.1728
1436274720000 10.18
1436274780000 10.2
1436274840000 10.21
1436274900000 10.22
1436275020000 10.2
1436275080000 10.19
1436275200000 10.19
1436275260000 10.18
1436275320000 10.17
1436275380000 10.18
1436275440000 10.1701
1436275500000 10.17
1436275560000 10.165
1436275620000 10.17
1436275680000 10.175
1436275740000 10.185
1436275800000 10.2
1436275860000 10.2
1436275920000 10.19
1436275980000 10.185
1436276040000 10.185
1436276160000 10.19
1436276220000 10.1955
1436276280000 10.21
1436276340000 10.21
1436276520000 10.22
1436276580000 10.215
1436276640000 10.22
1436276700000 10.2246
1436276760000 10.22
1436276820000 10.22
1436276880000 10.21
1436276940000 10.215
1436277000000 10.225
1436277060000 10.22
1436277120000 10.21
1436277300000 10.23
1436277360000 10.24
1436277420000 10.24
1436277480000 10.25
1436277540000 10.245
1436277600000 10.21
1436277660000 10.23
1436277720000 10.22
1436277780000 10.2
1436277840000 10.2
1436277900000 10.215
1436277960000 10.2
1436278020000 10.19
1436278140000 10.19
1436278200000 10.185
1436278260000 10.1875
1436278320000 10.185
1436278380000 10.185
1436278440000 10.2
1436278500000 10.205
1436278560000 10.2
1436278680000 10.19
1436278740000 10.18
1436278860000 10.18
1436278920000 10.16
1436279040000 10.17
1436279100000 10.18
1436279160000 10.175
1436279220000 10.18
1436279280000 10.18
1436279520000 10.185
1436279640000 10.19
1436279700000 10.19
1436279760000 10.19
1436279820000 10.19
1436279880000 10.19
1436279940000 10.195
1436280000000 10.195
1436280060000 10.185
1436280120000 10.199
1436280180000 10.18
1436280240000 10.19
1436280300000 10.19
1436280360000 10.19
1436280420000 10.2
1436280480000 10.21
1436280540000 10.2
1436280600000 10.2301
1436280780000 10.23
1436280840000 10.23
1436280900000 10.24
1436280960000 10.24
1436281020000 10.24
1436281080000 10.25
1436281140000 10.245
1436281200000 10.25
1436281320000 10.255
1436281380000 10.2
1436281440000 10.21
1436281500000 10.22
1436281560000 10.21
