1436261400000 17.03
1436261460000 16.86
1436261520000 17.05
1436261580000 16.92
1436261640000 16.86
1436261700000 16.83
1436261760000 16.81
1436261820000 16.94
1436261880000 16.99
1436261940000 16.94
1436262000000 16.92
1436262060000 16.98
1436262120000 17.07
1436262180000 17.09
1436262240000 17.02
1436262360000 17.04
1436262420000 17.04
1436262480000 17.05
1436262540000 17.08
1436262600000 17.08
1436262660000 17.05
1436262720000 17.06
1436262780000 17.07
1436262840000 17.07
1436262900000 17.07
1436262960000 17.05
1436263020000 17.04
1436263080000 17.05
1436263140000 17.05
1436263200000 17.05
1436263260000 17.07
1436263320000 17.04
1436263380000 17.04
1436263440000 17.05
1436263500000 17.05
1436263560000 17.01
1436263620000 17.01
1436263680000 17.0
1436263740000 16.98
1436263800000 16.97
1436263860000 17.01
1436263920000 16.99
1436263980000 16.99
1436264040000 16.99
1436264100000 16.99
1436264160000 16.99
1436264220000 17.0
1436264280000 17.01
1436264340000 17.0
1436264460000 17.0
1436264520000 17.015
1436264640000 17.005
1436264700000 16.99
1436264760000 16.98
1436264820000 16.965
1436264880000 16.965
1436264940000 16.975
1436265000000 16.985
1436265060000 16.985
1436265120000 16.985
1436265240000 16.985
1436265300000 16.98
1436265360000 16.98
1436265420000 16.98
1436265480000 16.985
1436265540000 16.985
1436265600000 16.985
1436265660000 16.98
1436265720000 16.93
1436265780000 16.92
1436265840000 16.91
1436265900000 16.88
1436265960000 16.86
1436266020000 16.88
1436266080000 16.89
1436266140000 16.87
1436266200000 16.87
1436266260000 16.87
1436266380000 16.89
1436266440000 16.9
1436266500000 16.89
1436266560000 16.89
1436266800000 16.875
1436266860000 16.85
1436266920000 16.85
1436266980000 16.855
1436267040000 16.85
1436267100000 16.85
1436267160000 16.845
1436267220000 16.84
1436267400000 16.84
1436267460000 16.855
1436267580000 16.85
1436267700000 16.86
1436267760000 16.86
1436267880000 16.87
1436267940000 16.85
1436268000000 16.84
1436268060000 16.82
1436268120000 16.8
1436268240000 16.8
1436268300000 16.8
1436268360000 16.78
1436268420000 16.78
1436268480000 16.78
1436268540000 16.77
1436268600000 16.75
1436268660000 16.74
1436268780000 16.77
1436268840000 16.76
1436268900000 16.76
1436269080000 16.76
1436269140000 16.77
1436269380000 16.78
1436269440000 16.8
1436269500000 16.79
1436269560000 16.78
1436269680000 16.77
1436269740000 16.76
1436269920000 16.76
1436269980000 16.76
1436270100000 16.77
1436270160000 16.79
1436270220000 16.82
1436270280000 16.82
1436270340000 16.81
1436270400000 16.78
1436270580000 16.77
1436270640000 16.78
1436270700000 16.8
1436270820000 16.76
1436271060000 16.74
1436271120000 16.75
1436271300000 16.74
1436271360000 16.755
1436271420000 16.755
1436271600000 16.755
1436271720000 16.75
1436271780000 16.75
1436271840000 16.745
1436272020000 16.74
1436272080000 16.75
1436272140000 16.76
1436272200000 16.755
1436272260000 16.755
1436272320000 16.775
1436272380000 16.78
1436272440000 16.78
1436272500000 16.78
1436272680000 16.755
1436272740000 16.76
1436272800000 16.76
1436272920000 16.77
1436272980000 16.76
1436273220000 16.76
1436273280000 16.77
1436273340000 16.775
1436273400000 16.77
1436273460000 16.77
1436273520000 16.77
1436273580000 16.77
1436273640000 16.78
1436273760000 16.8
1436273880000 16.8
1436273940000 16.83
1436274120000 16.82
1436274180000 16.81
1436274240000 16.81
1436274300000 16.78
1436274360000 16.785
1436274420000 16.775
1436274480000 16.775
1436274600000 16.77
1436274660000 16.78
1436274720000 16.81
1436274780000 16.84
1436274840000 16.84
1436274900000 16.84
1436274960000 16.82
1436275020000 16.8
1436275080000 16.785
1436275140000 16.78
1436275200000 16.8
1436275320000 16.79
1436275380000 16.78
1436275440000 16.8
1436275500000 16.805
1436275560000 16.8
1436275980000 16.78
1436276040000 16.77
1436276100000 16.78
1436276160000 16.79
1436276220000 16.81
1436276340000 16.81
1436276460000 16.8
1436276520000 16.79
1436276580000 16.78
1436276640000 16.79
1436276760000 16.78
1436276820000 16.78
1436276880000 16.78
1436276940000 16.79
1436277000000 16.78
1436277060000 16.78
1436277180000 16.79
1436277240000 16.79
1436277300000 16.79
1436277420000 16.785
1436277480000 16.775
1436277540000 16.775
1436277720000 16.78
1436277840000 16.77
1436277900000 16.76
1436277960000 16.75
1436278020000 16.75
1436278080000 16.76
1436278200000 16.755
1436278260000 16.76
1436278320000 16.76
1436278380000 16.75
1436278440000 16.76
1436278500000 16.75
1436278560000 16.73
1436278620000 16.7325
1436278680000 16.73
1436278740000 16.72
1436278860000 16.7
1436278920000 16.69
1436278980000 16.68
1436279040000 16.69
1436279160000 16.7
1436279340000 16.72
1436279400000 16.7
1436279460000 16.71
1436279520000 16.71
1436279580000 16.7
1436279640000 16.695
1436279700000 16.69
1436279880000 16.66
1436279940000 16.68
1436280000000 16.68
1436280060000 16.69
1436280180000 16.7
1436280240000 16.69
1436280360000 16.69
1436280420000 16.71
1436280480000 16.7
1436280540000 16.71
1436280600000 16.69
1436280660000 16.7
1436280720000 16.7
1436280780000 16.71
1436280840000 16.71
1436280900000 16.72
1436280960000 16.72
1436281020000 16.73
1436281080000 16.74
1436281140000 16.76
1436281200000 16.75
1436281260000 16.745
1436281320000 16.7425
1436281380000 16.745
1436281440000 16.7349
1436281500000 16.74
1436281560000 16.74
1436281620000 16.7325
1436281680000 16.7325
