1436261700000 12.2
1436261760000 12.09
1436261880000 12.0401
1436262060000 12.035
1436262240000 12.01
1436262300000 12.0201
1436262360000 12.025
1436262420000 12.02
1436262480000 12.02
1436262540000 12.03
1436262600000 12.03
1436262720000 12.025
1436262780000 12.0201
1436262900000 12.04
1436262960000 12.015
1436263020000 12.0
1436263080000 12.04
1436263140000 12.02
1436263200000 12.0101
1436263260000 12.05
1436263380000 12.02
1436263440000 12.08
1436263500000 12.04
1436263560000 12.09
1436263620000 12.04
1436263680000 12.04
1436263740000 12.05
1436263800000 12.11
1436263920000 12.05
1436263980000 12.05
1436264040000 12.09
1436264100000 12.04
1436264160000 12.04
1436264220000 12.035
1436264280000 12.07
1436264340000 12.08
1436264460000 12.04
1436264520000 12.04
1436264580000 12.0392
1436264640000 12.03
1436264700000 12.02
1436264760000 12.01
1436264820000 12.01
1436264940000 12.0
1436265000000 11.99
1436265060000 11.96
1436265120000 11.96
1436265180000 11.98
1436265300000 11.96
1436265360000 11.96
1436265420000 11.97
1436265480000 11.93
1436265540000 11.93
1436265720000 11.91
1436265780000 11.88
1436265840000 11.86
1436265900000 11.865
1436266080000 11.87
1436266140000 11.88
1436266200000 11.87
1436266440000 11.87
1436266500000 11.89
1436266620000 11.89
1436266680000 11.8901
1436266740000 11.89
1436267040000 11.89
1436267400000 11.91
1436267460000 11.89
1436267520000 11.91
1436267580000 11.9001
1436267700000 11.94
1436267760000 11.9001
1436267880000 11.94
1436267940000 11.91
1436268060000 11.91
1436268120000 11.8643
1436268180000 11.8643
1436268480000 11.89
1436268540000 11.86
1436268600000 11.86
1436268780000 11.8775
1436268840000 11.86
1436268900000 11.86
1436268960000 11.86
1436269080000 11.88
1436269140000 11.86
1436269200000 11.8601
1436269320000 11.89
1436269440000 11.89
1436269680000 11.87
1436269740000 11.8601
1436269800000 11.9
1436269920000 11.86
1436270160000 11.9
1436270220000 11.89
1436270640000 11.91
1436270700000 11.91
1436270880000 11.89
1436271000000 11.89
1436271060000 11.865
1436271480000 11.88
1436271840000 11.91
1436271900000 11.8801
1436271960000 11.88
1436272020000 11.8701
1436272080000 11.87
1436272140000 11.8925
1436272200000 11.8401
1436272260000 11.84
1436272320000 11.84
1436272440000 11.84
1436272500000 11.82
1436272560000 11.82
1436272620000 11.824
1436272680000 11.84
1436272740000 11.8401
1436272860000 11.84
1436273040000 11.85
1436273100000 11.8401
1436273160000 11.88
1436273340000 11.9
1436273400000 11.91
1436273640000 11.94
1436273700000 11.9201
1436274000000 11.98
1436274240000 12.0
1436274300000 12.0
1436274360000 11.99
1436274420000 11.95
1436274540000 11.98
1436274600000 11.96
1436274720000 12.01
1436275140000 12.01
1436275200000 12.0063
1436276100000 11.99
1436276400000 12.03
1436276640000 12.025
1436276700000 12.05
1436276760000 12.0101
1436276820000 12.02
1436276880000 11.9801
1436277000000 12.0299
1436277060000 11.9743
1436277180000 11.975
1436277360000 12.0
1436277420000 11.97
1436277480000 11.9401
1436277540000 11.95
1436277840000 11.95
1436277960000 11.96
1436278260000 11.97
1436278740000 11.96
1436278800000 11.95
1436278860000 11.95
1436278920000 11.94
1436278980000 11.93
1436279340000 11.94
1436279400000 11.97
1436279460000 11.9301
1436279520000 11.93
1436279640000 11.97
1436279700000 11.9301
1436279760000 11.95
1436279820000 11.95
1436279880000 11.95
1436279940000 11.9501
1436280000000 11.97
1436280180000 12.03
1436280240000 12.0301
1436280300000 12.07
1436280360000 12.06
1436280420000 12.07
1436280480000 12.092
1436280540000 12.08
1436280600000 12.05
1436280660000 12.06
1436280720000 12.1
1436280780000 12.07
1436280840000 12.085
1436280900000 12.07
1436280960000 12.06
1436281020000 12.08
1436281080000 12.0901
1436281140000 12.12
1436281320000 12.12
1436281380000 12.1655
1436281440000 12.17
1436281620000 12.17
