1436261400000 9.1
1436261460000 9.0461
1436261580000 9.0501
1436261820000 9.11
1436262120000 9.1
1436262180000 9.1
1436262240000 9.05
1436262420000 9.0743
1436262840000 9.0372
1436262900000 9.03
1436262960000 9.03
1436263020000 9.0
1436263080000 8.97
1436263200000 8.96
1436263320000 9.0
1436263440000 9.04
1436263680000 8.98
1436263740000 8.97
1436263860000 8.9899
1436263920000 8.99
1436264040000 8.97
1436264100000 8.97
1436264160000 8.97
1436264280000 8.97
1436264400000 8.9536
1436264460000 8.9502
1436264700000 8.95
1436264760000 8.95
1436264880000 8.9201
1436265180000 8.94
1436265240000 8.9101
1436265480000 8.94
1436265540000 8.94
1436265660000 8.9
1436265720000 8.92
1436265780000 8.91
1436266020000 8.936
1436266140000 8.95
1436266200000 8.9521
1436266740000 8.958
1436266800000 8.94
1436266920000 8.9001
1436266980000 8.88
1436267100000 8.89
1436267160000 8.89
1436267880000 8.9
1436268120000 8.9
1436268480000 8.91
1436268540000 8.91
1436268840000 8.92
1436269140000 8.9099
1436269500000 8.92
1436269740000 8.927
1436269860000 8.94
1436269920000 8.94
1436270160000 8.945
1436270400000 8.92
1436270760000 8.92
1436271300000 8.97
1436271600000 8.96
1436271660000 8.955
1436271840000 8.97
1436271900000 8.97
1436272140000 8.97
1436272200000 8.97
1436272740000 8.94
1436272800000 8.947
1436272860000 8.97
1436273160000 8.98
1436273880000 8.98
1436274000000 9.04
1436274300000 9.05
1436274420000 9.03
1436274480000 9.06
1436275080000 9.0177
1436275320000 9.0
1436275620000 8.99
1436275680000 8.985
1436275920000 8.98
1436276040000 8.98
1436276160000 8.99
1436276460000 8.98
1436276640000 8.946
1436277240000 8.988
1436277300000 8.97
1436277480000 8.97
1436277540000 8.96
1436278080000 8.9556
1436278200000 8.97
1436278980000 8.96
1436279220000 8.94
1436279280000 8.948
1436279340000 9.01
1436279700000 8.98
1436280300000 9.0
1436280360000 8.98
1436280540000 8.97
1436280600000 8.98
1436280960000 8.97
1436281020000 8.93
1436281080000 8.94
1436281320000 8.93
1436281440000 8.93
1436281620000 8.912
