1436261400000 16.19
1436261460000 15.99
1436261520000 15.73
1436261580000 15.58
1436261640000 15.58
1436261700000 15.58
1436261760000 15.55
1436261820000 15.54
1436261880000 15.533
1436261940000 15.61
1436262000000 15.5708
1436262060000 15.59
1436262120000 15.6
1436262180000 15.65
1436262240000 15.6
1436262300000 15.54
1436262360000 15.535
1436262420000 15.6
1436262480000 15.565
1436262540000 15.62
1436262600000 15.59
1436262660000 15.58
1436262720000 15.5651
1436262780000 15.58
1436262840000 15.595
1436262900000 15.6
1436262960000 15.595
1436263020000 15.61
1436263080000 15.59
1436263140000 15.605
1436263200000 15.652
1436263260000 15.63
1436263320000 15.6025
1436263380000 15.62
1436263440000 15.6004
1436263500000 15.62
1436263560000 15.61
1436263620000 15.61
1436263680000 15.605
1436263740000 15.605
1436263800000 15.6
1436263860000 15.59
1436263920000 15.56
1436263980000 15.56
1436264040000 15.55
1436264100000 15.5
1436264160000 15.5
1436264280000 15.51
1436264340000 15.52
1436264400000 15.4463
1436264460000 15.38
1436264520000 15.35
1436264580000 15.27
1436264640000 15.2617
1436264700000 15.27
1436264760000 15.265
1436264820000 15.2675
1436264880000 15.2601
1436264940000 15.25
1436265000000 15.2575
1436265060000 15.39
1436265120000 15.41
1436265180000 15.41
1436265240000 15.3
1436265300000 15.275
1436265360000 15.2401
1436265420000 15.22
1436265480000 15.16
1436265540000 15.2
1436265600000 15.3
1436265660000 15.295
1436265720000 15.295
1436265780000 15.29
1436265840000 15.32
1436265900000 15.4
1436265960000 15.36
1436266020000 15.31
1436266080000 15.3
1436266140000 15.3
1436266200000 15.31
1436266260000 15.28
1436266320000 15.26
1436266380000 15.26
1436266440000 15.24
1436266500000 15.2
1436266560000 15.17
1436266620000 15.2221
1436266680000 15.2
1436266740000 15.25
1436266800000 15.27
1436266860000 15.1975
1436266920000 15.24
1436266980000 15.24
1436267040000 15.24
1436267100000 15.24
1436267160000 15.232
1436267220000 15.222
1436267280000 15.23
1436267340000 15.11
1436267400000 15.18
1436267460000 15.18
1436267520000 15.19
1436267580000 15.19
1436267640000 15.29
1436267700000 15.28
1436267760000 15.345
1436267820000 15.31
1436267880000 15.3184
1436267940000 15.34
1436268000000 15.335
1436268060000 15.25
1436268120000 15.215
1436268180000 15.22
1436268240000 15.212
1436268300000 15.215
1436268360000 15.28
1436268480000 15.28
1436268600000 15.23
1436268720000 15.22
1436268780000 15.26
1436268840000 15.21
1436268900000 15.2101
1436268960000 15.22
1436269020000 15.22
1436269080000 15.22
1436269140000 15.24
1436269320000 15.225
1436269380000 15.215
1436269440000 15.22
1436269500000 15.26
1436269560000 15.24
1436269680000 15.23
1436269740000 15.32
1436269860000 15.365
1436269920000 15.36
1436269980000 15.365
1436270040000 15.3
1436270100000 15.32
1436270160000 15.31
1436270220000 15.31
1436270280000 15.3
1436270340000 15.2601
1436270400000 15.24
1436270460000 15.21
1436270520000 15.2001
1436270580000 15.2201
1436270640000 15.22
1436270700000 15.22
1436270760000 15.25
1436270820000 15.21
1436270880000 15.22
1436270940000 15.2
1436271000000 15.22
1436271060000 15.21
1436271120000 15.22
1436271180000 15.19
1436271240000 15.19
1436271300000 15.1801
1436271360000 15.22
1436271480000 15.2
1436271540000 15.2234
1436271600000 15.215
1436271660000 15.215
1436271720000 15.215
1436271780000 15.215
1436271840000 15.215
1436271900000 15.21
1436271960000 15.22
1436272020000 15.205
1436272080000 15.2
1436272140000 15.2
1436272200000 15.2
1436272260000 15.2
1436272320000 15.215
1436272380000 15.215
1436272440000 15.215
1436272500000 15.205
1436272560000 15.21
1436272620000 15.2001
1436272680000 15.205
1436272740000 15.225
1436272800000 15.225
1436272860000 15.23
1436272920000 15.225
1436272980000 15.21
1436273040000 15.225
1436273100000 15.21
1436273160000 15.21
1436273220000 15.212
1436273280000 15.219
1436273340000 15.215
1436273400000 15.24
1436273460000 15.22
1436273520000 15.22
1436273580000 15.215
1436273640000 15.215
1436273700000 15.215
1436273760000 15.21
1436273820000 15.225
1436273880000 15.225
1436273940000 15.25
1436274000000 15.275
1436274060000 15.27
1436274180000 15.27
1436274240000 15.26
1436274300000 15.25
1436274420000 15.255
1436274480000 15.25
1436274540000 15.26
1436274600000 15.25
1436274660000 15.25
1436274720000 15.23
1436274780000 15.23
1436274840000 15.3
1436274900000 15.39
1436274960000 15.4
1436275020000 15.31
1436275080000 15.3101
1436275140000 15.32
1436275200000 15.315
1436275260000 15.31
1436275320000 15.31
1436275380000 15.31
1436275440000 15.3
1436275500000 15.24
1436275560000 15.232
1436275620000 15.23
1436275680000 15.3
1436275800000 15.3
1436275920000 15.295
1436275980000 15.24
1436276040000 15.245
1436276100000 15.24
1436276160000 15.24
1436276220000 15.24
1436276280000 15.24
1436276340000 15.25
1436276400000 15.395
1436276460000 15.4
1436276520000 15.39
1436276580000 15.39
1436276640000 15.395
1436276700000 15.49
1436276820000 15.5201
1436276880000 15.54
1436276940000 15.522
1436277000000 15.49
1436277060000 15.51
1436277120000 15.5
1436277180000 15.49
1436277300000 15.465
1436277360000 15.4501
1436277420000 15.54
1436277480000 15.515
1436277600000 15.503
1436277660000 15.5
1436277900000 15.5032
1436277960000 15.5
1436278020000 15.5
1436278080000 15.49
1436278140000 15.52
1436278200000 15.53
1436278260000 15.51
1436278320000 15.52
1436278380000 15.51
1436278440000 15.5
1436278500000 15.5
1436278560000 15.5
1436278620000 15.5
1436278680000 15.49
1436278740000 15.49
1436278920000 15.49
1436279040000 15.48
1436279100000 15.47
1436279220000 15.445
1436279280000 15.51
1436279340000 15.4801
1436279460000 15.51
1436279520000 15.5
1436279640000 15.5001
1436279760000 15.5
1436279880000 15.5
1436279940000 15.51
1436280000000 15.5
1436280060000 15.5
1436280120000 15.5
1436280180000 15.5
1436280240000 15.5
1436280300000 15.5
1436280360000 15.54
1436280420000 15.51
1436280480000 15.51
1436280600000 15.51
1436280660000 15.49
1436280720000 15.49
1436280780000 15.46
1436280840000 15.46
1436280900000 15.42
1436281020000 15.42
1436281080000 15.42
1436281140000 15.42
1436281260000 15.38
1436281320000 15.3801
1436281380000 15.39
1436281440000 15.385
1436281500000 15.38
1436281560000 15.48
