1404705600000 16.1
1404792000000 15.81
1404878400000 16.02
1404964800000 15.765
1405051200000 15.96
1405310400000 16.23
1405396800000 16.33
1405483200000 16.4
1405569600000 15.99
1405656000000 17.03
1405915200000 17.9
1406001600000 17.78
1406088000000 17.25
1406174400000 17.45
1406260800000 18.06
1406520000000 18.15
1406606400000 18.35
1406692800000 18.85
1406779200000 17.99
1406865600000 18.37
1407124800000 18.63
1407211200000 18.3
1407297600000 18.51
1407384000000 17.79
1407470400000 18.16
1407729600000 18.4
1407816000000 18.5
1407902400000 18.88
1407988800000 18.61
1408075200000 18.92
1408334400000 19.4
1408420800000 19.66
1408507200000 19.6
1408593600000 19.59
1408680000000 19.44
1408939200000 19.27
1409025600000 18.99
1409112000000 18.99
1409198400000 19.4
1409284800000 20.665
1409630400000 21.14
1409716800000 20.25
1409803200000 20.0
1409889600000 20.41
1410148800000 20.27
1410235200000 19.98
1410321600000 20.43
1410408000000 20.36
1410494400000 20.18
1410753600000 19.4
1410840000000 19.81
1410926400000 19.46
1411012800000 20.2
1411099200000 19.57
1411358400000 19.16
1411444800000 19.34
1411531200000 20.02
1411617600000 19.44
1411704000000 19.63
1411963200000 19.43
1412049600000 19.07
1412136000000 17.96
1412222400000 18.22
1412308800000 18.62
1412568000000 17.98
1412654400000 17.04
1412740800000 18.22
1412827200000 17.11
1412913600000 15.88
1413172800000 15.2
1413259200000 15.73
1413345600000 16.06
1413432000000 16.32
1413518400000 16.77
1413777600000 17.3
1413864000000 17.86
1413950400000 17.06
1414036800000 17.55
1414123200000 17.62
1414382400000 17.81
1414468800000 18.43
1414555200000 20.2
1414641600000 20.07
1414728000000 21.63
1414990800000 22.36
1415077200000 22.16
1415163600000 22.83
1415250000000 22.89
1415336400000 22.07
1415595600000 22.3
1415682000000 22.31
1415768400000 22.105
1415854800000 22.17
1415941200000 22.6
1416200400000 22.2
1416286800000 22.93
1416373200000 23.17
1416459600000 23.68
1416546000000 23.63
1416805200000 24.62
1416891600000 24.58
1416978000000 24.85
1417150800000 24.37
1417410000000 23.88
1417496400000 24.47
1417582800000 25.03
1417669200000 25.96
1417755600000 26.13
1418014800000 25.58
1418101200000 25.795
1418187600000 25.6
1418274000000 26.375
1418360400000 25.87
1418619600000 24.97
1418706000000 25.0
1418792400000 26.085
1418878800000 26.71
1418965200000 26.69
1419224400000 27.65
1419310800000 27.22
1419397200000 27.72
1419570000000 27.95
1419829200000 27.92
1419915600000 28.315
1420002000000 27.55
