1436261400000 2.34
1436261460000 2.34
1436261760000 2.34
1436261940000 2.3
1436262300000 2.3
1436262600000 2.338
1436263260000 2.31
1436263380000 2.3
1436263500000 2.3001
1436263560000 2.327
1436263680000 2.3
1436263740000 2.3
1436263800000 2.3
1436263860000 2.29
1436263920000 2.3
1436264040000 2.3
1436264220000 2.32
1436264520000 2.33
1436264760000 2.33
1436264820000 2.3003
1436265180000 2.3137
1436265300000 2.3001
1436265360000 2.303
1436265840000 2.3
1436265900000 2.3
1436265960000 2.3
1436266080000 2.32
1436266260000 2.3047
1436266440000 2.3
1436266620000 2.3
1436266680000 2.3
1436266740000 2.3
1436266920000 2.3
1436266980000 2.2993
1436267040000 2.29
1436267160000 2.3
1436267220000 2.29
1436267280000 2.29
1436267520000 2.2501
1436267760000 2.29
1436268000000 2.29
1436268120000 2.3
1436268180000 2.28
1436268360000 2.2767
1436269200000 2.27
1436269620000 2.27
1436269800000 2.2972
1436269860000 2.28
1436269920000 2.27
1436270460000 2.2875
1436270580000 2.28
1436270640000 2.25
1436270700000 2.24
1436270760000 2.22
1436270820000 2.2
1436271000000 2.13
1436271060000 2.14
1436271120000 2.1999
1436271240000 2.16
1436271300000 2.18
1436271540000 2.18
1436271720000 2.1795
1436272020000 2.2
1436272140000 2.199
1436272260000 2.19
1436272320000 2.15
1436272440000 2.15
1436272620000 2.15
1436272680000 2.15
1436272800000 2.15
1436272920000 2.15
1436273100000 2.15
1436273160000 2.16
1436273220000 2.16
1436273340000 2.14
1436273880000 2.15
1436274000000 2.16
1436274060000 2.15
1436274240000 2.14
1436274420000 2.15
1436274540000 2.16
1436274720000 2.16
1436275140000 2.15
1436275200000 2.15
1436275260000 2.13
1436275380000 2.1388
1436275500000 2.13
1436275740000 2.14
1436275800000 2.14
1436275860000 2.13
1436275980000 2.14
1436276100000 2.14
1436276520000 2.13
1436276760000 2.1201
1436276880000 2.13
1436277000000 2.137
1436277060000 2.15
1436277120000 2.15
1436277300000 2.15
1436277600000 2.15
1436277720000 2.15
1436277780000 2.15
1436277900000 2.15
1436277960000 2.15
1436278020000 2.17
1436278200000 2.17
1436278380000 2.17
1436278440000 2.17
1436278500000 2.17
1436278560000 2.17
1436279160000 2.17
1436279520000 2.17
1436279700000 2.17
1436279760000 2.17
1436280060000 2.17
1436280120000 2.17
1436280480000 2.17
1436280540000 2.17
1436280660000 2.1601
1436280720000 2.17
1436281200000 2.17
1436281260000 2.17
1436281440000 2.17
1436281500000 2.1688
1436281560000 2.17
1436281620000 2.17
