1436261400000 77.08
1436261460000 76.75
1436261640000 77.0225
1436261700000 76.82
1436261760000 76.55
1436261880000 76.6
1436262000000 75.5601
1436262120000 76.49
1436262300000 76.95
1436262420000 77.0
1436262480000 77.0
1436262540000 77.03
1436262660000 76.9
1436262720000 76.99
1436262780000 76.99
1436262840000 77.03
1436262900000 76.99
1436262960000 77.0175
1436263020000 76.99
1436263080000 76.97
1436263140000 76.9
1436263200000 76.855
1436263320000 76.86
1436263380000 76.9
1436263440000 76.825
1436263500000 76.65
1436263560000 76.7
1436263620000 76.63
1436263680000 76.62
1436263740000 76.74
1436263800000 76.77
1436263860000 76.68
1436263980000 76.65
1436264040000 76.685
1436264100000 76.61
1436264220000 76.515
1436264280000 76.41
1436264400000 76.3
1436264460000 76.26
1436265000000 76.17
1436265180000 76.12
1436265240000 76.34
1436265300000 76.29
1436265360000 76.14
1436265420000 76.1
1436265540000 75.88
1436265660000 75.61
1436265720000 75.6
1436266020000 75.48
1436266080000 75.55
1436266140000 75.79
1436266200000 76.0
1436266260000 75.96
1436266620000 75.97
1436266680000 76.34
1436266860000 76.35
1436266980000 76.34
1436267040000 76.11
1436267100000 76.01
1436267160000 76.23
1436267280000 76.095
1436267340000 75.78
1436267400000 75.9
1436267520000 75.705
1436267760000 75.57
1436267940000 75.7
1436268000000 75.8
1436268060000 76.22
1436268120000 76.29
1436268180000 76.01
1436268480000 76.02
1436268540000 75.96
1436268600000 75.99
1436269200000 75.82
1436269560000 76.0
1436269620000 76.005
1436269860000 75.87
1436270160000 75.95
1436270220000 76.03
1436270280000 76.08
1436270340000 76.0
1436270400000 76.0
1436270460000 75.81
1436270580000 75.705
1436271060000 75.71
1436271360000 75.74
1436271420000 75.94
1436271660000 75.99
1436271780000 75.93
1436271900000 75.92
1436271960000 75.72
1436272020000 75.76
1436272080000 75.77
1436272140000 75.67
1436272200000 75.8
1436272260000 75.72
1436272320000 75.69
1436272500000 75.76
1436272560000 75.91
1436272920000 75.87
1436272980000 75.9
1436273040000 75.81
1436273100000 75.89
1436273160000 75.9
1436273400000 75.9
1436273460000 75.95
1436273640000 75.92
1436273700000 75.91
1436273820000 75.9
1436273880000 75.9
1436273940000 75.85
1436274060000 75.84
1436274300000 75.89
1436274360000 75.84
1436274420000 75.9
1436274480000 75.86
1436274540000 75.9
1436274600000 75.9
1436274660000 75.91
1436274720000 75.9
1436274780000 75.9
1436274840000 75.92
1436274900000 75.9
1436274960000 75.8
1436275260000 75.7
1436275320000 75.7
1436275380000 75.68
1436275980000 75.715
1436276100000 75.71
1436276160000 75.705
1436276280000 75.58
1436276400000 75.71
1436276460000 75.62
1436276520000 75.7
1436276640000 75.71
1436276880000 75.91
1436276940000 75.84
1436277000000 75.84
1436277060000 75.89
1436277120000 75.89
1436277180000 75.9
1436277240000 75.89
1436277300000 75.89
1436277360000 75.89
1436277420000 75.9
1436277480000 75.9
1436277720000 75.9
1436277780000 75.945
1436277840000 75.95
1436278020000 75.86
1436278080000 75.9
1436278140000 75.99
1436278200000 75.99
1436278260000 76.05
1436278380000 76.01
1436278440000 76.0
1436278500000 76.0
1436278560000 75.95
1436278680000 75.98
1436278800000 75.94
1436278920000 75.935
1436278980000 75.76
1436279220000 75.76
1436279460000 75.845
1436279520000 75.9
1436279580000 75.84
1436279880000 75.875
1436280000000 75.9
1436280060000 75.9
1436280120000 75.89
1436280180000 75.965
1436280300000 75.9
1436280360000 75.925
1436280480000 76.04
1436280540000 76.33
1436280600000 76.35
1436280720000 76.42
1436280840000 76.23
1436280900000 76.21
1436280960000 76.15
1436281080000 76.23
1436281200000 76.28
1436281260000 76.51
1436281320000 76.5
1436281380000 76.585
1436281440000 76.72
1436281500000 76.75
1436281560000 76.75
