1436261400000 18.3
1436261880000 18.18
1436262060000 18.0
1436262180000 18.0
1436262660000 18.0
1436263140000 18.0
1436263620000 18.01
1436263680000 18.0
1436263920000 18.03
1436264040000 18.02
1436264100000 18.05
1436264160000 18.08
1436264280000 18.1
1436264400000 18.12
1436264520000 18.15
1436264700000 18.1218
1436264820000 18.11
1436265300000 18.07
1436265360000 18.05
1436265480000 18.05
1436265540000 18.05
1436265960000 18.08
1436267160000 18.126
1436267520000 18.15
1436267580000 18.15
1436268120000 18.15
1436268360000 18.13
1436268600000 18.15
1436268660000 18.12
1436268780000 18.15
1436268840000 18.106
1436269680000 18.2
1436269980000 18.21
1436270040000 18.253
1436270700000 18.22
1436271120000 18.23
1436271240000 18.283
1436271420000 18.25
1436271660000 18.315
1436271840000 18.3
1436271900000 18.27
1436272620000 18.2501
1436273220000 18.305
1436273580000 18.2652
1436274900000 18.25
1436274960000 18.23
1436275200000 18.21
1436275680000 18.27
1436276940000 18.3
1436277600000 18.298
1436277960000 18.27
1436278200000 18.27
1436278920000 18.17
1436279340000 18.19
1436279640000 18.2
1436279760000 18.19
1436280180000 18.25
1436280420000 18.25
1436280600000 18.25
1436281080000 18.25
