1436261400000 5.49
1436261640000 5.49
1436261700000 5.45
1436261760000 5.49
1436262420000 5.5
1436262480000 5.5
1436262540000 5.5
1436262600000 5.5
1436262660000 5.51
1436262720000 5.5
1436263560000 5.52
1436263680000 5.55
1436264520000 5.55
1436264640000 5.5409
1436264700000 5.53
1436264760000 5.59
1436264880000 5.621
1436265000000 5.64
1436265060000 5.6
1436265120000 5.6
1436265180000 5.6
1436265240000 5.55
1436265360000 5.51
1436265420000 5.51
1436265480000 5.51
1436265720000 5.5
1436265960000 5.51
1436266200000 5.54
1436266320000 5.51
1436266500000 5.51
1436266740000 5.51
1436266920000 5.5
1436267040000 5.5
1436267100000 5.5
1436267160000 5.5
1436267220000 5.5
1436267280000 5.5
1436267520000 5.5
1436267700000 5.5
1436267880000 5.5
1436268000000 5.51
1436268060000 5.51
1436268180000 5.5
1436268240000 5.5
1436268360000 5.5
1436268660000 5.49
1436268900000 5.5
1436268960000 5.5
1436269020000 5.5
1436269080000 5.5
1436269140000 5.5
1436269260000 5.5
1436269440000 5.47
1436269560000 5.47
1436269680000 5.44
1436269740000 5.44
1436269860000 5.42
1436269980000 5.4
1436270100000 5.41
1436270700000 5.43
1436270820000 5.41
1436270880000 5.4
1436271000000 5.37
1436271120000 5.35
1436271180000 5.31
1436271300000 5.37
1436271480000 5.36
1436271600000 5.36
1436271720000 5.36
1436271840000 5.36
1436271900000 5.36
1436271960000 5.399
1436272020000 5.38
1436272140000 5.32
1436272200000 5.29
1436272320000 5.344
1436272380000 5.29
1436272560000 5.31
1436272740000 5.32
1436273220000 5.47
1436273400000 5.52
1436273940000 5.5
1436274120000 5.515
1436274180000 5.5
1436274360000 5.5
1436274420000 5.5
1436274540000 5.45
1436274720000 5.45
1436274900000 5.45
1436275140000 5.38
1436275320000 5.34
1436275500000 5.32
1436275560000 5.32
1436275620000 5.29
1436275800000 5.28
1436275920000 5.24
1436276100000 5.21
1436276220000 5.21
1436276280000 5.26
1436276340000 5.18
1436276400000 5.23
1436276520000 5.18
1436276640000 5.25
1436276700000 5.36
1436277000000 5.36
1436277060000 5.31
1436277360000 5.35
1436277480000 5.31
1436277600000 5.36
1436277660000 5.36
1436277900000 5.33
1436278080000 5.33
1436278200000 5.33
1436278380000 5.33
1436278500000 5.33
1436278560000 5.36
1436278620000 5.33
1436278740000 5.33
1436278800000 5.36
1436278860000 5.37
1436278980000 5.37
1436279040000 5.37
1436279160000 5.37
1436279280000 5.37
1436279400000 5.37
1436279460000 5.37
1436279580000 5.37
1436279700000 5.37
1436279820000 5.37
1436279880000 5.35
1436279940000 5.39
1436280000000 5.37
1436280120000 5.4
1436280240000 5.41
1436280360000 5.4
1436280420000 5.4
1436280480000 5.45
1436280540000 5.47
1436280660000 5.4
1436280960000 5.35
1436281080000 5.36
1436281200000 5.36
1436281320000 5.36
1436281380000 5.36
1436281500000 5.36
1436281560000 5.36
