1436261400000 23.47
1436261460000 23.52
1436261580000 23.39
1436261640000 23.39
1436261700000 23.29
1436261760000 23.32
1436261820000 23.31
1436261880000 23.3
1436261940000 23.33
1436262000000 23.325
1436262060000 23.29
1436262120000 23.29
1436262180000 23.29
1436262240000 23.27
1436262300000 23.26
1436262360000 23.24
1436262420000 23.25
1436262480000 23.265
1436262540000 23.26
1436262600000 23.24
1436262660000 23.23
1436262720000 23.225
1436262780000 23.23
1436262840000 23.21
1436262900000 23.21
1436262960000 23.2
1436263020000 23.18
1436263080000 23.14
1436263140000 23.11
1436263200000 23.1
1436263260000 23.12
1436263320000 23.1
1436263380000 23.11
1436263440000 23.09
1436263500000 23.08
1436263560000 23.06
1436263620000 23.03
1436263680000 22.99
1436263740000 23.0
1436263800000 23.0
1436263860000 23.07
1436263920000 23.08
1436263980000 23.09
1436264040000 23.1101
1436264100000 23.1
1436264160000 23.13
1436264220000 23.12
1436264280000 23.11
1436264340000 23.11
1436264400000 23.1
1436264460000 23.1
1436264520000 23.11
1436264580000 23.08
1436264640000 23.08
1436264700000 23.05
1436264760000 23.04
1436264820000 23.05
1436264880000 23.04
1436264940000 23.04
1436265000000 23.06
1436265060000 23.02
1436265120000 23.03
1436265180000 23.03
1436265240000 23.02
1436265300000 23.05
1436265360000 23.04
1436265420000 23.05
1436265480000 23.04
1436265540000 23.035
1436265600000 23.02
1436265660000 23.0
1436265720000 23.0
1436265780000 22.97
1436265840000 22.97
1436265900000 22.98
1436265960000 22.97
1436266020000 23.01
1436266080000 23.01
1436266140000 23.04
1436266200000 23.02
1436266260000 23.02
1436266320000 23.04
1436266380000 23.07
1436266440000 23.07
1436266500000 23.095
1436266560000 23.08
1436266620000 23.08
1436266680000 23.1
1436266740000 23.09
1436266800000 23.11
1436266860000 23.08
1436266920000 23.08
1436266980000 23.07
1436267100000 23.07
1436267160000 23.055
1436267220000 23.06
1436267280000 23.06
1436267340000 23.07
1436267400000 23.07
1436267460000 23.0801
1436267520000 23.1
1436267580000 23.11
1436267640000 23.1
1436267700000 23.11
1436267760000 23.11
1436267820000 23.13
1436267880000 23.13
1436267940000 23.12
1436268000000 23.12
1436268060000 23.1
1436268120000 23.08
1436268180000 23.08
1436268240000 23.09
1436268300000 23.08
1436268360000 23.05
1436268420000 23.03
1436268480000 23.03
1436268540000 23.03
1436268600000 23.01
1436268660000 22.99
1436268720000 23.0
1436268780000 23.01
1436268840000 22.99
1436268900000 22.97
1436268960000 22.96
1436269020000 22.99
1436269080000 22.98
1436269140000 23.0
1436269200000 23.02
1436269320000 23.03
1436269380000 23.05
1436269440000 23.06
1436269500000 23.07
1436269560000 23.07
1436269620000 23.05
1436269680000 23.08
1436269740000 23.07
1436269800000 23.07
1436269860000 23.09
1436269920000 23.08
1436269980000 23.09
1436270040000 23.08
1436270100000 23.08
1436270160000 23.11
1436270220000 23.17
1436270280000 23.15
1436270340000 23.15
1436270400000 23.14
1436270460000 23.12
1436270520000 23.1
1436270580000 23.12
1436270640000 23.146
1436270700000 23.18
1436270760000 23.17
1436270820000 23.16
1436270880000 23.15
1436270940000 23.15
1436271000000 23.14
1436271060000 23.13
1436271120000 23.12
1436271180000 23.12
1436271240000 23.12
1436271300000 23.12
1436271360000 23.12
1436271420000 23.12
1436271480000 23.1162
1436271540000 23.11
1436271600000 23.105
1436271660000 23.11
1436271720000 23.13
1436271780000 23.15
1436271840000 23.15
1436271900000 23.135
1436271960000 23.13
1436272020000 23.16
1436272080000 23.17
1436272140000 23.18
1436272200000 23.17
1436272260000 23.17
1436272320000 23.17
1436272380000 23.15
1436272440000 23.16
1436272500000 23.16
1436272560000 23.16
1436272620000 23.17
1436272680000 23.19
1436272740000 23.2
1436272800000 23.22
1436272860000 23.22
1436272920000 23.22
1436272980000 23.24
1436273040000 23.24
1436273100000 23.24
1436273160000 23.25
1436273220000 23.25
1436273280000 23.27
1436273340000 23.27
1436273400000 23.26
1436273460000 23.26
1436273520000 23.269
1436273580000 23.25
1436273640000 23.25
1436273700000 23.27
1436273760000 23.26
1436273820000 23.26
1436273880000 23.28
1436273940000 23.29
1436274000000 23.29
1436274060000 23.28
1436274120000 23.27
1436274180000 23.26
1436274240000 23.26
1436274300000 23.27
1436274360000 23.26
1436274420000 23.24
1436274480000 23.24
1436274540000 23.25
1436274600000 23.25
1436274660000 23.26
1436274720000 23.28
1436274780000 23.29
1436274840000 23.31
1436274900000 23.33
1436274960000 23.31
1436275020000 23.28
1436275080000 23.27
1436275140000 23.27
1436275200000 23.29
1436275260000 23.28
1436275320000 23.28
1436275380000 23.27
1436275440000 23.28
1436275500000 23.28
1436275560000 23.28
1436275620000 23.27
1436275680000 23.27
1436275740000 23.29
1436275800000 23.3
1436275860000 23.31
1436275920000 23.27
1436275980000 23.27
1436276040000 23.28
1436276100000 23.28
1436276160000 23.28
1436276220000 23.27
1436276280000 23.27
1436276340000 23.27
1436276400000 23.27
1436276460000 23.24
1436276520000 23.24
1436276580000 23.235
1436276640000 23.24
1436276700000 23.265
1436276760000 23.25
1436276820000 23.24
1436276880000 23.23
1436276940000 23.23
1436277000000 23.23
1436277060000 23.23
1436277120000 23.23
1436277180000 23.23
1436277240000 23.2
1436277300000 23.21
1436277360000 23.205
1436277420000 23.2151
1436277480000 23.22
1436277540000 23.19
1436277600000 23.2
1436277660000 23.21
1436277720000 23.2
1436277780000 23.19
1436277840000 23.19
1436277900000 23.18
1436277960000 23.17
1436278020000 23.18
1436278080000 23.17
1436278140000 23.16
1436278200000 23.175
1436278260000 23.17
1436278320000 23.17
1436278380000 23.17
1436278440000 23.16
1436278500000 23.17
1436278560000 23.16
1436278620000 23.155
1436278680000 23.1599
1436278740000 23.13
1436278800000 23.12
1436278860000 23.14
1436278920000 23.12
1436278980000 23.125
1436279040000 23.13
1436279100000 23.14
1436279160000 23.15
1436279220000 23.15
1436279280000 23.15
1436279340000 23.15
1436279400000 23.16
1436279460000 23.15
1436279520000 23.15
1436279580000 23.16
1436279640000 23.17
1436279700000 23.16
1436279760000 23.15
1436279820000 23.155
1436279880000 23.15
1436279940000 23.18
1436280000000 23.18
1436280060000 23.19
1436280120000 23.23
1436280180000 23.22
1436280240000 23.25
1436280300000 23.24
1436280360000 23.26
1436280420000 23.28
1436280480000 23.27
1436280540000 23.26
1436280600000 23.26
1436280660000 23.26
1436280720000 23.26
1436280780000 23.25
1436280840000 23.27
1436280900000 23.27
1436280960000 23.27
1436281020000 23.29
1436281080000 23.31
1436281140000 23.34
1436281200000 23.33
1436281260000 23.33
1436281320000 23.34
1436281380000 23.33
1436281440000 23.32
1436281500000 23.32
1436281560000 23.31
1436281620000 23.3
