1436261400000 24.79
1436261460000 24.795
1436261520000 24.66
1436261640000 24.57
1436261700000 24.48
1436261760000 24.48
1436261820000 24.45
1436261880000 24.5
1436262000000 24.53
1436262180000 24.55
1436262240000 24.53
1436262300000 24.48
1436262360000 24.46
1436262420000 24.48
1436262480000 24.49
1436262660000 24.48
1436262780000 24.51
1436262840000 24.49
1436263020000 24.45
1436263080000 24.42
1436263140000 24.4
1436263320000 24.41
1436263380000 24.41
1436263500000 24.39
1436263560000 24.35
1436263620000 24.35
1436263680000 24.32
1436263740000 24.34
1436263800000 24.34
1436263920000 24.36
1436263980000 24.36
1436264040000 24.36
1436264100000 24.32
1436264220000 24.36
1436264280000 24.33
1436264340000 24.35
1436264460000 24.35
1436264520000 24.35
1436264640000 24.35
1436264700000 24.35
1436264760000 24.33
1436264820000 24.32
1436264880000 24.31
1436264940000 24.295
1436265000000 24.28
1436265060000 24.28
1436265120000 24.27
1436265180000 24.27
1436265300000 24.28
1436265360000 24.28
1436265420000 24.26
1436265480000 24.26
1436265540000 24.24
1436265660000 24.25
1436265720000 24.21
1436265780000 24.24
1436265840000 24.22
1436265960000 24.23
1436266020000 24.21
1436266080000 24.25
1436266140000 24.23
1436266200000 24.24
1436266260000 24.24
1436266320000 24.26
1436266440000 24.28
1436266500000 24.3
1436266620000 24.21
1436266680000 24.25
1436266740000 24.23
1436266800000 24.21
1436266860000 24.19
1436266920000 24.21
1436266980000 24.21
1436267100000 24.18
1436267160000 24.16
1436267220000 24.18
1436267340000 24.19
1436267400000 24.195
1436267460000 24.2
1436267520000 24.195
1436267580000 24.19
1436267700000 24.19
1436267760000 24.19
1436267880000 24.23
1436267940000 24.23
1436268000000 24.21
1436268060000 24.19
1436268120000 24.19
1436268180000 24.22
1436268240000 24.2
1436268300000 24.2
1436268360000 24.2
1436268480000 24.19
1436268540000 24.18
1436268600000 24.18
1436268660000 24.19
1436268720000 24.2
1436268840000 24.18
1436268900000 24.19
1436268960000 24.18
1436269020000 24.19
1436269080000 24.21
1436269140000 24.23
1436269200000 24.22
1436269260000 24.24
1436269320000 24.23
1436269380000 24.245
1436269500000 24.25
1436269620000 24.24
1436269680000 24.24
1436269740000 24.23
1436269800000 24.25
1436269920000 24.24
1436269980000 24.24
1436270040000 24.24
1436270100000 24.24
1436270160000 24.26
1436270220000 24.32
1436270280000 24.32
1436270400000 24.3005
1436270460000 24.29
1436270520000 24.29
1436270580000 24.3
1436270640000 24.31
1436270700000 24.31
1436270760000 24.29
1436270820000 24.29
1436270880000 24.28
1436271000000 24.27
1436271060000 24.27
1436271240000 24.23
1436271300000 24.28
1436271420000 24.28
1436271480000 24.26
1436271600000 24.26
1436271660000 24.26
1436271840000 24.26
1436271900000 24.23
1436271960000 24.24
1436272020000 24.24
1436272260000 24.26
1436272320000 24.27
1436272380000 24.28
1436272500000 24.26
1436272560000 24.25
1436272620000 24.26
1436272680000 24.26
1436272740000 24.29
1436272800000 24.27
1436272920000 24.27
1436272980000 24.26
1436273040000 24.28
1436273100000 24.28
1436273160000 24.3
1436273220000 24.31
1436273280000 24.31
1436273340000 24.3001
1436273400000 24.3098
1436273520000 24.3
1436273580000 24.3
1436273640000 24.31
1436273760000 24.34
1436273820000 24.33
1436273880000 24.36
1436274000000 24.37
1436274120000 24.37
1436274180000 24.35
1436274240000 24.38
1436274300000 24.35
1436274360000 24.33
1436274480000 24.33
1436274540000 24.35
1436274660000 24.36
1436274720000 24.39
1436274840000 24.42
1436274900000 24.4
1436275020000 24.35
1436275080000 24.35
1436275140000 24.35
1436275200000 24.34
1436275260000 24.37
1436275320000 24.37
1436275440000 24.37
1436275500000 24.37
1436275560000 24.35
1436275680000 24.36
1436275800000 24.37
1436275860000 24.36
1436275920000 24.35
1436275980000 24.35
1436276040000 24.36
1436276280000 24.35
1436276340000 24.34
1436276400000 24.36
1436276520000 24.34
1436276640000 24.36
1436276700000 24.37
1436276820000 24.34
1436276880000 24.33
1436276940000 24.36
1436277000000 24.36
1436277060000 24.34
1436277180000 24.33
1436277240000 24.32
1436277360000 24.32
1436277540000 24.32
1436277720000 24.31
1436277900000 24.3
1436277960000 24.3
1436278020000 24.32
1436278080000 24.31
1436278260000 24.3
1436278320000 24.3
1436278500000 24.29
1436278560000 24.27
1436278680000 24.27
1436278740000 24.25
1436278800000 24.23
1436278860000 24.22
1436278920000 24.21
1436278980000 24.22
1436279040000 24.23
1436279220000 24.213
1436279460000 24.21
1436279520000 24.2
1436279580000 24.205
1436279640000 24.21
1436279880000 24.19
1436280000000 24.24
1436280060000 24.22
1436280120000 24.25
1436280180000 24.24
1436280240000 24.29
1436280420000 24.31
1436280480000 24.3
1436280540000 24.31
1436280600000 24.33
1436280660000 24.305
1436280720000 24.32
1436280780000 24.32
1436280840000 24.33
1436280900000 24.33
1436280960000 24.34
1436281020000 24.34
1436281080000 24.37
1436281140000 24.4
1436281200000 24.39
1436281260000 24.42
1436281320000 24.39
1436281440000 24.4
1436281500000 24.414
