1436261400000 10.11
1436261460000 10.0885
1436261520000 10.06
1436261580000 9.93
1436261640000 9.92
1436261700000 9.89
1436261820000 9.87
1436261880000 9.98
1436261940000 9.9208
1436262000000 9.96
1436262120000 9.9725
1436262180000 9.94
1436262240000 9.9928
1436262300000 9.99
1436262360000 10.0822
1436262420000 10.1094
1436262480000 10.0896
1436262600000 10.13
1436262780000 10.1101
1436262840000 10.12
1436262900000 10.11
1436262960000 10.07
1436263020000 10.06
1436263080000 9.9
1436263140000 9.84
1436263200000 9.75
1436263260000 9.81
1436263560000 9.9399
1436263680000 9.87
1436263740000 9.87
1436263800000 9.838
1436263920000 9.81
1436263980000 9.81
1436264040000 9.7606
1436264100000 9.77
1436264160000 9.77
1436264280000 9.77
1436264340000 9.798
1436264400000 9.8064
1436264460000 9.77
1436264580000 9.79
1436264640000 9.77
1436264760000 9.79
1436264820000 9.7682
1436264880000 9.75
1436264940000 9.75
1436265000000 9.75
1436265060000 9.64
1436265120000 9.6299
1436265180000 9.62
1436265240000 9.63
1436265300000 9.581
1436265360000 9.56
1436265420000 9.56
1436265480000 9.55
1436265540000 9.54
1436265600000 9.49
1436265660000 9.47
1436265720000 9.47
1436265780000 9.4
1436265840000 9.43
1436265900000 9.47
1436265960000 9.48
1436266020000 9.49
1436266080000 9.51
1436266140000 9.47
1436266200000 9.52
1436266380000 9.56
1436266440000 9.57
1436266560000 9.57
1436266620000 9.56
1436266680000 9.5797
1436266740000 9.5603
1436266800000 9.56
1436266980000 9.58
1436267040000 9.55
1436267220000 9.52
1436267280000 9.56
1436267340000 9.573
1436267460000 9.58
1436267520000 9.658
1436267580000 9.61
1436267640000 9.6101
1436267700000 9.5953
1436267760000 9.59
1436267820000 9.58
1436267880000 9.59
1436267940000 9.6
1436268000000 9.593
1436268060000 9.55
1436268120000 9.51
1436268180000 9.51
1436268240000 9.52
1436268300000 9.5
1436268360000 9.5119
1436268420000 9.5
1436268480000 9.5
1436268540000 9.5
1436268600000 9.46
1436268660000 9.4799
1436268720000 9.46
1436268780000 9.46
1436268840000 9.46
1436268900000 9.42
1436268960000 9.37
1436269020000 9.41
1436269080000 9.4504
1436269140000 9.48
1436269200000 9.49
1436269320000 9.4931
1436269380000 9.5
1436269440000 9.5699
1436269620000 9.56
1436269680000 9.57
1436269800000 9.58
1436269860000 9.56
1436270040000 9.49
1436270100000 9.47
1436270160000 9.49
1436270220000 9.5951
1436270280000 9.52
1436270340000 9.56
1436270400000 9.53
1436270460000 9.46
1436270520000 9.45
1436270580000 9.4799
1436270640000 9.43
1436270700000 9.43
1436270760000 9.4
1436270820000 9.4
1436270880000 9.36
1436270940000 9.38
1436271000000 9.41
1436271060000 9.4
1436271120000 9.411
1436271180000 9.39
1436271240000 9.39
1436271300000 9.41
1436271360000 9.41
1436271420000 9.41
1436271600000 9.4292
1436271720000 9.42
1436271780000 9.41
1436271840000 9.4
1436271900000 9.39
1436271960000 9.4
1436272020000 9.4
1436272080000 9.4
1436272140000 9.4047
1436272320000 9.39
1436272380000 9.39
1436272440000 9.4
1436272500000 9.39
1436272560000 9.41
1436272680000 9.45
1436272800000 9.465
1436272860000 9.46
1436272920000 9.46
1436273160000 9.53
1436273220000 9.54
1436273340000 9.549
1436273460000 9.533
1436273520000 9.49
1436273580000 9.5152
1436273640000 9.51
1436273760000 9.53
1436273820000 9.53
1436274000000 9.55
1436274240000 9.53
1436274360000 9.54
1436274420000 9.51
1436274480000 9.5
1436274540000 9.5
1436274600000 9.5
1436274660000 9.51
1436274720000 9.51
1436274780000 9.53
1436274840000 9.59
1436274900000 9.61
1436274960000 9.59
1436275020000 9.55
1436275080000 9.55
1436275140000 9.595
1436275200000 9.595
1436275260000 9.51
1436275380000 9.51
1436275440000 9.5
1436275500000 9.48
1436275560000 9.46
1436275740000 9.47
1436275800000 9.48
1436275860000 9.475
1436275920000 9.46
1436275980000 9.45
1436276040000 9.45
1436276100000 9.44
1436276160000 9.4
1436276220000 9.38
1436276280000 9.38
1436276340000 9.41
1436276400000 9.45
1436276460000 9.4
1436276520000 9.38
1436276820000 9.44
1436276880000 9.45
1436277060000 9.41
1436277120000 9.41
1436277180000 9.4
1436277300000 9.4
1436277360000 9.43
1436277540000 9.42
1436277660000 9.47
1436277720000 9.43
1436277840000 9.39
1436277900000 9.39
1436277960000 9.41
1436278020000 9.4
1436278080000 9.41
1436278140000 9.41
1436278200000 9.42
1436278260000 9.39
1436278380000 9.39
1436278440000 9.39
1436278500000 9.37
1436278560000 9.35
1436278620000 9.36
1436278680000 9.36
1436278740000 9.35
1436278800000 9.35
1436278860000 9.35
1436278920000 9.3362
1436278980000 9.32
1436279040000 9.349
1436279100000 9.32
1436279160000 9.32
1436279220000 9.32
1436279280000 9.32
1436279400000 9.32
1436279460000 9.32
1436279520000 9.34
1436279580000 9.355
1436279640000 9.41
1436280120000 9.44
1436280180000 9.44
1436280240000 9.41
1436280300000 9.4
1436280360000 9.41
1436280420000 9.43
1436280480000 9.458
1436280600000 9.46
1436280660000 9.45
1436280720000 9.4601
1436280780000 9.48
1436280840000 9.49
1436280900000 9.48
1436280960000 9.4701
1436281020000 9.49
1436281080000 9.5
1436281140000 9.51
1436281200000 9.5601
1436281260000 9.5601
1436281320000 9.52
1436281380000 9.51
1436281440000 9.53
1436281500000 9.52
1436281560000 9.538
1436281620000 9.54
