1436261400000 77.12
1436261460000 76.98
1436261520000 77.05
1436261580000 77.02
1436261640000 76.98
1436261700000 76.86
1436261760000 76.75
1436261820000 76.69
1436261880000 76.61
1436261940000 76.62
1436262000000 76.63
1436262060000 76.63
1436262120000 76.595
1436262180000 76.6
1436262240000 76.58
1436262300000 76.57
1436262360000 76.55
1436262420000 76.56
1436262480000 76.54
1436262540000 76.61
1436262600000 76.57
1436262660000 76.51
1436262720000 76.54
1436262780000 76.6
1436262840000 76.6
1436262900000 76.57
1436262960000 76.47
1436263020000 76.46
1436263080000 76.4
1436263140000 76.33
1436263200000 76.37
1436263260000 76.38
1436263320000 76.39
1436263380000 76.4
1436263440000 76.42
1436263500000 76.34
1436263560000 76.33
1436263620000 76.36
1436263680000 76.23
1436263740000 76.2
1436263800000 76.24
1436263860000 76.299
1436263920000 76.33
1436263980000 76.31
1436264040000 76.32
1436264100000 76.24
1436264160000 76.2
1436264220000 76.27
1436264280000 76.29
1436264340000 76.29
1436264400000 76.25
1436264460000 76.17
1436264520000 76.15
1436264580000 76.14
1436264640000 76.12
1436264700000 76.1
1436264760000 76.09
1436264820000 76.1
1436264880000 76.02
1436264940000 76.06
1436265000000 76.06
1436265060000 76.0376
1436265120000 76.03
1436265180000 76.04
1436265240000 76.01
1436265300000 76.03
1436265360000 76.07
1436265420000 76.11
1436265480000 76.07
1436265540000 76.03
1436265600000 76.02
1436265660000 76.05
1436265720000 75.99
1436265780000 75.99
1436265840000 76.0
1436265900000 76.0
1436265960000 76.005
1436266020000 76.02
1436266080000 76.05
1436266140000 76.015
1436266200000 75.96
1436266260000 75.97
1436266320000 76.03
1436266380000 76.12
1436266440000 76.158
1436266500000 76.24
1436266560000 76.15
1436266620000 76.19
1436266680000 76.19
1436266740000 76.17
1436266800000 76.16
1436266860000 76.11
1436266920000 76.14
1436266980000 76.15
1436267040000 76.1
1436267100000 76.1
1436267160000 76.07
1436267220000 76.0301
1436267280000 76.06
1436267340000 76.04
1436267400000 76.03
1436267460000 76.07
1436267520000 76.08
1436267580000 76.14
1436267640000 76.12
1436267700000 76.105
1436267760000 76.19
1436267820000 76.19
1436267880000 76.18
1436267940000 76.15
1436268000000 76.13
1436268060000 76.06
1436268120000 76.02
1436268180000 76.07
1436268240000 76.12
1436268300000 76.06
1436268360000 76.06
1436268420000 76.07
1436268480000 76.07
1436268540000 76.05
1436268600000 75.99
1436268660000 75.96
1436268720000 75.96
1436268780000 75.975
1436268840000 75.98
1436268900000 75.93
1436268960000 75.88
1436269020000 75.96
1436269080000 75.99
1436269140000 76.02
1436269200000 76.0
1436269260000 76.06
1436269320000 76.05
1436269380000 76.11
1436269440000 76.14
1436269500000 76.16
1436269560000 76.12
1436269620000 76.12
1436269680000 76.13
1436269740000 76.14
1436269800000 76.14
1436269860000 76.15
1436269920000 76.13
1436269980000 76.13
1436270040000 76.13
1436270100000 76.15
1436270160000 76.25
1436270220000 76.44
1436270280000 76.38
1436270340000 76.4
1436270400000 76.35
1436270460000 76.305
1436270520000 76.31
1436270580000 76.33
1436270640000 76.34
1436270700000 76.36
1436270760000 76.34
1436270820000 76.32
1436270880000 76.25
1436270940000 76.26
1436271000000 76.3
1436271060000 76.29
1436271120000 76.26
1436271180000 76.23
1436271240000 76.23
1436271300000 76.265
1436271360000 76.29
1436271420000 76.25
1436271480000 76.2
1436271540000 76.2201
1436271600000 76.23
1436271660000 76.275
1436271720000 76.28
1436271780000 76.26
1436271840000 76.26
1436271900000 76.25
1436271960000 76.28
1436272020000 76.32
1436272080000 76.32
1436272140000 76.35
1436272200000 76.349
1436272260000 76.37
1436272320000 76.44
1436272380000 76.45
1436272440000 76.46
1436272500000 76.44
1436272560000 76.4
1436272620000 76.39
1436272680000 76.4
1436272740000 76.41
1436272800000 76.42
1436272860000 76.41
1436272920000 76.4
1436272980000 76.39
1436273040000 76.38
1436273100000 76.44
1436273160000 76.51
1436273220000 76.51
1436273280000 76.51
1436273400000 76.53
1436273460000 76.53
1436273520000 76.54
1436273640000 76.52
1436273700000 76.57
1436273760000 76.58
1436273820000 76.6
1436273880000 76.64
1436273940000 76.65
1436274000000 76.68
1436274060000 76.67
1436274120000 76.67
1436274180000 76.61
1436274240000 76.65
1436274300000 76.6
1436274360000 76.5548
1436274420000 76.53
1436274480000 76.53
1436274540000 76.62
1436274600000 76.62
1436274660000 76.64
1436274720000 76.6701
1436274780000 76.76
1436274840000 76.8
1436274900000 76.82
1436274960000 76.74
1436275020000 76.66
1436275080000 76.69
1436275140000 76.66
1436275200000 76.69
1436275260000 76.62
1436275320000 76.59
1436275380000 76.58
1436275440000 76.64
1436275500000 76.62
1436275560000 76.65
1436275620000 76.66
1436275680000 76.66
1436275740000 76.67
1436275800000 76.72
1436275860000 76.72
1436275920000 76.66
1436275980000 76.67
1436276040000 76.64
1436276100000 76.67
1436276160000 76.67
1436276220000 76.67
1436276280000 76.65
1436276340000 76.69
1436276400000 76.685
1436276460000 76.585
1436276520000 76.62
1436276580000 76.64
1436276640000 76.65
1436276700000 76.7136
1436276760000 76.72
1436276820000 76.71
1436276880000 76.66
1436276940000 76.69
1436277000000 76.71
1436277060000 76.62
1436277120000 76.65
1436277180000 76.61
1436277240000 76.59
1436277300000 76.57
1436277360000 76.58
1436277420000 76.585
1436277480000 76.56
1436277540000 76.55
1436277600000 76.6
1436277660000 76.5846
1436277720000 76.59
1436277780000 76.55
1436277840000 76.575
1436277900000 76.6
1436277960000 76.56
1436278020000 76.58
1436278080000 76.52
1436278140000 76.54
1436278200000 76.555
1436278260000 76.56
1436278320000 76.55
1436278380000 76.55
1436278440000 76.57
1436278500000 76.55
1436278560000 76.5438
1436278620000 76.59
1436278680000 76.57
1436278740000 76.52
1436278800000 76.46
1436278860000 76.46
1436278920000 76.4
1436278980000 76.41
1436279040000 76.42
1436279100000 76.44
1436279160000 76.47
1436279220000 76.46
1436279280000 76.4899
1436279340000 76.47
1436279400000 76.47
1436279460000 76.47
1436279520000 76.465
1436279580000 76.49
1436279640000 76.51
1436279700000 76.51
1436279760000 76.53
1436279820000 76.52
1436279880000 76.51
1436279940000 76.59
1436280000000 76.59
1436280060000 76.63
1436280120000 76.7
1436280180000 76.71
1436280240000 76.82
1436280300000 76.81
1436280360000 76.81
1436280420000 76.83
1436280480000 76.85
1436280540000 76.84
1436280600000 76.83
1436280660000 76.82
1436280720000 76.83
1436280780000 76.82
1436280840000 76.86
1436280900000 76.86
1436280960000 76.88
1436281020000 76.9
1436281080000 76.93
1436281140000 77.06
1436281200000 77.07
1436281260000 77.08
1436281320000 77.08
1436281380000 77.07
1436281440000 77.04
1436281500000 77.04
1436281560000 76.994
1436281620000 76.95
