1436261400000 6.01
1436261460000 5.98
1436261580000 6.02
1436261640000 5.93
1436261700000 5.96
1436261820000 5.94
1436261880000 5.93
1436261940000 5.91
1436262000000 5.94
1436262060000 5.94
1436262120000 5.97
1436262180000 6.0
1436262240000 6.005
1436262300000 6.01
1436262360000 6.0
1436262420000 6.04
1436262600000 6.02
1436262660000 6.0208
1436262840000 6.04
1436263020000 6.04
1436263080000 6.03
1436263140000 5.99
1436263380000 5.99
1436263440000 5.99
1436263560000 5.98
1436263620000 5.98
1436263680000 5.94
1436263800000 5.945
1436263860000 5.96
1436263980000 5.96
1436264040000 5.95
1436264100000 5.95
1436264160000 5.96
1436264220000 5.95
1436264280000 5.94
1436264340000 5.94
1436264400000 5.93
1436264460000 5.935
1436264580000 5.93
1436264640000 5.93
1436264760000 5.98
1436264820000 5.99
1436264880000 5.985
1436264940000 5.99
1436265000000 5.98
1436265060000 5.94
1436265120000 5.93
1436265180000 5.94
1436265240000 5.93
1436265300000 5.91
1436265360000 5.915
1436265420000 5.9
1436265480000 5.89
1436265540000 5.91
1436265600000 5.89
1436265660000 5.9
1436265720000 5.91
1436265780000 5.8975
1436265840000 5.9
1436265900000 5.9
1436265960000 5.91
1436266080000 5.93
1436266200000 5.96
1436266320000 5.95
1436266380000 5.96
1436266500000 5.98
1436266560000 5.98
1436266620000 6.0
1436266740000 6.0
1436266800000 6.0
1436266860000 6.0
1436266920000 6.0
1436266980000 6.0
1436267160000 5.97
1436267280000 5.97
1436267460000 5.975
1436267520000 5.96
1436267820000 5.95
1436267880000 5.955
1436267940000 5.96
1436268120000 5.95
1436268240000 5.93
1436268360000 5.93
1436268420000 5.925
1436268480000 5.95
1436268600000 5.94
1436268720000 5.9
1436268780000 5.9
1436268840000 5.89
1436268900000 5.89
1436268960000 5.9
1436269020000 5.9
1436269080000 5.89
1436269140000 5.8902
1436269260000 5.92
1436269320000 5.94
1436269380000 5.96
1436269440000 5.94
1436269500000 5.93
1436269560000 5.93
1436269740000 5.94
1436269800000 5.94
1436269860000 5.94
1436269920000 5.94
1436270160000 5.94
1436270280000 5.95
1436270340000 5.94
1436270400000 5.94
1436270460000 5.94
1436270520000 5.94
1436271000000 5.935
1436271060000 5.935
1436271120000 5.93
1436271180000 5.935
1436271360000 5.935
1436271420000 5.96
1436271480000 6.01
1436271540000 6.03
1436271600000 6.02
1436272020000 6.02
1436272080000 6.01
1436272140000 5.99
1436272200000 5.98
1436272260000 6.0
1436272380000 5.99
1436272500000 5.98
1436272680000 5.98
1436272800000 5.99
1436272860000 6.0
1436272920000 5.97
1436272980000 5.9695
1436273160000 6.0
1436273220000 6.0
1436273280000 6.035
1436273340000 6.03
1436273400000 6.03
1436273820000 6.04
1436273880000 6.045
1436273940000 6.07
1436274000000 6.05
1436274180000 6.06
1436274240000 6.04
1436274360000 6.02
1436274480000 6.0
1436274540000 6.0
1436274720000 6.04
1436274960000 6.06
1436275020000 6.03
1436275140000 6.01
1436275200000 6.02
1436275560000 6.03
1436275620000 6.01
1436275740000 6.01
1436275800000 6.04
1436275920000 6.03
1436275980000 6.02
1436276220000 6.02
1436276400000 6.04
1436276580000 6.03
1436277000000 6.045
1436277060000 6.05
1436277120000 6.05
1436277240000 6.05
1436277300000 6.05
1436277360000 6.04
1436277420000 6.07
1436277480000 6.07
1436277720000 6.09
1436277780000 6.07
1436277840000 6.08
1436278020000 6.08
1436278080000 6.07
1436278200000 6.065
1436278260000 6.06
1436278320000 6.07
1436278380000 6.07
1436278440000 6.09
1436278500000 6.09
1436278560000 6.05
1436278620000 6.075
1436278740000 6.06
1436278980000 6.03
1436279100000 6.06
1436279160000 6.05
1436279220000 6.05
1436279280000 6.055
1436279460000 6.06
1436279520000 6.07
1436279580000 6.07
1436279640000 6.08
1436279760000 6.08
1436280000000 6.08
1436280060000 6.08
1436280180000 6.09
1436280240000 6.12
1436280300000 6.11
1436280420000 6.11
1436280480000 6.11
1436280780000 6.12
1436280900000 6.11
1436281020000 6.1128
1436281140000 6.13
1436281200000 6.14
1436281320000 6.15
1436281440000 6.13
1436281500000 6.1
1436281560000 6.08
1436281620000 6.101
1436281680000 6.09
