1436261400000 12.72
1436261640000 12.78
1436261700000 12.74
1436261760000 12.74
1436261880000 12.71
1436262300000 12.68
1436262900000 12.63
1436263620000 12.62
1436263980000 12.57
1436264040000 12.55
1436265000000 12.5
1436265240000 12.5
1436265300000 12.5
1436265360000 12.5
1436265720000 12.5
1436266080000 12.47
1436266440000 12.49
1436266800000 12.46
1436266860000 12.46
1436267640000 12.4
1436268480000 12.48
1436268540000 12.48
1436268720000 12.5
1436269140000 12.49
1436269500000 12.53
1436270160000 12.54
1436270220000 12.555
1436270880000 12.59
1436271060000 12.59
1436271840000 12.53
1436272320000 12.52
1436273280000 12.55
1436273640000 12.57
1436273880000 12.63
1436274000000 12.61
1436274120000 12.66
1436274180000 12.65
1436274300000 12.65
1436275200000 12.66
1436275560000 12.65
1436276100000 12.62
1436276280000 12.62
1436276520000 12.66
1436276580000 12.69
1436276700000 12.675
1436276880000 12.74
1436276940000 12.7
1436277180000 12.74
1436278440000 12.77
1436278740000 12.71
1436278920000 12.73
1436279040000 12.735
1436279700000 12.74
1436279760000 12.73
1436279820000 12.73
1436280060000 12.75
1436280120000 12.775
1436280420000 12.81
1436280960000 12.84
1436281020000 12.88
1436281080000 12.93
1436281140000 12.94
1436281200000 12.99
1436281320000 12.99
1436281380000 12.97
1436281500000 12.9
1436281560000 12.87
