1436261400000 91.47
1436261460000 91.61
1436261700000 91.23
1436261940000 91.04
1436262000000 91.1
1436262060000 91.15
1436262120000 91.07
1436262300000 90.98
1436262360000 90.98
1436262480000 90.98
1436262540000 91.01
1436262600000 90.985
1436262660000 90.96
1436262720000 91.0
1436262780000 91.04
1436262840000 90.88
1436262900000 90.85
1436262960000 90.825
1436263020000 90.83
1436263080000 90.8
1436263140000 90.8376
1436263200000 90.73
1436263260000 90.71
1436263320000 90.675
1436263380000 90.8075
1436263440000 90.79
1436263500000 90.72
1436263560000 90.68
1436263620000 90.59
1436263680000 90.5
1436263740000 90.6
1436263800000 90.72
1436263980000 90.79
1436264040000 90.74
1436264100000 90.72
1436264160000 90.75
1436264220000 90.63
1436264340000 90.8
1436264400000 90.79
1436264460000 90.77
1436264580000 90.86
1436264640000 90.81
1436264700000 90.78
1436264760000 90.69
1436264820000 90.64
1436264880000 90.43
1436264940000 90.62
1436265000000 90.42
1436265120000 90.3
1436265180000 90.18
1436265240000 90.14
1436265300000 90.07
1436265360000 90.02
1436265420000 89.97
1436265480000 89.99
1436265540000 90.0
1436265600000 89.9346
1436265660000 89.81
1436265720000 89.8
1436265780000 89.85
1436265840000 89.765
1436265900000 89.75
1436265960000 89.77
1436266020000 89.78
1436266080000 89.74
1436266140000 89.68
1436266200000 89.67
1436266260000 89.59
1436266320000 89.64
1436266380000 89.69
1436266440000 89.7
1436266500000 89.68
1436266560000 89.55
1436266620000 89.54
1436266680000 89.51
1436266740000 89.48
1436266800000 89.59
1436266860000 89.5
1436266920000 89.52
1436266980000 89.61
1436267040000 89.56
1436267100000 89.5
1436267160000 89.4099
1436267220000 89.4
1436267280000 89.36
1436267340000 89.4
1436267400000 89.4
1436267460000 89.46
1436267520000 89.43
1436267580000 89.5
1436267640000 89.41
1436267700000 89.437
1436267760000 89.43
1436267820000 89.5
1436267880000 89.4275
1436267940000 89.42
1436268000000 89.41
1436268060000 89.31
1436268120000 89.3
1436268180000 89.46
1436268240000 89.51
1436268300000 89.56
1436268360000 89.56
1436268420000 89.56
1436268480000 89.64
1436268540000 89.51
1436268600000 89.5
1436268660000 89.51
1436268720000 89.52
1436268780000 89.47
1436268840000 89.49
1436268900000 89.39
1436268960000 89.44
1436269020000 89.5
1436269080000 89.52
1436269140000 89.62
1436269200000 89.64
1436269260000 89.65
1436269320000 89.67
1436269380000 89.72
1436269440000 89.75
1436269500000 89.75
1436269560000 89.75
1436269620000 89.77
1436269680000 89.84
1436269740000 89.75
1436269800000 89.8
1436269860000 89.85
1436269980000 89.8
1436270040000 89.845
1436270100000 89.86
1436270160000 89.88
1436270220000 90.12
1436270280000 90.05
1436270340000 90.11
1436270460000 90.11
1436270520000 90.11
1436270580000 90.18
1436270640000 90.16
1436270700000 90.23
1436270760000 90.23
1436270820000 90.16
1436270940000 90.15
1436271000000 90.12
1436271060000 90.06
1436271120000 90.03
1436271300000 90.04
1436271360000 90.06
1436271480000 90.09
1436271540000 90.12
1436271660000 90.165
1436271720000 90.1899
1436271780000 90.16
1436271840000 90.17
1436271900000 90.17
1436271960000 90.14
1436272020000 90.165
1436272080000 90.2
1436272140000 90.17
1436272200000 90.16
1436272260000 90.13
1436272320000 90.15
1436272380000 90.135
1436272500000 90.2
1436272560000 90.18
1436272620000 90.2
1436272680000 90.22
1436272740000 90.25
1436272800000 90.27
1436272860000 90.26
1436272920000 90.28
1436272980000 90.29
1436273100000 90.29
1436273160000 90.42
1436273220000 90.47
1436273280000 90.48
1436273340000 90.52
1436273400000 90.54
1436273460000 90.54
1436273520000 90.49
1436273580000 90.47
1436273640000 90.34
1436273700000 90.38
1436273760000 90.25
1436273820000 90.31
1436273880000 90.25
1436273940000 90.43
1436274000000 90.5
1436274060000 90.58
1436274120000 90.51
1436274180000 90.49
1436274240000 90.47
1436274300000 90.44
1436274360000 90.43
1436274420000 90.33
1436274480000 90.33
1436274540000 90.38
1436274600000 90.38
1436274660000 90.39
1436274720000 90.47
1436274780000 90.6
1436274840000 90.7
1436274900000 90.7
1436274960000 90.58
1436275080000 90.502
1436275140000 90.49
1436275200000 90.53
1436275260000 90.43
1436275380000 90.45
1436275440000 90.52
1436275560000 90.52
1436275620000 90.585
1436275680000 90.58
1436275740000 90.65
1436275800000 90.7399
1436275860000 90.75
1436275920000 90.63
1436275980000 90.65
1436276040000 90.57
1436276100000 90.63
1436276160000 90.68
1436276220000 90.67
1436276280000 90.66
1436276340000 90.66
1436276400000 90.63
1436276520000 90.6
1436276580000 90.58
1436276640000 90.67
1436276700000 90.62
1436276760000 90.65
1436276880000 90.615
1436276940000 90.6
1436277000000 90.65
1436277120000 90.586
1436277180000 90.6
1436277240000 90.61
1436277300000 90.6
1436277360000 90.59
1436277420000 90.59
1436277480000 90.57
1436277540000 90.58
1436277600000 90.585
1436277660000 90.6
1436277720000 90.58
1436277780000 90.535
1436277840000 90.535
1436277900000 90.56
1436277960000 90.5
1436278020000 90.5
1436278080000 90.48
1436278140000 90.52
1436278200000 90.52
1436278260000 90.51
1436278320000 90.53
1436278380000 90.505
1436278440000 90.51
1436278500000 90.49
1436278560000 90.52
1436278620000 90.52
1436278680000 90.5
1436278740000 90.42
1436278800000 90.3301
1436278860000 90.39
1436278920000 90.35
1436278980000 90.33
1436279040000 90.39
1436279100000 90.37
1436279160000 90.45
1436279220000 90.42
1436279280000 90.48
1436279340000 90.455
1436279460000 90.47
1436279520000 90.465
1436279580000 90.52
1436279640000 90.57
1436279700000 90.58
1436279760000 90.62
1436279820000 90.62
1436279880000 90.62
1436279940000 90.67
1436280000000 90.71
1436280060000 90.71
1436280120000 90.825
1436280180000 90.8992
1436280240000 91.02
1436280300000 91.1
1436280360000 91.11
1436280420000 91.15
1436280480000 91.06
1436280540000 90.92
1436280600000 90.93
1436280660000 90.805
1436280720000 90.735
1436280780000 90.73
1436280840000 90.81
1436280900000 90.78
1436280960000 90.72
1436281020000 90.62
1436281080000 90.67
1436281140000 90.87
1436281200000 90.83
1436281260000 90.82
1436281320000 90.77
1436281380000 90.71
1436281440000 90.63
1436281500000 90.57
1436281560000 90.66
1436281620000 90.65
