1436261400000 275.0
1436261460000 273.84
1436261520000 273.6
1436261580000 273.775
1436261640000 273.7
1436261700000 272.69
1436261760000 272.82
1436261820000 272.766
1436261880000 272.74
1436261940000 273.72
1436262000000 273.591
1436262060000 273.13
1436262120000 273.384
1436262180000 273.47
1436262240000 273.9
1436262300000 274.22
1436262360000 274.084
1436262420000 274.23
1436262480000 274.25
1436262540000 274.85
1436262600000 274.853
1436262660000 274.52
1436262720000 273.85
1436262780000 274.01
1436262840000 274.03
1436262900000 274.07
1436262960000 274.35
1436263020000 274.52
1436263080000 274.29
1436263140000 274.61
1436263200000 274.62
1436263260000 274.51
1436263320000 274.78
1436263380000 274.857
1436263440000 274.38
1436263500000 274.39
1436263560000 274.209
1436263620000 274.17
1436263680000 273.281
1436263740000 272.74
1436263800000 273.12
1436263860000 273.2
1436263920000 272.81
1436263980000 272.74
1436264040000 272.94
1436264100000 272.277
1436264160000 271.68
1436264220000 272.01
1436264280000 271.65
1436264340000 271.61
1436264400000 271.28
1436264460000 271.42
1436264520000 271.46
1436264580000 271.043
1436264640000 270.84
1436264700000 270.55
1436264760000 269.91
1436264820000 270.34
1436264880000 269.88
1436264940000 269.705
1436265000000 270.58
1436265060000 270.15
1436265120000 269.982
1436265180000 269.8
1436265240000 269.52
1436265300000 269.13
1436265360000 268.76
1436265420000 268.9
1436265480000 268.57
1436265540000 268.456
1436265600000 267.83
1436265660000 265.5
1436265720000 265.27
1436265780000 266.05
1436265840000 265.88
1436265900000 265.98
1436265960000 266.57
1436266020000 266.64
1436266080000 267.138
1436266140000 267.338
1436266200000 266.972
1436266260000 267.09
1436266320000 267.05
1436266380000 267.284
1436266440000 267.5
1436266500000 267.71
1436266560000 267.78
1436266620000 267.571
1436266680000 267.199
1436266740000 267.43
1436266800000 267.5
1436266860000 267.27
1436266920000 267.62
1436266980000 267.29
1436267040000 265.98
1436267100000 265.503
1436267160000 265.35
1436267220000 265.738
1436267280000 265.58
1436267340000 265.35
1436267400000 264.81
1436267460000 264.49
1436267520000 263.53
1436267580000 263.92
1436267640000 263.86
1436267700000 264.15
1436267760000 264.707
1436267820000 265.01
1436267880000 264.885
1436267940000 264.65
1436268000000 264.63
1436268060000 264.28
1436268120000 263.9
1436268180000 263.815
1436268240000 264.14
1436268300000 263.9
1436268360000 262.85
1436268420000 261.571
1436268480000 261.44
1436268540000 261.8
1436268600000 262.08
1436268660000 262.024
1436268720000 262.02
1436268780000 262.01
1436268840000 262.439
1436268900000 262.14
1436268960000 261.92
1436269020000 262.23
1436269080000 262.58
1436269140000 263.32
1436269200000 264.0
1436269260000 264.213
1436269320000 264.52
1436269380000 264.53
1436269440000 264.43
1436269500000 265.49
1436269560000 264.74
1436269620000 264.29
1436269680000 264.5
1436269740000 264.495
1436269800000 263.734
1436269860000 264.05
1436269920000 264.22
1436269980000 264.335
1436270040000 264.211
1436270100000 264.262
1436270160000 264.93
1436270220000 265.08
1436270280000 265.37
1436270340000 266.28
1436270400000 265.56
1436270460000 265.555
1436270520000 265.67
1436270580000 265.951
1436270640000 266.5
1436270700000 266.48
1436270760000 266.404
1436270820000 266.21
1436270880000 265.663
1436270940000 265.43
1436271000000 264.88
1436271060000 265.201
1436271120000 264.68
1436271180000 264.3
1436271240000 264.55
1436271300000 264.6
1436271360000 264.594
1436271420000 264.5
1436271480000 264.32
1436271540000 264.65
1436271600000 265.01
1436271660000 265.45
1436271720000 265.28
1436271780000 265.08
1436271840000 264.85
1436271900000 264.65
1436271960000 264.74
1436272020000 265.13
1436272080000 265.278
1436272140000 265.35
1436272200000 265.15
1436272260000 265.23
1436272320000 265.26
1436272380000 265.164
1436272440000 265.29
1436272500000 265.5
1436272560000 265.46
1436272620000 265.58
1436272680000 265.985
1436272740000 266.25
1436272800000 266.45
1436272860000 266.263
1436272920000 266.15
1436272980000 266.45
1436273040000 266.42
1436273100000 266.86
1436273160000 266.75
1436273220000 266.82
1436273280000 267.29
1436273340000 266.91
1436273400000 266.375
1436273460000 266.32
1436273520000 266.365
1436273580000 265.81
1436273640000 265.89
1436273700000 266.18
1436273760000 266.359
1436273820000 266.27
1436273880000 266.44
1436273940000 267.059
1436274000000 266.69
1436274060000 266.63
1436274120000 266.63
1436274180000 266.12
1436274240000 266.0
1436274300000 266.17
1436274360000 266.41
1436274420000 266.18
1436274480000 265.87
1436274540000 266.5
1436274600000 266.615
1436274660000 266.65
1436274720000 266.81
1436274780000 267.0
1436274840000 267.63
1436274900000 267.57
1436274960000 266.96
1436275020000 267.09
1436275080000 266.611
1436275140000 266.69
1436275200000 266.57
1436275260000 266.99
1436275320000 266.89
1436275380000 266.97
1436275440000 266.89
1436275500000 266.94
1436275560000 266.8
1436275620000 266.78
1436275680000 266.7
1436275740000 266.68
1436275800000 266.93
1436275860000 266.94
1436275920000 266.16
1436275980000 266.15
1436276040000 265.59
1436276100000 266.44
1436276160000 266.46
1436276220000 266.49
1436276280000 266.17
1436276340000 266.0
1436276400000 265.76
1436276460000 265.83
1436276520000 265.479
1436276580000 265.09
1436276640000 265.4
1436276700000 265.425
1436276760000 265.31
1436276820000 265.15
1436276880000 264.854
1436276940000 265.19
1436277000000 265.04
1436277060000 265.23
1436277120000 265.3
1436277180000 265.42
1436277240000 265.4
1436277300000 265.45
1436277360000 265.37
1436277420000 265.376
1436277480000 265.27
1436277540000 264.84
1436277600000 264.9
1436277660000 265.3
1436277720000 265.05
1436277780000 265.19
1436277840000 265.245
1436277900000 265.49
1436277960000 265.34
1436278020000 265.143
1436278080000 265.27
1436278140000 265.33
1436278200000 265.6
1436278260000 265.94
1436278320000 265.84
1436278380000 265.815
1436278440000 265.43
1436278500000 265.611
1436278560000 265.56
1436278620000 265.67
1436278680000 265.702
1436278740000 265.38
1436278800000 264.874
1436278860000 264.79
1436278920000 264.78
1436278980000 264.8
1436279040000 264.82
1436279100000 265.36
1436279160000 265.75
1436279220000 265.76
1436279280000 265.748
1436279340000 265.35
1436279400000 265.35
1436279460000 265.218
1436279520000 265.0
1436279580000 264.71
1436279640000 264.76
1436279700000 265.23
1436279760000 265.46
1436279820000 265.74
1436279880000 265.82
1436279940000 266.06
1436280000000 266.34
1436280060000 266.37
1436280120000 267.675
1436280180000 267.225
1436280240000 267.444
1436280300000 267.08
1436280360000 267.26
1436280420000 267.36
1436280480000 267.59
1436280540000 267.49
1436280600000 268.12
1436280660000 267.99
1436280720000 267.99
1436280780000 267.85
1436280840000 268.09
1436280900000 267.97
1436280960000 268.16
1436281020000 268.03
1436281080000 268.12
1436281140000 268.73
1436281200000 269.06
1436281260000 268.86
1436281320000 268.495
1436281380000 268.33
1436281440000 267.78
1436281500000 268.07
1436281560000 267.73
1436281620000 267.39
