1436261400000 56.93
1436261580000 57.41
1436261700000 57.43
1436261760000 57.49
1436261880000 57.49
1436261940000 57.49
1436262060000 57.43
1436262120000 57.4
1436262240000 57.38
1436262300000 57.365
1436262360000 57.18
1436262420000 57.5
1436262480000 57.57
1436262540000 57.82
1436262600000 57.845
1436262660000 57.62
1436262720000 57.715
1436262900000 57.785
1436263020000 57.71
1436263080000 57.665
1436263140000 57.53
1436263200000 57.55
1436263260000 57.56
1436263320000 57.5
1436263380000 57.28
1436263440000 57.16
1436263500000 57.09
1436263560000 57.33
1436263680000 57.28
1436263740000 57.19
1436263800000 57.23
1436263860000 57.53
1436263920000 57.53
1436264040000 57.54
1436264100000 57.36
1436264160000 57.18
1436264280000 57.21
1436264340000 57.33
1436264400000 57.36
1436264460000 57.36
1436264580000 57.36
1436264640000 57.36
1436264760000 57.395
1436264820000 57.375
1436264880000 57.3
1436264940000 57.3492
1436265000000 57.46
1436265060000 57.37
1436265120000 57.42
1436265180000 57.43
1436265300000 57.23
1436265360000 57.11
1436265420000 57.11
1436265480000 56.94
1436265600000 56.585
1436265720000 56.18
1436265780000 56.49
1436265840000 56.485
1436265900000 56.485
1436265960000 56.6
1436266020000 57.1
1436266080000 57.0
1436266140000 57.1
1436266200000 57.12
1436266260000 56.99
1436266320000 56.955
1436266380000 57.18
1436266440000 57.24
1436266500000 57.37
1436266680000 57.42
1436266740000 57.41
1436266860000 57.1
1436266980000 57.06
1436267100000 57.25
1436267220000 57.25
1436267280000 57.27
1436267520000 57.27
1436267580000 57.27
1436267640000 57.33
1436267760000 57.31
1436267940000 57.36
1436268060000 57.23
1436268180000 57.34
1436268360000 57.3
1436268480000 57.3
1436268540000 57.11
1436268600000 57.22
1436268660000 57.22
1436268780000 57.09
1436268840000 57.07
1436268900000 56.66
1436268960000 56.86
1436269020000 57.0
1436269140000 57.1
1436269260000 57.23
1436269320000 57.1
1436269560000 57.24
1436269620000 57.2
1436269920000 57.24
1436269980000 57.13
1436270100000 57.24
1436270160000 57.26
1436270220000 57.76
1436270280000 57.58
1436270400000 57.58
1436271060000 57.24
1436271180000 57.105
1436271240000 57.17
1436271480000 57.22
1436271540000 57.23
1436271660000 57.22
1436271720000 57.3
1436271840000 57.32
1436271900000 57.41
1436272020000 57.43
1436272080000 57.55
1436272200000 57.55
1436272260000 57.45
1436272380000 57.45
1436272440000 57.56
1436272680000 57.36
1436272920000 57.52
1436273040000 57.62
1436273160000 57.73
1436273220000 57.75
1436273340000 57.82
1436273400000 57.83
1436273520000 57.78
1436273580000 57.88
1436273640000 57.9
1436273700000 57.9
1436273760000 57.79
1436273820000 57.8
1436273880000 57.81
1436274000000 57.97
1436274120000 57.85
1436274180000 57.66
1436274240000 57.88
1436274300000 57.9
1436274360000 57.77
1436274480000 57.73
1436274660000 57.84
1436274720000 57.9
1436274780000 57.96
1436274840000 57.94
1436274900000 57.9
1436275020000 57.95
1436275260000 57.96
1436275380000 57.92
1436275440000 58.0
1436275500000 58.02
1436275560000 57.82
1436275620000 57.8
1436275740000 57.74
1436275800000 57.84
1436275860000 57.83
1436275980000 57.81
1436276040000 57.91
1436276100000 58.03
1436276160000 57.83
1436276220000 58.11
1436276280000 57.99
1436276340000 57.96
1436276400000 58.01
1436276460000 58.13
1436276520000 58.04
1436276580000 58.02
1436276640000 58.11
1436276700000 57.98
1436276760000 57.99
1436276820000 58.1
1436276940000 58.09
1436277000000 58.08
1436277120000 57.97
1436277180000 58.09
1436277240000 58.08
1436277300000 58.084
1436277360000 57.97
1436277420000 58.11
1436277540000 57.95
1436277600000 57.92
1436277660000 57.92
1436277840000 58.01
1436278080000 57.97
1436278140000 57.91
1436278260000 57.96
1436278320000 57.84
1436278440000 57.9
1436278560000 57.81
1436278620000 57.75
1436278680000 57.67
1436278740000 57.585
1436278860000 57.45
1436278980000 57.29
1436279040000 57.26
1436279220000 57.42
1436279460000 57.48
1436279580000 57.56
1436279640000 57.63
1436279700000 57.545
1436279760000 57.72
1436279820000 57.7
1436279880000 57.67
1436280000000 57.71
1436280060000 57.78
1436280180000 57.97
1436280240000 58.07
1436280300000 58.06
1436280360000 58.07
1436280420000 58.06
1436280480000 58.12
1436280540000 58.07
1436280660000 58.04
1436280720000 58.07
1436280900000 58.06
1436281020000 58.07
1436281080000 58.13
1436281140000 58.195
1436281200000 58.16
1436281260000 58.36
1436281320000 58.2
1436281380000 58.195
1436281440000 58.27
1436281500000 58.34
