1436261400000 9.08
1436261460000 9.06
1436261520000 9.05
1436261640000 9.07
1436261700000 9.07
1436261760000 9.07
1436262000000 9.03
1436262120000 9.05
1436262180000 9.05
1436262300000 9.0
1436262360000 9.0
1436262420000 9.0
1436262480000 9.0
1436262540000 9.0
1436262720000 8.98
1436262780000 9.0
1436262840000 9.0
1436262900000 9.0
1436262960000 9.0
1436263020000 8.96
1436264760000 8.96
1436264820000 8.96
1436264880000 8.96
1436265120000 8.96
1436265240000 8.97
1436265360000 8.97
1436265480000 8.99
1436265540000 8.99
1436265600000 8.97
1436265660000 8.97
1436265720000 8.97
1436265780000 8.97
1436265840000 8.97
1436266080000 8.97
1436266140000 8.97
1436266200000 8.97
1436266260000 8.96
1436266320000 8.97
1436266380000 8.97
1436266440000 8.97
1436266500000 8.97
1436266560000 8.97
1436266620000 8.97
1436266680000 8.97
1436266740000 8.97
1436266800000 8.97
1436266860000 8.96
1436266920000 8.96
1436266980000 8.96
1436267040000 8.96
1436267100000 8.96
1436267160000 8.93
1436267220000 8.9
1436267280000 8.9
1436267400000 8.9
1436267460000 8.9
1436267580000 8.92
1436267640000 8.92
1436267700000 8.92
1436267760000 8.92
1436267820000 8.92
1436267880000 8.92
1436267940000 8.92
1436268000000 8.92
1436268060000 8.91
1436268120000 8.915
1436268180000 8.9
1436268240000 8.895
1436268300000 8.9
1436268360000 8.9
1436268420000 8.91
1436268480000 8.91
1436268540000 8.91
1436268600000 8.92
1436268660000 8.91
1436268720000 8.92
1436268780000 8.915
1436268840000 8.91
1436268900000 8.91
1436268960000 8.9
1436269020000 8.9
1436269260000 8.92
1436269320000 8.92
1436269380000 8.92
1436269440000 8.92
1436269500000 8.92
1436269560000 8.92
1436269620000 8.92
1436269680000 8.92
1436269740000 8.91
1436269920000 8.91
1436269980000 8.91
1436270040000 8.91
1436270100000 8.91
1436270160000 8.92
1436270220000 8.92
1436270280000 8.92
1436270340000 8.92
1436270400000 8.92
1436270460000 8.92
1436270520000 8.92
1436270580000 8.92
1436270640000 8.92
1436270700000 8.92
1436270760000 8.92
1436270820000 8.92
1436270880000 8.92
1436270940000 8.92
1436271000000 8.92
1436271060000 8.91
1436271120000 8.915
1436271180000 8.915
1436271300000 8.915
1436271480000 8.92
1436271540000 8.915
1436271660000 8.915
1436271840000 8.915
1436271900000 8.92
1436271960000 8.92
1436272020000 8.93
1436272140000 8.95
1436272200000 8.97
1436272260000 8.97
1436272500000 8.96
1436272620000 8.96
1436273100000 8.97
1436273160000 8.97
1436273220000 8.97
1436273280000 8.97
1436273400000 8.97
1436273460000 8.97
1436273520000 8.97
1436273700000 8.97
1436273760000 8.97
1436273820000 8.97
1436273880000 8.97
1436274120000 9.0
1436274180000 9.0
1436274240000 8.99
1436274300000 9.0
1436274360000 9.0
1436274420000 8.99
1436274480000 8.99
1436274540000 9.0
1436274660000 9.0
1436274780000 9.0
1436274840000 9.0
1436274900000 9.0
1436274960000 9.0
1436275080000 8.99
1436275200000 8.99
1436275260000 8.96
1436275440000 8.96
1436276100000 8.971
1436276520000 8.98
1436276640000 8.99
1436276940000 9.0
1436277000000 9.0
1436277060000 9.0
1436277120000 8.99
1436277180000 8.99
1436277240000 8.99
1436277300000 8.99
1436277360000 8.98
1436277480000 8.98
1436277540000 8.98
1436277600000 8.98
1436277720000 8.98
1436277900000 8.98
1436277960000 8.98
1436278020000 8.98
1436278140000 8.98
1436278200000 8.98
1436278380000 8.98
1436278440000 8.99
1436278500000 8.99
1436278560000 8.96
1436278620000 8.96
1436278680000 8.99
1436278740000 8.99
1436278800000 8.98
1436278860000 8.98
1436278920000 8.96
1436278980000 8.96
1436279040000 8.96
1436279100000 8.96
1436279160000 8.96
1436279220000 8.96
1436279280000 8.96
1436279400000 8.98
1436279460000 8.98
1436279520000 8.98
1436279580000 8.98
1436279640000 9.0
1436279700000 9.0
1436279760000 8.95
1436279880000 8.98
1436280060000 9.0
1436280180000 9.04
1436280420000 9.06
1436280480000 9.05
1436280540000 9.05
1436280660000 9.04
1436280720000 9.04
1436280780000 9.04
1436280900000 9.04
1436280960000 9.04
1436281020000 9.05
1436281080000 9.05
1436281140000 9.05
1436281200000 9.055
1436281260000 9.05
1436281380000 9.06
1436281440000 9.06
1436281500000 9.06
1436281560000 9.06
