1436261400000 9.97
1436261580000 9.95
1436261640000 9.9
1436261700000 9.89
1436261760000 9.87
1436262240000 9.82
1436262300000 9.82
1436262360000 9.79
1436262420000 9.8
1436262540000 9.79
1436262600000 9.78
1436262660000 9.79
1436262840000 9.7888
1436262900000 9.78
1436262960000 9.76
1436263020000 9.79
1436263080000 9.76
1436263140000 9.755
1436263200000 9.74
1436263260000 9.78
1436263320000 9.78
1436263380000 9.795
1436263440000 9.7751
1436263500000 9.7899
1436263560000 9.8
1436263620000 9.79
1436263680000 9.78
1436263740000 9.79
1436263800000 9.8
1436263860000 9.7901
1436263920000 9.8
1436263980000 9.795
1436264040000 9.79
1436264100000 9.76
1436264160000 9.75
1436264220000 9.75
1436264280000 9.74
1436264340000 9.74
1436264400000 9.73
1436264460000 9.73
1436264520000 9.76
1436264640000 9.74
1436264700000 9.73
1436264760000 9.71
1436264820000 9.7
1436264880000 9.69
1436264940000 9.69
1436265000000 9.7
1436265060000 9.68
1436265120000 9.68
1436265180000 9.67
1436265240000 9.67
1436265300000 9.67
1436265360000 9.66
1436265420000 9.69
1436265480000 9.6649
1436265540000 9.67
1436265600000 9.67
1436265660000 9.66
1436265720000 9.66
1436265780000 9.65
1436265840000 9.65
1436265900000 9.655
1436265960000 9.66
1436266020000 9.67
1436266080000 9.68
1436266140000 9.6823
1436266200000 9.67
1436266260000 9.67
1436266320000 9.69
1436266380000 9.69
1436266440000 9.6925
1436266500000 9.73
1436266560000 9.785
1436266620000 9.79
1436266680000 9.805
1436266740000 9.8
1436266800000 9.79
1436266920000 9.8
1436267040000 9.79
1436267100000 9.795
1436267160000 9.79
1436267220000 9.815
1436267280000 9.82
1436267340000 9.82
1436267400000 9.83
1436267460000 9.83
1436267520000 9.82
1436267580000 9.84
1436267640000 9.82
1436267760000 9.81
1436267820000 9.815
1436267880000 9.81
1436267940000 9.81
1436268000000 9.815
1436268060000 9.815
1436268120000 9.81
1436268240000 9.79
1436268300000 9.79
1436268420000 9.75
1436268480000 9.76
1436268540000 9.75
1436268660000 9.72
1436268720000 9.71
1436268780000 9.6962
1436268840000 9.695
1436268900000 9.67
1436268960000 9.67
1436269020000 9.7
1436269080000 9.7
1436269140000 9.7
1436269200000 9.72
1436269260000 9.725
1436269320000 9.73
1436269380000 9.75
1436269440000 9.76
1436269500000 9.77
1436269560000 9.76
1436269620000 9.75
1436269680000 9.74
1436269740000 9.73
1436269800000 9.74
1436269860000 9.76
1436269920000 9.74
1436269980000 9.75
1436270040000 9.76
1436270160000 9.76
1436270220000 9.8
1436270280000 9.79
1436270340000 9.78
1436270400000 9.76
1436270580000 9.73
1436270640000 9.73
1436270700000 9.73
1436270760000 9.73
1436270820000 9.72
1436271000000 9.72
1436271060000 9.71
1436271240000 9.69
1436271300000 9.7
1436271360000 9.69
1436271420000 9.68
1436271480000 9.69
1436271540000 9.7
1436271600000 9.71
1436271720000 9.7
1436271780000 9.7
1436271840000 9.69
1436271900000 9.69
1436271960000 9.69
1436272080000 9.71
1436272140000 9.71
1436272200000 9.7
1436272260000 9.69
1436272320000 9.7
1436272380000 9.69
1436272440000 9.69
1436272500000 9.69
1436272560000 9.7
1436272680000 9.71
1436272740000 9.71
1436272800000 9.7125
1436272860000 9.7
1436272920000 9.705
1436272980000 9.705
1436273040000 9.705
1436273100000 9.72
1436273160000 9.725
1436273220000 9.73
1436273280000 9.74
1436273340000 9.745
1436273400000 9.75
1436273460000 9.74
1436273580000 9.75
1436273640000 9.75
1436273700000 9.78
1436273760000 9.77
1436273820000 9.765
1436273880000 9.77
1436274120000 9.77
1436274180000 9.76
1436274240000 9.76
1436274360000 9.76
1436274420000 9.7334
1436274480000 9.74
1436274540000 9.75
1436274600000 9.75
1436274660000 9.77
1436274780000 9.78
1436274840000 9.78
1436274900000 9.79
1436274960000 9.78
1436275020000 9.78
1436275080000 9.76
1436275140000 9.76
1436275200000 9.77
1436275260000 9.75
1436275380000 9.76
1436275440000 9.76
1436275560000 9.77
1436275680000 9.76
1436275800000 9.75
1436275860000 9.75
1436275920000 9.75
1436275980000 9.74
1436276040000 9.75
1436276100000 9.755
1436276220000 9.75
1436276280000 9.75
1436276340000 9.75
1436276400000 9.75
1436276460000 9.75
1436276580000 9.74
1436276640000 9.75
1436276820000 9.75
1436276880000 9.75
1436276940000 9.75
1436277000000 9.75
1436277060000 9.75
1436277120000 9.75
1436277180000 9.74
1436277240000 9.74
1436277300000 9.735
1436277360000 9.7375
1436277420000 9.73
1436277480000 9.73
1436277540000 9.74
1436277600000 9.73
1436277660000 9.73
1436277720000 9.74
1436277780000 9.73
1436277840000 9.73
1436277960000 9.74
1436278020000 9.73
1436278080000 9.72
1436278140000 9.72
1436278200000 9.72
1436278260000 9.73
1436278380000 9.72
1436278440000 9.72
1436278500000 9.72
1436278560000 9.72
1436278620000 9.72
1436278680000 9.72
1436278740000 9.71
1436278860000 9.7
1436278920000 9.7
1436278980000 9.69
1436279040000 9.7
1436279100000 9.7
1436279160000 9.7
1436279220000 9.71
1436279400000 9.7
1436279460000 9.7
1436279520000 9.7
1436279580000 9.71
1436279820000 9.71
1436279880000 9.7
1436279940000 9.71
1436280000000 9.71
1436280060000 9.73
1436280120000 9.73
1436280180000 9.73
1436280240000 9.74
1436280300000 9.74
1436280360000 9.74
1436280420000 9.75
1436280480000 9.76
1436280540000 9.74
1436280600000 9.74
1436280660000 9.75
1436280720000 9.75
1436280780000 9.75
1436280840000 9.75
1436280900000 9.75
1436280960000 9.74
1436281020000 9.74
1436281080000 9.75
1436281140000 9.76
1436281200000 9.77
1436281260000 9.77
1436281320000 9.77
1436281380000 9.77
1436281440000 9.76
1436281500000 9.76
1436281560000 9.76
