1436261400000 13.89
1436261700000 13.93
1436261760000 13.83
1436261880000 13.76
1436261940000 13.795
1436262000000 13.78
1436262060000 13.73
1436262180000 13.77
1436262420000 13.8
1436262480000 13.815
1436262600000 13.87
1436262720000 13.9
1436262840000 13.873
1436263020000 13.81
1436263080000 13.79
1436263140000 13.77
1436263200000 13.72
1436263260000 13.72
1436263320000 13.72
1436263440000 13.77
1436263500000 13.82
1436263560000 13.8
1436263620000 13.75
1436263680000 13.73
1436263800000 13.8
1436263860000 13.775
1436264040000 13.73
1436264100000 13.74
1436264160000 13.73
1436264220000 13.72
1436264280000 13.7
1436264340000 13.77
1436264400000 13.74
1436264520000 13.715
1436264700000 13.73
1436264760000 13.6601
1436264880000 13.63
1436264940000 13.63
1436265000000 13.645
1436265060000 13.635
1436265120000 13.64
1436265180000 13.6301
1436265240000 13.6492
1436265300000 13.64
1436265360000 13.62
1436265480000 13.58
1436265540000 13.57
1436265600000 13.53
1436265660000 13.52
1436265720000 13.48
1436265780000 13.485
1436265960000 13.5001
1436266020000 13.54
1436266080000 13.54
1436266200000 13.55
1436266320000 13.53
1436266380000 13.54
1436266440000 13.58
1436266560000 13.58
1436266620000 13.58
1436266680000 13.57
1436266740000 13.575
1436266800000 13.58
1436266980000 13.56
1436267100000 13.53
1436267220000 13.5
1436267280000 13.5
1436267340000 13.54
1436267400000 13.54
1436267520000 13.59
1436267580000 13.5901
1436267640000 13.59
1436267880000 13.61
1436268000000 13.58
1436268060000 13.57
1436268120000 13.53
1436268240000 13.52
1436268420000 13.52
1436268480000 13.52
1436268540000 13.51
1436268660000 13.55
1436268780000 13.53
1436268840000 13.51
1436269080000 13.47
1436269140000 13.47
1436269200000 13.53
1436269260000 13.52
1436269320000 13.53
1436269380000 13.575
1436269440000 13.591
1436269620000 13.63
1436269920000 13.64
1436269980000 13.59
1436270040000 13.61
1436270100000 13.61
1436270160000 13.65
1436270220000 13.72
1436270340000 13.74
1436270400000 13.69
1436270460000 13.68
1436270580000 13.6834
1436270640000 13.69
1436270700000 13.66
1436270880000 13.66
1436271000000 13.65
1436271060000 13.61
1436271240000 13.57
1436271300000 13.58
1436271360000 13.58
1436271720000 13.62
1436271780000 13.6048
1436271840000 13.59
1436271960000 13.59
1436272020000 13.65
1436272080000 13.63
1436272200000 13.66
1436272320000 13.66
1436272380000 13.68
1436272500000 13.67
1436272680000 13.66
1436272740000 13.7
1436272800000 13.67
1436272920000 13.7
1436273100000 13.685
1436273220000 13.7
1436273280000 13.76
1436273340000 13.76
1436273460000 13.775
1436273640000 13.78
1436273700000 13.8
1436273820000 13.82
1436273880000 13.85
1436273940000 13.85
1436274000000 13.83
1436274240000 13.83
1436274360000 13.77
1436274600000 13.74
1436274660000 13.78
1436274960000 13.83
1436275080000 13.79
1436275140000 13.79
1436275320000 13.77
1436275500000 13.77
1436275620000 13.8
1436275740000 13.78
1436275860000 13.75
1436276100000 13.75
1436276460000 13.74
1436276580000 13.77
1436276640000 13.8
1436276760000 13.8
1436276940000 13.8
1436277000000 13.81
1436277060000 13.82
1436277240000 13.81
1436277300000 13.79
1436277360000 13.78
1436277480000 13.75
1436277600000 13.72
1436277900000 13.76
1436278200000 13.74
1436278320000 13.78
1436278560000 13.76
1436278680000 13.74
1436278740000 13.69
1436279040000 13.67
1436279100000 13.69
1436279520000 13.7
1436279580000 13.7
1436279640000 13.7001
1436279700000 13.7
1436279760000 13.74
1436279820000 13.71
1436279880000 13.71
1436280060000 13.72
1436280120000 13.74
1436280180000 13.74
1436280240000 13.77
1436280420000 13.77
1436280480000 13.79
1436280720000 13.8
1436280900000 13.785
1436280960000 13.77
1436281020000 13.8
1436281080000 13.82
1436281140000 13.86
1436281260000 13.85
1436281320000 13.83
1436281440000 13.8232
1436281500000 13.84
