1436261460000 1.8
1436261520000 1.81
1436261700000 1.79
1436261760000 1.79
1436263740000 1.8001
1436264520000 1.81
1436264940000 1.8
1436265000000 1.8
1436265060000 1.8
1436265120000 1.81
1436265180000 1.8
1436265300000 1.8
1436265360000 1.8
1436265420000 1.8
1436265480000 1.8
1436265540000 1.8
1436265720000 1.8
1436266020000 1.8
1436266200000 1.79
1436266260000 1.79
1436266440000 1.7985
1436266740000 1.79
1436266860000 1.8
1436266920000 1.79
1436266980000 1.8
1436267040000 1.8
1436267100000 1.8
1436267160000 1.8
1436267220000 1.8
1436267340000 1.8
1436267400000 1.8
1436267460000 1.8
1436267520000 1.791
1436267640000 1.8
1436267880000 1.79
1436268240000 1.8176
1436268780000 1.8
1436268900000 1.8
1436268960000 1.79
1436269080000 1.79
1436269140000 1.79
1436269560000 1.79
1436269680000 1.79
1436269800000 1.8
1436269860000 1.81
1436270640000 1.81
1436270880000 1.81
1436271720000 1.8199
1436272380000 1.83
1436274420000 1.83
1436274480000 1.83
1436275140000 1.83
1436275500000 1.8305
1436276100000 1.83
1436276160000 1.83
1436276220000 1.83
1436276460000 1.83
1436276520000 1.83
1436277720000 1.83
1436278560000 1.82
1436278620000 1.82
1436278680000 1.82
1436278740000 1.82
1436278920000 1.84
1436279100000 1.8
1436280300000 1.81
1436280420000 1.81
1436280480000 1.82
1436280900000 1.81
