1436261460000 18.15
1436261520000 18.14
1436261580000 18.12
1436261640000 18.12
1436261700000 18.12
1436261940000 18.12
1436262060000 18.1
1436262300000 18.1
1436262360000 18.1
1436262660000 18.1
1436263080000 18.1
1436263320000 18.1
1436263620000 18.1
1436263740000 18.1
1436263860000 18.1
1436263980000 18.02
1436264340000 18.0
1436265540000 17.875
1436265900000 17.86
1436266380000 17.8
1436266500000 17.71
1436267580000 17.73
1436267940000 17.6
1436268240000 17.51
1436268300000 17.42
1436268420000 17.4899
1436269020000 17.24
1436269080000 17.19
1436269140000 17.35
1436269500000 17.37
1436269920000 17.4
1436270100000 17.5489
1436270160000 17.55
1436270760000 17.73
1436270880000 17.74
1436271900000 17.61
1436272860000 17.74
1436273100000 17.57
1436273460000 17.54
1436273580000 17.56
1436273820000 17.66
1436273880000 17.65
1436274240000 17.63
1436274420000 17.58
1436275200000 17.68
1436275920000 17.63
1436276100000 17.69
1436276220000 17.63
1436276460000 17.58
1436277000000 17.58
1436277060000 17.54
1436277240000 17.6
1436277960000 17.6
1436278020000 17.6
1436278560000 17.61
1436278980000 17.6
1436279340000 17.62
1436280180000 17.66
1436281140000 17.76
