1404705600000 40.37
1404792000000 40.06
1404878400000 40.71
1404964800000 40.78
1405051200000 40.95
1405310400000 41.48
1405396800000 41.24
1405483200000 42.08
1405569600000 41.74
1405656000000 41.96
1405915200000 41.39
1406001600000 41.27
1406088000000 41.18
1406174400000 41.48
1406260800000 41.43
1406520000000 41.09
1406606400000 42.33
1406692800000 41.77
1406779200000 40.74
1406865600000 40.3
1407124800000 39.8
1407211200000 40.03
1407297600000 39.29
1407384000000 38.88
1407470400000 38.53
1407729600000 38.63
1407816000000 38.54
1407902400000 38.64
1407988800000 38.34
1408075200000 38.88
1408334400000 38.96
1408420800000 38.83
1408507200000 39.12
1408593600000 39.11
1408680000000 39.56
1408939200000 39.75
1409025600000 39.64
1409112000000 40.87
1409198400000 40.73
1409284800000 41.04
1409630400000 41.01
1409716800000 40.98
1409803200000 41.21
1409889600000 41.6
1410148800000 41.72
1410235200000 41.6
1410321600000 41.44
1410408000000 41.44
1410494400000 40.95
1410753600000 40.58
1410840000000 41.27
1410926400000 41.76
1411012800000 42.97
1411099200000 42.69
1411358400000 41.84
1411444800000 41.58
1411531200000 41.48
1411617600000 40.72
1411704000000 40.82
1411963200000 41.77
1412049600000 41.61
1412136000000 40.4
1412222400000 39.85
1412308800000 40.13
1412568000000 40.31
1412654400000 39.92
1412740800000 39.52
1412827200000 38.12
1412913600000 36.9
1413172800000 36.32
1413259200000 37.28
1413345600000 37.4
1413432000000 37.5
1413518400000 38.43
1413777600000 38.49
1413864000000 39.16
1413950400000 38.57
1414036800000 39.1
1414123200000 39.14
1414382400000 40.42
1414468800000 41.45
1414555200000 41.17
1414641600000 41.77
1414728000000 42.78
