1436261400000 37.75
1436261580000 37.75
1436261760000 37.73
1436261880000 37.68
1436261940000 37.68
1436262000000 37.72
1436262120000 37.8
1436262240000 37.86
1436262300000 37.83
1436262660000 37.727
1436262720000 37.79
1436262780000 37.82
1436262840000 37.8
1436262900000 37.72
1436263140000 37.72
1436263200000 37.7227
1436263380000 37.72
1436263440000 37.67
1436263500000 37.71
1436263560000 37.69
1436263620000 37.69
1436263740000 37.7
1436263800000 37.72
1436263860000 37.74
1436263920000 37.75
1436263980000 37.77
1436264040000 37.76
1436264100000 37.7
1436264160000 37.71
1436264220000 37.74
1436264280000 37.73
1436264460000 37.7237
1436264520000 37.74
1436264700000 37.68
1436264760000 37.71
1436264820000 37.69
1436264940000 37.68
1436265000000 37.6637
1436265060000 37.6
1436265120000 37.59
1436265180000 37.57
1436265240000 37.57
1436265300000 37.58
1436265360000 37.56
1436265420000 37.53
1436265480000 37.48
1436265600000 37.45
1436265660000 37.44
1436265720000 37.41
1436265780000 37.41
1436265840000 37.4
1436265900000 37.41
1436265960000 37.41
1436266020000 37.47
1436266080000 37.46
1436266140000 37.46
1436266200000 37.44
1436266320000 37.44
1436266440000 37.47
1436266500000 37.51
1436266560000 37.45
1436266620000 37.45
1436266680000 37.45
1436266740000 37.43
1436266800000 37.44
1436266860000 37.39
1436266920000 37.4
1436266980000 37.4
1436267160000 37.34
1436267220000 37.31
1436267280000 37.37
1436267340000 37.38
1436267400000 37.375
1436267460000 37.38
1436267520000 37.3881
1436267580000 37.41
1436267640000 37.41
1436267700000 37.41
1436267760000 37.42
1436267820000 37.44
1436267940000 37.34
1436268000000 37.38
1436268060000 37.33
1436268120000 37.33
1436268240000 37.35
1436268300000 37.33
1436268360000 37.3
1436268420000 37.29
1436268480000 37.25
1436268540000 37.23
1436268600000 37.24
1436268660000 37.24
1436268720000 37.19
1436268780000 37.18
1436268840000 37.1
1436268900000 37.12
1436268960000 37.105
1436269020000 37.1
1436269080000 37.1
1436269140000 37.105
1436269200000 37.1
1436269260000 37.13
1436269320000 37.13
1436269380000 37.19
1436269440000 37.23
1436269500000 37.24
1436269560000 37.25
1436269620000 37.27
1436269680000 37.26
1436269740000 37.22
1436269800000 37.25
1436269860000 37.25
1436269920000 37.25
1436269980000 37.23
1436270040000 37.24
1436270100000 37.25
1436270160000 37.29
1436270220000 37.37
1436270340000 37.35
1436270460000 37.29
1436270580000 37.31
1436270640000 37.35
1436270760000 37.34
1436270880000 37.32
1436270940000 37.311
1436271000000 37.31
1436271060000 37.3
1436271120000 37.3
1436271180000 37.3
1436271240000 37.3
1436271360000 37.3
1436271420000 37.3
1436271480000 37.28
1436271540000 37.29
1436271600000 37.3
1436271660000 37.33
1436271720000 37.31
1436271780000 37.31
1436271840000 37.3
1436271900000 37.31
1436271960000 37.35
1436272020000 37.38
1436272080000 37.35
1436272200000 37.35
1436272260000 37.32
1436272320000 37.36
1436272380000 37.36
1436272500000 37.35
1436272680000 37.36
1436272740000 37.38
1436272860000 37.41
1436272980000 37.42
1436273040000 37.4
1436273100000 37.43
1436273160000 37.4347
1436273220000 37.45
1436273340000 37.47
1436273400000 37.46
1436273520000 37.47
1436273640000 37.47
1436273700000 37.5
1436273760000 37.5
1436273820000 37.48
1436273880000 37.55
1436273940000 37.54
1436274000000 37.54
1436274180000 37.54
1436274240000 37.57
1436274300000 37.5499
1436274360000 37.5
1436274420000 37.49
1436274480000 37.51
1436274540000 37.52
1436274600000 37.51
1436274660000 37.54
1436274720000 37.56
1436274840000 37.57
1436274900000 37.58
1436274960000 37.51
1436275020000 37.52
1436275140000 37.52
1436275200000 37.55
1436275320000 37.55
1436275380000 37.55
1436275440000 37.5653
1436275500000 37.54
1436275560000 37.53
1436275620000 37.52
1436275680000 37.53
1436275740000 37.53
1436275860000 37.54
1436275920000 37.515
1436275980000 37.53
1436276040000 37.53
1436276100000 37.52
1436276220000 37.55
1436276280000 37.55
1436276340000 37.56
1436276400000 37.55
1436276520000 37.56
1436276580000 37.57
1436276640000 37.58
1436276700000 37.6
1436276820000 37.59
1436276880000 37.59
1436276940000 37.6
1436277000000 37.605
1436277060000 37.58
1436277180000 37.59
1436277300000 37.59
1436277360000 37.58
1436277480000 37.57
1436277540000 37.56
1436277600000 37.56
1436277660000 37.55
1436277720000 37.56
1436277780000 37.54
1436277900000 37.55
1436278020000 37.55
1436278140000 37.55
1436278200000 37.56
1436278320000 37.57
1436278380000 37.555
1436278500000 37.52
1436278560000 37.53
1436278620000 37.55
1436278680000 37.56
1436278740000 37.53
1436278860000 37.52
1436278920000 37.51
1436278980000 37.51
1436279040000 37.52
1436279100000 37.52
1436279160000 37.53
1436279220000 37.53
1436279280000 37.53
1436279340000 37.5346
1436279460000 37.545
1436279520000 37.56
1436279580000 37.61
1436279640000 37.59
1436279700000 37.62
1436279820000 37.64
1436279940000 37.65
1436280000000 37.66
1436280060000 37.69
1436280120000 37.71
1436280180000 37.71
1436280240000 37.75
1436280300000 37.75
1436280360000 37.73
1436280420000 37.74
1436280600000 37.72
1436280660000 37.7223
1436280720000 37.715
1436280780000 37.73
1436280840000 37.78
1436280900000 37.76
1436280960000 37.78
1436281020000 37.8
1436281080000 37.82
1436281140000 37.82
1436281200000 37.86
1436281320000 37.84
1436281380000 37.8469
1436281440000 37.85
1436281500000 37.87
1436281560000 37.83
1436281680000 37.84
