1436261400000 21.8
1436261700000 21.81
1436261760000 21.81
1436262120000 21.81
1436263620000 21.81
1436263740000 21.85
1436263800000 21.84
1436263980000 21.8509
1436264040000 21.84
1436264100000 21.8306
1436265000000 21.81
1436265660000 21.81
1436265720000 21.81
1436266380000 21.98
1436266560000 21.98
1436267220000 21.86
1436268540000 21.94
1436268840000 21.83
1436269920000 21.86
1436270220000 21.95
1436270520000 21.94
1436271060000 21.94
1436271360000 21.94
1436271480000 21.94
1436273100000 21.95
1436273880000 21.97
1436274000000 21.97
1436274180000 21.97
1436274240000 21.97
1436274360000 21.96
1436274660000 21.95
1436275080000 21.97
1436275560000 21.93
1436276100000 21.97
1436276640000 21.98
1436276940000 21.98
1436277240000 21.96
1436278500000 21.81
1436278740000 21.81
1436279400000 21.81
1436279640000 21.85
1436280060000 21.85
1436280180000 21.9
1436280300000 21.88
1436280540000 21.965
1436281080000 21.97
1436281320000 22.0
