1436261400000 23.18
1436261940000 23.13
1436262120000 23.02
1436262180000 22.97
1436262360000 22.89
1436262420000 22.84
1436262600000 22.84
1436262660000 22.87
1436262720000 22.95
1436262780000 22.95
1436262960000 22.91
1436263080000 22.8392
1436263260000 22.84
1436263560000 22.98
1436263620000 22.8901
1436263980000 22.95
1436264040000 22.99
1436264400000 22.99
1436264580000 22.965
1436264640000 22.99
1436264700000 23.02
1436264820000 22.95
1436264940000 22.9
1436265000000 22.9
1436265540000 22.88
1436265600000 22.89
1436265660000 22.86
1436265780000 22.84
1436265840000 22.81
1436265900000 22.81
1436265960000 22.81
1436266080000 22.84
1436266320000 22.89
1436266560000 22.91
1436266620000 22.91
1436266860000 22.83
1436267040000 22.83
1436267100000 22.83
1436267340000 22.815
1436267400000 22.84
1436267640000 22.88
1436267880000 22.9099
1436268060000 22.87
1436268180000 22.82
1436268420000 22.82
1436268480000 22.82
1436268660000 22.82
1436268840000 22.8
1436268960000 22.77
1436269020000 22.77
1436269080000 22.8
1436269380000 22.87
1436269680000 22.89
1436269800000 22.9
1436270160000 22.95
1436270400000 22.97
1436270460000 22.97
1436270520000 22.97
1436270640000 22.954
1436271060000 22.94
1436271360000 22.94
1436271780000 22.93
1436271900000 22.9299
1436271960000 22.92
1436272140000 22.98
1436272440000 22.98
1436272500000 22.95
1436272680000 22.96
1436272980000 22.965
1436273040000 22.97
1436273100000 22.95
1436273220000 22.99
1436273640000 23.02
1436273700000 23.06
1436273880000 23.05
1436274120000 23.09
1436274180000 23.08
1436274240000 23.12
1436274300000 23.08
1436274660000 23.08
1436274780000 23.08
1436274840000 23.09
1436275560000 23.04
1436275620000 23.06
1436276460000 23.03
1436276580000 23.0799
1436276640000 23.08
1436276760000 23.05
1436276820000 23.04
1436277720000 23.01
1436277960000 23.02
1436278680000 23.0
1436278800000 22.95
1436278980000 22.87
1436279040000 22.93
1436279280000 22.92
1436279820000 22.92
1436279880000 22.93
1436280120000 22.97
1436280420000 23.05
1436280480000 23.06
1436280840000 23.0
1436280900000 23.02
1436281020000 23.03
1436281080000 23.04
1436281140000 23.04
1436281260000 23.08
1436281440000 23.09
1436281500000 23.08
