1436261400000 21.05
1436261460000 21.03
1436261520000 21.0
1436261580000 20.93
1436261640000 20.86
1436261820000 20.82
1436261940000 20.95
1436262120000 20.97
1436262240000 20.9
1436262300000 20.92
1436262360000 20.94
1436262420000 20.92
1436262480000 20.92
1436262540000 20.93
1436262600000 20.92
1436262660000 20.92
1436262720000 20.935
1436262780000 20.93
1436262840000 20.93
1436262900000 20.915
1436262960000 20.935
1436263020000 20.87
1436263080000 20.86
1436263200000 20.85
1436263440000 20.9
1436263500000 20.9
1436263560000 20.88
1436263620000 20.9
1436263680000 20.86
1436263740000 20.9
1436263920000 20.91
1436263980000 20.91
1436264040000 20.92
1436264100000 20.88
1436264160000 20.86
1436264280000 20.89
1436264340000 20.93
1436264400000 20.88
1436264460000 20.83
1436264580000 20.86
1436264700000 20.86
1436264760000 20.82
1436264940000 20.84
1436265000000 20.86
1436265060000 20.8
1436265240000 20.78
1436265300000 20.77
1436265420000 20.8
1436265480000 20.8
1436265540000 20.8
1436265720000 20.73
1436265840000 20.74
1436265900000 20.74
1436265960000 20.72
1436266020000 20.74
1436266080000 20.71
1436266140000 20.72
1436266200000 20.74
1436266260000 20.71
1436266320000 20.72
1436266380000 20.75
1436266440000 20.75
1436266500000 20.74
1436266800000 20.73
1436266860000 20.73
1436266980000 20.68
1436267220000 20.69
1436267280000 20.69
1436267340000 20.69
1436267400000 20.705
1436267460000 20.705
1436267520000 20.72
1436267640000 20.72
1436267760000 20.71
1436267820000 20.72
1436267880000 20.72
1436267940000 20.72
1436268000000 20.72
1436268060000 20.7
1436268180000 20.67
1436268420000 20.69
1436268480000 20.72
1436268540000 20.68
1436268660000 20.67
1436268720000 20.68
1436268780000 20.68
1436268840000 20.68
1436269020000 20.65
1436269080000 20.67
1436269140000 20.71
1436269200000 20.72
1436269320000 20.71
1436269380000 20.72
1436269440000 20.76
1436269500000 20.72
1436269560000 20.76
1436269620000 20.76
1436269680000 20.76
1436269740000 20.76
1436269800000 20.76
1436269860000 20.76
1436269920000 20.77
1436269980000 20.74
1436270160000 20.77
1436270220000 20.78
1436270340000 20.81
1436270400000 20.77
1436270460000 20.74
1436270580000 20.745
1436270700000 20.77
1436270820000 20.74
1436270940000 20.7
1436271060000 20.7
1436271120000 20.69
1436271180000 20.71
1436271300000 20.72
1436271420000 20.74
1436271480000 20.75
1436271540000 20.75
1436271600000 20.75
1436271660000 20.75
1436271720000 20.77
1436271780000 20.77
1436271840000 20.76
1436271900000 20.76
1436271960000 20.76
1436272020000 20.76
1436272080000 20.78
1436272140000 20.77
1436272200000 20.78
1436272260000 20.78
1436272320000 20.79
1436272380000 20.79
1436272500000 20.8
1436272740000 20.76
1436272860000 20.81
1436272920000 20.77
1436272980000 20.785
1436273160000 20.77
1436273280000 20.78
1436273340000 20.77
1436273400000 20.76
1436273580000 20.76
1436273640000 20.76
1436273700000 20.765
1436273880000 20.77
1436274000000 20.7806
1436274060000 20.76
1436274120000 20.75
1436274240000 20.76
1436274360000 20.73
1436274420000 20.75
1436274480000 20.72
1436274600000 20.74
1436274660000 20.74
1436274720000 20.755
1436274780000 20.74
1436274840000 20.74
1436274900000 20.75
1436274960000 20.75
1436275020000 20.745
1436275140000 20.73
1436275200000 20.75
1436275260000 20.75
1436275380000 20.78
1436275440000 20.76
1436275500000 20.76
1436275620000 20.76
1436275680000 20.75
1436275800000 20.74
1436275920000 20.73
1436275980000 20.77
1436276100000 20.77
1436276160000 20.77
1436276220000 20.77
1436276280000 20.77
1436276400000 20.76
1436276520000 20.76
1436276640000 20.77
1436276820000 20.7799
1436277000000 20.75
1436277060000 20.75
1436277240000 20.72
1436277480000 20.72
1436277600000 20.74
1436277660000 20.75
1436277780000 20.77
1436277960000 20.78
1436278020000 20.78
1436278080000 20.76
1436278260000 20.78
1436278380000 20.78
1436278440000 20.76
1436278680000 20.74
1436278860000 20.68
1436278980000 20.67
1436279160000 20.67
1436279220000 20.67
1436279280000 20.67
1436279400000 20.68
1436279520000 20.67
1436279580000 20.68
1436279640000 20.69
1436279760000 20.675
1436279820000 20.675
1436279880000 20.65
1436279940000 20.65
1436280000000 20.63
1436280060000 20.65
1436280180000 20.68
1436280240000 20.72
1436280300000 20.715
1436280420000 20.72
1436280480000 20.72
1436280540000 20.74
1436280600000 20.74
1436280660000 20.76
1436280720000 20.77
1436280780000 20.76
1436280840000 20.79
1436280900000 20.78
1436280960000 20.79
1436281020000 20.78
1436281080000 20.8
1436281140000 20.81
1436281200000 20.79
1436281260000 20.8
1436281320000 20.79
1436281380000 20.79
1436281440000 20.78
1436281500000 20.78
