1436261400000 5.29
1436261640000 5.34
1436264280000 5.26
1436265180000 5.26
1436266020000 5.26
1436266440000 5.26
1436267280000 5.27
1436267340000 5.27
1436267580000 5.27
1436268540000 5.27
1436268840000 5.25
1436269260000 5.28
1436270160000 5.26
1436270520000 5.26
1436270640000 5.27
1436271060000 5.26
1436271420000 5.26
1436271480000 5.28
1436271900000 5.26
1436272140000 5.26
1436272500000 5.27
1436273220000 5.26
1436273400000 5.28
1436273460000 5.28
1436273520000 5.28
1436273880000 5.28
1436273940000 5.27
1436274060000 5.3
1436274240000 5.29
1436274420000 5.285
1436274480000 5.3
1436274540000 5.27
1436274660000 5.24
1436274720000 5.25
1436274840000 5.24
1436274960000 5.24
1436275080000 5.24
1436275200000 5.24
1436275320000 5.25
1436275620000 5.24
1436275860000 5.24
1436275980000 5.25
1436276280000 5.24
1436276640000 5.24
1436277060000 5.24
1436277300000 5.23
1436277420000 5.235
1436277540000 5.23
1436277660000 5.24
1436277780000 5.25
1436278020000 5.25
1436278440000 5.24
1436278500000 5.23
1436278560000 5.24
1436279160000 5.235
1436279520000 5.235
1436279880000 5.235
1436280060000 5.24
1436280360000 5.25
1436280420000 5.25
1436280720000 5.25
1436280900000 5.25
1436281080000 5.25
1436281140000 5.25
1436281200000 5.24
1436281320000 5.24
1436281380000 5.245
1436281500000 5.25
1436281560000 5.24
