1436261400000 6.09
1436261580000 6.1
1436261640000 6.1
1436261700000 6.1
1436261760000 6.1
1436261820000 6.1
1436261880000 6.1
1436261940000 6.1
1436262060000 6.09
1436262120000 6.09
1436262180000 6.1
1436262240000 6.1
1436262300000 6.14
1436262360000 6.15
1436262600000 6.15
1436262660000 6.15
1436262720000 6.13
1436262780000 6.14
1436262840000 6.14
1436262900000 6.13
1436262960000 6.13
1436263020000 6.13
1436263080000 6.13
1436263140000 6.13
1436263200000 6.13
1436263260000 6.13
1436263320000 6.13
1436263380000 6.13
1436263500000 6.13
1436263560000 6.13
1436263620000 6.13
1436263680000 6.13
1436263740000 6.1
1436263800000 6.09
1436263860000 6.1
1436263920000 6.105
1436264040000 6.11
1436264100000 6.11
1436264160000 6.11
1436264220000 6.11
1436264280000 6.11
1436264340000 6.11
1436264400000 6.11
1436264460000 6.11
1436264580000 6.11
1436264640000 6.11
1436264700000 6.1
1436264760000 6.1
1436264820000 6.1
1436264880000 6.1
1436264940000 6.1
1436265000000 6.08
1436265060000 6.085
1436265240000 6.1
1436265300000 6.1
1436265360000 6.1
1436265420000 6.1
1436265480000 6.1
1436265540000 6.1
1436265600000 6.1
1436265660000 6.1
1436265720000 6.1
1436265780000 6.07
1436265840000 6.07
1436265900000 6.08
1436265960000 6.08
1436266020000 6.08
1436266140000 6.1
1436266260000 6.09
1436266320000 6.09
1436266380000 6.09
1436266500000 6.1
1436266620000 6.1
1436266740000 6.1
1436266800000 6.11
1436266860000 6.1
1436266920000 6.095
1436266980000 6.095
1436267040000 6.09
1436267100000 6.09
1436267160000 6.09
1436267220000 6.09
1436267280000 6.09
1436267340000 6.09
1436267400000 6.1
1436267460000 6.095
1436267520000 6.095
1436267580000 6.12
1436267760000 6.116
1436267820000 6.122
1436268060000 6.11
1436268540000 6.1
1436268660000 6.1
1436268720000 6.105
1436268840000 6.1
1436268900000 6.095
1436268960000 6.095
1436269020000 6.09
1436269080000 6.09
1436269140000 6.09
1436269200000 6.095
1436269260000 6.1
1436269320000 6.1
1436269440000 6.1
1436269620000 6.1
1436269680000 6.09
1436269740000 6.09
1436269800000 6.09
1436269860000 6.11
1436269920000 6.09
1436269980000 6.09
1436270040000 6.09
1436270100000 6.095
1436270160000 6.09
1436270220000 6.11
1436270460000 6.1
1436270520000 6.08
1436270580000 6.08
1436270640000 6.08
1436270700000 6.08
1436270760000 6.07
1436270820000 6.07
1436270880000 6.07
1436270940000 6.07
1436271000000 6.07
1436271060000 6.06
1436271120000 6.06
1436271180000 6.06
1436271240000 6.07
1436271300000 6.06
1436271360000 6.06
1436271420000 6.06
1436271480000 6.06
1436271540000 6.06
1436271600000 6.07
1436271660000 6.07
1436271720000 6.075
1436271780000 6.07
1436271840000 6.07
1436271900000 6.07
1436271960000 6.07
1436272020000 6.07
1436272080000 6.07
1436272200000 6.08
1436272260000 6.07
1436272320000 6.07
1436272380000 6.07
1436272440000 6.08
1436272500000 6.07
1436272560000 6.07
1436272620000 6.07
1436272680000 6.07
1436272740000 6.07
1436272800000 6.07
1436272860000 6.07
1436272920000 6.07
1436272980000 6.08
1436273100000 6.08
1436273220000 6.08
1436273280000 6.08
1436273340000 6.08
1436273400000 6.08
1436273460000 6.09
1436273580000 6.08
1436273640000 6.085
1436273760000 6.08
1436273820000 6.08
1436273880000 6.08
1436274120000 6.09
1436274180000 6.09
1436274240000 6.095
1436274420000 6.1
1436274480000 6.1
1436274660000 6.09
1436274720000 6.105
1436274960000 6.12
1436275020000 6.1
1436275080000 6.09
1436275140000 6.1
1436275260000 6.1
1436275800000 6.12
1436275980000 6.11
1436276040000 6.11
1436276280000 6.11
1436276340000 6.13
1436276400000 6.11
1436276460000 6.11
1436276520000 6.11
1436276580000 6.11
1436276640000 6.12
1436276940000 6.12
1436277000000 6.11
1436277060000 6.11
1436277120000 6.11
1436277180000 6.11
1436277240000 6.11
1436277300000 6.11
1436277360000 6.11
1436277420000 6.11
1436277480000 6.11
1436277540000 6.11
1436277600000 6.11
1436277660000 6.11
1436277720000 6.11
1436277780000 6.11
1436277840000 6.11
1436277900000 6.11
1436277960000 6.11
1436278020000 6.11
1436278080000 6.1199
1436278140000 6.09
1436278200000 6.09
1436278260000 6.09
1436278320000 6.09
1436278380000 6.09
1436278440000 6.09
1436278500000 6.09
1436278560000 6.09
1436278620000 6.09
1436278680000 6.1
1436278740000 6.1
1436278800000 6.1
1436278860000 6.1
1436278920000 6.1
1436278980000 6.1
1436279040000 6.1
1436279100000 6.1
1436279160000 6.1
1436279220000 6.1
1436279280000 6.1
1436279340000 6.1
1436279400000 6.1
1436279460000 6.1
1436279520000 6.1
1436279700000 6.105
1436279880000 6.105
1436279940000 6.12
1436280120000 6.11
1436280180000 6.1
1436280420000 6.125
1436280480000 6.12
1436280540000 6.11
1436280600000 6.1
1436280660000 6.1
1436280720000 6.1
1436280780000 6.1
1436280840000 6.1
1436280900000 6.1
1436280960000 6.1
1436281020000 6.1
1436281080000 6.1
1436281140000 6.12
1436281200000 6.13
1436281440000 6.14
1436281500000 6.13
1436281560000 6.1
1436281620000 6.1
