1436261400000 51.81
1436262120000 51.7
1436262300000 51.76
1436262420000 51.6
1436263020000 51.66
1436263380000 51.4
1436263440000 51.39
1436264340000 51.42
1436264580000 51.36
1436264700000 51.36
1436265000000 51.125
1436265180000 51.27
1436265420000 51.14
1436265540000 51.15
1436265660000 51.0
1436265840000 50.84
1436265960000 50.86
1436266020000 51.01
1436266320000 51.07
1436266440000 51.12
1436266500000 51.17
1436266560000 51.05
1436266800000 51.07
1436266980000 51.01
1436267100000 50.9
1436267400000 50.91
1436267460000 51.01
1436267520000 51.05
1436267580000 50.95
1436267640000 51.03
1436267760000 51.06
1436268060000 50.98
1436268240000 50.83
1436268360000 50.84
1436268540000 50.83
1436268840000 50.75
1436268900000 50.8
1436269020000 50.63
1436269080000 50.77
1436269140000 50.77
1436269200000 50.82
1436269320000 50.87
1436269380000 50.92
1436269440000 51.04
1436269740000 51.02
1436269860000 51.02
1436270160000 51.0
1436270400000 50.94
1436270640000 51.1699
1436271300000 51.03
1436271540000 50.97
1436271600000 51.05
1436271720000 51.18
1436272200000 51.26
1436272260000 51.265
1436272740000 51.35
1436272800000 51.3999
1436272860000 51.32
1436273100000 51.4
1436273220000 51.4
1436273520000 51.53
1436273580000 51.55
1436273640000 51.62
1436273820000 51.7099
1436273880000 51.71
1436274000000 51.795
1436274120000 51.805
1436274180000 51.705
1436274360000 51.52
1436274720000 51.67
1436274900000 51.68
1436274960000 51.68
1436275200000 51.62
1436275920000 51.63
1436276640000 51.57
1436277060000 51.54
1436277300000 51.51
1436277420000 51.39
1436277600000 51.44
1436277780000 51.424
1436278020000 51.45
1436278080000 51.41
1436278140000 51.245
1436278380000 51.29
1436278500000 51.3
1436278620000 51.294
1436278740000 51.23
1436279340000 51.2
1436280000000 51.36
1436280060000 51.5999
1436280240000 51.67
1436280420000 51.75
1436280480000 51.76
1436280960000 51.6471
1436281140000 51.81
1436281500000 51.75
