1436261400000 330.18
1436261460000 329.48
1436261940000 330.04
1436263440000 330.472
1436264640000 330.03
1436265420000 329.99
1436265540000 327.47
1436265600000 327.48
1436265720000 327.43
1436265780000 326.33
1436266380000 325.0
1436266800000 325.085
1436267100000 325.13
1436267400000 324.76
1436267880000 323.01
1436269380000 324.59
1436269680000 324.01
1436270160000 325.94
1436270280000 324.11
1436270460000 325.675
1436270880000 324.11
1436270940000 325.01
1436271180000 324.11
1436271240000 325.0
1436271780000 325.01
1436272380000 325.01
1436272680000 326.38
1436272980000 325.01
1436273580000 326.18
1436273880000 326.18
1436274180000 326.18
1436274360000 328.92
1436275080000 327.15
1436276100000 325.61
1436276220000 325.94
1436276700000 326.88
1436276760000 325.06
1436278500000 325.135
1436278560000 327.62
1436278620000 329.09
1436278920000 327.36
1436279340000 327.44
1436279700000 327.595
1436280240000 327.12
1436280300000 327.535
1436280540000 327.8
1436280720000 328.07
1436281200000 328.502
