1436261400000 157.18
1436261460000 157.625
1436261640000 157.7384
1436261700000 156.8968
1436261760000 156.726
1436261820000 156.905
1436261880000 156.815
1436261940000 156.91
1436262000000 157.2
1436262060000 157.3
1436262120000 156.87
1436262180000 156.91
1436262240000 157.0
1436262300000 157.05
1436262360000 156.87
1436262420000 156.92
1436262480000 156.97
1436262540000 157.2
1436262600000 157.2
1436262660000 156.8301
1436262720000 157.19
1436262780000 157.285
1436262900000 157.31
1436262960000 157.18
1436263020000 157.0
1436263080000 157.05
1436263140000 156.85
1436263200000 156.89
1436263260000 156.78
1436263320000 156.644
1436263380000 156.9
1436263440000 156.87
1436263500000 156.88
1436263560000 157.0
1436263620000 156.9
1436263680000 156.8
1436263740000 156.9
1436263800000 156.99
1436263860000 156.99
1436263920000 156.9
1436263980000 156.93
1436264040000 157.01
1436264100000 156.85
1436264160000 156.8124
1436264220000 156.82
1436264280000 157.0
1436264340000 157.05
1436264400000 156.92
1436264460000 156.82
1436264520000 157.06
1436264580000 156.87
1436264640000 156.93
1436264700000 156.8
1436264760000 156.65
1436264820000 156.63
1436264880000 156.36
1436264940000 156.44
1436265000000 156.66
1436265120000 156.555
1436265180000 156.46
1436265240000 156.43
1436265300000 156.32
1436265360000 156.26
1436265420000 156.2897
1436265480000 156.43
1436265540000 156.43
1436265600000 156.32
1436265660000 156.29
1436265720000 156.2
1436265780000 156.26
1436265840000 156.445
1436265900000 156.56
1436265960000 156.47
1436266020000 156.67
1436266080000 156.875
1436266140000 156.91
1436266200000 156.9
1436266260000 156.77
1436266320000 157.05
1436266380000 156.84
1436266440000 157.08
1436266500000 157.21
1436266560000 157.08
1436266620000 156.97
1436266680000 156.97
1436266800000 156.86
1436266860000 156.545
1436266920000 156.62
1436266980000 156.7
1436267040000 156.68
1436267100000 156.7
1436267160000 156.76
1436267220000 156.7518
1436267280000 156.86
1436267340000 156.95
1436267400000 157.04
1436267460000 157.1
1436267520000 157.11
1436267580000 157.22
1436267640000 157.105
1436267700000 157.04
1436267760000 157.26
1436267820000 157.28
1436267880000 157.07
1436267940000 157.11
1436268000000 157.0
1436268060000 156.955
1436268120000 156.96
1436268180000 156.675
1436268240000 156.9
1436268300000 156.7478
1436268360000 156.91
1436268420000 156.95
1436268480000 156.91
1436268540000 156.85
1436268600000 156.96
1436268660000 156.74
1436268720000 156.96
1436268780000 156.85
1436268840000 156.86
1436268900000 156.7888
1436268960000 156.69
1436269020000 156.75
1436269080000 156.81
1436269140000 156.96
1436269200000 156.95
1436269260000 157.135
1436269320000 157.01
1436269380000 157.295
1436269440000 157.28
1436269500000 157.305
1436269560000 157.32
1436269620000 157.235
1436269680000 157.212
1436269740000 157.07
1436269800000 157.15
1436269860000 157.2
1436269920000 157.14
1436269980000 157.07
1436270040000 156.99
1436270100000 157.02
1436270160000 157.19
1436270220000 157.16
1436270280000 157.0901
1436270340000 157.0701
1436270400000 157.15
1436270460000 157.23
1436270520000 157.07
1436270580000 157.09
1436270640000 157.23
1436270700000 157.22
1436270760000 157.12
1436270820000 156.945
1436270880000 156.93
1436270940000 157.01
1436271000000 157.0
1436271060000 156.96
1436271120000 156.86
1436271180000 156.89
1436271300000 156.89
1436271360000 157.04
1436271420000 157.05
1436271480000 156.9301
1436271540000 156.95
1436271600000 157.0
1436271660000 156.9601
1436271720000 157.015
1436271780000 156.97
1436271840000 157.05
1436271900000 156.95
1436271960000 156.87
1436272020000 156.79
1436272080000 156.82
1436272140000 156.835
1436272200000 156.81
1436272260000 156.87
1436272440000 156.96
1436272500000 156.95
1436272560000 156.89
1436272620000 156.88
1436272680000 156.872
1436272740000 156.98
1436272800000 156.9976
1436272860000 156.97
1436272920000 157.02
1436272980000 157.05
1436273040000 157.07
1436273100000 157.09
1436273160000 157.2255
1436273220000 157.25
1436273280000 157.29
1436273340000 157.17
1436273400000 157.15
1436273460000 157.16
1436273520000 157.16
1436273580000 157.24
1436273640000 157.16
1436273700000 157.16
1436273760000 157.1601
1436273820000 157.27
1436273880000 157.39
1436273940000 157.43
1436274000000 157.55
1436274060000 157.57
1436274120000 157.5408
1436274180000 157.48
1436274240000 157.62
1436274300000 157.64
1436274360000 157.46
1436274420000 157.6299
1436274480000 157.4
1436274540000 157.39
1436274600000 157.56
1436274660000 157.58
1436274720000 157.88
1436274780000 158.17
1436274840000 158.12
1436274900000 158.3
1436274960000 158.15
1436275020000 158.18
1436275080000 158.05
1436275200000 157.92
1436275260000 157.84
1436275320000 158.05
1436275380000 158.06
1436275440000 158.05
1436275500000 158.14
1436275560000 158.18
1436275620000 158.19
1436275680000 158.1668
1436275740000 158.27
1436275860000 158.26
1436275920000 158.21
1436275980000 158.2408
1436276040000 158.25
1436276100000 158.28
1436276160000 158.305
1436276280000 158.305
1436276340000 158.2887
1436276400000 158.37
1436276460000 158.42
1436276520000 158.45
1436276580000 158.45
1436276640000 158.4601
1436276700000 158.7
1436276760000 158.76
1436276820000 158.65
1436276880000 158.74
1436276940000 158.7
1436277000000 158.5
1436277060000 158.385
1436277180000 158.33
1436277240000 158.33
1436277300000 158.385
1436277360000 158.43
1436277420000 158.425
1436277480000 158.425
1436277540000 158.31
1436277600000 158.26
1436277660000 158.2
1436277720000 158.185
1436277780000 158.15
1436277840000 158.13
1436277960000 158.235
1436278020000 158.25
1436278080000 158.32
1436278140000 158.5079
1436278200000 158.6
1436278260000 158.6
1436278320000 158.572
1436278380000 158.577
1436278440000 158.41
1436278500000 158.4
1436278560000 158.36
1436278680000 158.36
1436278740000 158.32
1436278800000 158.01
1436278860000 158.15
1436278920000 158.16
1436278980000 158.12
1436279040000 158.16
1436279100000 158.23
1436279220000 158.3
1436279280000 158.3499
1436279340000 158.3199
1436279400000 158.3399
1436279460000 158.3399
1436279520000 158.34
1436279580000 158.38
1436279640000 158.53
1436279700000 158.52
1436279760000 158.53
1436279820000 158.56
1436279880000 158.59
1436279940000 158.53
1436280000000 158.71
1436280060000 158.75
1436280120000 158.9
1436280180000 159.0
1436280240000 159.33
1436280300000 159.33
1436280360000 159.27
1436280420000 159.25
1436280480000 159.37
1436280540000 159.23
1436280600000 159.33
1436280660000 159.26
1436280720000 159.235
1436280780000 159.14
1436280840000 159.16
1436280900000 159.12
1436280960000 159.105
1436281020000 159.15
1436281080000 159.22
1436281140000 159.41
1436281200000 159.5
1436281260000 159.579
1436281320000 159.6099
1436281380000 159.69
1436281440000 159.67
1436281500000 159.71
1436281560000 159.6799
1436281620000 159.46
