1436261400000 17.86
1436261460000 17.88
1436261520000 17.8
1436261580000 17.77
1436261640000 17.74
1436261700000 17.71
1436261760000 17.705
1436261820000 17.7
1436261880000 17.74
1436261940000 17.75
1436262000000 17.74
1436262060000 17.74
1436262120000 17.74
1436262180000 17.74
1436262240000 17.72
1436262300000 17.7
1436262360000 17.68
1436262420000 17.72
1436262480000 17.7
1436262540000 17.73
1436262600000 17.72
1436262660000 17.69
1436262720000 17.71
1436262780000 17.7
1436262840000 17.7
1436262900000 17.7
1436262960000 17.68
1436263020000 17.67
1436263080000 17.65
1436263140000 17.66
1436263200000 17.65
1436263260000 17.66
1436263320000 17.635
1436263380000 17.645
1436263440000 17.62
1436263500000 17.62
1436263560000 17.6
1436263620000 17.61
1436263680000 17.59
1436263740000 17.58
1436263800000 17.57
1436263860000 17.6
1436263920000 17.58
1436263980000 17.59
1436264040000 17.58
1436264100000 17.58
1436264160000 17.58
1436264220000 17.59
1436264280000 17.58
1436264340000 17.59
1436264400000 17.58
1436264460000 17.57
1436264520000 17.58
1436264580000 17.58
1436264640000 17.58
1436264700000 17.57
1436264760000 17.56
1436264820000 17.56
1436264880000 17.55
1436264940000 17.56
1436265000000 17.55
1436265060000 17.55
1436265120000 17.52
1436265180000 17.52
1436265240000 17.51
1436265300000 17.52
1436265360000 17.51
1436265420000 17.52
1436265480000 17.4905
1436265540000 17.5
1436265600000 17.51
1436265660000 17.5
1436265720000 17.49
1436265780000 17.49
1436265840000 17.5
1436265900000 17.49
1436265960000 17.5
1436266020000 17.51
1436266080000 17.51
1436266140000 17.51
1436266200000 17.49
1436266260000 17.48
1436266320000 17.51
1436266380000 17.52
1436266440000 17.53
1436266500000 17.53
1436266560000 17.49
1436266620000 17.495
1436266680000 17.49
1436266740000 17.48
1436266800000 17.47
1436266920000 17.47
1436266980000 17.46
1436267040000 17.46
1436267100000 17.46
1436267160000 17.45
1436267220000 17.45
1436267280000 17.465
1436267400000 17.465
1436267460000 17.4741
1436267520000 17.475
1436267580000 17.48
1436267640000 17.48
1436267700000 17.47
1436267760000 17.48
1436267820000 17.5
1436267880000 17.51
1436267940000 17.51
1436268000000 17.51
1436268060000 17.48
1436268120000 17.47
1436268180000 17.5
1436268240000 17.48
1436268300000 17.48
1436268360000 17.48
1436268420000 17.48
1436268480000 17.49
1436268540000 17.47
1436268600000 17.46
1436268660000 17.46
1436268720000 17.46
1436268780000 17.46
1436268840000 17.45
1436268900000 17.44
1436268960000 17.44
1436269020000 17.44
1436269080000 17.455
1436269140000 17.47
1436269200000 17.46
1436269260000 17.48
1436269320000 17.47
1436269380000 17.48
1436269440000 17.49
1436269500000 17.49
1436269560000 17.48
1436269620000 17.485
1436269680000 17.48
1436269740000 17.475
1436269800000 17.49
1436269860000 17.5
1436269920000 17.5
1436269980000 17.49
1436270040000 17.4999
1436270100000 17.5
1436270160000 17.52
1436270220000 17.55
1436270280000 17.56
1436270340000 17.54
1436270400000 17.53
1436270460000 17.51
1436270520000 17.52
1436270580000 17.53
1436270640000 17.54
1436270700000 17.545
1436270760000 17.53
1436270820000 17.53
1436270880000 17.52
1436270940000 17.51
1436271000000 17.52
1436271060000 17.52
1436271120000 17.51
1436271180000 17.51
1436271300000 17.5
1436271360000 17.51
1436271420000 17.5
1436271540000 17.5
1436271600000 17.51
1436271660000 17.51
1436271720000 17.51
1436271780000 17.51
1436271840000 17.51
1436271900000 17.5
1436271960000 17.5
1436272020000 17.51
1436272080000 17.51
1436272140000 17.51
1436272200000 17.515
1436272260000 17.51
1436272320000 17.54
1436272380000 17.5455
1436272440000 17.55
1436272500000 17.5435
1436272560000 17.52
1436272620000 17.53
1436272680000 17.54
1436272740000 17.56
1436272800000 17.56
1436272860000 17.555
1436272920000 17.55
1436272980000 17.555
1436273100000 17.54
1436273160000 17.55
1436273220000 17.56
1436273280000 17.57
1436273340000 17.565
1436273400000 17.565
1436273460000 17.56
1436273520000 17.57
1436273580000 17.575
1436273640000 17.58
1436273700000 17.595
1436273760000 17.6
1436273820000 17.59
1436273880000 17.62
1436273940000 17.62
1436274000000 17.63
1436274060000 17.63
1436274120000 17.62
1436274180000 17.6
1436274240000 17.62
1436274300000 17.61
1436274360000 17.6
1436274420000 17.59
1436274480000 17.61
1436274540000 17.63
1436274600000 17.625
1436274660000 17.63
1436274720000 17.65
1436274780000 17.66
1436274840000 17.66
1436274900000 17.67
1436274960000 17.65
1436275020000 17.6425
1436275080000 17.65
1436275140000 17.65
1436275200000 17.67
1436275260000 17.67
1436275320000 17.66
1436275380000 17.65
1436275440000 17.66
1436275500000 17.66
1436275560000 17.66
1436275620000 17.65
1436275680000 17.65
1436275740000 17.6699
1436275800000 17.67
1436275860000 17.67
1436275920000 17.66
1436275980000 17.655
1436276040000 17.66
1436276100000 17.665
1436276160000 17.665
1436276220000 17.665
1436276280000 17.65
1436276340000 17.655
1436276400000 17.66
1436276460000 17.6494
1436276520000 17.65
1436276580000 17.66
1436276640000 17.66
1436276700000 17.67
1436276760000 17.66
1436276820000 17.66
1436276880000 17.64
1436276940000 17.6479
1436277000000 17.668
1436277060000 17.635
1436277120000 17.63
1436277180000 17.625
1436277300000 17.63
1436277420000 17.62
1436277480000 17.62
1436277540000 17.625
1436277600000 17.65
1436277660000 17.65
1436277720000 17.64
1436277780000 17.62
1436277840000 17.62
1436277900000 17.635
1436277960000 17.629
1436278020000 17.625
1436278080000 17.62
1436278140000 17.625
1436278200000 17.63
1436278260000 17.63
1436278320000 17.635
1436278380000 17.63
1436278440000 17.6246
1436278500000 17.62
1436278560000 17.6
1436278620000 17.605
1436278680000 17.59
1436278740000 17.59
1436278800000 17.575
1436278860000 17.56
1436278920000 17.54
1436278980000 17.545
1436279040000 17.57
1436279100000 17.57
1436279160000 17.58
1436279220000 17.58
1436279280000 17.58
1436279340000 17.57
1436279400000 17.57
1436279460000 17.56
1436279520000 17.56
1436279580000 17.56
1436279640000 17.56
1436279700000 17.55
1436279760000 17.55
1436279820000 17.55
1436279880000 17.55
1436279940000 17.57
1436280000000 17.57
1436280060000 17.575
1436280120000 17.585
1436280180000 17.58
1436280240000 17.59
1436280300000 17.61
1436280360000 17.61
1436280420000 17.63
1436280480000 17.64
1436280540000 17.635
1436280600000 17.65
1436280660000 17.635
1436280720000 17.65
1436280780000 17.6499
1436280840000 17.67
1436280900000 17.665
1436280960000 17.66
1436281020000 17.67
1436281080000 17.68
1436281140000 17.7
1436281200000 17.7
1436281260000 17.71
1436281320000 17.69
1436281380000 17.7
1436281440000 17.69
1436281500000 17.7
1436281560000 17.68
1436281620000 17.68
