1404705600000 12.53
1404792000000 12.5101
1404878400000 12.51
1404964800000 12.52
1405310400000 12.51
1405396800000 12.52
1405483200000 12.5861
1405569600000 12.51
1405656000000 12.51
1405915200000 12.5
1406001600000 12.53
1406088000000 12.53
1406174400000 12.5
1406260800000 12.65
1406520000000 12.69
1406606400000 12.5
1406692800000 12.53
1406779200000 12.57
1406865600000 12.96
1407124800000 12.86
1407211200000 12.75
1407297600000 12.64
1407384000000 12.62
1407470400000 12.6
1407729600000 12.41
1407816000000 12.49
1407902400000 12.26
1407988800000 12.31
1408075200000 12.3
1408334400000 11.94
1408420800000 12.24
1408507200000 12.002
1408593600000 12.12
1408680000000 12.32
1408939200000 12.425
1409025600000 12.15
1409112000000 12.1
1409198400000 12.01
1409284800000 11.93
1409630400000 11.9
1409716800000 11.905
1409803200000 11.88
1409889600000 11.89
1410148800000 12.05
1410235200000 12.63
1410321600000 12.7
1410408000000 12.05
1410494400000 12.49
1410753600000 13.07
1410840000000 12.54
1410926400000 12.39
1411012800000 12.35
1411099200000 12.07
1411358400000 12.41
1411444800000 12.37
1411531200000 12.11
1411617600000 12.1
1411963200000 12.05
1412136000000 12.15
1412222400000 12.25
1412308800000 12.23
1412568000000 12.23
1412654400000 12.3
1412740800000 12.25
1412827200000 11.87
1412913600000 11.536
1413172800000 11.68
1413259200000 11.7
1413345600000 11.5
1413432000000 11.98
1413518400000 11.9
1413777600000 12.13
1413864000000 12.07
1413950400000 11.84
1414036800000 12.11
1414123200000 12.29
1414468800000 12.22
1414555200000 12.25
1414641600000 11.069
1414728000000 11.647
1414990800000 11.8605
1415077200000 12.02
1415250000000 11.5
1415336400000 11.99
1415595600000 11.88
1416200400000 11.84
1416286800000 11.65
1416373200000 11.566
1416459600000 11.79
1416546000000 11.8895
1416805200000 11.5
1416891600000 11.377
1416978000000 11.42
1417410000000 11.54
1417582800000 11.51
1417669200000 11.88
1417755600000 12.2
1418014800000 12.08
1418792400000 12.08
1418878800000 11.86
1419224400000 11.55
1419310800000 11.501
1419397200000 11.47
1419570000000 11.574
1419829200000 11.74
1419915600000 11.46
1420002000000 11.444
1420520400000 11.48
1420606800000 11.52
1420693200000 11.7
1420779600000 11.7
1421038800000 11.717
1421211600000 11.7001
1421298000000 11.8313
1421384400000 11.7
1421730000000 11.7001
1421816400000 11.93
1421902800000 11.8221
1421989200000 12.06
1422248400000 11.74
1422334800000 11.7262
1422421200000 12.08
1422507600000 11.75
1422594000000 12.0619
1422853200000 12.0
1422939600000 11.75
1423026000000 11.8117
1423112400000 11.9
1423198800000 11.75
1423458000000 11.842
1423544400000 11.9
1423630800000 11.9
1423717200000 11.85
1423803600000 11.7501
1424149200000 11.85
1424235600000 11.85
1424408400000 11.85
1424754000000 11.7015
1424926800000 11.7
1425272400000 11.7
1425358800000 11.7
1425531600000 11.7
1425618000000 11.7
1425873600000 11.02
1425960000000 11.01
1426046400000 10.73
1426132800000 10.69
1426219200000 10.69
1426478400000 11.05
1426564800000 11.05
1426737600000 10.8772
1426824000000 10.8
1427083200000 10.97
1427169600000 10.68
1427256000000 10.9
1427342400000 10.904
1427428800000 10.88
1427688000000 10.79
1427860800000 10.67
1427947200000 10.5814
1428292800000 11.0
1428379200000 10.53
1428465600000 10.381
1428552000000 10.47
1428638400000 10.75
1428897600000 10.5
1429070400000 10.4999
1429156800000 10.43
1429243200000 10.66
1429502400000 10.54
1429588800000 10.65
1429675200000 10.7
1429761600000 10.7601
1430107200000 10.8
1430280000000 10.52
1430366400000 10.6
1430452800000 10.5001
1430712000000 11.65
1430798400000 11.4
1430971200000 11.4125
1431057600000 12.03
1431316800000 12.0
1431576000000 11.56
1431662400000 11.5797
1431921600000 11.88
1432008000000 11.54
1432094400000 11.5094
1432267200000 11.8285
1432612800000 11.965
1432699200000 11.55
1432785600000 11.57
1432872000000 11.61
1433304000000 11.49
1433736000000 11.23
1433822400000 11.0801
1433995200000 11.5
1434081600000 11.08
1434340800000 11.08
1434427200000 11.4999
1434513600000 11.05
1435032000000 11.02
1435118400000 11.02
1435204800000 11.0201
1435291200000 10.82
1435550400000 10.83
1435636800000 10.48
1435723200000 10.88
1435809600000 10.41
