1436261400000 2.05
1436261520000 2.0724
1436261580000 2.08
1436261640000 2.085
1436261700000 2.08
1436261760000 2.06
1436261820000 2.0601
1436261880000 2.06
1436261940000 2.06
1436262000000 2.06
1436262120000 2.06
1436262180000 2.07
1436262240000 2.06
1436262300000 2.06
1436262480000 2.06
1436262540000 2.065
1436262600000 2.0609
1436262660000 2.07
1436262720000 2.07
1436262780000 2.06
1436262960000 2.07
1436263020000 2.06
1436263080000 2.0638
1436263140000 2.04
1436263260000 2.04
1436263320000 2.045
1436263380000 2.045
1436263500000 2.045
1436263620000 2.0412
1436263740000 2.04
1436263800000 2.04
1436263860000 2.0499
1436263920000 2.045
1436263980000 2.04
1436264040000 2.04
1436264100000 2.04
1436264160000 2.04
1436264220000 2.04
1436264280000 2.01
1436264340000 2.01
1436264400000 2.001
1436264460000 2.01
1436264520000 2.0
1436264760000 2.015
1436264820000 2.01
1436264940000 2.01
1436265060000 2.01
1436265180000 2.01
1436265240000 2.01
1436265300000 2.01
1436265360000 2.01
1436265420000 2.0
1436265540000 2.005
1436265600000 2.0
1436265660000 2.0
1436265720000 1.98
1436265780000 1.99
1436265840000 1.975
1436265900000 1.98
1436266020000 1.99
1436266080000 1.98
1436266140000 1.985
1436266200000 1.97
1436266260000 1.98
1436266320000 1.975
1436266380000 1.985
1436266440000 1.99
1436266500000 1.98
1436266740000 1.98
1436266800000 1.98
1436266860000 1.985
1436266920000 1.97
1436266980000 1.97
1436267040000 1.97
1436267100000 1.97
1436267160000 1.97
1436267220000 1.97
1436267280000 1.965
1436267400000 1.97
1436267460000 1.98
1436267520000 1.99
1436267580000 1.98
1436267640000 1.98
1436267700000 1.985
1436267760000 1.981
1436267880000 1.98
1436267940000 1.98
1436268000000 1.99
1436268060000 1.99
1436268120000 1.981
1436268180000 1.985
1436268240000 1.985
1436268300000 1.99
1436268360000 1.985
1436268420000 1.985
1436268480000 1.98
1436268540000 1.98
1436268600000 1.975
1436268660000 1.971
1436268780000 1.97
1436268840000 1.975
1436268900000 1.965
1436268960000 1.96
1436269080000 1.96
1436269140000 1.96
1436269200000 1.96
1436269260000 1.97
1436269320000 1.96
1436269380000 1.96
1436269440000 1.97
1436269500000 2.01
1436269560000 2.0
1436269620000 2.0
1436269680000 1.99
1436269740000 1.99
1436269800000 1.9914
1436269860000 1.99
1436269920000 1.99
1436269980000 1.99
1436270100000 1.99
1436270160000 1.995
1436270220000 2.01
1436270280000 2.01
1436270340000 2.02
1436270400000 2.01
1436270460000 2.005
1436270520000 2.01
1436270580000 2.0
1436270640000 2.0
1436270760000 2.0
1436270940000 2.0
1436271000000 2.0
1436271060000 2.0
1436271120000 1.99
1436271180000 1.99
1436271240000 1.99
1436271300000 1.99
1436271360000 1.99
1436271420000 1.995
1436271480000 1.99
1436271540000 1.99
1436271660000 1.98
1436271720000 1.99
1436271780000 1.985
1436271900000 1.98
1436271960000 1.98
1436272020000 1.985
1436272080000 1.98
1436272140000 1.98
1436272200000 1.98
1436272260000 1.98
1436272320000 1.98
1436272440000 1.981
1436272500000 1.99
1436272560000 1.99
1436272680000 2.0
1436272740000 1.99
1436272800000 2.0
1436272860000 1.995
1436272920000 2.0
1436272980000 1.995
1436273040000 1.99
1436273100000 1.99
1436273160000 2.001
1436273220000 2.005
1436273280000 2.0
1436273340000 2.005
1436273400000 2.015
1436273460000 2.015
1436273520000 2.015
1436273580000 2.01
1436273640000 2.015
1436273700000 2.015
1436273760000 2.02
1436273820000 2.015
1436273880000 2.025
1436273940000 2.03
1436274000000 2.021
1436274060000 2.03
1436274120000 2.03
1436274240000 2.03
1436274300000 2.03
1436274360000 2.02
1436274420000 2.02
1436274540000 2.02
1436274600000 2.02
1436274660000 2.01
1436274720000 2.01
1436274780000 2.01
1436274840000 2.01
1436274960000 2.01
1436275020000 2.0
1436275080000 2.0
1436275200000 2.0
1436275260000 2.005
1436275320000 2.0
1436275380000 2.0
1436275500000 2.0
1436275620000 2.0
1436275680000 2.0
1436275740000 2.005
1436275800000 2.0
1436275860000 2.01
1436275920000 2.01
1436275980000 2.0
1436276040000 2.0
1436276100000 2.0
1436276160000 2.001
1436276220000 2.005
1436276280000 2.0005
1436276340000 2.0
1436276400000 2.01
1436276460000 2.0
1436276520000 2.0
1436276580000 2.01
1436276640000 2.01
1436276700000 2.0
1436276820000 2.01
1436276880000 2.0
1436276940000 2.0
1436277000000 2.009
1436277120000 2.0085
1436277180000 2.0
1436277240000 2.01
1436277300000 2.01
1436277360000 2.005
1436277420000 2.0
1436277480000 2.0088
1436277540000 2.0
1436277600000 2.0
1436277660000 2.0
1436277720000 2.0
1436277780000 1.99
1436277840000 1.997
1436278020000 1.99
1436278080000 1.99
1436278260000 1.99
1436278320000 1.99
1436278380000 1.99
1436278500000 1.99
1436278560000 1.98
1436278680000 1.981
1436278740000 1.98
1436278800000 1.98
1436278860000 1.98
1436278920000 1.985
1436278980000 1.98
1436279100000 1.98
1436279220000 1.985
1436279280000 1.98
1436279400000 1.981
1436279520000 1.985
1436279580000 1.98
1436279700000 1.98
1436279760000 1.98
1436279880000 1.98
1436279940000 1.98
1436280000000 1.99
1436280180000 2.0
1436280240000 2.0
1436280300000 2.0
1436280360000 2.005
1436280480000 2.0
1436280540000 1.99
1436280600000 1.99
1436280660000 1.99
1436280780000 1.99
1436280840000 1.99
1436280960000 1.99
1436281080000 1.99
1436281140000 2.0
1436281200000 2.01
1436281260000 2.005
1436281320000 2.005
1436281380000 2.0
1436281440000 2.0
1436281500000 2.005
1436281560000 2.0
