1436261760000 15.3
1436261820000 15.16
1436262000000 15.15
1436262120000 15.16
1436262240000 15.16
1436262300000 15.16
1436262360000 15.15
1436262480000 15.07
1436262600000 15.06
1436262660000 15.05
1436262720000 15.05
1436262780000 15.05
1436262840000 15.0
1436262900000 15.02
1436262960000 15.0
1436263080000 14.98
1436263320000 15.0
1436263380000 15.01
1436263440000 15.0966
1436263860000 15.08
1436263980000 15.12
1436264040000 15.12
1436264160000 15.1
1436264280000 15.07
1436264400000 15.06
1436264460000 15.05
1436264520000 15.08
1436264580000 15.11
1436264820000 15.11
1436265000000 15.04
1436265180000 14.97
1436265240000 15.01
1436265360000 15.02
1436265600000 15.03
1436265660000 15.03
1436265720000 15.04
1436265780000 15.03
1436265960000 15.04
1436266020000 15.08
1436266200000 15.09
1436266260000 15.17
1436266320000 15.18
1436266380000 15.2
1436266440000 15.23
1436266500000 15.23
1436266560000 15.24
1436266620000 15.24
1436266680000 15.23
1436266740000 15.24
1436266800000 15.24
1436267040000 15.14
1436267160000 15.185
1436267400000 15.19
1436267580000 15.22
1436267820000 15.23
1436268060000 15.21
1436268120000 15.21
1436268180000 15.17
1436268300000 15.12
1436268360000 15.08
1436268420000 15.12
1436268480000 15.16
1436268540000 15.18
1436268600000 15.16
1436268660000 15.12
1436268720000 15.12
1436268780000 15.16
1436268840000 15.1599
1436268900000 15.11
1436268960000 15.05
1436269200000 15.19
1436269260000 15.19
1436269320000 15.14
1436269560000 15.16
1436269860000 15.14
1436269920000 15.14
1436269980000 15.15
1436270040000 15.12
1436270100000 15.14
1436270160000 15.1599
1436270340000 15.2
1436270400000 15.16
1436270760000 15.2
1436270940000 15.19
1436271180000 15.16
1436271240000 15.11
1436271600000 15.13
1436271780000 15.1
1436271960000 15.13
1436272080000 15.17
1436272200000 15.145
1436272320000 15.17
1436272500000 15.21
1436272560000 15.16
1436272740000 15.16
1436273040000 15.2
1436273280000 15.17
1436273400000 15.15
1436273460000 15.14
1436273520000 15.14
1436273700000 15.18
1436273880000 15.23
1436274000000 15.2
1436274120000 15.24
1436274180000 15.21
1436274240000 15.21
1436274360000 15.15
1436274420000 15.14
1436274480000 15.12
1436274540000 15.15
1436274720000 15.17
1436274780000 15.19
1436274840000 15.17
1436274900000 15.18
1436274960000 15.16
1436275140000 15.11
1436275260000 15.11
1436275320000 15.14
1436275380000 15.15
1436275620000 15.12
1436275740000 15.1
1436275980000 15.07
1436276040000 15.07
1436276100000 15.11
1436276220000 15.08
1436276460000 15.07
1436276520000 15.1
1436276880000 15.13
1436276940000 15.12
1436277000000 15.08
1436277120000 15.05
1436277180000 15.07
1436277420000 15.03
1436277480000 15.07
1436277660000 15.07
1436277780000 15.08
1436278020000 15.06
1436278080000 15.03
1436278140000 15.06
1436278200000 15.02
1436278500000 15.01
1436278560000 15.02
1436278620000 15.03
1436278740000 15.03
1436279160000 14.98
1436279220000 14.99
1436279280000 14.97
1436279340000 14.97
1436279400000 14.97
1436279520000 14.99
1436279580000 15.01
1436279760000 15.04
1436279880000 15.03
1436279940000 15.0
1436280000000 15.03
1436280060000 15.04
1436280120000 15.03
1436280180000 15.04
1436280240000 15.03
1436280300000 15.04
1436280420000 15.04
1436280540000 15.04
1436280600000 15.04
1436280660000 15.03
1436280780000 15.04
1436280900000 15.04
1436281020000 15.04
1436281080000 15.04
1436281140000 15.05
1436281200000 15.18
1436281320000 15.19
