1436261400000 35.72
1436261460000 35.48
1436261520000 35.65
1436261580000 35.6
1436261640000 35.66
1436261700000 35.55
1436261760000 35.54
1436261820000 35.61
1436261880000 35.73
1436261940000 35.76
1436262000000 35.71
1436262060000 35.72
1436262120000 35.7
1436262180000 35.75
1436262240000 35.75
1436262300000 35.75
1436262360000 35.67
1436262420000 35.68
1436262480000 35.69
1436262540000 35.72
1436262600000 35.69
1436262660000 35.66
1436262720000 35.67
1436262780000 35.72
1436262840000 35.71
1436262900000 35.7
1436262960000 35.68
1436263020000 35.68
1436263080000 35.67
1436263140000 35.64
1436263200000 35.68
1436263260000 35.64
1436263320000 35.66
1436263380000 35.72
1436263440000 35.69
1436263500000 35.69
1436263560000 35.715
1436263620000 35.67
1436263680000 35.61
1436263740000 35.66
1436263800000 35.68
1436263860000 35.7
1436263920000 35.71
1436263980000 35.7224
1436264040000 35.72
1436264100000 35.69
1436264160000 35.69
1436264220000 35.7201
1436264280000 35.69
1436264340000 35.71
1436264400000 35.71
1436264460000 35.65
1436264520000 35.67
1436264580000 35.67
1436264640000 35.66
1436264700000 35.68
1436264760000 35.65
1436264820000 35.59
1436264880000 35.59
1436264940000 35.59
1436265000000 35.56
1436265060000 35.49
1436265120000 35.46
1436265180000 35.46
1436265240000 35.45
1436265300000 35.46
1436265360000 35.46
1436265420000 35.49
1436265480000 35.48
1436265540000 35.48
1436265600000 35.47
1436265660000 35.47
1436265720000 35.45
1436265780000 35.48
1436265840000 35.49
1436265900000 35.51
1436265960000 35.49
1436266020000 35.58
1436266080000 35.59
1436266140000 35.59
1436266200000 35.55
1436266260000 35.54
1436266320000 35.58
1436266380000 35.54
1436266440000 35.58
1436266500000 35.58
1436266560000 35.515
1436266620000 35.54
1436266680000 35.49
1436266740000 35.48
1436266800000 35.48
1436266860000 35.44
1436266920000 35.47
1436266980000 35.49
1436267040000 35.46
1436267100000 35.49
1436267160000 35.47
1436267220000 35.51
1436267280000 35.52
1436267340000 35.51
1436267400000 35.51
1436267460000 35.53
1436267520000 35.56
1436267580000 35.59
1436267640000 35.59
1436267700000 35.63
1436267760000 35.67
1436267820000 35.7
1436267880000 35.66
1436267940000 35.635
1436268000000 35.65
1436268060000 35.61
1436268120000 35.6
1436268180000 35.62
1436268240000 35.64
1436268300000 35.58
1436268360000 35.61
1436268420000 35.58
1436268480000 35.62
1436268540000 35.61
1436268600000 35.57
1436268660000 35.55
1436268720000 35.54
1436268780000 35.526
1436268840000 35.52
1436268900000 35.4856
1436268960000 35.48
1436269020000 35.53
1436269080000 35.55
1436269140000 35.6
1436269200000 35.61
1436269260000 35.65
1436269320000 35.67
1436269380000 35.71
1436269440000 35.72
1436269500000 35.72
1436269560000 35.72
1436269620000 35.72
1436269680000 35.74
1436269740000 35.723
1436269800000 35.73
1436269860000 35.73
1436269920000 35.71
1436269980000 35.72
1436270040000 35.72
1436270100000 35.75
1436270160000 35.76
1436270220000 35.84
1436270280000 35.83
1436270340000 35.79
1436270400000 35.76
1436270460000 35.73
1436270520000 35.75
1436270580000 35.75
1436270640000 35.79
1436270700000 35.77
1436270760000 35.72
1436270820000 35.71
1436270880000 35.715
1436270940000 35.74
1436271000000 35.72
1436271060000 35.7
1436271120000 35.69
1436271180000 35.7
1436271240000 35.71
1436271300000 35.71
1436271360000 35.72
1436271420000 35.68
1436271480000 35.69
1436271540000 35.7
1436271600000 35.71
1436271660000 35.73
1436271720000 35.76
1436271840000 35.76
1436271960000 35.72
1436272020000 35.73
1436272080000 35.75
1436272140000 35.74
1436272200000 35.75
1436272260000 35.73
1436272320000 35.73
1436272380000 35.72
1436272440000 35.783
1436272500000 35.77
1436272560000 35.76
1436272620000 35.78
1436272680000 35.78
1436272740000 35.77
1436272800000 35.7901
1436272860000 35.76
1436272920000 35.794
1436272980000 35.8
1436273040000 35.79
1436273100000 35.82
1436273160000 35.85
1436273220000 35.88
1436273280000 35.91
1436273340000 35.93
1436273400000 35.91
1436273460000 35.89
1436273580000 35.86
1436273640000 35.86
1436273760000 35.9
1436273820000 35.92
1436273880000 35.95
1436273940000 35.95
1436274000000 35.95
1436274060000 36.0
1436274120000 35.96
1436274180000 35.96
1436274240000 35.97
1436274300000 35.98
1436274360000 36.0
1436274420000 35.93
1436274480000 35.93
1436274540000 35.97
1436274600000 35.96
1436274660000 35.95
1436274720000 35.96
1436274780000 35.99
1436274840000 35.99
1436274900000 36.0
1436274960000 35.97
1436275020000 35.93
1436275080000 35.94
1436275140000 35.93
1436275200000 35.95
1436275260000 35.95
1436275320000 35.94
1436275380000 35.95
1436275440000 35.97
1436275500000 35.95
1436275560000 35.97
1436275620000 35.97
1436275680000 35.96
1436275740000 35.98
1436275800000 35.98
1436275860000 35.95
1436275920000 35.95
1436275980000 35.93
1436276040000 35.91
1436276160000 35.89
1436276220000 35.9
1436276280000 35.9
1436276340000 35.91
1436276400000 35.91
1436276460000 35.88
1436276520000 35.895
1436276580000 35.9
1436276640000 35.88
1436276700000 35.89
1436276760000 35.9
1436276820000 35.895
1436276880000 35.895
1436276940000 35.9
1436277000000 35.9
1436277060000 35.875
1436277120000 35.87
1436277180000 35.87
1436277240000 35.875
1436277300000 35.84
1436277360000 35.83
1436277420000 35.84
1436277480000 35.83
1436277540000 35.83
1436277600000 35.84
1436277660000 35.84
1436277720000 35.81
1436277780000 35.82
1436277840000 35.82
1436277900000 35.83
1436277960000 35.82
1436278020000 35.825
1436278080000 35.82
1436278140000 35.825
1436278200000 35.83
1436278260000 35.8
1436278320000 35.805
1436278380000 35.81
1436278440000 35.8
1436278500000 35.79
1436278560000 35.79
1436278620000 35.78
1436278680000 35.8
1436278740000 35.77
1436278800000 35.75
1436278860000 35.765
1436278920000 35.74
1436278980000 35.72
1436279040000 35.74
1436279100000 35.75
1436279160000 35.76
1436279220000 35.77
1436279280000 35.78
1436279340000 35.77
1436279400000 35.77
1436279460000 35.76
1436279520000 35.77
1436279580000 35.79
1436279640000 35.8
1436279700000 35.8
1436279760000 35.82
1436279820000 35.81
1436279880000 35.81
1436279940000 35.85
1436280000000 35.85
1436280060000 35.88
1436280120000 35.915
1436280180000 35.92
1436280240000 35.93
1436280300000 35.945
1436280360000 35.94
1436280420000 35.94
1436280480000 35.93
1436280540000 35.92
1436280600000 35.93
1436280660000 35.93
1436280720000 35.93
1436280780000 35.955
1436280840000 35.965
1436280900000 35.96
1436280960000 35.94
1436281020000 35.95
1436281080000 35.945
1436281140000 35.98
1436281200000 35.98
1436281260000 35.98
1436281320000 35.97
1436281380000 35.97
1436281440000 35.97
1436281500000 35.99
1436281560000 35.98
1436281620000 35.98
