1436261400000 0.98
1436261520000 0.98
1436261700000 0.96
1436261760000 0.9501
1436261820000 0.95
1436261880000 0.9605
1436262120000 0.9517
1436262240000 0.9502
1436262300000 0.9502
1436262600000 0.9402
1436262660000 0.9401
1436262720000 0.9401
1436262840000 0.9502
1436262960000 0.95
1436263200000 0.95
1436263320000 0.9664
1436264460000 0.9605
1436265240000 0.9567
1436265300000 0.9567
1436265360000 0.9567
1436265540000 0.9522
1436265600000 0.955
1436265660000 0.9522
1436265960000 0.955
1436266020000 0.95
1436266260000 0.94
1436266500000 0.9401
1436266980000 0.94
1436267100000 0.9478
1436267160000 0.9479
1436267340000 0.9549
1436268000000 0.94
1436268240000 0.9549
1436268360000 0.94
1436268420000 0.94
1436268480000 0.94
1436268540000 0.92
1436268600000 0.92
1436268720000 0.9184
1436269800000 0.92
1436270100000 0.91
1436271120000 0.9299
1436271300000 0.9201
1436271360000 0.9201
1436271900000 0.93
1436272200000 0.93
1436273220000 0.9298
1436273400000 0.9299
1436273640000 0.9549
1436275080000 0.95
1436275800000 0.94
1436275980000 0.9359
1436276580000 0.9336
1436276700000 0.9307
1436277000000 0.93
1436277120000 0.93
1436277240000 0.9306
1436277600000 0.9335
1436277720000 0.9335
1436277960000 0.9398
1436278080000 0.93
1436278320000 0.9397
1436279340000 0.945
1436280060000 0.9498
1436280660000 0.945
1436280720000 0.945
1436280840000 0.9533
1436281140000 0.945
1436281320000 0.9451
1436281560000 0.945
