1436261400000 20.25
1436261640000 20.734
1436261880000 20.0
1436262000000 19.92
1436262060000 19.91
1436262120000 19.93
1436262240000 19.93
1436262480000 19.91
1436262960000 19.97
1436263020000 19.92
1436263260000 19.91
1436263380000 19.89
1436263620000 19.89
1436264040000 19.9
1436264340000 19.93
1436264640000 19.96
1436264820000 19.89
1436265000000 19.84
1436265660000 19.73
1436266440000 19.77
1436266500000 19.83
1436266920000 19.89
1436267280000 19.85
1436268240000 19.82
1436268420000 19.82
1436268600000 19.805
1436268720000 19.84
1436268900000 19.76
1436268960000 19.795
1436269080000 19.76
1436269140000 19.8
1436269380000 19.91
1436269500000 19.99
1436269800000 20.0
1436270160000 20.0
1436270220000 20.0
1436270280000 20.1
1436270520000 20.02
1436270580000 19.91
1436270760000 19.87
1436270820000 19.92
1436270880000 19.92
1436270940000 19.92
1436271420000 19.9
1436271720000 19.92
1436271840000 19.96
1436271900000 19.99
1436272500000 19.95
1436272620000 20.0
1436272680000 20.0
1436272740000 20.0
1436272980000 19.97
1436273520000 19.99
1436273640000 20.0
1436273700000 20.0
1436273760000 20.04
1436273820000 20.02
1436274060000 20.03
1436274360000 20.02
1436274420000 20.0599
1436274480000 20.07
1436274540000 20.08
1436274900000 20.18
1436275020000 20.175
1436275080000 20.2
1436275140000 20.22
1436275200000 20.22
1436275380000 20.19
1436275440000 20.25
1436275620000 20.22
1436275680000 20.15
1436275740000 20.21
1436275800000 20.38
1436275860000 20.4
1436275920000 20.35
1436275980000 20.23
1436276040000 20.16
1436276100000 20.04
1436276160000 20.09
1436276220000 20.2
1436276280000 20.15
1436276340000 20.13
1436276400000 20.12
1436276460000 20.12
1436276520000 20.12
1436276580000 20.11
1436276640000 20.1
1436276700000 20.1
1436276760000 20.14
1436276820000 20.19
1436276880000 20.14
1436277240000 20.18
1436277360000 20.12
1436277420000 20.05
1436277480000 20.0
1436277540000 20.04
1436277600000 20.03
1436277720000 20.0
1436277900000 20.0
1436278080000 20.0
1436278140000 20.05
1436278200000 20.0
1436278260000 20.0
1436278320000 19.99
1436279520000 19.98
1436279700000 19.94
1436279760000 19.94
1436280000000 19.97
1436280600000 19.99
1436280840000 19.99
1436280900000 19.92
1436281020000 19.99
1436281080000 20.0
1436281140000 20.0
1436281200000 20.05
1436281500000 20.07
