1436261400000 0.475
1436261460000 0.491
1436261700000 0.48
1436261820000 0.48
1436261880000 0.4828
1436261940000 0.4979
1436262240000 0.47
1436262900000 0.49
1436263320000 0.51
1436263380000 0.51
1436264100000 0.52
1436264760000 0.498
1436265060000 0.498
1436265240000 0.5057
1436265360000 0.498
1436265780000 0.498
1436265900000 0.498
1436265960000 0.49
1436266200000 0.498
1436268000000 0.4962
1436268120000 0.46
1436268300000 0.4581
1436268360000 0.4975
1436268480000 0.4975
1436268960000 0.4677
1436269980000 0.4601
1436270640000 0.4819
1436270760000 0.4975
1436271240000 0.4975
1436271960000 0.4975
1436272560000 0.48
1436272980000 0.4975
1436273340000 0.48
1436273400000 0.48
1436273460000 0.48
1436274120000 0.4975
1436274180000 0.4971
1436274720000 0.462
1436275380000 0.462
1436275680000 0.4974
1436275740000 0.4975
1436276220000 0.4975
1436276760000 0.4975
1436276820000 0.47
1436276880000 0.4975
1436277540000 0.4975
1436278740000 0.47
1436279700000 0.47
1436279760000 0.46
1436279880000 0.45
1436280000000 0.4512
1436281320000 0.45
1436281560000 0.45
