1436261400000 14.69
1436261460000 14.7
1436261520000 14.75
1436261580000 14.77
1436261640000 14.7201
1436261700000 14.7569
1436261760000 14.72
1436261820000 14.7399
1436261880000 14.7564
1436261940000 14.7268
1436262000000 14.693
1436262060000 14.6801
1436262120000 14.683
1436262180000 14.534
1436262240000 14.58
1436262300000 14.5997
1436262360000 14.639
1436262420000 14.596
1436262480000 14.6497
1436262540000 14.6499
1436262600000 14.595
1436262660000 14.5001
1436262720000 14.43
1436262780000 14.348
1436262840000 14.2912
1436262900000 14.2299
1436262960000 14.2001
1436263020000 14.18
1436263080000 14.32
1436263140000 14.291
1436263200000 14.3
1436263260000 14.24
1436263320000 14.2268
1436263380000 14.11
1436263440000 14.18
1436263500000 14.15
1436263560000 14.046
1436263620000 13.926
1436263680000 13.8095
1436263740000 13.7
1436263800000 13.64
1436263860000 13.7
1436263920000 13.7
1436263980000 13.83
1436264040000 13.71
1436264100000 13.673
1436264160000 13.71
1436264220000 13.7296
1436264280000 13.68
1436264340000 13.7
1436264400000 13.74
1436264460000 13.68
1436264520000 13.6137
1436264580000 13.6437
1436264640000 13.6499
1436264700000 13.674
1436264760000 13.61
1436264820000 13.57
1436264880000 13.5501
1436264940000 13.49
1436265000000 13.43
1436265060000 13.36
1436265120000 13.245
1436265180000 13.2899
1436265240000 13.3761
1436265300000 13.322
1436265360000 13.3501
1436265420000 13.39
1436265480000 13.3717
1436265540000 13.4
1436265600000 13.5197
1436265660000 13.6701
1436265720000 13.747
1436265780000 13.82
1436265840000 13.7631
1436265900000 13.7853
1436265960000 13.6201
1436266020000 13.6506
1436266080000 13.66
1436266140000 13.65
1436266200000 13.6201
1436266260000 13.679
1436266320000 13.75
1436266380000 13.7
1436266440000 13.7361
1436266500000 13.6893
1436266560000 13.7037
1436266620000 13.75
1436266680000 13.7376
1436266740000 13.72
1436266800000 13.7
1436266860000 13.67
1436266920000 13.6594
1436266980000 13.6569
1436267040000 13.6308
1436267100000 13.617
1436267160000 13.6272
1436267220000 13.6285
1436267280000 13.62
1436267340000 13.6
1436267400000 13.5699
1436267460000 13.5619
1436267520000 13.6399
1436267580000 13.6094
1436267640000 13.605
1436267700000 13.61
1436267760000 13.7
1436267820000 13.83
1436267880000 13.86
1436267940000 13.78
1436268000000 13.77
1436268060000 13.7875
1436268120000 13.69
1436268180000 13.6
1436268240000 13.66
1436268300000 13.67
1436268360000 13.6895
1436268420000 13.65
1436268540000 13.62
1436268660000 13.6599
1436268720000 13.7001
1436268780000 13.71
1436268840000 13.7099
1436268900000 13.697
1436268960000 13.7
1436269020000 13.728
1436269080000 13.72
1436269140000 13.748
1436269200000 13.7361
1436269260000 13.7775
1436269320000 13.7981
1436269380000 13.91
1436269440000 13.9
1436269500000 13.938
1436269560000 13.85
1436269620000 13.9
1436269680000 13.9299
1436269740000 13.8799
1436269800000 13.8625
1436269860000 13.8699
1436269920000 13.9379
1436269980000 13.9
1436270040000 13.97
1436270100000 14.04
1436270160000 14.0899
1436270220000 14.1
1436270280000 14.0901
1436270340000 14.0801
1436270400000 14.07
1436270460000 14.01
1436270520000 14.0182
1436270580000 13.98
1436270640000 14.0
1436270700000 14.02
1436270760000 14.24
1436270820000 14.15
1436270880000 14.224
1436270940000 14.2584
1436271000000 14.35
1436271060000 14.3401
1436271120000 14.32
1436271180000 14.284
1436271240000 14.2224
1436271300000 14.27
1436271360000 14.35
1436271420000 14.25
1436271480000 14.289
1436271540000 14.268
1436271600000 14.25
1436271660000 14.24
1436271720000 14.24
1436271780000 14.21
1436271840000 14.193
1436271900000 14.23
1436271960000 14.1773
1436272020000 14.1884
1436272080000 14.196
1436272200000 14.21
1436272260000 14.23
1436272320000 14.26
1436272380000 14.25
1436272440000 14.17
1436272500000 14.1799
1436272560000 14.15
1436272620000 14.15
1436272680000 14.191
1436272740000 14.25
1436272800000 14.25
1436272860000 14.2427
1436272920000 14.29
1436272980000 14.3801
1436273040000 14.316
1436273100000 14.335
1436273160000 14.37
1436273220000 14.36
1436273280000 14.3694
1436273340000 14.418
1436273400000 14.41
1436273460000 14.4
1436273520000 14.35
1436273640000 14.38
1436273760000 14.3332
1436273820000 14.3527
1436273880000 14.39
1436273940000 14.35
1436274060000 14.338
1436274120000 14.28
1436274180000 14.25
1436274300000 14.2128
1436274360000 14.12
1436274420000 14.1673
1436274480000 14.152
1436274540000 14.14
1436274600000 14.1795
1436274720000 14.2079
1436274780000 14.19
1436274840000 14.2
1436274900000 14.2473
1436274960000 14.1953
1436275020000 14.21
1436275140000 14.1627
1436275200000 14.18
1436275380000 14.16
1436275440000 14.1
1436275500000 14.1
1436275560000 14.02
1436275620000 14.05
1436275680000 14.039
1436275740000 14.03
1436275800000 14.0
1436275860000 14.05
1436275980000 14.0297
1436276100000 14.0588
1436276160000 14.0764
1436276220000 14.08
1436276280000 14.084
1436276340000 14.084
1436276460000 14.085
1436276520000 14.085
1436276580000 14.12
1436276640000 14.11
1436276700000 14.1064
1436276760000 14.11
1436276880000 14.108
1436277000000 14.129
1436277060000 14.13
1436277120000 14.11
1436277240000 14.11
1436277300000 14.1287
1436277360000 14.1251
1436277420000 14.1249
1436277540000 14.12
1436277660000 14.07
1436277720000 14.074
1436277780000 14.0985
1436277840000 14.13
1436277900000 14.1
1436278140000 14.11
1436278260000 14.15
1436278500000 14.1301
1436278560000 14.121
1436278620000 14.1187
1436278680000 14.1194
1436278860000 14.1192
1436278920000 14.11
1436279220000 14.07
1436279280000 14.0799
1436279460000 14.0701
1436279580000 14.0701
1436279700000 14.1168
1436279880000 14.17
1436280000000 14.14
1436280060000 14.14
1436280180000 14.152
1436280240000 14.1501
1436280480000 14.16
1436280600000 14.2
1436280660000 14.22
1436280780000 14.2394
1436280840000 14.25
1436280900000 14.259
1436280960000 14.2687
1436281020000 14.2687
1436281080000 14.29
1436281140000 14.29
1436281200000 14.2894
1436281260000 14.31
1436281380000 14.3
1436281500000 14.1799
1436281560000 14.14
