1432891800000 39.19
1432891860000 39.28
1432892160000 39.16
1432892520000 39.22
1432892640000 39.29
1432892700000 39.23
1432892880000 39.17
1432892940000 39.13
1432893180000 39.1
1432893240000 39.0
1432893360000 38.98
1432893600000 38.932
1432893660000 38.95
1432893720000 38.93
1432893780000 38.99
1432893900000 38.98
1432894020000 38.87
1432894200000 38.8475
1432894320000 38.83
1432894500000 38.84
1432894740000 38.88
1432894800000 38.83
1432894860000 38.92
1432894980000 38.96
1432895040000 38.93
1432895100000 38.93
1432895280000 38.93
1432895340000 38.85
1432895400000 38.9
1432895520000 38.87
1432895760000 38.89
1432895940000 38.84
1432896000000 38.81
1432896240000 38.81
1432896300000 38.68
1432896480000 38.66
1432896540000 38.62
1432896600000 38.59
1432896720000 38.5528
1432896840000 38.6
1432896900000 38.56
1432896960000 38.58
1432897080000 38.65
1432897140000 38.71
1432897200000 38.75
1432897320000 38.68
1432897440000 38.64
1432897560000 38.64
1432897620000 38.64
1432897800000 38.65
1432897860000 38.64
1432897980000 38.64
1432898100000 38.59
1432898160000 38.59
1432898220000 38.63
1432898460000 38.63
1432898640000 38.59
1432898700000 38.57
1432898760000 38.57
1432898940000 38.56
1432899000000 38.53
1432899240000 38.58
1432899420000 38.63
1432899540000 38.63
1432899660000 38.68
1432899720000 38.679
1432899840000 38.8
1432900140000 38.84
1432900200000 38.86
1432900320000 38.899
1432900440000 38.89
1432900500000 38.87
1432900620000 38.87
1432900680000 38.85
1432900800000 38.88
1432901100000 38.91
1432901220000 38.95
1432901400000 38.97
1432901460000 38.96
1432901520000 38.97
1432901820000 38.96
1432901880000 38.96
1432901940000 38.981
1432902180000 39.03
1432902300000 39.07
1432902420000 39.03
1432902840000 39.11
1432902960000 39.08
1432903080000 39.08
1432903140000 39.11
1432903320000 39.08
1432903500000 39.05
1432903860000 39.04
1432903980000 38.99
1432904340000 38.99
1432904400000 38.99
1432904760000 38.96
1432904940000 38.93
1432905060000 38.99
1432905120000 38.97
1432905300000 38.96
1432905600000 38.99
1432905660000 39.0
1432905720000 39.06
1432905780000 39.08
1432905840000 39.07
1432906020000 39.08
1432906140000 39.1
1432906200000 39.12
1432906260000 39.11
1432906380000 39.05
1432906500000 39.04
1432906740000 39.0
1432906800000 39.02
1432906980000 39.02
1432907100000 39.02
1432907160000 39.04
1432907280000 39.02
1432907520000 38.99
1432907700000 38.97
1432907760000 38.96
1432908000000 38.94
1432908180000 38.94
1432908240000 38.92
1432908300000 38.93
1432908360000 38.94
1432908480000 38.94
1432908660000 38.93
1432908720000 38.95
1432908840000 38.94
1432909140000 38.91
1432909380000 38.92
1432909440000 38.89
1432909560000 38.89
1432909680000 38.93
1432909860000 38.92
1432910040000 38.93
1432910100000 38.945
1432910160000 38.92
1432910220000 38.92
1432910340000 38.92
1432910460000 38.92
1432910520000 38.91
1432910760000 38.89
1432910820000 38.89
1432910880000 38.83
1432910940000 38.81
1432911060000 38.84
1432911120000 38.85
1432911180000 38.88
1432911480000 38.88
1432911600000 38.89
1432911660000 38.92
1432911840000 38.9
1432911900000 38.91
1432912020000 38.94
1432912140000 38.96
1432912200000 38.96
1432912260000 38.99
1432912320000 38.97
1432912380000 38.95
1432912440000 38.96
1432912620000 38.94
1432912680000 38.93
1432912860000 38.93
1432912980000 38.93
1432913040000 38.93
1432913100000 38.9476
1432913340000 38.98
1432913460000 38.95
1432913520000 38.93
1432913640000 38.94
1432913700000 38.93
1432913880000 38.95
1432913940000 38.97
1432914060000 38.95
1432914120000 39.0
1432914180000 39.0
1432914240000 38.98
1432914300000 38.98
1432914360000 38.945
1432914420000 38.96
1432914480000 38.96
1432914540000 38.94
1432914600000 38.96
1432914660000 38.94
1432914720000 38.9
1432914780000 38.9
1432914840000 38.89
1432914900000 38.89
1432914960000 38.86
1432915020000 38.85
1432915080000 38.85
1432915140000 38.88
1432916940000 38.84
