1436261400000 18.5
1436261580000 18.41
1436261700000 18.32
1436261760000 18.19
1436261880000 18.17
1436262300000 18.21
1436262540000 18.19
1436262720000 18.21
1436262840000 18.168
1436262900000 18.15
1436263020000 18.11
1436263440000 18.1
1436263500000 18.09
1436263620000 18.04
1436263740000 18.04
1436263800000 18.06
1436263920000 18.07
1436263980000 18.1
1436264040000 18.09
1436264100000 18.07
1436264220000 18.08
1436264340000 18.09
1436264460000 18.09
1436264520000 18.1
1436264640000 18.095
1436264700000 18.1
1436264760000 18.09
1436264820000 18.08
1436264880000 18.09
1436265000000 18.06
1436265060000 18.04
1436265120000 18.035
1436265180000 18.035
1436265240000 18.01
1436265360000 18.04
1436265420000 18.05
1436265480000 18.06
1436265540000 18.07
1436265600000 18.07
1436265660000 18.03
1436265720000 18.02
1436265780000 18.0
1436265840000 17.92
1436265900000 17.94
1436265960000 17.93
1436266140000 17.95
1436266200000 17.96
1436266260000 17.99
1436266320000 18.02
1436266380000 18.05
1436266440000 18.04
1436266500000 18.03
1436266620000 18.015
1436266680000 17.98
1436266740000 17.95
1436266800000 17.96
1436267040000 17.91
1436267100000 17.93
1436267160000 17.95
1436267280000 17.97
1436267340000 17.975
1436267520000 17.97
1436267580000 17.98
1436267940000 18.0
1436268060000 18.0
1436268480000 18.02
1436268540000 17.99
1436268840000 17.91
1436268900000 17.89
1436268960000 17.92
1436269080000 17.96
1436269140000 17.96
1436269320000 18.0
1436269380000 18.0
1436269440000 18.0
1436269560000 17.99
1436269680000 17.98
1436269740000 17.97
1436269860000 18.0
1436269920000 17.96
1436270040000 18.0
1436270160000 18.0
1436270220000 18.0
1436270280000 17.99
1436270340000 17.99
1436270400000 17.98
1436270460000 17.9867
1436270520000 17.985
1436270580000 17.99
1436270640000 18.0
1436270880000 18.0
1436270940000 17.995
1436271060000 17.995
1436271180000 18.0
1436271420000 18.0
1436271540000 18.0
1436271600000 18.0
1436271900000 17.99
1436271960000 18.0
1436272080000 18.0
1436272260000 18.0
1436272380000 18.0
1436272440000 18.0
1436272500000 18.0
1436272560000 18.0
1436272620000 18.0
1436272680000 18.0
1436272740000 18.0
1436272800000 18.0
1436272860000 18.0
1436272920000 18.0
1436272980000 18.0
1436273100000 18.0
1436273160000 18.0
1436273220000 18.0
1436273280000 18.0
1436273340000 18.0
1436273400000 18.0
1436273460000 18.05
1436273640000 18.05
1436273700000 18.08
1436273820000 18.12
1436273880000 18.19
1436273940000 18.215
1436274120000 18.2
1436274180000 18.18
1436274240000 18.19
1436274420000 18.17
1436274540000 18.1868
1436274600000 18.2
1436274660000 18.2
1436274720000 18.22
1436274840000 18.26
1436274900000 18.26
1436274960000 18.24
1436275020000 18.24
1436275140000 18.23
1436275200000 18.23
1436275260000 18.26
1436275380000 18.28
1436275500000 18.28
1436275560000 18.24
1436275620000 18.25
1436275860000 18.27
1436275920000 18.24
1436275980000 18.24
1436276040000 18.24
1436276100000 18.25
1436276160000 18.24
1436276220000 18.25
1436276280000 18.23
1436276340000 18.23
1436276400000 18.26
1436276460000 18.21
1436276520000 18.21
1436276640000 18.2
1436276760000 18.26
1436276880000 18.2599
1436277300000 18.24
1436277360000 18.23
1436277420000 18.2
1436277660000 18.21
1436277780000 18.18
1436277900000 18.17
1436277960000 18.18
1436278080000 18.17
1436278140000 18.17
1436278200000 18.2
1436278260000 18.22
1436278380000 18.22
1436278440000 18.24
1436278740000 18.22
1436278800000 18.16
1436278860000 18.19
1436278980000 18.17
1436279040000 18.14
1436279100000 18.15
1436279220000 18.15
1436279280000 18.19
1436279340000 18.19
1436279460000 18.16
1436279580000 18.21
1436279640000 18.17
1436279820000 18.17
1436279880000 18.22
1436280060000 18.2164
1436280180000 18.23
1436280240000 18.2747
1436280300000 18.2696
1436280420000 18.29
1436280600000 18.28
1436280660000 18.2699
1436280720000 18.27
1436280900000 18.27
1436280960000 18.2701
1436281080000 18.34
1436281140000 18.39
1436281320000 18.39
1436281440000 18.3298
1436281500000 18.34
1436281560000 18.34
