1436261400000 9.27
1436261520000 9.26
1436261580000 9.29
1436261640000 9.26
1436261760000 9.195
1436261820000 9.21
1436262000000 9.22
1436262180000 9.22
1436262240000 9.235
1436262360000 9.2
1436262420000 9.165
1436262480000 9.18
1436262660000 9.21
1436262720000 9.23
1436262840000 9.25
1436262900000 9.24
1436263080000 9.21
1436263140000 9.19
1436263260000 9.185
1436263320000 9.19
1436263380000 9.205
1436263440000 9.18
1436263500000 9.205
1436263560000 9.17
1436263620000 9.17
1436263740000 9.13
1436263800000 9.17
1436263920000 9.15
1436263980000 9.17
1436264040000 9.16
1436264100000 9.14
1436264160000 9.14
1436264220000 9.155
1436264280000 9.14
1436264400000 9.12
1436264460000 9.12
1436264640000 9.13
1436264700000 9.13
1436264760000 9.11
1436264820000 9.11
1436264880000 9.1
1436265000000 9.1
1436265060000 9.09
1436265120000 9.08
1436265180000 9.085
1436265240000 9.09
1436265300000 9.09
1436265360000 9.08
1436265420000 9.09
1436265480000 9.095
1436265540000 9.09
1436265660000 9.09
1436265720000 9.08
1436265780000 9.07
1436265840000 9.09
1436265900000 9.09
1436265960000 9.09
1436266020000 9.1
1436266080000 9.11
1436266140000 9.1
1436266200000 9.09
1436266260000 9.06
1436266320000 9.08
1436266380000 9.11
1436266440000 9.11
1436266500000 9.11
1436266560000 9.105
1436266620000 9.11
1436266680000 9.12
1436266800000 9.12
1436266980000 9.125
1436267040000 9.135
1436267100000 9.16
1436267160000 9.15
1436267220000 9.15
1436267340000 9.15
1436267400000 9.16
1436267460000 9.155
1436267520000 9.17
1436267580000 9.17
1436267640000 9.16
1436267760000 9.16
1436267880000 9.17
1436268000000 9.155
1436268060000 9.14
1436268120000 9.14
1436268240000 9.15
1436268300000 9.15
1436268360000 9.15
1436268420000 9.15
1436268480000 9.17
1436268540000 9.16
1436268600000 9.17
1436268660000 9.175
1436268720000 9.17
1436268780000 9.1662
1436268840000 9.16
1436268900000 9.14
1436268960000 9.14
1436269080000 9.14
1436269140000 9.16
1436269200000 9.15
1436269260000 9.16
1436269320000 9.16
1436269440000 9.185
1436269500000 9.2
1436269620000 9.18
1436269680000 9.19
1436269740000 9.19
1436269800000 9.18
1436269860000 9.18
1436269920000 9.1733
1436269980000 9.17
1436270040000 9.16
1436270100000 9.15
1436270160000 9.16
1436270220000 9.17
1436270280000 9.17
1436270340000 9.16
1436270400000 9.16
1436270460000 9.15
1436270520000 9.15
1436270580000 9.145
1436270640000 9.16
1436270700000 9.16
1436270760000 9.15
1436270820000 9.145
1436270880000 9.145
1436270940000 9.14
1436271000000 9.1398
1436271060000 9.13
1436271120000 9.13
1436271180000 9.13
1436271240000 9.135
1436271300000 9.135
1436271360000 9.13
1436271420000 9.135
1436271480000 9.125
1436271540000 9.13
1436271600000 9.13
1436271660000 9.135
1436271720000 9.12
1436271840000 9.115
1436271900000 9.11
1436271960000 9.11
1436272020000 9.14
1436272200000 9.15
1436272260000 9.15
1436272320000 9.16
1436272380000 9.15
1436272440000 9.16
1436272500000 9.15
1436272620000 9.16
1436272680000 9.17
1436272740000 9.19
1436272800000 9.185
1436272860000 9.18
1436272920000 9.18
1436272980000 9.185
1436273040000 9.19
1436273100000 9.2
1436273160000 9.21
1436273280000 9.21
1436273340000 9.215
1436273400000 9.22
1436273460000 9.22
1436273520000 9.215
1436273580000 9.22
1436273640000 9.225
1436273760000 9.22
1436273820000 9.22
1436273880000 9.225
1436273940000 9.24
1436274000000 9.25
1436274120000 9.26
1436274180000 9.24
1436274240000 9.28
1436274300000 9.27
1436274360000 9.26
1436274420000 9.255
1436274480000 9.25
1436274540000 9.25
1436274600000 9.25
1436274660000 9.24
1436274780000 9.24
1436274840000 9.25
1436274900000 9.25
1436274960000 9.25
1436275020000 9.24
1436275080000 9.23
1436275140000 9.23
1436275200000 9.24
1436275260000 9.24
1436275320000 9.245
1436275380000 9.25
1436275500000 9.25
1436275620000 9.255
1436275680000 9.255
1436275740000 9.26
1436275800000 9.25
1436275860000 9.24
1436275920000 9.23
1436275980000 9.23
1436276040000 9.22
1436276220000 9.23
1436276280000 9.225
1436276340000 9.225
1436276400000 9.22
1436276460000 9.205
1436276520000 9.205
1436276580000 9.21
1436276640000 9.205
1436276700000 9.2
1436276760000 9.2
1436276820000 9.19
1436276880000 9.19
1436276940000 9.19
1436277000000 9.205
1436277060000 9.205
1436277120000 9.205
1436277180000 9.2
1436277240000 9.19
1436277360000 9.19
1436277420000 9.19
1436277480000 9.19
1436277540000 9.195
1436277600000 9.18
1436277660000 9.18
1436277720000 9.18
1436277780000 9.175
1436277840000 9.165
1436277900000 9.17
1436278020000 9.17
1436278080000 9.175
1436278140000 9.18
1436278380000 9.2
1436278500000 9.19
1436278560000 9.19
1436278620000 9.19
1436278680000 9.2
1436278740000 9.19
1436278800000 9.18
1436278860000 9.18
1436278920000 9.18
1436278980000 9.185
1436279040000 9.18
1436279100000 9.185
1436279160000 9.18
1436279220000 9.19
1436279340000 9.2
1436279400000 9.2
1436279460000 9.19
1436279580000 9.2
1436279640000 9.19
1436279700000 9.18
1436279760000 9.19
1436279820000 9.19
1436279880000 9.19
1436279940000 9.2
1436280000000 9.195
1436280060000 9.2
1436280120000 9.2053
1436280180000 9.21
1436280240000 9.23
1436280300000 9.225
1436280360000 9.225
1436280420000 9.23
1436280480000 9.23
1436280540000 9.2207
1436280600000 9.23
1436280660000 9.22
1436280720000 9.22
1436280780000 9.23
1436280900000 9.24
1436280960000 9.24
1436281020000 9.23
1436281080000 9.24
1436281140000 9.255
1436281200000 9.26
1436281260000 9.25
1436281320000 9.25
1436281380000 9.24
1436281440000 9.24
1436281500000 9.245
1436281560000 9.2335
1436281620000 9.235
