1436261400000 20.08
1436261820000 20.0
1436262360000 19.82
1436263380000 19.91
1436264700000 19.86
1436265660000 19.816
1436266200000 19.81
1436266500000 19.8101
1436266800000 19.81
1436266860000 19.81
1436266920000 19.81
1436266980000 19.81
1436267040000 19.81
1436267160000 19.81
1436267400000 19.82
1436267580000 19.82
1436268000000 19.89
1436268240000 19.89
1436270100000 19.855
1436270760000 19.8401
1436271420000 19.84
1436273220000 19.9
1436273520000 19.91
1436273940000 19.915
1436275980000 19.9001
1436276160000 19.94
1436276220000 20.0
1436276700000 20.045
1436276820000 20.09
1436277660000 20.06
1436277840000 20.03
1436278680000 20.02
1436278740000 20.02
1436278800000 20.02
1436278860000 20.02
1436279160000 20.0
1436279220000 20.0
1436279280000 20.0
1436279340000 20.0
1436279400000 20.0
1436279460000 20.0
1436279580000 20.01
1436279700000 19.9985
1436279880000 20.0
1436280060000 20.0
1436280480000 20.13
1436281080000 20.17
1436281260000 20.18
1436281440000 20.17
1436281560000 20.18
