1436261400000 34.74
1436261880000 34.6
1436262540000 34.9
1436263560000 34.67
1436263860000 34.6652
1436264400000 34.72
1436264460000 34.7
1436264640000 34.67
1436264880000 34.65
1436264940000 34.49
1436265000000 34.52
1436265060000 34.5
1436265120000 34.5
1436265180000 34.46
1436265480000 34.38
1436265600000 34.38
1436265660000 34.35
1436265720000 34.27
1436265780000 34.26
1436265840000 34.3
1436265900000 34.27
1436265960000 34.3
1436266020000 34.37
1436266080000 34.35
1436266140000 34.3
1436266200000 34.35
1436266260000 34.35
1436266440000 34.57
1436266500000 34.55
1436266680000 34.48
1436266800000 34.38
1436266860000 34.31
1436266920000 34.31
1436266980000 34.32
1436267040000 34.4
1436267100000 34.4
1436267160000 34.4
1436267340000 34.51
1436267520000 34.55
1436267580000 34.49
1436267880000 34.51
1436267940000 34.44
1436268000000 34.4
1436268060000 34.31
1436268120000 34.36
1436268180000 34.34
1436268360000 34.41
1436268420000 34.5
1436268480000 34.52
1436268540000 34.45
1436268840000 34.31
1436268900000 34.2
1436268960000 34.1
1436269020000 34.23
1436269080000 34.26
1436269140000 34.25
1436269200000 34.48
1436269260000 34.48
1436269320000 34.45
1436269440000 34.49
1436269560000 34.47
1436269740000 34.5
1436269800000 34.5
1436270040000 34.5
1436270760000 34.45
1436270820000 34.4731
1436270880000 34.485
1436271840000 34.65
1436271900000 34.67
1436272320000 34.82
1436272380000 34.73
1436272500000 34.8
1436272620000 34.7
1436273400000 34.77
1436273940000 34.81
1436274120000 34.8
1436274720000 34.83
1436275080000 34.8
1436275200000 34.75
1436275920000 34.71
1436276640000 34.81
1436276880000 34.89
1436277120000 34.78
1436277720000 34.79
1436278380000 34.78
1436278440000 34.8184
1436278680000 34.68
1436278740000 34.62
1436279100000 34.59
1436279340000 34.53
1436279760000 34.73
1436279820000 34.6
1436280180000 34.7
1436280420000 34.83
1436280660000 34.87
1436281020000 34.95
1436281200000 35.08
1436281500000 35.0
1436281560000 34.95
