1436261400000 85.72
1436261520000 85.624
1436261580000 85.66
1436261640000 85.6886
1436261700000 85.737
1436261820000 85.64
1436261880000 85.64
1436262060000 85.6952
1436262120000 85.66
1436262180000 85.66
1436262300000 85.66
1436262420000 85.73
1436262480000 85.66
1436262540000 85.66
1436262660000 85.66
1436262720000 85.6019
1436262780000 85.725
1436262840000 85.66
1436262900000 85.715
1436262960000 85.695
1436263020000 85.6307
1436263080000 85.685
1436263140000 85.61
1436263200000 85.64
1436263260000 85.745
1436263320000 85.675
1436263380000 85.65
1436263440000 85.745
1436263500000 85.68
1436263560000 85.69
1436263620000 85.67
1436263680000 85.6999
1436263740000 85.69
1436263800000 85.7
1436263860000 85.69
1436263980000 85.67
1436264040000 85.67
1436264100000 85.69
1436264160000 85.67
1436264220000 85.688
1436264280000 85.67
1436264340000 85.73
1436264400000 85.73
1436264460000 85.74
1436264520000 85.75
1436264580000 85.76
1436264640000 85.75
1436264700000 85.76
1436264820000 85.725
1436264940000 85.785
1436265000000 85.79
1436265060000 85.79
1436265120000 85.8
1436265180000 85.79
1436265240000 85.79
1436265300000 85.785
1436265360000 85.78
1436265420000 85.79
1436265480000 85.785
1436265540000 85.7172
1436265600000 85.78
1436265660000 85.75
1436265720000 85.8
1436265780000 85.8
1436265840000 85.78
1436265900000 85.76
1436265960000 85.76
1436266020000 85.76
1436266080000 85.78
1436266140000 85.7699
1436266200000 85.77
1436266260000 85.76
1436266320000 85.765
1436266380000 85.77
1436266440000 85.76
1436266500000 85.75
1436266560000 85.755
1436266620000 85.77
1436266680000 85.76
1436266740000 85.76
1436266800000 85.76
1436266860000 85.75
1436266920000 85.78
1436266980000 85.78
1436267040000 85.78
1436267100000 85.76
1436267160000 85.78
1436267220000 85.81
1436267280000 85.81
1436267340000 85.81
1436267400000 85.8
1436267460000 85.8
1436267520000 85.8
1436267580000 85.81
1436267640000 85.8
1436267700000 85.81
1436267760000 85.805
1436267820000 85.79
1436267880000 85.78
1436267940000 85.77
1436268000000 85.74
1436268060000 85.78
1436268120000 85.785
1436268180000 85.76
1436268240000 85.755
1436268300000 85.755
1436268360000 85.74
1436268420000 85.74
1436268480000 85.765
1436268540000 85.7725
1436268600000 85.77
1436268660000 85.76
1436268780000 85.748
1436268840000 85.73
1436268900000 85.74
1436268960000 85.73
1436269020000 85.74
1436269080000 85.7399
1436269140000 85.71
1436269200000 85.76
1436269260000 85.755
1436269320000 85.76
1436269380000 85.75
1436269440000 85.73
1436269500000 85.72
1436269560000 85.74
1436269620000 85.73
1436269680000 85.725
1436269740000 85.7299
1436269800000 85.674
1436269860000 85.72
1436269920000 85.73
1436269980000 85.74
1436270040000 85.75
1436270100000 85.745
1436270160000 85.687
1436270220000 85.7349
1436270280000 85.725
1436270340000 85.7023
1436270400000 85.71
1436270460000 85.72
1436270520000 85.72
1436270580000 85.73
1436270640000 85.73
1436270700000 85.72
1436270760000 85.7
1436270820000 85.72
1436270880000 85.7134
1436270940000 85.7088
1436271000000 85.704
1436271060000 85.74
1436271120000 85.765
1436271180000 85.74
1436271240000 85.75
1436271300000 85.74
1436271360000 85.76
1436271420000 85.755
1436271480000 85.7599
1436271540000 85.75
1436271600000 85.76
1436271660000 85.75
1436271720000 85.74
1436271780000 85.75
1436271840000 85.75
1436271900000 85.75
1436271960000 85.74
1436272020000 85.745
1436272080000 85.73
1436272140000 85.73
1436272200000 85.735
1436272260000 85.725
1436272320000 85.7
1436272440000 85.7099
1436272500000 85.71
1436272560000 85.74
1436272620000 85.71
1436272680000 85.725
1436272740000 85.72
1436272800000 85.7
1436272860000 85.705
1436272920000 85.71
1436272980000 85.71
1436273040000 85.7
1436273100000 85.69
1436273160000 85.705
1436273220000 85.705
1436273280000 85.705
1436273400000 85.69
1436273460000 85.69
1436273520000 85.67
1436273580000 85.69
1436273640000 85.7
1436273700000 85.71
1436273760000 85.69
1436273820000 85.68
1436273880000 85.69
1436273940000 85.695
1436274000000 85.7
1436274060000 85.67
1436274120000 85.695
1436274180000 85.695
1436274240000 85.6949
1436274300000 85.6601
1436274360000 85.67
1436274420000 85.665
1436274480000 85.67
1436274540000 85.6601
1436274600000 85.6675
1436274720000 85.63
1436274780000 85.63
1436274840000 85.61
1436274900000 85.62
1436274960000 85.6321
1436275020000 85.64
1436275080000 85.6525
1436275140000 85.66
1436275200000 85.66
1436275260000 85.655
1436275320000 85.66
1436275380000 85.66
1436275440000 85.66
1436275500000 85.68
1436275560000 85.68
1436275620000 85.665
1436275680000 85.665
1436275740000 85.655
1436275800000 85.65
1436275860000 85.635
1436275920000 85.62
1436275980000 85.62
1436276040000 85.61
1436276100000 85.63
1436276160000 85.63
1436276220000 85.62
1436276280000 85.62
1436276340000 85.62
1436276400000 85.64
1436276460000 85.625
1436276520000 85.62
1436276580000 85.62
1436276640000 85.62
1436276700000 85.63
1436276760000 85.63
1436276820000 85.675
1436276880000 85.67
1436276940000 85.72
1436277000000 85.72
1436277060000 85.63
1436277120000 85.67
1436277180000 85.65
1436277240000 85.63
1436277300000 85.64
1436277360000 85.64
1436277420000 85.62
1436277480000 85.65
1436277540000 85.65
1436277600000 85.65
1436277660000 85.65
1436277720000 85.61
1436277780000 85.64
1436277840000 85.67
1436277900000 85.67
1436277960000 85.67
1436278020000 85.65
1436278080000 85.67
1436278140000 85.67
1436278200000 85.6975
1436278260000 85.72
1436278320000 85.72
1436278380000 85.68
1436278440000 85.69
1436278500000 85.69
1436278560000 85.69
1436278620000 85.69
1436278680000 85.69
1436278740000 85.69
1436278800000 85.72
1436278860000 85.72
1436278920000 85.71
1436278980000 85.71
1436279040000 85.71
1436279100000 85.71
1436279160000 85.71
1436279280000 85.74
1436279340000 85.7101
1436279460000 85.745
1436279520000 85.73
1436279580000 85.7
1436279640000 85.7076
1436279700000 85.6751
1436279760000 85.69
1436279880000 85.705
1436279940000 85.692
1436280000000 85.705
1436280060000 85.7
1436280120000 85.66
1436280180000 85.69
1436280240000 85.725
1436280300000 85.694
1436280360000 85.7
1436280420000 85.7
1436280480000 85.71
1436280540000 85.73
1436280600000 85.71
1436280660000 85.72
1436280720000 85.73
1436280780000 85.72
1436280840000 85.72
1436280900000 85.72
1436280960000 85.7
1436281020000 85.7
1436281080000 85.7
1436281140000 85.68
1436281200000 85.67
1436281320000 85.68
1436281380000 85.67
1436281440000 85.66
1436281560000 85.6399
