1436261400000 86.77
1436262120000 86.8575
1436262480000 86.76
1436262840000 86.79
1436263200000 86.81
1436264460000 87.1091
1436264580000 87.08
1436264640000 87.1099
1436264700000 87.09
1436264820000 86.9604
1436265060000 86.9348
1436265120000 86.86
1436265360000 86.84
1436265540000 86.99
1436265600000 86.91
1436265900000 87.083
1436265960000 86.83
1436266140000 87.081
1436266320000 86.84
1436266500000 86.985
1436266560000 86.841
1436266740000 86.85
1436267100000 87.08
1436267400000 86.936
1436267520000 86.9101
1436267880000 87.04
1436268000000 87.0
1436268300000 87.0755
1436268540000 87.1199
1436268660000 87.02
1436268720000 87.1
1436269020000 86.99
1436270100000 86.94
1436270160000 87.03
1436270460000 87.06
1436270640000 87.08
1436270700000 86.9401
1436270760000 86.905
1436271000000 86.88
1436271180000 86.9325
1436271300000 86.9578
1436271420000 86.905
1436272320000 86.83
1436272560000 86.82
1436272620000 86.88
1436272740000 86.95
1436272920000 86.81
1436272980000 86.9499
1436273160000 86.85
1436273220000 86.9
1436273520000 86.93
1436273700000 86.8668
1436273760000 86.95
1436274300000 86.9143
1436274420000 86.91
1436274480000 86.8894
1436274660000 86.88
1436274720000 86.86
1436274780000 86.76
1436275200000 86.83
1436275560000 86.7601
1436276040000 86.8071
1436276220000 86.8
1436276760000 86.8422
1436277300000 86.85
1436277360000 86.87
1436277420000 86.86
1436277480000 86.861
1436277540000 86.86
1436277600000 86.85
1436277660000 86.86
1436277720000 86.87
1436277780000 86.815
1436277840000 86.87
1436277900000 86.88
1436277960000 86.9
1436278020000 86.9
1436278080000 86.91
1436278140000 86.92
1436278440000 86.96
1436278500000 86.97
1436278740000 87.03
1436278800000 86.9979
1436278860000 87.07
1436278920000 87.051
1436279040000 87.0128
1436279160000 87.0319
1436279280000 86.96
1436279460000 87.0108
1436279880000 86.97
1436279940000 87.0
1436280000000 86.991
1436280240000 86.93
1436280360000 86.94
1436281260000 86.85
1436281500000 86.77
