1436261400000 9.82
1436261460000 9.69
1436261640000 9.67
1436261880000 9.63
1436262000000 9.75
1436262060000 9.65
1436262300000 9.67
1436262600000 9.67
1436262660000 9.63
1436262900000 9.65
1436263020000 9.62
1436263080000 9.56
1436263500000 9.57
1436263800000 9.62
1436263860000 9.64
1436263920000 9.66
1436264040000 9.54
1436264400000 9.53
1436264520000 9.46
1436264580000 9.49
1436264640000 9.5
1436264700000 9.56
1436264880000 9.51
1436265000000 9.58
1436265060000 9.53
1436265240000 9.52
1436265300000 9.53
1436265360000 9.5
1436265420000 9.43
1436265480000 9.51
1436265600000 9.54
1436265780000 9.45
1436265840000 9.43
1436265900000 9.51
1436265960000 9.5
1436266020000 9.51
1436266200000 9.59
1436266440000 9.6
1436266500000 9.62
1436266800000 9.59
1436266860000 9.54
1436266980000 9.5
1436267040000 9.43
1436267100000 9.51
1436267400000 9.57
1436267700000 9.58
1436267760000 9.626
1436267940000 9.62
1436268000000 9.66
1436268180000 9.51
1436268360000 9.5
1436268420000 9.44
1436268540000 9.5
1436268600000 9.43
1436268720000 9.47
1436268840000 9.41
1436268900000 9.47
1436269140000 9.51
1436269200000 9.54
1436269260000 9.57
1436269800000 9.58
1436270040000 9.51
1436270100000 9.57
1436270280000 9.59
1436270460000 9.56
1436270520000 9.61
1436270580000 9.59
1436270760000 9.56
1436270940000 9.56
1436271000000 9.6
1436271120000 9.59
1436271300000 9.62
1436271600000 9.64
1436271840000 9.6
1436271900000 9.66
1436271960000 9.63
1436272080000 9.62
1436272200000 9.66
1436272260000 9.65
1436272320000 9.62
1436272620000 9.62
1436272800000 9.66
1436273040000 9.65
1436273100000 9.71
1436273400000 9.73
1436273460000 9.7268
1436273700000 9.74
1436273760000 9.74
1436273820000 9.74
1436274000000 9.7699
1436274120000 9.72
1436274180000 9.72
1436274240000 9.71
1436274300000 9.75
1436274360000 9.7
1436274420000 9.68
1436274600000 9.74
1436274660000 9.68
1436274900000 9.75
1436274960000 9.67
1436275200000 9.69
1436275260000 9.67
1436275440000 9.7
1436275560000 9.65
1436275740000 9.68
1436275800000 9.75
1436275860000 9.7
1436275920000 9.69
1436275980000 9.68
1436276220000 9.64
1436276400000 9.68
1436276520000 9.64
1436276640000 9.6648
1436276700000 9.68
1436276880000 9.61
1436277000000 9.605
1436277120000 9.56
1436277240000 9.57
1436277300000 9.65
1436277420000 9.61
1436278080000 9.64
1436278200000 9.65
1436278320000 9.65
1436278500000 9.71
1436278560000 9.66
1436278740000 9.66
1436278800000 9.69
1436278860000 9.65
1436278980000 9.65
1436279100000 9.68
1436279400000 9.68
1436279580000 9.65
1436279700000 9.72
1436280000000 9.73
1436280120000 9.76
1436280180000 9.69
1436280300000 9.75
1436280540000 9.72
1436280660000 9.77
1436280720000 9.75
1436280780000 9.8
1436280960000 9.75
1436281080000 9.78
1436281500000 9.83
1436281560000 9.78
