1436261400000 27.93
1436261460000 27.965
1436261580000 27.83
1436261640000 27.92
1436261700000 27.92
1436261760000 27.83
1436261820000 27.74
1436261880000 27.73
1436261940000 27.79
1436262000000 27.7358
1436262060000 27.71
1436262120000 27.77
1436262240000 27.76
1436262300000 27.77
1436262360000 27.81
1436262480000 27.8094
1436262540000 27.9
1436262600000 27.89
1436262660000 27.6201
1436262720000 27.775
1436262780000 27.71
1436262840000 27.8
1436262900000 27.75
1436262960000 27.72
1436263020000 27.702
1436263080000 27.89
1436263140000 27.84
1436263200000 27.79
1436263260000 27.88
1436263320000 27.83
1436263380000 27.85
1436263440000 27.84
1436263500000 27.766
1436263560000 27.71
1436263620000 27.63
1436263680000 27.46
1436263740000 27.4201
1436263800000 27.441
1436263860000 27.54
1436263920000 27.55
1436263980000 27.55
1436264040000 27.49
1436264100000 27.42
1436264160000 27.34
1436264220000 27.33
1436264280000 27.47
1436264340000 27.4
1436264400000 27.36
1436264460000 27.3872
1436264520000 27.41
1436264580000 27.41
1436264640000 27.36
1436264700000 27.33
1436264760000 27.276
1436264820000 27.24
1436264880000 27.0701
1436264940000 27.12
1436265000000 27.13
1436265060000 27.0666
1436265120000 27.0126
1436265180000 27.06
1436265240000 27.02
1436265300000 26.76
1436265360000 26.85
1436265420000 26.8
1436265480000 26.77
1436265540000 26.62
1436265600000 26.554
1436265660000 26.6
1436265720000 26.6
1436265780000 26.532
1436265840000 26.46
1436265900000 26.48
1436265960000 26.46
1436266020000 26.49
1436266080000 26.535
1436266140000 26.4905
1436266200000 26.45
1436266260000 26.443
1436266320000 26.5
1436266380000 26.5128
1436266440000 26.57
1436266500000 26.57
1436266560000 26.5
1436266620000 26.5
1436266680000 26.52
1436266740000 26.42
1436266800000 26.32
1436266860000 26.2744
1436266920000 26.169
1436266980000 26.21
1436267040000 26.31
1436267100000 26.46
1436267160000 26.46
1436267220000 26.4
1436267280000 26.44
1436267340000 26.35
1436267400000 26.31
1436267460000 26.39
1436267520000 26.47
1436267580000 26.53
1436267640000 26.46
1436267700000 26.47
1436267760000 26.34
1436267820000 26.31
1436267880000 26.28
1436267940000 26.34
1436268000000 26.26
1436268060000 26.34
1436268120000 26.23
1436268180000 26.26
1436268240000 26.3
1436268300000 26.33
1436268360000 26.25
1436268420000 26.305
1436268480000 26.26
1436268540000 26.18
1436268600000 26.101
1436268660000 26.12
1436268720000 26.16
1436268780000 26.1443
1436268840000 26.04
1436268900000 26.01
1436268960000 26.013
1436269020000 26.21
1436269080000 26.204
1436269140000 26.29
1436269200000 26.37
1436269260000 26.34
1436269320000 26.41
1436269380000 26.37
1436269440000 26.51
1436269500000 26.52
1436269560000 26.5028
1436269620000 26.431
1436269680000 26.4094
1436269740000 26.36
1436269800000 26.4
1436269860000 26.39
1436269920000 26.35
1436269980000 26.42
1436270040000 26.42
1436270100000 26.481
1436270160000 26.421
1436270220000 26.65
1436270280000 26.6525
1436270340000 26.67
1436270400000 26.6351
1436270460000 26.5
1436270520000 26.5
1436270580000 26.64
1436270640000 26.661
1436270700000 26.64
1436270760000 26.72
1436270820000 26.6894
1436270880000 26.65
1436270940000 26.59
1436271000000 26.58
1436271060000 26.56
1436271120000 26.56
1436271180000 26.5841
1436271240000 26.551
1436271300000 26.54
1436271360000 26.6099
1436271420000 26.6
1436271480000 26.59
1436271540000 26.6
1436271600000 26.61
1436271660000 26.7062
1436271720000 26.635
1436271780000 26.68
1436271840000 26.68
1436271900000 26.6703
1436271960000 26.6404
1436272020000 26.68
1436272080000 26.67
1436272140000 26.72
1436272200000 26.66
1436272260000 26.72
1436272320000 26.727
1436272380000 26.74
1436272440000 26.77
1436272500000 26.79
1436272560000 26.76
1436272620000 26.7872
1436272680000 26.77
1436272740000 26.8273
1436272800000 26.82
1436272860000 26.82
1436272920000 26.81
1436272980000 26.83
1436273040000 26.802
1436273100000 26.81
1436273160000 26.92
1436273220000 26.948
1436273280000 26.951
1436273340000 26.98
1436273400000 26.958
1436273460000 26.9176
1436273520000 26.925
1436273580000 26.9899
1436273640000 26.94
1436273700000 27.056
1436273760000 27.04
1436273820000 27.03
1436273880000 27.075
1436273940000 27.1264
1436274000000 27.15
1436274060000 27.1832
1436274120000 27.1453
1436274180000 27.0601
1436274240000 27.05
1436274300000 26.98
1436274360000 27.01
1436274420000 26.959
1436274480000 26.9
1436274540000 26.94
1436274600000 26.96
1436274660000 26.97
1436274720000 27.0
1436274780000 27.095
1436274840000 27.055
1436274900000 27.05
1436274960000 26.98
1436275020000 26.98
1436275080000 26.985
1436275140000 27.035
1436275200000 27.04
1436275260000 27.005
1436275320000 27.0
1436275380000 27.02
1436275440000 27.03
1436275560000 26.98
1436275620000 26.99
1436275680000 27.024
1436275740000 27.02
1436275800000 27.025
1436275860000 26.98
1436275920000 26.97
1436275980000 26.983
1436276040000 27.01
1436276100000 27.0299
1436276160000 27.02
1436276220000 26.99
1436276280000 27.02
1436276340000 27.0
1436276400000 26.99
1436276460000 26.941
1436276520000 26.96
1436276580000 26.99
1436276640000 27.01
1436276700000 27.0173
1436276760000 26.99
1436276820000 27.0
1436276880000 27.0328
1436276940000 27.0
1436277000000 27.01
1436277060000 26.97
1436277120000 26.985
1436277180000 26.97
1436277240000 26.95
1436277300000 26.952
1436277360000 26.91
1436277420000 26.92
1436277480000 26.91
1436277540000 26.9099
1436277600000 26.9
1436277660000 26.91
1436277720000 26.94
1436277780000 26.885
1436277840000 26.885
1436277900000 26.9
1436277960000 26.88
1436278020000 26.8601
1436278080000 26.8
1436278140000 26.83
1436278200000 26.8725
1436278260000 26.85
1436278320000 26.76
1436278380000 26.74
1436278440000 26.77
1436278500000 26.75
1436278560000 26.7
1436278620000 26.622
1436278680000 26.5801
1436278740000 26.64
1436278800000 26.6
1436278860000 26.62
1436278920000 26.52
1436278980000 26.54
1436279040000 26.5761
1436279100000 26.6
1436279160000 26.5305
1436279220000 26.53
1436279280000 26.51
1436279340000 26.52
1436279400000 26.53
1436279460000 26.59
1436279520000 26.59
1436279580000 26.65
1436279640000 26.77
1436279700000 26.7101
1436279760000 26.74
1436279880000 26.7574
1436279940000 26.9
1436280000000 26.85
1436280060000 26.88
1436280120000 26.98
1436280180000 26.96
1436280240000 26.9838
1436280300000 26.98
1436280360000 26.955
1436280420000 26.98
1436280480000 26.99
1436280540000 26.995
1436280600000 26.99
1436280660000 26.9405
1436280720000 26.998
1436280780000 26.98
1436280840000 27.0
1436280900000 27.0095
1436280960000 27.0
1436281020000 27.03
1436281080000 27.05
1436281140000 27.1196
1436281200000 27.17
1436281260000 27.1332
1436281320000 27.1599
1436281380000 27.1652
1436281440000 27.1688
1436281500000 27.2495
1436281560000 27.25
1436281620000 27.29
