1436261400000 2.04
1436261580000 2.06
1436261700000 2.0801
1436261760000 2.06
1436262300000 2.05
1436262420000 2.05
1436262540000 2.06
1436262600000 2.06
1436262840000 2.06
1436263020000 2.06
1436263140000 2.0501
1436263200000 2.05
1436263260000 2.05
1436263320000 2.0501
1436263500000 2.05
1436263560000 2.05
1436263620000 2.05
1436263680000 2.02
1436263740000 2.02
1436263800000 2.01
1436263860000 2.0199
1436263920000 2.02
1436264160000 2.02
1436264340000 2.02
1436264460000 2.03
1436264520000 2.03
1436264580000 2.03
1436264640000 2.04
1436264700000 2.02
1436264760000 2.04
1436264820000 2.02
1436264880000 2.04
1436264940000 2.04
1436265000000 2.04
1436265060000 2.02
1436265120000 2.01
1436265240000 1.9897
1436265300000 1.9999
1436265360000 1.9801
1436265420000 1.9804
1436265480000 2.0
1436265540000 2.0
1436265600000 2.02
1436265660000 2.0
1436265720000 2.0
1436265780000 2.01
1436265900000 2.01
1436265960000 1.9966
1436266020000 2.01
1436266080000 2.009
1436266140000 2.02
1436266200000 2.0133
1436266320000 1.999
1436266500000 2.0
1436266560000 2.0095
1436266680000 1.99
1436266740000 1.99
1436266860000 1.991
1436266980000 2.0
1436267040000 2.0
1436267100000 2.01
1436267160000 2.01
1436267220000 2.0
1436267280000 2.0
1436267340000 2.0
1436267400000 2.0
1436267460000 2.0
1436267520000 2.0
1436267580000 1.99
1436267700000 1.9999
1436267760000 2.0
1436267880000 1.995
1436267940000 1.99
1436268000000 2.0
1436268060000 1.99
1436268120000 1.99
1436268180000 2.0
1436268240000 1.99
1436268360000 1.99
1436268420000 2.0
1436268480000 1.99
1436268540000 1.9989
1436268600000 1.99
1436268660000 2.0
1436268720000 1.99
1436268840000 2.0
1436268900000 1.99
1436268960000 1.99
1436269020000 1.98
1436269080000 1.97
1436269140000 1.97
1436269260000 1.97
1436269320000 1.9701
1436269380000 1.98
1436269560000 1.98
1436269620000 1.98
1436269680000 1.98
1436269800000 1.97
1436269860000 1.98
1436269920000 1.9701
1436269980000 1.97
1436270160000 1.9762
1436270280000 1.97
1436270340000 1.98
1436270400000 1.98
1436270460000 1.98
1436270520000 1.97
1436270580000 1.97
1436270640000 1.93
1436270700000 1.8999
1436270760000 1.88
1436270820000 1.88
1436270880000 1.85
1436270940000 1.8501
1436271000000 1.84
1436271060000 1.845
1436271120000 1.8437
1436271180000 1.84
1436271240000 1.8312
1436271300000 1.85
1436271360000 1.88
1436271420000 1.89
1436271480000 1.9
1436271540000 1.8904
1436271600000 1.91
1436271660000 1.9
1436271720000 1.9001
1436271900000 1.91
1436272080000 1.905
1436272140000 1.932
1436272200000 1.95
1436272260000 1.93
1436272440000 1.93
1436272500000 1.9011
1436272560000 1.9
1436272740000 1.9001
1436272920000 1.9045
1436273040000 1.905
1436273100000 1.91
1436273160000 1.91
1436273280000 1.905
1436273340000 1.903
1436273460000 1.9
1436273520000 1.905
1436273640000 1.94
1436273760000 1.94
1436273820000 1.9188
1436273880000 1.9199
1436273940000 1.92
1436274000000 1.93
1436274060000 1.92
1436274120000 1.925
1436274420000 1.9299
1436274660000 1.9298
1436274720000 1.93
1436274780000 1.93
1436274840000 1.9289
1436274900000 1.93
1436274960000 1.93
1436275020000 1.9201
1436275140000 1.93
1436275200000 1.93
1436275440000 1.93
1436275500000 1.93
1436275680000 1.93
1436275860000 1.93
1436275920000 1.93
1436276160000 1.925
1436276280000 1.9267
1436276340000 1.925
1436276400000 1.92
1436276640000 1.93
1436276700000 1.93
1436276880000 1.93
1436277000000 1.92
1436277120000 1.93
1436277300000 1.9265
1436277360000 1.93
1436277540000 1.93
1436277660000 1.9265
1436277720000 1.9201
1436277840000 1.93
1436278140000 1.93
1436278200000 1.93
1436278380000 1.911
1436278500000 1.91
1436278560000 1.91
1436278680000 1.9
1436278740000 1.9099
1436278920000 1.91
1436279040000 1.9
1436279100000 1.902
1436279220000 1.91
1436279460000 1.904
1436279520000 1.905
1436279580000 1.91
1436279700000 1.905
1436279940000 1.91
1436280120000 1.9001
1436280180000 1.903
1436280240000 1.9089
1436280300000 1.891
1436280360000 1.89
1436280420000 1.8702
1436280480000 1.8763
1436280540000 1.87
1436280600000 1.87
1436280660000 1.8601
1436280720000 1.8693
1436280840000 1.8601
1436280960000 1.86
1436281080000 1.8509
1436281140000 1.85
1436281200000 1.855
1436281260000 1.8614
1436281320000 1.8637
1436281380000 1.8689
1436281440000 1.87
1436281500000 1.866
1436281560000 1.8635
