1436261400000 27.62
1436261460000 27.85
1436261640000 27.92
1436261700000 27.93
1436261820000 27.96
1436262000000 28.02
1436262240000 28.1
1436262300000 28.074
1436262360000 28.0869
1436262540000 27.93
1436262780000 27.82
1436262900000 27.94
1436263020000 28.1
1436263200000 28.19
1436263260000 28.22
1436263320000 28.15
1436263620000 28.47
1436263680000 28.5
1436263800000 28.16
1436263920000 28.17
1436264040000 28.16
1436264100000 28.23
1436264460000 28.43
1436264700000 28.43
1436264760000 28.44
1436264820000 28.44
1436264880000 28.55
1436264940000 28.48
1436265000000 28.52
1436265060000 28.55
1436265120000 28.6399
1436265180000 28.6
1436265360000 28.7
1436265420000 28.69
1436265480000 28.75
1436265540000 28.83
1436265600000 28.9
1436265660000 28.97
1436265720000 29.0758
1436265780000 29.1
1436265840000 29.06
1436265960000 28.87
1436266080000 28.87
1436266200000 28.81
1436266260000 28.63
1436266380000 28.68
1436266440000 28.552
1436266560000 28.71
1436266620000 28.62
1436266740000 28.71
1436266920000 28.76
1436266980000 28.74
1436267040000 28.78
1436267100000 28.89
1436267280000 28.97
1436267580000 28.64
1436267700000 28.62
1436267940000 28.69
1436268060000 28.88
1436268180000 28.8
1436268240000 28.85
1436268480000 28.9
1436268540000 29.01
1436268660000 28.9875
1436268720000 28.99
1436268900000 29.15
1436268960000 29.09
1436269080000 28.94
1436269320000 28.63
1436269380000 28.67
1436269560000 28.6651
1436269860000 28.646
1436269920000 28.68
1436270100000 28.6
1436270160000 28.39
1436270460000 28.4
1436270760000 28.4
1436271000000 28.47
1436272500000 28.24
1436272560000 28.34
1436272740000 28.1
1436272800000 28.046
1436272920000 28.0
1436273100000 28.02
1436273280000 27.91
1436273640000 28.01
1436273700000 27.81
1436273880000 27.72
1436273940000 27.74
1436274000000 27.65
1436274060000 27.74
1436274180000 27.82
1436274300000 27.87
1436274600000 27.87
1436274780000 27.58
1436274900000 27.55
1436275200000 27.81
1436275620000 27.7
1436275740000 27.581
1436275800000 27.58
1436276340000 27.62
1436277180000 27.65
1436277600000 27.55
1436277960000 27.63
1436278620000 27.7
1436278680000 27.7029
1436279280000 27.88
1436279580000 27.7
1436279880000 27.6
1436279940000 27.62
1436280000000 27.51
1436280060000 27.4
1436280120000 27.28
1436280180000 27.11
1436280660000 27.06
1436281080000 26.75
1436281260000 26.61
