1436261400000 9.51
1436261640000 9.55
1436261820000 9.575
1436262480000 9.6
1436262720000 9.55
1436262780000 9.55
1436262900000 9.57
1436263020000 9.5245
1436263080000 9.32
1436263140000 9.31
1436263200000 9.25
1436263260000 9.25
1436263380000 9.19
1436263440000 9.2
1436263560000 9.06
1436263620000 9.05
1436263680000 9.04
1436264040000 9.0
1436264160000 9.02
1436264400000 9.05
1436264460000 9.05
1436264520000 9.032
1436264580000 9.04
1436264700000 9.03
1436264760000 8.97
1436265000000 8.91
1436265060000 9.04
1436265180000 9.08
1436265540000 9.19
1436265600000 9.11
1436265660000 9.2449
1436265720000 9.12
1436265780000 9.02
1436265900000 9.0
1436266020000 9.0289
1436267880000 9.11
1436268000000 9.12
1436268180000 9.12
1436268600000 9.106
1436268900000 9.0264
1436269080000 9.0101
1436269200000 9.03
1436269680000 9.01
1436269800000 9.0
1436269980000 8.91
1436270100000 8.91
1436270160000 8.92
1436270340000 8.93
1436271000000 8.9101
1436271420000 8.91
1436272440000 8.9
1436272800000 8.8
1436274120000 8.82
1436274180000 8.908
1436274720000 8.83
1436274840000 8.85
1436274900000 8.8
1436275260000 8.8101
1436275320000 8.8
1436275380000 8.8
1436275440000 8.8
1436275500000 8.8
1436275560000 8.8
1436275620000 8.8
1436275680000 8.8
1436275860000 8.81
1436276100000 8.83
1436276160000 8.83
1436276220000 8.83
1436276280000 8.8
1436276400000 8.8
1436276460000 8.8298
1436276760000 8.7951
1436276940000 8.8224
1436278020000 8.81
1436278680000 8.79
1436278740000 8.79
1436278800000 8.7758
1436278980000 8.77
1436279700000 8.7799
1436280240000 8.62
1436280360000 8.7791
1436280420000 8.62
1436280600000 8.61
1436280660000 8.73
1436280780000 8.7
1436281200000 8.73
1436281500000 8.6801
1436281560000 8.684
