1436261400000 4.83
1436261460000 4.8999
1436261520000 4.8568
1436261700000 4.82
1436261760000 4.82
1436262000000 4.84
1436262120000 4.878
1436262300000 4.85
1436262360000 4.83
1436262480000 4.8001
1436262660000 4.8
1436262720000 4.79
1436262780000 4.75
1436262960000 4.7446
1436263200000 4.75
1436263740000 4.7647
1436263800000 4.76
1436263860000 4.78
1436263920000 4.779
1436264280000 4.75
1436264400000 4.73
1436264460000 4.7202
1436264640000 4.72
1436264700000 4.72
1436264760000 4.7
1436264940000 4.65
1436265120000 4.65
1436265360000 4.61
1436265420000 4.59
1436265480000 4.58
1436265540000 4.5899
1436265720000 4.61
1436265780000 4.58
1436265900000 4.598
1436265960000 4.5818
1436266020000 4.598
1436266080000 4.5746
1436266140000 4.5705
1436266260000 4.5801
1436266440000 4.6
1436266500000 4.6264
1436266560000 4.5715
1436266680000 4.5701
1436266920000 4.57
1436267040000 4.55
1436267640000 4.54
1436267700000 4.5384
1436267880000 4.5301
1436268000000 4.53
1436268120000 4.5444
1436268360000 4.53
1436268420000 4.53
1436268780000 4.53
1436268900000 4.53
1436268960000 4.53
1436269020000 4.52
1436269080000 4.52
1436269380000 4.54
1436269440000 4.5525
1436269800000 4.5697
1436269860000 4.5482
1436269980000 4.54
1436270040000 4.56
1436270520000 4.54
1436270640000 4.54
1436271180000 4.543
1436271240000 4.5411
1436271600000 4.5699
1436272020000 4.54
1436272080000 4.5699
1436272140000 4.54
1436272680000 4.569
1436273280000 4.54
1436273400000 4.5592
1436273700000 4.57
1436273760000 4.57
1436273880000 4.58
1436274000000 4.5785
1436274120000 4.5501
1436274180000 4.5719
1436274540000 4.553
1436274660000 4.5503
1436274720000 4.56
1436274840000 4.58
1436274960000 4.589
1436275020000 4.58
1436275380000 4.56
1436276040000 4.586
1436276160000 4.5864
1436276280000 4.61
1436276640000 4.62
1436276700000 4.63
1436276760000 4.63
1436276820000 4.6284
1436277120000 4.61
1436277180000 4.6
1436277240000 4.63
1436277360000 4.6447
1436277540000 4.6
1436277960000 4.6
1436278080000 4.58
1436278140000 4.6
1436278200000 4.62
1436278440000 4.607
1436278680000 4.6
1436278800000 4.6
1436279160000 4.61
1436279460000 4.612
1436279520000 4.62
1436279640000 4.62
1436279700000 4.63
1436279940000 4.7
1436280000000 4.6999
1436280300000 4.683
1436280360000 4.6715
1436280480000 4.699
1436280540000 4.7
1436280600000 4.6844
1436280660000 4.6999
1436280720000 4.7
1436280780000 4.72
1436281080000 4.68
1436281260000 4.7199
1436281320000 4.7199
1436281380000 4.7152
1436281440000 4.7116
1436281500000 4.71
1436281620000 4.71
