1436261400000 53.02
1436262060000 53.012
1436262180000 53.02
1436262720000 53.0
1436262840000 52.9943
1436262960000 53.03
1436263380000 53.04
1436263440000 53.05
1436263500000 53.07
1436263560000 53.07
1436263620000 53.07
1436263740000 53.07
1436263860000 53.068
1436263920000 53.07
1436263980000 53.0396
1436264040000 53.06
1436264100000 53.07
1436264160000 53.07
1436264280000 53.08
1436264340000 53.078
1436264400000 53.08
1436264460000 53.04
1436264520000 53.08
1436264580000 53.08
1436264640000 53.04
1436264700000 53.08
1436264760000 53.08
1436264820000 53.08
1436264880000 53.078
1436264940000 53.07
1436265060000 53.07
1436265120000 53.03
1436265240000 53.07
1436265300000 53.07
1436265360000 53.02
1436265420000 53.064
1436265480000 53.064
1436265540000 53.02
1436265600000 53.03
1436265660000 53.0249
1436265720000 53.028
1436265780000 53.028
1436265840000 53.028
1436265900000 53.02
1436265960000 53.03
1436266080000 53.02
1436266140000 53.0
1436266200000 53.03
1436266260000 53.03
1436266320000 53.0
1436266380000 53.028
1436266440000 53.015
1436266500000 53.028
1436266560000 53.03
1436266620000 53.03
1436266740000 53.03
1436266860000 53.03
1436266920000 53.058
1436266980000 53.06
1436267040000 53.05
1436267100000 53.05
1436267160000 53.06
1436267220000 53.078
1436267280000 53.068
1436267340000 53.068
1436267400000 53.05
1436267460000 53.068
1436267520000 53.068
1436267580000 53.058
1436267640000 53.05
1436267700000 53.05
1436267760000 53.04
1436267820000 53.06
1436267880000 53.04
1436267940000 53.03
1436268000000 53.04
1436268060000 53.058
1436268120000 53.058
1436268180000 53.04
1436268240000 53.058
1436268300000 53.058
1436268360000 53.058
1436268480000 53.04
1436268600000 53.05
1436268660000 53.05
1436268720000 53.05
1436268780000 53.05
1436268840000 53.05
1436268900000 53.04
1436268960000 53.05
1436269020000 53.05
1436269080000 53.05
1436269140000 53.04
1436269200000 53.048
1436269500000 53.048
1436269560000 53.04
1436269620000 53.04
1436269680000 53.03
1436269740000 53.03
1436269860000 53.02
1436269920000 53.048
1436270040000 53.048
1436270100000 53.0397
1436270160000 53.005
1436270220000 53.01
1436270280000 52.98
1436270340000 53.036
1436270400000 53.036
1436270460000 53.03
1436270520000 53.03
1436270580000 53.03
1436270640000 53.02
1436270700000 53.02
1436271060000 53.02
1436271240000 53.02
1436271300000 53.02
1436271360000 53.02
1436271420000 53.02
1436271480000 53.02
1436271600000 53.02
1436271720000 53.048
1436271780000 53.03
1436271840000 53.05
1436271900000 53.048
1436271960000 53.04
1436272020000 53.03
1436272320000 53.025
1436272380000 53.0476
1436272560000 53.02
1436272740000 53.048
1436272800000 53.04
1436272860000 53.02
1436272980000 53.048
1436273040000 53.048
1436273100000 53.02
1436273160000 53.048
1436273220000 53.048
1436273340000 53.02
1436273400000 53.02
1436273460000 53.01
1436273580000 53.03
1436273640000 53.03
1436273700000 53.03
1436273760000 53.02
1436273820000 53.03
1436273880000 53.03
1436273940000 53.03
1436274000000 53.03
1436274060000 53.0
1436274180000 53.02
1436274540000 53.03
1436274600000 53.028
1436274660000 53.03
1436274720000 53.028
1436274780000 53.015
1436274840000 53.02
1436274900000 53.028
1436274960000 53.0101
1436275200000 53.03
1436275260000 53.02
1436275380000 53.0103
1436275560000 53.0285
1436275740000 53.038
1436275800000 53.02
1436276220000 53.02
1436276280000 53.0245
1436276460000 53.025
1436276580000 53.025
1436276640000 53.03
1436276700000 53.0299
1436276820000 53.03
1436276880000 53.03
1436276940000 53.02
1436277120000 53.038
1436277180000 53.038
1436277240000 53.025
1436277300000 53.038
1436277360000 53.02
1436277540000 53.0101
1436277600000 53.03
1436277660000 53.02
1436277720000 53.03
1436277780000 53.03
1436277840000 53.038
1436277900000 53.03
1436277960000 53.02
1436278020000 53.0246
1436278080000 53.03
1436278140000 53.03
1436278200000 53.04
1436278320000 53.04
1436278440000 53.03
1436278500000 53.04
1436278560000 53.0398
1436278620000 53.04
1436278680000 53.048
1436278740000 53.035
1436278800000 53.048
1436278920000 53.035
1436278980000 53.035
1436279100000 53.0256
1436279220000 53.048
1436279580000 53.035
1436279640000 53.045
1436279700000 53.05
1436279760000 53.045
1436279820000 53.045
1436279880000 53.045
1436279940000 53.045
1436280000000 53.045
1436280060000 53.04
1436280120000 53.04
1436280300000 53.02
1436280780000 53.005
1436280840000 53.0
1436281020000 53.0
1436281080000 52.98
1436281200000 52.94
1436281320000 52.94
