1436261400000 17.9
1436261460000 17.86
1436261520000 17.86
1436261580000 17.8801
1436261640000 17.96
1436261700000 17.92
1436261760000 17.87
1436261820000 17.84
1436261880000 17.825
1436261940000 17.835
1436262000000 17.84
1436262060000 17.68
1436262120000 17.54
1436262180000 17.5599
1436262240000 17.46
1436262300000 17.44
1436262360000 17.44
1436262420000 17.4
1436262480000 17.37
1436262540000 17.36
1436262600000 17.42
1436262660000 17.385
1436262720000 17.365
1436262780000 17.22
1436262840000 17.19
1436262900000 17.2
1436262960000 17.2
1436263020000 17.13
1436263080000 17.075
1436263140000 17.07
1436263200000 16.99
1436263260000 16.99
1436263320000 16.9945
1436263380000 16.995
1436263440000 17.13
1436263500000 17.125
1436263560000 17.2199
1436263620000 17.08
1436263680000 17.11
1436263740000 17.11
1436263800000 17.09
1436263860000 17.19
1436263920000 17.06
1436263980000 17.03
1436264040000 16.92
1436264100000 16.83
1436264160000 16.73
1436264220000 16.6801
1436264280000 16.65
1436264340000 16.63
1436264400000 16.73
1436264460000 16.73
1436264520000 16.82
1436264580000 16.79
1436264640000 16.7199
1436264700000 16.65
1436264760000 16.57
1436264820000 16.5
1436264880000 16.47
1436264940000 16.48
1436265000000 16.47
1436265060000 16.4201
1436265120000 16.4
1436265180000 16.39
1436265240000 16.41
1436265300000 16.39
1436265360000 16.34
1436265420000 16.22
1436265480000 16.2
1436265540000 16.13
1436265600000 16.05
1436265660000 16.0
1436265720000 15.96
1436265780000 15.94
1436265840000 15.84
1436265900000 16.02
1436265960000 16.01
1436266020000 16.01
1436266080000 16.035
1436266140000 16.04
1436266200000 16.0299
1436266260000 16.05
1436266320000 16.065
1436266380000 16.08
1436266440000 16.1
1436266500000 16.19
1436266560000 16.09
1436266620000 16.04
1436266680000 16.0001
1436266740000 16.01
1436266800000 16.005
1436266860000 15.92
1436266920000 15.845
1436266980000 16.0
1436267040000 15.96
1436267100000 15.94
1436267160000 16.01
1436267220000 15.99
1436267280000 15.98
1436267340000 16.0492
1436267400000 15.99
1436267460000 16.0
1436267520000 16.015
1436267580000 16.11
1436267640000 16.1
1436267700000 16.1
1436267760000 16.0999
1436267820000 16.1
1436267880000 16.1
1436267940000 16.03
1436268000000 16.0
1436268060000 16.0
1436268180000 15.97
1436268240000 15.97
1436268360000 15.96
1436268420000 15.951
1436268480000 15.949
1436268540000 15.94
1436268600000 15.94
1436268660000 15.88
1436268720000 15.805
1436268780000 15.76
1436268840000 15.76
1436268900000 15.78
1436268960000 15.75
1436269020000 15.755
1436269080000 15.76
1436269140000 15.75
1436269200000 15.7662
1436269260000 15.76
1436269320000 15.76
1436269380000 15.775
1436269440000 15.78
1436269500000 15.83
1436269560000 15.77
1436269620000 15.686
1436269680000 15.6
1436269800000 15.6501
1436269860000 15.7199
1436269920000 15.87
1436269980000 15.8
1436270040000 15.79
1436270100000 15.69
1436270160000 15.759
1436270220000 15.87
1436270280000 15.86
1436270340000 15.83
1436270400000 15.8499
1436270460000 15.847
1436270520000 15.94
1436270580000 15.92
1436270640000 15.93
1436270700000 16.08
1436270760000 16.14
1436270820000 16.25
1436270880000 16.08
1436270940000 15.93
1436271000000 15.88
1436271060000 15.68
1436271120000 15.53
1436271180000 15.39
1436271240000 15.377
1436271300000 15.45
1436271360000 15.5
1436271420000 15.43
1436271480000 15.47
1436271540000 15.45
1436271600000 15.4
1436271660000 15.424
1436271720000 15.265
1436271780000 15.33
1436271840000 15.33
1436271900000 15.48
1436271960000 15.47
1436272020000 15.48
1436272080000 15.51
1436272140000 15.515
1436272200000 15.46
1436272260000 15.51
1436272320000 15.73
1436272380000 15.62
1436272440000 15.63
1436272500000 15.63
1436272560000 15.71
1436272620000 15.815
1436272680000 15.69
1436272740000 15.66
1436272800000 15.535
1436272860000 15.6
1436272920000 15.64
1436272980000 15.8
1436273040000 15.7
1436273100000 15.62
1436273160000 15.66
1436273220000 15.6299
1436273280000 15.69
1436273340000 15.69
1436273400000 15.65
1436273460000 15.66
1436273520000 15.63
1436273580000 15.563
1436273640000 15.5749
1436273700000 15.58
1436273760000 15.58
1436273820000 15.64
1436273880000 15.64
1436273940000 15.65
1436274000000 15.6982
1436274060000 15.74
1436274120000 15.77
1436274180000 15.79
1436274300000 15.72
1436274360000 15.7803
1436274420000 15.81
1436274480000 15.83
1436274540000 15.81
1436274600000 15.805
1436274660000 15.805
1436274720000 15.82
1436274780000 15.9158
1436274840000 15.865
1436274900000 15.91
1436274960000 15.91
1436275020000 15.83
1436275080000 15.82
1436275140000 15.82
1436275200000 15.83
1436275260000 15.8
1436275320000 15.805
1436275380000 15.82
1436275440000 15.83
1436275500000 15.82
1436275620000 15.81
1436275680000 15.81
1436275740000 15.82
1436275800000 15.805
1436275860000 15.8
1436275920000 15.8
1436275980000 15.805
1436276040000 15.805
1436276100000 15.8
1436276160000 15.8
1436276220000 15.81
1436276280000 15.8
1436276340000 15.805
1436276400000 15.81
1436276460000 15.81
1436276520000 15.8025
1436276580000 15.8
1436276640000 15.81
1436276700000 16.01
1436276760000 15.895
1436276820000 15.875
1436276880000 15.88
1436276940000 15.875
1436277000000 15.805
1436277060000 15.9
1436277120000 15.82
1436277180000 15.805
1436277240000 15.8
1436277300000 15.83
1436277360000 15.69
1436277420000 15.72
1436277480000 15.75
1436277540000 15.76
1436277600000 15.77
1436277660000 15.735
1436277720000 15.75
1436277780000 15.76
1436277840000 15.79
1436277900000 15.79
1436277960000 15.83
1436278020000 15.81
1436278080000 15.81
1436278140000 15.91
1436278200000 15.88
1436278260000 15.958
1436278320000 15.985
1436278380000 16.06
1436278500000 16.03
1436278620000 16.01
1436278680000 16.0
1436278800000 16.01
1436278860000 16.01
1436278920000 16.0
1436278980000 16.0
1436279040000 15.9901
1436279100000 16.0
1436279160000 15.995
1436279220000 16.0
1436279280000 15.995
1436279340000 16.0
1436279400000 16.0
1436279460000 16.04
1436279520000 16.14
1436279580000 16.05
1436279640000 16.08
1436279700000 16.08
1436279760000 16.08
1436279820000 16.09
1436279880000 16.12
1436279940000 16.08
1436280000000 16.09
1436280060000 16.09
1436280120000 16.15
1436280180000 16.12
1436280240000 16.12
1436280300000 16.13
1436280360000 16.18
1436280420000 16.17
1436280480000 16.165
1436280540000 16.17
1436280600000 16.267
1436280660000 16.26
1436280720000 16.25
1436280780000 16.21
1436280840000 16.19
1436280900000 16.24
1436280960000 16.26
1436281020000 16.3
1436281080000 16.29
1436281140000 16.275
1436281200000 16.29
1436281260000 16.27
1436281320000 16.26
1436281380000 16.27
1436281440000 16.2035
1436281500000 16.21
1436281560000 16.18
