1436261400000 17.89
1436262960000 17.86
1436263080000 18.03
1436263140000 18.03
1436263260000 18.1
1436263320000 18.07
1436263380000 18.03
1436263440000 18.05
1436263620000 18.01
1436263680000 18.01
1436263740000 18.0
1436263800000 17.76
1436263920000 17.63
1436264160000 17.62
1436264460000 17.74
1436264580000 17.87
1436265000000 17.62
1436265300000 17.53
1436265960000 17.59
1436266680000 17.56
1436266740000 17.69
1436266800000 17.65
1436266980000 17.546
1436267100000 17.5749
1436267160000 17.5401
1436267220000 17.542
1436267280000 17.5429
1436267400000 17.5456
1436267460000 17.5768
1436267520000 17.546
1436267580000 17.58
1436267700000 17.58
1436267760000 17.5475
1436268960000 17.54
1436269500000 17.3601
1436270040000 17.45
1436270940000 17.45
1436271480000 17.3
1436271780000 17.4
1436271840000 17.44
1436271900000 17.505
1436271960000 17.4
1436272020000 17.4
1436272320000 17.41
1436272740000 17.35
1436273880000 17.4
1436274180000 17.4
1436275740000 17.41
1436276280000 17.48
1436277000000 17.4455
1436277120000 17.46
1436277900000 17.4
1436280180000 17.4
1436280240000 17.37
1436280420000 17.4
1436280540000 17.4
1436280780000 17.4
1436281140000 17.42
1436281200000 17.38
1436281260000 17.4
1436281320000 17.4
1436281500000 17.44
1436281560000 17.27
