1436261400000 14.71
1436261460000 14.67
1436261520000 14.75
1436261580000 14.68
1436261700000 14.6
1436261760000 14.6
1436261820000 14.6
1436261880000 14.625
1436261940000 14.61
1436262000000 14.67
1436262060000 14.6899
1436262120000 14.6855
1436262180000 14.7
1436262240000 14.7049
1436262300000 14.7
1436262360000 14.74
1436262420000 14.78
1436262480000 14.7799
1436262600000 14.7363
1436262720000 14.72
1436262840000 14.76
1436262900000 14.787
1436262960000 14.815
1436263080000 14.8202
1436263140000 14.85
1436263200000 14.81
1436263260000 14.84
1436263320000 14.82
1436263380000 14.83
1436263440000 14.82
1436263500000 14.8
1436263560000 14.74
1436263620000 14.733
1436263680000 14.72
1436263740000 14.7001
1436263800000 14.7
1436263860000 14.7002
1436263920000 14.66
1436263980000 14.6612
1436264040000 14.69
1436264160000 14.6601
1436264220000 14.66
1436264280000 14.63
1436264340000 14.6099
1436264400000 14.58
1436264460000 14.56
1436264520000 14.562
1436264640000 14.58
1436264760000 14.56
1436264820000 14.5675
1436264880000 14.52
1436264940000 14.5399
1436265000000 14.5299
1436265060000 14.53
1436265120000 14.57
1436265180000 14.545
1436265240000 14.56
1436265300000 14.56
1436265360000 14.56
1436265420000 14.55
1436265480000 14.58
1436265540000 14.522
1436265600000 14.52
1436265660000 14.512
1436265720000 14.51
1436265780000 14.501
1436265840000 14.5
1436265900000 14.5051
1436265960000 14.5001
1436266020000 14.5205
1436266080000 14.54
1436266140000 14.55
1436266200000 14.55
1436266260000 14.5499
1436266320000 14.535
1436266380000 14.5233
1436266440000 14.54
1436266500000 14.59
1436266560000 14.575
1436266740000 14.57
1436266800000 14.55
1436266860000 14.54
1436267040000 14.545
1436267100000 14.5401
1436267160000 14.556
1436267220000 14.575
1436267280000 14.57
1436267340000 14.5603
1436267400000 14.6
1436267460000 14.586
1436267520000 14.6499
1436267580000 14.6087
1436267700000 14.63
1436267760000 14.622
1436267820000 14.62
1436267940000 14.62
1436268000000 14.6499
1436268060000 14.63
1436268120000 14.6
1436268180000 14.632
1436268300000 14.6
1436268360000 14.5739
1436268420000 14.55
1436268540000 14.55
1436268660000 14.532
1436268720000 14.55
1436268780000 14.5767
1436268840000 14.56
1436268960000 14.57
1436269020000 14.55
1436269080000 14.55
1436269140000 14.5381
1436269260000 14.5651
1436269380000 14.59
1436269440000 14.62
1436269560000 14.6136
1436269680000 14.63
1436269740000 14.6229
1436269800000 14.6219
1436269920000 14.61
1436270040000 14.64
1436270100000 14.67
1436270160000 14.71
1436270220000 14.71
1436270400000 14.68
1436270460000 14.67
1436270520000 14.67
1436270580000 14.7
1436270700000 14.7001
1436270760000 14.71
1436270880000 14.72
1436270940000 14.74
1436271060000 14.74
1436271120000 14.708
1436271180000 14.7129
1436271360000 14.702
1436271420000 14.68
1436271480000 14.68
1436271540000 14.696
1436271660000 14.68
1436271720000 14.66
1436271780000 14.609
1436271960000 14.67
1436272020000 14.66
1436272080000 14.64
1436272140000 14.64
1436272200000 14.66
1436272260000 14.6595
1436272320000 14.68
1436272380000 14.71
1436272500000 14.71
1436272560000 14.72
1436272620000 14.73
1436272680000 14.73
1436272860000 14.794
1436272980000 14.8
1436273040000 14.78
1436273100000 14.79
1436273160000 14.81
1436273220000 14.846
1436273400000 14.84
1436273460000 14.82
1436273520000 14.8201
1436273640000 14.845
1436273760000 14.87
1436273880000 14.9
1436274060000 14.9198
1436274120000 14.9301
1436274180000 14.92
1436274240000 14.9201
1436274300000 14.9444
1436274360000 14.92
1436274540000 14.92
1436274660000 14.918
1436274720000 14.94
1436274780000 14.98
1436274900000 14.9601
1436274960000 14.932
1436275080000 14.927
1436275260000 14.9142
1436275320000 14.91
1436275380000 14.884
1436275440000 14.88
1436275560000 14.88
1436275620000 14.874
1436275680000 14.8889
1436275800000 14.8936
1436275860000 14.91
1436275920000 14.9099
1436275980000 14.89
1436276040000 14.86
1436276160000 14.8899
1436276220000 14.8696
1436276340000 14.87
1436276460000 14.849
1436276520000 14.83
1436276580000 14.82
1436276640000 14.85
1436276760000 14.85
1436276820000 14.9068
1436276880000 14.89
1436276940000 14.85
1436277000000 14.8477
1436277060000 14.84
1436277180000 14.86
1436277300000 14.8451
1436277360000 14.8509
1436277540000 14.82
1436277600000 14.84
1436277660000 14.8347
1436277840000 14.8399
1436277900000 14.812
1436277960000 14.8
1436278080000 14.8
1436278200000 14.8
1436278260000 14.82
1436278320000 14.86
1436278500000 14.83
1436278560000 14.85
1436278620000 14.86
1436278680000 14.84
1436278740000 14.82
1436278800000 14.79
1436278860000 14.81
1436278920000 14.8
1436279040000 14.79
1436279100000 14.8
1436279220000 14.88
1436279340000 14.91
1436279400000 14.8774
1436279520000 14.88
1436279640000 14.85
1436279700000 14.8251
1436279760000 14.82
1436279820000 14.82
1436279880000 14.82
1436280000000 14.85
1436280120000 14.88
1436280180000 14.86
1436280240000 14.86
1436280300000 14.87
1436280360000 14.85
1436280420000 14.8271
1436280540000 14.84
1436280600000 14.84
1436280660000 14.83
1436280780000 14.8439
1436280900000 14.84
1436280960000 14.85
1436281020000 14.87
1436281080000 14.89
1436281140000 14.9
1436281200000 14.87
1436281260000 14.87
1436281380000 14.8895
1436281440000 14.87
1436281500000 14.87
