1436261400000 35.49
1436261460000 35.44
1436261520000 35.48
1436261580000 35.49
1436261640000 35.49
1436261700000 35.47
1436261760000 35.49
1436261820000 35.45
1436261880000 35.44
1436261940000 35.44
1436262000000 35.45
1436262060000 35.45
1436262120000 35.45
1436262180000 35.46
1436262240000 35.45
1436262300000 35.44
1436262360000 35.44
1436262420000 35.45
1436262480000 35.445
1436262540000 35.47
1436262600000 35.47
1436262660000 35.455
1436262720000 35.46
1436262780000 35.465
1436262840000 35.47
1436262900000 35.4554
1436262960000 35.45
1436263020000 35.46
1436263080000 35.42
1436263140000 35.42
1436263200000 35.41
1436263260000 35.415
1436263320000 35.4332
1436263380000 35.44
1436263440000 35.38
1436263500000 35.38
1436263560000 35.3401
1436263620000 35.335
1436263680000 35.305
1436263740000 35.28
1436263800000 35.3
1436263860000 35.32
1436263920000 35.3
1436263980000 35.3
1436264040000 35.29
1436264100000 35.26
1436264160000 35.235
1436264220000 35.23
1436264280000 35.24
1436264340000 35.21
1436264400000 35.2
1436264460000 35.17
1436264520000 35.18
1436264580000 35.19
1436264640000 35.17
1436264700000 35.1435
1436264760000 35.1
1436264820000 35.07
1436264880000 35.03
1436264940000 35.0481
1436265000000 34.99
1436265060000 35.025
1436265120000 35.03
1436265180000 35.03
1436265240000 35.02
1436265300000 35.01
1436265360000 34.99
1436265420000 34.995
1436265480000 34.97
1436265540000 34.94
1436265600000 34.95
1436265660000 34.94
1436265720000 34.94
1436265780000 34.91
1436265840000 34.92
1436265900000 34.93
1436265960000 34.91
1436266020000 34.9399
1436266080000 34.97
1436266140000 34.99
1436266200000 34.96
1436266260000 34.93
1436266320000 34.93
1436266380000 34.95
1436266440000 34.97
1436266500000 34.98
1436266560000 34.9499
1436266620000 34.95
1436266680000 34.97
1436266740000 34.97
1436266800000 34.95
1436266860000 34.94
1436266920000 34.93
1436266980000 34.9199
1436267040000 34.89
1436267100000 34.89
1436267160000 34.86
1436267220000 34.85
1436267280000 34.84
1436267340000 34.8665
1436267400000 34.87
1436267460000 34.87
1436267520000 34.88
1436267580000 34.93
1436267640000 34.8935
1436267700000 34.8935
1436267760000 34.895
1436267820000 34.91
1436267880000 34.91
1436267940000 34.89
1436268000000 34.91
1436268060000 34.89
1436268120000 34.86
1436268180000 34.84
1436268240000 34.85
1436268300000 34.84
1436268360000 34.815
1436268420000 34.83
1436268480000 34.86
1436268540000 34.84
1436268600000 34.83
1436268660000 34.83
1436268720000 34.82
1436268780000 34.84
1436268840000 34.82
1436268900000 34.805
1436268960000 34.8
1436269020000 34.85
1436269080000 34.87
1436269140000 34.89
1436269200000 34.9049
1436269260000 34.929
1436269320000 34.94
1436269380000 34.9699
1436269440000 34.97
1436269500000 34.98
1436269560000 34.9599
1436269620000 34.97
1436269680000 34.98
1436269740000 34.98
1436269800000 34.98
1436269860000 34.99
1436269920000 34.96
1436269980000 34.95
1436270040000 34.95
1436270100000 34.96
1436270160000 34.97
1436270220000 35.01
1436270280000 34.98
1436270340000 34.97
1436270400000 34.95
1436270460000 34.9457
1436270520000 34.9658
1436270580000 34.98
1436270640000 34.99
1436270700000 34.9801
1436270760000 34.9846
1436270820000 34.97
1436270880000 34.94
1436270940000 34.945
1436271000000 34.97
1436271060000 34.96
1436271120000 34.94
1436271180000 34.9365
1436271240000 34.925
1436271300000 34.935
1436271360000 34.94
1436271420000 34.925
1436271480000 34.925
1436271540000 34.94
1436271600000 34.94
1436271660000 34.96
1436271720000 34.97
1436271780000 34.98
1436271840000 34.99
1436271900000 34.99
1436271960000 34.985
1436272020000 34.991
1436272080000 34.99
1436272140000 34.98
1436272200000 34.97
1436272260000 34.99
1436272320000 35.01
1436272380000 35.015
1436272440000 35.02
1436272500000 35.02
1436272560000 35.0
1436272620000 35.0101
1436272680000 35.0185
1436272740000 35.04
1436272800000 35.05
1436272860000 35.039
1436272920000 35.04
1436272980000 35.03
1436273040000 35.025
1436273100000 35.031
1436273160000 35.04
1436273220000 35.04
1436273280000 35.0562
1436273340000 35.05
1436273400000 35.04
1436273460000 35.03
1436273520000 35.03
1436273580000 35.035
1436273640000 35.03
1436273700000 35.06
1436273760000 35.06
1436273820000 35.07
1436273880000 35.1
1436273940000 35.09
1436274000000 35.11
1436274060000 35.12
1436274120000 35.12
1436274180000 35.09
1436274240000 35.0942
1436274300000 35.09
1436274360000 35.07
1436274420000 35.0556
1436274480000 35.0537
1436274540000 35.08
1436274600000 35.08
1436274660000 35.075
1436274720000 35.12
1436274780000 35.16
1436274840000 35.175
1436274900000 35.19
1436274960000 35.17
1436275020000 35.14
1436275080000 35.135
1436275140000 35.14
1436275200000 35.17
1436275260000 35.1463
1436275320000 35.13
1436275380000 35.14
1436275440000 35.14
1436275500000 35.15
1436275560000 35.145
1436275620000 35.15
1436275680000 35.16
1436275740000 35.17
1436275800000 35.18
1436275860000 35.18
1436275920000 35.15
1436275980000 35.16
1436276040000 35.15
1436276100000 35.17
1436276160000 35.18
1436276220000 35.18
1436276280000 35.1741
1436276340000 35.19
1436276400000 35.19
1436276460000 35.18
1436276520000 35.19
1436276580000 35.2
1436276640000 35.21
1436276700000 35.22
1436276760000 35.24
1436276820000 35.25
1436276880000 35.24
1436276940000 35.255
1436277000000 35.24
1436277060000 35.23
1436277120000 35.255
1436277180000 35.2368
1436277240000 35.225
1436277300000 35.23
1436277360000 35.2227
1436277420000 35.24
1436277480000 35.23
1436277540000 35.23
1436277600000 35.2549
1436277660000 35.26
1436277720000 35.26
1436277780000 35.24
1436277840000 35.24
1436277900000 35.26
1436277960000 35.255
1436278020000 35.2414
1436278080000 35.24
1436278140000 35.2399
1436278200000 35.24
1436278260000 35.26
1436278320000 35.25
1436278380000 35.256
1436278440000 35.2551
1436278500000 35.25
1436278560000 35.2401
1436278620000 35.25
1436278680000 35.2446
1436278740000 35.235
1436278800000 35.23
1436278860000 35.23
1436278920000 35.2
1436278980000 35.2
1436279040000 35.22
1436279100000 35.23
1436279160000 35.235
1436279220000 35.23
1436279280000 35.23
1436279340000 35.2238
1436279400000 35.2201
1436279460000 35.223
1436279520000 35.24
1436279580000 35.26
1436279640000 35.25
1436279700000 35.24
1436279760000 35.24
1436279820000 35.245
1436279880000 35.26
1436279940000 35.29
1436280000000 35.3
1436280060000 35.33
1436280120000 35.36
1436280180000 35.355
1436280240000 35.37
1436280300000 35.42
1436280360000 35.42
1436280420000 35.42
1436280480000 35.42
1436280540000 35.39
1436280600000 35.4
1436280660000 35.3847
1436280720000 35.39
1436280780000 35.3801
1436280840000 35.409
1436280900000 35.4
1436280960000 35.39
1436281020000 35.39
1436281080000 35.4
1436281140000 35.445
1436281200000 35.45
1436281260000 35.4642
1436281320000 35.46
1436281380000 35.475
1436281440000 35.49
1436281500000 35.505
1436281560000 35.5
1436281620000 35.51
