1404705600000 17.18
1404792000000 16.455
1404878400000 16.66
1404964800000 16.49
1405051200000 16.63
1405310400000 16.75
1405396800000 16.37
1405483200000 16.02
1405569600000 15.5
1405656000000 15.82
1405915200000 16.05
1406001600000 16.1
1406088000000 16.3
1406174400000 16.295
1406260800000 16.18
1406520000000 16.09
1406606400000 16.4
1406692800000 16.98
1406779200000 16.51
1406865600000 16.06
1407124800000 16.31
1407211200000 16.38
1407297600000 16.31
1407384000000 15.78
1407470400000 12.56
1407729600000 12.05
1407816000000 12.17
1407902400000 12.51
1407988800000 12.71
1408075200000 12.63
1408334400000 12.57
1408420800000 12.51
1408507200000 12.52
1408593600000 12.34
1408680000000 12.34
1408939200000 12.44
1409025600000 12.55
1409112000000 12.47
1409198400000 12.38
1409284800000 12.44
1409630400000 12.33
1409716800000 12.16
1409803200000 12.08
1409889600000 11.96
1410148800000 12.05
1410235200000 11.7
1410321600000 12.08
1410408000000 12.2
1410494400000 11.93
1410753600000 11.56
1410840000000 11.53
1410926400000 11.66
1411012800000 11.56
1411099200000 11.41
1411358400000 11.12
1411444800000 11.16
1411531200000 11.06
1411617600000 10.94
1411704000000 10.8
1411963200000 11.05
1412049600000 10.64
1412136000000 10.29
1412222400000 11.32
1412308800000 11.3
1412568000000 11.52
1412654400000 11.24
1412740800000 11.54
1412827200000 11.17
1412913600000 11.29
1413172800000 11.34
1413259200000 10.94
1413345600000 11.08
1413432000000 10.95
1413518400000 10.77
1413777600000 11.14
1413864000000 11.18
1413950400000 10.58
1414036800000 10.38
1414123200000 10.13
1414382400000 9.9
1414468800000 10.03
1414555200000 10.12
1414641600000 10.34
1414728000000 10.12
1414990800000 10.01
1415077200000 9.97
1415163600000 10.04
1415250000000 9.92
1415336400000 9.99
1415595600000 10.54
1415682000000 11.14
1415768400000 11.07
1415854800000 10.79
1415941200000 10.92
1416200400000 11.08
1416286800000 11.25
1416373200000 10.905
1416459600000 11.08
1416546000000 11.22
1416805200000 11.36
1416891600000 11.29
1416978000000 11.34
1417150800000 11.06
1417410000000 10.97
1417496400000 10.91
1417582800000 11.37
1417669200000 11.12
1417755600000 11.23
1418014800000 10.81
1418101200000 11.82
1418187600000 11.63
1418274000000 11.91
1418360400000 11.83
1418619600000 11.39
1418706000000 11.49
1418792400000 17.84
1418878800000 17.88
1418965200000 17.88
1419224400000 17.89
1419310800000 17.93
1419397200000 17.95
1419570000000 17.89
1419829200000 17.87
1419915600000 17.89
1420002000000 17.88
1420174800000 17.86
1420434000000 17.92
1420520400000 17.945
1420606800000 17.95
1420693200000 17.93
1420779600000 17.87
1421038800000 17.87
1421125200000 17.89
1421211600000 17.91
1421298000000 17.9
1421384400000 17.95
1421730000000 17.95
1421816400000 17.95
1421902800000 17.95
1421989200000 17.965
1422248400000 17.98
1422334800000 17.97
1422421200000 17.96
1422507600000 17.96
1422594000000 17.97
1422853200000 17.99
1422939600000 17.97
1423026000000 18.0
1423112400000 17.97
1423198800000 17.95
1423458000000 17.96
1423544400000 17.97
1423630800000 17.95
1423717200000 17.95
1423803600000 17.98
1424149200000 17.99
