1436261400000 101.9
1436261640000 101.87
1436261880000 101.7001
1436262180000 101.71
1436262360000 101.61
1436263020000 101.66
1436263680000 101.25
1436265060000 101.15
1436266020000 100.87
1436266260000 100.91
1436266440000 101.06
1436266620000 101.0599
1436266860000 100.8899
1436266980000 100.9199
1436267580000 100.97
1436268840000 100.66
1436269920000 100.9
1436270040000 100.9
1436272140000 101.14
1436273640000 101.5
1436273820000 101.549
1436275380000 101.59
1436275440000 101.58
1436277720000 101.6501
1436280840000 102.105
