1436261460000 8.37
1436261640000 8.35
1436261760000 8.25
1436262000000 8.194
1436262180000 8.21
1436262780000 8.21
1436263020000 8.2
1436263620000 8.17
1436264040000 8.19
1436264100000 8.13
1436264220000 8.14
1436264280000 8.16
1436264700000 8.14
1436265180000 8.14
1436265480000 8.15
1436265540000 8.15
1436265660000 8.1499
1436265840000 8.14
1436265900000 8.15
1436266080000 8.16
1436266440000 8.17
1436266500000 8.16
1436266560000 8.15
1436266740000 8.15
1436267040000 8.14
1436267220000 8.13
1436267280000 8.13
1436267340000 8.13
1436267400000 8.13
1436267520000 8.13
1436267640000 8.1419
1436267700000 8.15
1436267880000 8.17
1436268060000 8.15
1436268120000 8.15
1436268240000 8.15
1436268300000 8.12
1436268540000 8.12
1436268780000 8.11
1436268840000 8.11
1436268900000 8.09
1436269020000 8.061
1436269080000 8.13
1436269320000 8.16
1436269380000 8.19
1436269440000 8.226
1436269500000 8.21
1436269800000 8.21
1436269860000 8.17
1436270160000 8.1554
1436270220000 8.22
1436270460000 8.237
1436271060000 8.21
1436271180000 8.16
1436271600000 8.16
1436271720000 8.15
1436271780000 8.16
1436271840000 8.15
1436272080000 8.1536
1436272200000 8.15
1436272260000 8.16
1436272980000 8.16
1436273220000 8.175
1436273640000 8.22
1436273880000 8.25
1436274060000 8.28
1436274300000 8.3
1436274360000 8.3
1436274420000 8.3
1436274540000 8.3
1436274660000 8.32
1436274720000 8.32
1436274840000 8.32
1436274960000 8.335
1436275140000 8.347
1436275200000 8.35
1436275320000 8.32
1436275380000 8.3001
1436275440000 8.31
1436275680000 8.3177
1436275800000 8.36
1436275980000 8.31
1436276040000 8.3223
1436276100000 8.31
1436276280000 8.3
1436276460000 8.28
1436276520000 8.25
1436276640000 8.25
1436276760000 8.26
1436277000000 8.26
1436277180000 8.278
1436277420000 8.26
1436277600000 8.26
1436277660000 8.24
1436277900000 8.25
1436278260000 8.28
1436278500000 8.25
1436278740000 8.23
1436278800000 8.2
1436278920000 8.19
1436279400000 8.2
1436279700000 8.21
1436279880000 8.21
1436280180000 8.29
1436280240000 8.29
1436280300000 8.28
1436280420000 8.29
1436280540000 8.298
1436280660000 8.29
1436280720000 8.26
1436280780000 8.26
1436281080000 8.28
1436281500000 8.305
