1436261400000 0.263
1436261820000 0.2998
1436261940000 0.2991
1436262180000 0.2787
1436262240000 0.27
1436262480000 0.2895
1436262840000 0.2898
1436263440000 0.2701
1436264100000 0.2702
1436264160000 0.275
1436264400000 0.265
1436264520000 0.265
1436264940000 0.28
1436265420000 0.2799
1436265480000 0.2799
1436265720000 0.2799
1436265840000 0.2683
1436266500000 0.2665
1436269440000 0.2698
1436270160000 0.2674
1436270220000 0.2651
1436270700000 0.265
1436270760000 0.2635
1436272260000 0.2665
1436272680000 0.2656
1436273100000 0.2668
1436273820000 0.28
1436275380000 0.265
1436275800000 0.2708
1436276940000 0.2753
1436277360000 0.28
1436280300000 0.2798
