1436261400000 11.34
1436261460000 11.35
1436261580000 11.35
1436261640000 11.3
1436261700000 11.26
1436261760000 11.22
1436261820000 11.19
1436261880000 11.17
1436261940000 11.19
1436262000000 11.2
1436262060000 11.18
1436262120000 11.18
1436262180000 11.17
1436262240000 11.18
1436262300000 11.16
1436262360000 11.158
1436262420000 11.15
1436262540000 11.16
1436262600000 11.15
1436262660000 11.12
1436262720000 11.11
1436262780000 11.11
1436262840000 11.14
1436262900000 11.12
1436262960000 11.12
1436263020000 11.09
1436263080000 11.11
1436263140000 11.11
1436263200000 11.08
1436263260000 11.08
1436263320000 11.06
1436263380000 11.07
1436263440000 11.062
1436263500000 11.06
1436263560000 11.06
1436263620000 11.06
1436263680000 11.07
1436263740000 11.07
1436263860000 11.09
1436263920000 11.09
1436264040000 11.1
1436264100000 11.09
1436264160000 11.09
1436264220000 11.09
1436264280000 11.1
1436264340000 11.11
1436264400000 11.09
1436264460000 11.0899
1436264520000 11.08
1436264580000 11.1
1436264640000 11.11
1436264700000 11.1
1436264760000 11.08
1436264820000 11.08
1436265000000 11.08
1436265060000 11.07
1436265120000 11.08
1436265180000 11.08
1436265240000 11.08
1436265300000 11.07
1436265360000 11.07
1436265420000 11.07
1436265480000 11.07
1436265540000 11.06
1436265600000 11.05
1436265660000 11.04
1436265720000 11.04
1436265780000 11.04
1436265840000 11.04
1436265900000 11.04
1436265960000 11.04
1436266020000 11.04
1436266080000 11.09
1436266140000 11.09
1436266200000 11.1
1436266260000 11.09
1436266320000 11.07
1436266380000 11.1
1436266440000 11.12
1436266500000 11.14
1436266560000 11.08
1436266620000 11.11
1436266680000 11.11
1436266740000 11.12
1436266800000 11.11
1436266860000 11.11
1436266920000 11.13
1436267040000 11.12
1436267100000 11.13
1436267160000 11.13
1436267220000 11.1
1436267340000 11.09
1436267400000 11.11
1436267460000 11.12
1436267520000 11.11
1436267640000 11.16
1436267760000 11.16
1436267820000 11.16
1436267880000 11.17
1436267940000 11.16
1436268060000 11.16
1436268120000 11.115
1436268180000 11.13
1436268240000 11.13
1436268300000 11.12
1436268360000 11.12
1436268420000 11.12
1436268480000 11.12
1436268540000 11.1
1436268720000 11.075
1436268780000 11.07
1436268840000 11.05
1436268900000 11.05
1436269020000 11.055
1436269080000 11.07
1436269140000 11.09
1436269200000 11.1
1436269260000 11.07
1436269320000 11.07
1436269380000 11.1
1436269440000 11.15
1436269500000 11.14
1436269560000 11.14
1436269620000 11.14
1436269680000 11.15
1436269740000 11.16
1436269800000 11.19
1436269860000 11.19
1436269920000 11.185
1436269980000 11.19
1436270040000 11.19
1436270100000 11.19
1436270160000 11.23
1436270220000 11.28
1436270340000 11.26
1436270400000 11.24
1436270460000 11.22
1436270520000 11.22
1436270580000 11.21
1436270760000 11.21
1436270820000 11.21
1436270880000 11.21
1436270940000 11.2
1436271000000 11.21
1436271060000 11.21
1436271120000 11.21
1436271420000 11.17
1436271480000 11.16
1436271540000 11.155
1436271600000 11.15
1436271660000 11.16
1436271780000 11.16
1436271840000 11.16
1436271960000 11.15
1436272020000 11.16
1436272140000 11.18
1436272200000 11.18
1436272440000 11.2
1436272500000 11.2
1436272560000 11.2
1436272620000 11.2
1436272680000 11.2
1436272740000 11.22
1436272800000 11.23
1436272860000 11.22
1436272920000 11.215
1436272980000 11.2
1436273040000 11.19
1436273100000 11.185
1436273160000 11.22
1436273220000 11.23
1436273280000 11.26
1436273340000 11.27
1436273400000 11.27
1436273520000 11.31
1436273700000 11.31
1436273760000 11.32
1436273820000 11.33
1436273880000 11.35
1436273940000 11.35
1436274060000 11.34
1436274120000 11.34
1436274180000 11.31
1436274240000 11.31
1436274300000 11.31
1436274360000 11.3
1436274420000 11.26
1436274480000 11.27
1436274600000 11.28
1436274660000 11.28
1436274720000 11.31
1436274840000 11.3
1436274900000 11.31
1436274960000 11.29
1436275020000 11.28
1436275080000 11.28
1436275140000 11.28
1436275200000 11.29
1436275260000 11.27
1436275320000 11.275
1436275380000 11.28
1436275440000 11.29
1436275500000 11.32
1436275560000 11.32
1436275620000 11.32
1436275800000 11.32
1436275860000 11.33
1436275920000 11.32
1436276220000 11.32
1436276280000 11.32
1436276340000 11.32
1436276400000 11.33
1436276460000 11.32
1436276520000 11.32
1436276580000 11.325
1436276640000 11.33
1436276760000 11.35
1436276820000 11.345
1436276880000 11.3
1436276940000 11.3
1436277000000 11.3
1436277060000 11.3
1436277120000 11.3
1436277240000 11.3
1436277300000 11.29
1436277360000 11.28
1436277420000 11.26
1436277480000 11.26
1436277540000 11.25
1436277600000 11.255
1436277660000 11.255
1436277720000 11.255
1436277780000 11.24
1436277840000 11.235
1436277960000 11.23
1436278020000 11.215
1436278140000 11.215
1436278260000 11.231
1436278380000 11.23
1436278500000 11.22
1436278560000 11.23
1436278680000 11.23
1436278740000 11.23
1436278800000 11.22
1436278860000 11.21
1436278920000 11.21
1436279040000 11.21
1436279100000 11.22
1436279160000 11.23
1436279220000 11.24
1436279340000 11.25
1436279400000 11.26
1436279460000 11.26
1436279520000 11.25
1436279580000 11.26
1436279640000 11.28
1436279760000 11.27
1436279820000 11.27
1436279880000 11.27
1436279940000 11.28
1436280000000 11.28
1436280060000 11.28
1436280120000 11.28
1436280180000 11.27
1436280240000 11.28
1436280360000 11.28
1436280420000 11.28
1436280480000 11.3
1436280600000 11.3
1436280660000 11.3
1436280720000 11.3
1436280780000 11.29
1436280900000 11.295
1436280960000 11.3
1436281020000 11.35
1436281080000 11.36
1436281140000 11.41
1436281260000 11.405
1436281320000 11.38
1436281380000 11.37
1436281440000 11.37
1436281500000 11.39
1436281560000 11.38
1436281620000 11.36
