1436261400000 59.66
1436261700000 59.45
1436261760000 59.44
1436261820000 59.295
1436261880000 59.31
1436261940000 59.5
1436262060000 59.4
1436262120000 59.4
1436262240000 59.27
1436262300000 59.19
1436262360000 59.24
1436262540000 59.31
1436262720000 59.275
1436262780000 59.22
1436262840000 59.27
1436263020000 59.21
1436263080000 59.06
1436263200000 59.04
1436263260000 59.08
1436263320000 59.04
1436263560000 59.06
1436263620000 59.03
1436263740000 59.01
1436263800000 59.06
1436263860000 59.0801
1436263920000 59.1
1436263980000 59.11
1436264040000 59.09
1436264220000 59.04
1436264460000 59.06
1436264520000 59.085
1436264640000 59.1
1436264760000 59.01
1436264820000 59.062
1436264940000 58.94
1436265000000 58.94
1436265060000 58.88
1436265180000 58.87
1436265240000 58.91
1436265300000 58.88
1436265360000 58.85
1436265420000 58.86
1436265480000 58.83
1436265600000 58.76
1436265660000 58.7316
1436265720000 58.71
1436265840000 58.635
1436265960000 58.68
1436266020000 58.77
1436266080000 58.82
1436266140000 58.87
1436266200000 58.86
1436266260000 58.85
1436266320000 58.89
1436266380000 58.94
1436266440000 58.96
1436266500000 59.02
1436266560000 59.025
1436266680000 59.02
1436266740000 58.98
1436266860000 58.81
1436266920000 58.8599
1436267100000 58.84
1436267220000 58.84
1436267280000 58.84
1436267400000 58.82
1436267460000 58.83
1436267520000 58.83
1436267640000 58.84
1436267700000 58.86
1436267760000 58.86
1436267880000 58.92
1436267940000 58.84
1436268000000 58.85
1436268060000 58.78
1436268240000 58.72
1436268300000 58.74
1436268420000 58.76
1436268480000 58.76
1436268540000 58.75
1436268720000 58.73
1436268840000 58.67
1436268900000 58.65
1436268960000 58.66
1436269020000 58.71
1436269140000 58.74
1436269200000 58.84
1436269320000 58.85
1436269440000 58.96
1436269500000 58.93
1436269560000 58.89
1436269620000 58.85
1436269680000 58.8631
1436269740000 58.84
1436269800000 58.76
1436269860000 58.78
1436269920000 58.8
1436269980000 58.83
1436270100000 58.82
1436270160000 58.9
1436270220000 58.988
1436270280000 59.0
1436270400000 59.06
1436270460000 58.95
1436270640000 58.96
1436270880000 59.0
1436271060000 58.93
1436271180000 58.92
1436271300000 58.98
1436271420000 58.99
1436271780000 58.99
1436271840000 59.02
1436271900000 59.05
1436271960000 59.08
1436272020000 59.065
1436272080000 59.03
1436272140000 59.05
1436272200000 59.06
1436272260000 59.07
1436272320000 59.09
1436272380000 59.09
1436272440000 59.21
1436272500000 59.23
1436272680000 59.26
1436272740000 59.27
1436272800000 59.37
1436272920000 59.29
1436273100000 59.33
1436273160000 59.39
1436273220000 59.3931
1436273280000 59.4
1436273340000 59.44
1436273460000 59.41
1436273520000 59.42
1436273640000 59.41
1436273760000 59.47
1436273820000 59.45
1436273880000 59.5
1436273940000 59.5
1436274060000 59.47
1436274120000 59.45
1436274180000 59.42
1436274240000 59.37
1436274360000 59.42
1436274420000 59.39
1436274480000 59.34
1436274540000 59.44
1436274600000 59.48
1436274660000 59.56
1436274720000 59.58
1436274780000 59.65
1436274840000 59.68
1436274900000 59.715
1436274960000 59.6
1436275140000 59.52
1436275200000 59.52
1436275380000 59.48
1436275440000 59.51
1436275500000 59.501
1436275560000 59.485
1436275620000 59.49
1436275740000 59.6
1436275800000 59.59
1436275860000 59.55
1436276160000 59.54
1436276220000 59.53
1436276400000 59.59
1436276460000 59.54
1436276580000 59.49
1436276640000 59.5
1436276760000 59.5186
1436276820000 59.47
1436276940000 59.48
1436277000000 59.461
1436277060000 59.44
1436277120000 59.49
1436277240000 59.47
1436277300000 59.49
1436277480000 59.5
1436277540000 59.46
1436277600000 59.46
1436277720000 59.46
1436277780000 59.48
1436277840000 59.51
1436277900000 59.48
1436277960000 59.47
1436278020000 59.465
1436278080000 59.465
1436278140000 59.48
1436278200000 59.4701
1436278440000 59.48
1436278500000 59.47
1436278560000 59.47
1436278620000 59.465
1436278680000 59.435
1436278740000 59.47
1436278800000 59.4
1436278860000 59.45
1436278920000 59.415
1436278980000 59.395
1436279040000 59.385
1436279100000 59.385
1436279160000 59.385
1436279220000 59.385
1436279280000 59.385
1436279340000 59.41
1436279520000 59.43
1436279580000 59.46
1436279640000 59.45
1436279760000 59.425
1436279820000 59.39
1436279880000 59.43
1436280000000 59.495
1436280060000 59.52
1436280120000 59.56
1436280180000 59.6
1436280300000 59.695
1436280420000 59.73
1436280480000 59.72
1436280600000 59.67
1436280660000 59.66
1436280720000 59.67
1436280780000 59.694
1436280840000 59.705
1436280960000 59.71
1436281020000 59.76
1436281080000 59.755
1436281140000 59.88
1436281200000 59.92
1436281260000 59.9
1436281320000 59.95
1436281440000 59.89
1436281500000 59.866
1436281560000 59.78
1436281620000 59.8
