1436261400000 74.04
1436261460000 73.55
1436261640000 73.68
1436261700000 73.535
1436261760000 73.2301
1436261820000 73.3
1436262000000 73.33
1436262060000 73.44
1436262120000 73.42
1436262180000 73.47
1436262240000 73.56
1436262300000 73.55
1436262360000 73.5
1436262420000 73.56
1436262480000 73.59
1436262540000 73.68
1436262600000 73.69
1436262660000 73.64
1436262720000 73.65
1436262780000 73.71
1436262840000 73.69
1436262900000 73.67
1436262960000 73.66
1436263020000 73.64
1436263080000 73.58
1436263140000 73.56
1436263200000 73.48
1436263260000 73.48
1436263320000 73.42
1436263380000 73.41
1436263440000 73.4
1436263500000 73.31
1436263560000 73.34
1436263620000 73.3097
1436263680000 73.25
1436263740000 73.29
1436263800000 73.3
1436263860000 73.36
1436263920000 73.29
1436263980000 73.31
1436264040000 73.34
1436264100000 73.21
1436264160000 73.21
1436264220000 73.22
1436264280000 73.17
1436264340000 73.22
1436264400000 73.19
1436264460000 73.14
1436264520000 73.22
1436264580000 73.19
1436264640000 73.18
1436264700000 73.18
1436264760000 73.12
1436264820000 73.12
1436264880000 73.12
1436264940000 73.14
1436265000000 73.115
1436265060000 73.03
1436265120000 73.04
1436265180000 73.06
1436265240000 73.03
1436265300000 73.05
1436265360000 73.01
1436265420000 73.02
1436265480000 72.98
1436265540000 72.975
1436265600000 72.94
1436265660000 72.92
1436265720000 72.86
1436265780000 72.83
1436265840000 72.88
1436265900000 72.87
1436265960000 72.89
1436266020000 72.96
1436266140000 72.97
1436266200000 72.97
1436266260000 72.93
1436266320000 72.97
1436266380000 72.94
1436266440000 72.99
1436266500000 73.0
1436266560000 72.95
1436266620000 72.98
1436266680000 72.97
1436266740000 72.93
1436266800000 72.95
1436266860000 72.9
1436266920000 72.925
1436266980000 72.95
1436267040000 72.92
1436267100000 72.93
1436267160000 72.92
1436267220000 72.93
1436267280000 72.92
1436267340000 72.93
1436267400000 72.95
1436267460000 72.9801
1436267520000 72.99
1436267580000 72.98
1436267640000 72.98
1436267700000 72.94
1436267760000 72.97
1436267820000 73.0
1436267880000 72.9971
1436267940000 72.97
1436268000000 72.97
1436268060000 72.92
1436268120000 72.91
1436268180000 72.97
1436268240000 73.01
1436268300000 72.99
1436268360000 72.98
1436268420000 72.99
1436268480000 73.02
1436268540000 72.99
1436268600000 72.96
1436268660000 72.96
1436268720000 72.97
1436268780000 72.9
1436268840000 72.89
1436268900000 72.91
1436268960000 72.891
1436269020000 72.91
1436269080000 72.93
1436269140000 72.94
1436269200000 72.98
1436269260000 73.01
1436269320000 72.98
1436269380000 73.02
1436269440000 73.02
1436269500000 73.03
1436269560000 72.95
1436269620000 72.92
1436269680000 72.98
1436269740000 72.91
1436269800000 72.94
1436269860000 72.91
1436269920000 72.89
1436269980000 72.89
1436270040000 72.86
1436270100000 72.91
1436270160000 72.96
1436270220000 73.1
1436270280000 73.04
1436270340000 73.01
1436270400000 73.0
1436270460000 73.01
1436270580000 73.05
1436270640000 73.09
1436270700000 73.0703
1436270760000 73.05
1436270820000 73.05
1436270880000 73.03
1436270940000 73.04
1436271000000 73.06
1436271060000 73.02
1436271120000 73.01
1436271180000 73.01
1436271300000 73.02
1436271360000 73.07
1436271420000 73.03
1436271480000 73.01
1436271540000 73.0
1436271840000 73.0331
1436271900000 73.02
1436271960000 73.03
1436272020000 73.02
1436272080000 73.037
1436272140000 73.02
1436272200000 73.015
1436272260000 73.02
1436272320000 73.03
1436272380000 73.02
1436272440000 73.02
1436272500000 73.05
1436272560000 73.025
1436272620000 73.05
1436272680000 73.03
1436272800000 73.08
1436272860000 73.09
1436272920000 73.1
1436273100000 73.13
1436273160000 73.14
1436273220000 73.16
1436273340000 73.12
1436273400000 73.11
1436273460000 73.13
1436273520000 73.12
1436273580000 73.09
1436273640000 73.12
1436273700000 73.2
1436273820000 73.21
1436273880000 73.22
1436273940000 73.22
1436274000000 73.25
1436274060000 73.23
1436274120000 73.21
1436274180000 73.16
1436274240000 73.19
1436274300000 73.2
1436274360000 73.2
1436274480000 73.19
1436274540000 73.23
1436274600000 73.23
1436274660000 73.24
1436274720000 73.29
1436274780000 73.32
1436274840000 73.34
1436274900000 73.33
1436274960000 73.32
1436275020000 73.28
1436275080000 73.28
1436275140000 73.26
1436275200000 73.26
1436275260000 73.22
1436275380000 73.205
1436275440000 73.24
1436275500000 73.24
1436275560000 73.23
1436275620000 73.215
1436275680000 73.21
1436275740000 73.21
1436275800000 73.25
1436275860000 73.25
1436275920000 73.19
1436275980000 73.23
1436276040000 73.24
1436276100000 73.27
1436276160000 73.265
1436276220000 73.25
1436276280000 73.22
1436276340000 73.22
1436276400000 73.22
1436276460000 73.205
1436276520000 73.205
1436276580000 73.19
1436276640000 73.25
1436276700000 73.24
1436276760000 73.2
1436276820000 73.2
1436276880000 73.17
1436276940000 73.17
1436277000000 73.17
1436277060000 73.14
1436277180000 73.12
1436277240000 73.105
1436277300000 73.11
1436277360000 73.09
1436277420000 73.09
1436277480000 73.06
1436277540000 73.05
1436277600000 73.08
1436277660000 73.08
1436277720000 73.07
1436277780000 73.07
1436277840000 73.08
1436277900000 73.1
1436277960000 73.1
1436278020000 73.09
1436278080000 73.1
1436278140000 73.11
1436278200000 73.12
1436278260000 73.1
1436278320000 73.1
1436278380000 73.1051
1436278440000 73.09
1436278500000 73.09
1436278560000 73.09
1436278620000 73.08
1436278680000 73.08
1436278740000 73.08
1436278800000 73.06
1436278860000 73.03
1436278920000 73.02
1436278980000 73.01
1436279040000 73.04
1436279100000 73.05
1436279160000 73.08
1436279280000 73.06
1436279340000 73.05
1436279400000 73.08
1436279520000 73.08
1436279580000 73.11
1436279640000 73.1049
1436279700000 73.11
1436279760000 73.11
1436279820000 73.09
1436279880000 73.07
1436279940000 73.15
1436280000000 73.15
1436280060000 73.19
1436280120000 73.27
1436280180000 73.28
1436280240000 73.31
1436280300000 73.35
1436280360000 73.32
1436280420000 73.38
1436280480000 73.39
1436280540000 73.34
1436280600000 73.3668
1436280660000 73.39
1436280720000 73.39
1436280780000 73.41
1436280840000 73.4
1436280900000 73.38
1436280960000 73.37
1436281020000 73.41
1436281080000 73.41
1436281140000 73.475
1436281200000 73.455
1436281260000 73.46
1436281320000 73.42
1436281380000 73.41
1436281440000 73.405
1436281500000 73.4
1436281560000 73.38
1436281620000 73.34
