1436261400000 62.73
1436261520000 62.91
1436261580000 62.83
1436261640000 62.77
1436261700000 62.54
1436261760000 62.49
1436261820000 62.4
1436261880000 62.54
1436261940000 62.46
1436262000000 62.46
1436262060000 62.56
1436262120000 62.57
1436262240000 62.66
1436262300000 62.67
1436262360000 62.65
1436262480000 62.64
1436262540000 62.57
1436262600000 62.55
1436262660000 62.49
1436262720000 62.5
1436262780000 62.61
1436262840000 62.55
1436262900000 62.58
1436262960000 62.52
1436263020000 62.49
1436263080000 62.4
1436263140000 62.32
1436263200000 62.34
1436263260000 62.26
1436263320000 62.24
1436263380000 62.233
1436263440000 62.21
1436263560000 62.23
1436263620000 62.22
1436263680000 62.06
1436263740000 62.02
1436263800000 62.06
1436263860000 62.14
1436263920000 62.14
1436263980000 62.15
1436264040000 62.17
1436264100000 62.09
1436264160000 62.0
1436264220000 62.07
1436264280000 62.09
1436264340000 62.08
1436264400000 62.07
1436264460000 62.07
1436264580000 62.12
1436264640000 62.12
1436264700000 62.1
1436264760000 62.0427
1436264820000 62.04
1436264880000 61.97
1436264940000 62.015
1436265000000 62.07
1436265060000 62.07
1436265120000 62.03
1436265240000 62.03
1436265300000 62.02
1436265360000 61.98
1436265420000 61.98
1436265480000 61.97
1436265540000 61.89
1436265600000 61.9
1436265660000 61.85
1436265720000 61.83
1436265780000 61.84
1436265840000 61.88
1436265900000 61.89
1436265960000 61.95
1436266020000 61.98
1436266080000 62.0
1436266140000 62.0
1436266200000 61.98
1436266260000 61.97
1436266320000 62.01
1436266380000 62.04
1436266440000 62.07
1436266500000 62.08
1436266560000 62.02
1436266620000 62.08
1436266680000 62.03
1436266740000 62.02
1436266800000 62.04
1436266860000 61.9699
1436266920000 61.96
1436266980000 61.99
1436267040000 61.92
1436267100000 61.9
1436267160000 61.91
1436267220000 61.93
1436267280000 61.92
1436267340000 61.93
1436267400000 61.94
1436267460000 61.96
1436267520000 61.99
1436267580000 61.95
1436267640000 61.94
1436267700000 61.92
1436267820000 61.97
1436267880000 61.96
1436267940000 61.92
1436268000000 61.92
1436268060000 61.85
1436268120000 61.83
1436268180000 61.86
1436268240000 61.93
1436268360000 61.9
1436268420000 61.92
1436268480000 61.94
1436268540000 61.89
1436268600000 61.85
1436268660000 61.88
1436268720000 61.84
1436268780000 61.84
1436268840000 61.91
1436268900000 61.85
1436268960000 61.85
1436269020000 61.86
1436269080000 61.9
1436269140000 61.91
1436269200000 61.91
1436269320000 61.93
1436269380000 61.98
1436269440000 61.99
1436269500000 62.02
1436269560000 62.03
1436269620000 62.01
1436269680000 62.02
1436269740000 62.01
1436269800000 62.04
1436269860000 61.99
1436269980000 62.005
1436270040000 62.02
1436270100000 62.04
1436270160000 62.06
1436270220000 62.24
1436270280000 62.19
1436270340000 62.2
1436270400000 62.16
1436270520000 62.14
1436270700000 62.21
1436270760000 62.2
1436270820000 62.17
1436270880000 62.15
1436270940000 62.14
1436271000000 62.14
1436271060000 62.11
1436271300000 62.05
1436271360000 62.08
1436271420000 62.07
1436271480000 62.08
1436271540000 62.08
1436271600000 62.0858
1436271660000 62.13
1436271720000 62.12
1436271780000 62.14
1436271840000 62.12
1436271900000 62.11
1436271960000 62.13
1436272020000 62.14
1436272080000 62.15
1436272140000 62.15
1436272200000 62.11
1436272320000 62.15
1436272380000 62.16
1436272440000 62.16
1436272500000 62.17
1436272560000 62.17
1436272620000 62.18
1436272680000 62.18
1436272740000 62.21
1436272800000 62.26
1436272920000 62.24
1436272980000 62.22
1436273040000 62.21
1436273100000 62.25
1436273220000 62.3
1436273280000 62.31
1436273340000 62.31
1436273400000 62.32
1436273460000 62.37
1436273520000 62.37
1436273640000 62.39
1436273700000 62.49
1436273760000 62.45
1436273820000 62.46
1436273880000 62.51
1436273940000 62.51
1436274000000 62.51
1436274060000 62.47
1436274180000 62.41
1436274240000 62.42
1436274300000 62.43
1436274360000 62.42
1436274480000 62.4
1436274540000 62.48
1436274600000 62.48
1436274660000 62.49
1436274720000 62.54
1436274780000 62.63
1436274840000 62.67
1436274900000 62.7
1436274960000 62.6
1436275020000 62.54
1436275080000 62.5301
1436275140000 62.56
1436275200000 62.59
1436275260000 62.56
1436275320000 62.54
1436275380000 62.52
1436275500000 62.59
1436275560000 62.61
1436275680000 62.59
1436275740000 62.66
1436275800000 62.66
1436275860000 62.63
1436275980000 62.54
1436276040000 62.54
1436276100000 62.55
1436276220000 62.56
1436276280000 62.55
1436276400000 62.58
1436276520000 62.55
1436276580000 62.6
1436276640000 62.58
1436276700000 62.62
1436276760000 62.615
1436276880000 62.555
1436276940000 62.61
1436277000000 62.59
1436277060000 62.57
1436277120000 62.57
1436277180000 62.55
1436277240000 62.53
1436277300000 62.54
1436277360000 62.56
1436277420000 62.56
1436277480000 62.58
1436277540000 62.55
1436277600000 62.53
1436277660000 62.53
1436277720000 62.53
1436277780000 62.49
1436277840000 62.52
1436277900000 62.52
1436277960000 62.51
1436278080000 62.49
1436278140000 62.52
1436278200000 62.52
1436278260000 62.51
1436278320000 62.52
1436278380000 62.51
1436278440000 62.51
1436278500000 62.5
1436278560000 62.49
1436278620000 62.5
1436278680000 62.47
1436278740000 62.44
1436278800000 62.39
1436278860000 62.39
1436278920000 62.36
1436278980000 62.37
1436279040000 62.38
1436279100000 62.41
1436279160000 62.43
1436279220000 62.415
1436279280000 62.38
1436279340000 62.38
1436279400000 62.365
1436279460000 62.35
1436279520000 62.35
1436279580000 62.35
1436279640000 62.4
1436279700000 62.37
1436279760000 62.42
1436279820000 62.41
1436279880000 62.38
1436279940000 62.45
1436280000000 62.48
1436280060000 62.55
1436280120000 62.62
1436280180000 62.6
1436280240000 62.71
1436280300000 62.73
1436280360000 62.76
1436280420000 62.79
1436280480000 62.78
1436280540000 62.74
1436280600000 62.76
1436280660000 62.73
1436280720000 62.7
1436280780000 62.69
1436280840000 62.75
1436280900000 62.75
1436280960000 62.75
1436281020000 62.79
1436281080000 62.78
1436281140000 62.85
1436281200000 62.85
1436281260000 62.85
1436281320000 62.81
1436281380000 62.82
1436281440000 62.8
1436281500000 62.83
1436281560000 62.8
1436281620000 62.79
