1436261400000 128.19
1436261880000 127.3408
1436263800000 125.4295
1436263980000 125.42
1436264040000 125.03
1436264100000 125.04
1436264160000 124.81
1436264220000 124.4
1436264460000 124.56
1436264580000 124.755
1436264820000 124.29
1436264940000 123.72
1436265240000 123.3
1436265300000 123.73
1436265480000 123.66
1436265660000 122.91
1436265720000 123.2167
1436265780000 123.255
1436265840000 123.175
1436265900000 123.26
1436265960000 123.5
1436266020000 123.6
1436266080000 123.53
1436266140000 123.855
1436266200000 123.65
1436266260000 124.1
1436266320000 124.49
1436266380000 124.75
1436266440000 124.45
1436266680000 124.74
1436267460000 124.68
1436267880000 124.66
1436267940000 124.765
1436268000000 125.1
1436268060000 124.89
1436268180000 125.13
1436268540000 124.66
1436269140000 124.73
1436269260000 124.93
1436269440000 125.38
1436270220000 125.74
1436270340000 125.6
1436270400000 125.69
1436270460000 125.5
1436270520000 125.65
1436270580000 125.7
1436270940000 125.29
1436271000000 125.23
1436271060000 125.02
1436271120000 124.99
1436271180000 124.85
1436271240000 124.75
1436271300000 124.39
1436271360000 124.92
1436271420000 124.8
1436271480000 124.85
1436271660000 124.55
1436271780000 124.82
1436271900000 124.6
1436271960000 125.21
1436272140000 125.23
1436272440000 125.65
1436272920000 125.9
1436272980000 125.9
1436273040000 125.665
1436273640000 126.0
1436273700000 126.255
1436273880000 126.14
1436274000000 126.36
1436274060000 126.5
1436274240000 127.12
1436274780000 127.61
1436274900000 127.95
1436275680000 127.55
1436275740000 127.55
1436275920000 127.03
1436276040000 126.9734
1436277300000 127.29
1436278080000 127.28
1436278500000 127.74
1436279280000 126.95
1436279340000 126.4
1436279400000 126.4
1436279460000 126.95
1436279580000 126.74
1436280180000 126.99
1436280240000 127.29
1436280900000 127.1
1436280960000 127.45
1436281020000 127.9
1436281080000 127.85
1436281260000 128.97
1436281380000 128.05
1436281440000 128.7
1436281500000 128.69
1436281620000 128.17
