1436261400000 129.0
1436261460000 128.97
1436261520000 128.575
1436261580000 128.27
1436261640000 128.895
1436261700000 128.49
1436261760000 128.481
1436261820000 128.49
1436261880000 128.3701
1436261940000 129.3
1436262000000 129.13
1436262060000 129.07
1436262120000 128.99
1436262180000 129.14
1436262240000 129.04
1436262300000 129.03
1436262360000 128.65
1436262420000 128.63
1436262480000 128.456
1436262540000 128.78
1436262600000 128.46
1436262660000 128.47
1436262720000 128.635
1436262780000 128.8001
1436262840000 128.86
1436262900000 128.85
1436262960000 128.87
1436263020000 128.83
1436263080000 128.45
1436263140000 128.25
1436263200000 128.4
1436263260000 128.74
1436263320000 128.43
1436263380000 128.35
1436263440000 128.41
1436263500000 128.09
1436263560000 127.95
1436263620000 127.87
1436263680000 127.28
1436263740000 127.36
1436263800000 127.6
1436263860000 127.69
1436263920000 127.73
1436263980000 127.81
1436264040000 127.71
1436264100000 127.5
1436264160000 127.5
1436264220000 127.36
1436264280000 127.3
1436264340000 127.44
1436264400000 127.22
1436264460000 127.14
1436264520000 127.38
1436264580000 127.39
1436264640000 127.34
1436264700000 127.26
1436264760000 127.05
1436264820000 127.33
1436264880000 127.21
1436264940000 127.66
1436265000000 127.79
1436265060000 127.52
1436265120000 127.3
1436265180000 127.2
1436265240000 127.1
1436265300000 127.06
1436265360000 126.92
1436265420000 126.68
1436265480000 126.57
1436265540000 126.33
1436265600000 126.11
1436265660000 125.91
1436265720000 125.685
1436265780000 125.73
1436265840000 125.659
1436265900000 125.92
1436265960000 126.07
1436266020000 126.61
1436266080000 126.65
1436266140000 126.78
1436266200000 126.8
1436266260000 126.66
1436266320000 126.765
1436266380000 126.846
1436266440000 126.85
1436266500000 126.95
1436266560000 126.78
1436266620000 126.8
1436266680000 126.79
1436266740000 126.75
1436266800000 126.88
1436266860000 126.75
1436266920000 126.43
1436266980000 126.4
1436267040000 126.38
1436267100000 126.46
1436267160000 126.28
1436267220000 126.115
1436267280000 126.49
1436267340000 126.49
1436267400000 126.345
1436267460000 126.4
1436267520000 126.45
1436267580000 126.47
1436267640000 126.47
1436267700000 126.35
1436267760000 126.29
1436267820000 126.36
1436267880000 126.5
1436267940000 126.555
1436268000000 126.67
1436268060000 126.51
1436268120000 126.5
1436268180000 126.49
1436268240000 126.8
1436268300000 126.63
1436268360000 126.63
1436268420000 126.56
1436268480000 126.54
1436268540000 126.39
1436268600000 126.34
1436268660000 126.26
1436268720000 126.11
1436268780000 126.0
1436268840000 125.69
1436268900000 125.665
1436268960000 125.65
1436269020000 125.82
1436269080000 125.95
1436269140000 126.16
1436269200000 126.49
1436269260000 126.6
1436269320000 126.58
1436269380000 126.82
1436269440000 126.71
1436269500000 126.62
1436269560000 126.39
1436269620000 126.21
1436269680000 126.25
1436269740000 126.17
1436269800000 126.09
1436269860000 126.38
1436269920000 126.21
1436269980000 126.23
1436270040000 126.365
1436270100000 126.61
1436270160000 126.76
1436270220000 126.96
1436270280000 126.915
1436270340000 126.92
1436270400000 127.06
1436270460000 126.74
1436270520000 126.67
1436270580000 126.62
1436270640000 126.98
1436270700000 126.87
1436270760000 126.77
1436270820000 126.69
1436270880000 126.545
1436270940000 126.64
1436271000000 126.58
1436271060000 126.42
1436271120000 126.295
1436271180000 126.41
1436271240000 126.43
1436271300000 126.36
1436271360000 126.46
1436271420000 126.45
1436271480000 126.43
1436271540000 126.54
1436271600000 126.46
1436271660000 126.57
1436271720000 126.61
1436271780000 126.69
1436271840000 126.62
1436271900000 126.51
1436271960000 126.55
1436272020000 126.535
1436272080000 126.65
1436272140000 126.57
1436272200000 126.542
1436272260000 126.62
1436272320000 126.66
1436272380000 126.64
1436272440000 126.8993
1436272500000 126.91
1436272560000 126.69
1436272620000 126.82
1436272680000 126.8
1436272740000 126.82
1436272800000 126.81
1436272860000 126.77
1436272920000 126.81
1436272980000 126.81
1436273040000 126.84
1436273100000 126.93
1436273160000 126.91
1436273220000 126.99
1436273280000 127.0676
1436273340000 127.08
1436273400000 127.005
1436273460000 127.13
1436273520000 127.1501
1436273580000 127.23
1436273640000 127.29
1436273700000 127.56
1436273760000 127.4
1436273820000 127.4
1436273880000 127.415
1436273940000 127.52
1436274000000 127.36
1436274060000 127.38
1436274120000 127.48
1436274180000 127.09
1436274240000 127.06
1436274360000 127.06
1436274420000 126.79
1436274480000 126.89
1436274540000 127.06
1436274660000 127.11
1436274720000 127.43
1436274780000 127.36
1436274840000 127.49
1436274900000 127.48
1436274960000 127.43
1436275020000 127.235
1436275080000 127.15
1436275140000 127.16
1436275200000 127.1712
1436275260000 126.93
1436275320000 127.02
1436275380000 127.09
1436275440000 127.19
1436275500000 127.25
1436275560000 127.16
1436275620000 127.218
1436275680000 127.22
1436275740000 127.25
1436275800000 127.45
1436275860000 127.49
1436275920000 127.4
1436275980000 127.46
1436276040000 127.57
1436276100000 127.68
1436276160000 127.65
1436276220000 127.73
1436276280000 127.63
1436276340000 127.67
1436276400000 127.58
1436276460000 127.47
1436276520000 127.24
1436276580000 127.37
1436276640000 127.365
1436276700000 127.4
1436276760000 127.33
1436276820000 127.31
1436276880000 127.16
1436276940000 127.28
1436277000000 127.23
1436277060000 127.0
1436277120000 127.11
1436277180000 127.13
1436277240000 127.08
1436277300000 127.04
1436277360000 127.03
1436277420000 127.12
1436277480000 127.08
1436277540000 127.15
1436277600000 127.17
1436277660000 127.2
1436277720000 127.19
1436277780000 127.05
1436277840000 127.07
1436277900000 127.0725
1436277960000 127.03
1436278020000 127.02
1436278080000 127.07
1436278140000 127.02
1436278200000 126.92
1436278260000 126.84
1436278320000 126.74
1436278380000 126.69
1436278440000 126.62
1436278500000 126.44
1436278560000 126.35
1436278620000 126.3
1436278680000 126.11
1436278740000 126.2
1436278800000 126.11
1436278860000 126.06
1436278920000 125.705
1436278980000 125.68
1436279040000 125.7
1436279100000 125.72
1436279160000 125.93
1436279220000 125.92
1436279280000 126.06
1436279340000 126.09
1436279400000 126.18
1436279460000 126.09
1436279520000 126.12
1436279580000 126.3
1436279640000 126.37
1436279700000 126.36
1436279760000 126.46
1436279820000 126.545
1436279880000 126.49
1436279940000 126.74
1436280000000 126.77
1436280060000 126.92
1436280120000 126.9
1436280180000 127.02
1436280240000 127.23
1436280300000 127.06
1436280360000 127.13
1436280420000 127.15
1436280480000 127.19
1436280540000 127.1
1436280600000 127.12
1436280660000 127.08
1436280780000 127.05
1436280840000 127.2161
1436280900000 127.11
1436280960000 127.05
1436281020000 127.11
1436281080000 127.188
1436281140000 127.48
1436281200000 127.51
1436281260000 127.52
1436281320000 127.45
1436281380000 127.35
1436281440000 127.2
1436281500000 127.41
1436281560000 127.27
1436281620000 127.31
