1436261400000 18.88
1436261460000 18.88
1436261520000 18.75
1436261580000 18.52
1436261640000 18.59
1436261700000 18.72
1436261760000 18.76
1436261820000 18.55
1436261880000 18.92
1436261940000 18.99
1436262000000 18.98
1436262060000 19.04
1436262120000 19.02
1436262180000 18.93
1436262240000 18.41
1436262300000 18.43
1436262360000 18.5075
1436262420000 18.3
1436262480000 18.28
1436262540000 18.21
1436262600000 18.13
1436262660000 18.26
1436262720000 18.22
1436262780000 18.49
1436262960000 18.4119
1436263080000 18.32
1436263140000 18.25
1436263200000 18.21
1436263260000 18.25
1436263320000 18.21
1436263380000 18.31
1436263440000 18.205
1436263500000 18.1685
1436263560000 18.18
1436263620000 18.2
1436263680000 18.1
1436263740000 18.03
1436263800000 18.08
1436263860000 18.09
1436263920000 18.02
1436263980000 18.05
1436264040000 18.0799
1436264100000 18.075
1436264160000 18.1
1436264220000 18.13
1436264280000 18.11
1436264340000 18.15
1436264400000 18.192
1436264460000 18.214
1436264580000 18.26
1436264640000 18.39
1436264700000 18.34
1436264760000 18.3116
1436264820000 18.36
1436264880000 18.34
1436264940000 18.21
1436265000000 18.21
1436265060000 18.1687
1436265120000 18.265
1436265240000 18.257
1436265300000 18.18
1436265360000 18.2205
1436265480000 18.25
1436265540000 18.18
1436265600000 18.0912
1436265660000 18.09
1436265720000 18.12
1436265780000 18.05
1436265840000 18.06
1436265900000 18.14
1436265960000 18.125
1436266020000 18.32
1436266080000 18.35
1436266140000 18.35
1436266200000 18.3
1436266260000 18.2001
1436266320000 18.4
1436266380000 18.36
1436266440000 18.48
1436266500000 18.65
1436266560000 18.63
1436266620000 18.59
1436266680000 18.6
1436266740000 18.59
1436266800000 18.55
1436266860000 18.49
1436266920000 18.5
1436266980000 18.555
1436267040000 18.58
1436267100000 18.6
1436267160000 18.64
1436267220000 18.6601
1436267280000 18.69
1436267340000 18.75
1436267400000 18.76
1436267460000 18.7901
1436267520000 18.77
1436267580000 18.82
1436267640000 18.75
1436267760000 18.72
1436267820000 18.69
1436267880000 18.661
1436268060000 18.59
1436268120000 18.65
1436268180000 18.8
1436268240000 18.7999
1436268300000 18.83
1436268360000 18.82
1436268480000 18.78
1436268540000 18.726
1436268600000 18.72
1436268660000 18.67
1436268720000 18.55
1436268780000 18.64
1436268840000 18.61
1436268900000 18.59
1436268960000 18.58
1436269020000 18.53
1436269080000 18.59
1436269140000 18.62
1436269200000 18.62
1436269320000 18.7
1436269380000 18.6735
1436269500000 18.71
1436269620000 18.655
1436269800000 18.6044
1436269860000 18.59
1436269980000 18.6
1436270040000 18.63
1436270100000 18.7
1436270160000 18.7
1436270220000 18.71
1436270280000 18.91
1436270340000 18.94
1436270400000 18.92
1436270520000 18.92
1436270700000 18.92
1436270760000 18.88
1436270880000 18.77
1436270940000 18.72
1436271000000 18.76
1436271120000 18.73
1436271180000 18.65
1436271240000 18.51
1436271300000 18.65
1436271360000 18.63
1436271480000 18.6
1436271780000 18.64
1436271840000 18.7
1436271960000 18.69
1436272020000 18.69
1436272080000 18.7
1436272140000 18.71
1436272260000 18.72
1436272320000 18.74
1436272380000 18.76
1436272560000 18.85
1436272620000 18.85
1436272740000 18.88
1436272800000 18.91
1436272860000 18.92
1436272920000 18.9
1436272980000 18.88
1436273040000 18.88
1436273100000 18.88
1436273220000 18.9
1436273280000 18.99
1436273340000 19.03
1436273400000 18.99
1436273460000 19.02
1436273520000 19.02
1436273580000 18.95
1436273640000 18.9
1436273700000 18.95
1436273760000 18.885
1436273820000 18.98
1436273880000 18.98
1436274000000 19.0
1436274060000 19.04
1436274120000 19.02
1436274300000 19.01
1436274360000 18.94
1436274480000 18.91
1436274720000 18.98
1436274780000 19.01
1436274900000 19.05
1436274960000 19.06
1436275080000 19.05
1436275140000 19.0
1436275200000 18.99
1436275380000 18.859
1436275440000 18.86
1436275500000 18.91
1436275860000 18.98
1436275920000 18.96
1436275980000 18.98
1436276160000 18.98
1436276220000 18.99
1436276340000 19.01
1436276400000 19.02
1436276460000 19.03
1436276640000 19.08
1436276700000 19.05
1436276940000 18.98
1436277180000 18.9597
1436277240000 18.99
1436277420000 18.99
1436277480000 18.95
1436277780000 18.89
1436278080000 18.85
1436278140000 18.91
1436278260000 18.83
1436278320000 18.82
1436278380000 18.81
1436278440000 18.81
1436278500000 18.75
1436278560000 18.73
1436278620000 18.7
1436278680000 18.7
1436278740000 18.69
1436278800000 18.55
1436278860000 18.53
1436278920000 18.4375
1436278980000 18.37
1436279220000 18.51
1436279280000 18.5
1436279340000 18.51
1436279400000 18.49
1436279460000 18.42
1436279520000 18.49
1436279580000 18.62
1436279640000 18.58
1436279700000 18.55
1436279760000 18.54
1436279820000 18.47
1436279880000 18.46
1436279940000 18.48
1436280000000 18.5
1436280060000 18.53
1436280120000 18.61
1436280180000 18.58
1436280240000 18.53
1436280300000 18.51
1436280360000 18.51
1436280420000 18.52
1436280480000 18.44
1436280540000 18.48
1436280600000 18.45
1436280660000 18.43
1436280900000 18.57
1436280960000 18.43
1436281020000 18.4
1436281080000 18.43
1436281140000 18.47
1436281200000 18.49
1436281260000 18.49
1436281320000 18.5
1436281380000 18.58
1436281440000 18.585
1436281500000 18.645
1436281560000 18.65
1436281620000 18.52
