1436261400000 7.48
1436261520000 7.44
1436261580000 7.44
1436261640000 7.37
1436261700000 7.44
1436261760000 7.5
1436261820000 7.49
1436261880000 7.44
1436261940000 7.49
1436262000000 7.49
1436262060000 7.49
1436262120000 7.49
1436262180000 7.47
1436262240000 7.49
1436262300000 7.47
1436262360000 7.44
1436262420000 7.42
1436262480000 7.42
1436262660000 7.402
1436262780000 7.4
1436262900000 7.41
1436262960000 7.41
1436263020000 7.4
1436263080000 7.32
1436263200000 7.29
1436263260000 7.33
1436263440000 7.305
1436263620000 7.3
1436263680000 7.25
1436263740000 7.238
1436263800000 7.24
1436263860000 7.3
1436263920000 7.28
1436263980000 7.29
1436264040000 7.31
1436264100000 7.28
1436264280000 7.26
1436264340000 7.3
1436264400000 7.31
1436264520000 7.3
1436264580000 7.31
1436264640000 7.335
1436264700000 7.32
1436264760000 7.33
1436264820000 7.27
1436264940000 7.22
1436265060000 7.24
1436265120000 7.25
1436265420000 7.24
1436265480000 7.2
1436265540000 7.16
1436265600000 7.16
1436265660000 7.14
1436265720000 7.13
1436265780000 7.11
1436265840000 7.11
1436265960000 7.15
1436266020000 7.23
1436266080000 7.23
1436266140000 7.21
1436266200000 7.21
1436266320000 7.21
1436266380000 7.29
1436266440000 7.34
1436266500000 7.33
1436266560000 7.3
1436266800000 7.27
1436266920000 7.22
1436266980000 7.22
1436267040000 7.25
1436267100000 7.28
1436267160000 7.27
1436267220000 7.28
1436267280000 7.28
1436267340000 7.242
1436267580000 7.251
1436267640000 7.25
1436267700000 7.25
1436267820000 7.26
1436267880000 7.269
1436267940000 7.27
1436268060000 7.27
1436268120000 7.25
1436268180000 7.25
1436268240000 7.25
1436268300000 7.23
1436268360000 7.23
1436268540000 7.2
1436268660000 7.17
1436268720000 7.16
1436268840000 7.14
1436268900000 7.14
1436268960000 7.14
1436269020000 7.12
1436269080000 7.15
1436269140000 7.15
1436269200000 7.14
1436269260000 7.15
1436269320000 7.14
1436269440000 7.16
1436269500000 7.17
1436269620000 7.1799
1436269680000 7.17
1436269740000 7.187
1436269800000 7.18
1436269860000 7.19
1436269920000 7.21
1436269980000 7.22
1436270040000 7.23
1436270160000 7.26
1436270220000 7.28
1436270280000 7.32
1436270340000 7.33
1436270400000 7.3
1436270460000 7.26
1436270520000 7.24
1436270700000 7.25
1436270820000 7.26
1436270880000 7.27
1436270940000 7.27
1436271000000 7.31
1436271060000 7.27
1436271120000 7.27
1436271240000 7.27
1436271300000 7.26
1436271360000 7.26
1436271420000 7.24
1436271480000 7.235
1436271600000 7.25
1436271660000 7.25
1436271840000 7.26
1436271960000 7.27
1436272020000 7.29
1436272080000 7.29
1436272140000 7.3
1436272260000 7.3
1436272320000 7.28
1436272380000 7.28
1436272440000 7.31
1436272500000 7.32
1436272560000 7.28
1436272620000 7.28
1436272680000 7.27
1436272740000 7.26
1436272800000 7.31
1436272860000 7.29
1436273040000 7.32
1436273160000 7.3
1436273340000 7.31
1436273400000 7.31
1436273460000 7.31
1436273520000 7.33
1436273580000 7.31
1436273640000 7.31
1436273700000 7.31
1436273760000 7.32
1436273820000 7.31
1436274240000 7.35
1436274300000 7.39
1436274360000 7.36
1436274420000 7.35
1436274480000 7.36
1436274540000 7.36
1436274840000 7.38
1436274900000 7.365
1436274960000 7.3623
1436275020000 7.33
1436275080000 7.31
1436275200000 7.32
1436275440000 7.32
1436275500000 7.36
1436275560000 7.33
1436275680000 7.33
1436275740000 7.31
1436275800000 7.32
1436275860000 7.32
1436275920000 7.33
1436275980000 7.33
1436276100000 7.35
1436276160000 7.34
1436276220000 7.33
1436276340000 7.33
1436276400000 7.31
1436276640000 7.32
1436276700000 7.32
1436276760000 7.32
1436276820000 7.33
1436276880000 7.32
1436276940000 7.33
1436277000000 7.33
1436277060000 7.33
1436277180000 7.32
1436277240000 7.328
1436277360000 7.3
1436277420000 7.31
1436277480000 7.3
1436277600000 7.33
1436277660000 7.29
1436277840000 7.32
1436277960000 7.34
1436278020000 7.32
1436278080000 7.31
1436278140000 7.3
1436278200000 7.29
1436278440000 7.32
1436278500000 7.3
1436278560000 7.26
1436278620000 7.26
1436278680000 7.25
1436278740000 7.24
1436278800000 7.223
1436278860000 7.22
1436278920000 7.22
1436278980000 7.22
1436279040000 7.22
1436279160000 7.25
1436279220000 7.27
1436279280000 7.25
1436279400000 7.26
1436279580000 7.26
1436279640000 7.26
1436279700000 7.25
1436279760000 7.25
1436279880000 7.25
1436280000000 7.26
1436280180000 7.31
1436280240000 7.32
1436280360000 7.33
1436280420000 7.35
1436280540000 7.26
1436280600000 7.29
1436280720000 7.3
1436280780000 7.31
1436281020000 7.31
1436281080000 7.33
1436281320000 7.37
1436281440000 7.37
1436281500000 7.38
1436281560000 7.35
