1436261760000 23.38
1436262000000 22.61
1436262240000 22.94
1436262300000 23.49
1436262360000 23.24
1436262660000 23.1668
1436262720000 23.3861
1436262780000 22.92
1436262960000 23.4899
1436263200000 23.4
1436263260000 23.3965
1436263320000 23.4699
1436263500000 23.3844
1436263860000 23.46
1436263920000 23.4499
1436264340000 23.394
1436264700000 23.3
1436265120000 23.17
1436265180000 23.15
1436265420000 23.295
1436265480000 23.43
1436265600000 23.39
1436265900000 23.4
1436266140000 23.39
1436266260000 23.4
1436266380000 23.24
1436266440000 23.26
1436266500000 23.27
1436266920000 22.87
1436267160000 22.914
1436267460000 22.94
1436267520000 22.75
1436267760000 22.885
1436267880000 22.97
1436268060000 23.01
1436268120000 22.81
1436268300000 22.75
1436268540000 22.75
1436268660000 22.7
1436268780000 22.69
1436268840000 22.69
1436268960000 22.69
1436269200000 22.69
1436269380000 22.69
1436269440000 22.69
1436269500000 22.69
1436269620000 22.69
1436269800000 22.69
1436269860000 22.7
1436269920000 22.69
1436270040000 22.69
1436270100000 22.69
1436270160000 22.703
1436270220000 22.81
1436270340000 22.69
1436270460000 22.69
1436271060000 22.69
1436271120000 22.69
1436271600000 22.69
1436272200000 22.7
1436272440000 22.69
1436272860000 22.73
1436274000000 23.02
1436274480000 23.15
1436274660000 23.12
1436274780000 23.3
1436274840000 23.29
1436275080000 23.31
1436275140000 23.07
1436276040000 22.866
1436276280000 22.86
1436276340000 22.89
1436276640000 22.87
1436276820000 23.0379
1436276940000 22.89
1436277180000 22.94
1436277240000 22.89
1436277420000 22.75
1436277480000 22.93
1436277540000 22.75
1436277660000 22.75
1436277780000 22.78
1436277840000 22.86
1436277960000 22.75
1436278080000 22.75
1436278200000 22.75
1436278320000 22.75
1436278380000 22.81
1436278740000 22.8
1436278860000 22.79
1436278920000 22.84
1436279160000 22.75
1436280000000 22.75
1436280060000 22.9
1436280120000 22.76
1436280180000 22.9
1436280420000 22.89
1436280600000 22.9
1436280660000 23.08
1436280840000 23.26
1436280960000 23.28
1436281200000 23.4899
1436281260000 23.49
1436281320000 23.25
