1436261400000 99.76
1436261520000 99.63
1436262300000 99.08
1436262540000 99.11
1436262780000 99.1454
1436263080000 98.86
1436263140000 98.82
1436263800000 98.73
1436263920000 98.8051
1436264040000 98.7364
1436264340000 98.78
1436264760000 98.54
1436264820000 98.47
1436265180000 98.385
1436265300000 98.2918
1436265480000 98.2141
1436265660000 98.0076
1436266440000 98.47
1436267100000 98.1915
1436267280000 98.18
1436268060000 98.18
1436268240000 98.1943
1436269020000 97.8916
1436269380000 98.3
1436270220000 98.7
1436270880000 98.539
1436271480000 98.4499
1436272740000 98.771
1436273820000 99.0301
1436274000000 99.23
1436274360000 99.0
1436275200000 99.2
1436275380000 99.0909
1436275440000 99.19
1436276640000 99.16
1436277000000 99.22
1436277660000 99.06
1436277840000 99.06
1436278200000 99.06
1436278260000 99.05
1436278440000 99.02
1436278740000 98.825
1436278920000 98.75
1436279160000 98.7427
1436280060000 99.06
1436280180000 99.23
1436280720000 99.38
1436281080000 99.52
1436281140000 99.7
1436281260000 99.71
1436281320000 99.68
1436281380000 99.615
1436281440000 99.69
