1436261400000 50.96
1436261460000 50.78
1436261520000 50.74
1436261640000 50.66
1436261700000 50.4
1436261820000 50.69
1436261880000 51.04
1436262180000 50.54
1436262240000 50.48
1436262300000 50.65
1436262360000 50.46
1436262780000 50.46
1436262900000 50.4
1436262960000 50.33
1436263200000 50.18
1436263260000 50.24
1436263380000 50.28
1436263620000 50.15
1436263740000 50.03
1436263800000 50.15
1436263920000 50.29
1436263980000 50.3
1436264040000 50.25
1436264580000 50.27
1436264760000 50.19
1436264820000 50.13
1436264940000 50.11
1436265060000 49.99
1436265120000 50.01
1436265180000 50.01
1436265240000 49.97
1436265300000 50.04
1436265540000 49.99
1436265600000 49.96
1436265660000 49.96
1436265720000 49.9
1436265960000 49.94
1436266020000 49.9
1436266140000 49.81
1436266200000 49.81
1436266320000 49.82
1436266440000 49.82
1436266500000 49.96
1436266620000 49.95
1436266740000 49.92
1436266800000 49.98
1436266920000 49.975
1436267100000 49.975
1436267160000 49.92
1436267220000 49.99
1436267520000 50.07
1436267640000 50.128
1436267700000 50.06
1436267760000 50.12
1436267820000 50.07
1436267940000 50.01
1436268000000 49.99
1436268240000 49.95
1436268300000 49.98
1436268540000 49.97
1436268600000 50.02
1436268660000 50.0
1436268840000 49.97
1436269020000 49.95
1436269140000 50.0
1436269320000 50.01
1436269380000 50.14
1436269440000 50.19
1436269680000 50.08
1436269740000 50.0
1436269800000 50.0
1436269920000 50.0
1436269980000 50.05
1436270100000 50.04
1436270160000 50.13
1436270220000 50.26
1436270280000 50.24
1436270580000 50.11
1436270760000 50.055
1436270880000 50.02
1436271000000 49.95
1436271060000 50.03
1436271180000 49.97
1436271240000 49.97
1436271360000 50.02
1436271480000 49.92
1436271840000 49.91
1436271900000 49.93
1436271960000 49.91
1436272260000 49.91
1436272320000 50.07
1436272500000 50.01
1436272680000 49.99
1436272740000 50.0
1436272920000 49.99
1436273100000 49.96
1436273220000 50.01
1436273280000 50.05
1436273460000 50.12
1436273580000 50.08
1436273640000 50.13
1436273760000 50.14
1436273820000 50.1
1436273880000 50.17
1436273940000 50.15
1436274060000 50.18
1436274120000 50.15
1436274180000 50.24
1436274240000 50.25
1436274300000 50.26
1436274360000 50.18
1436274420000 50.18
1436274480000 50.17
1436274540000 50.21
1436274600000 50.2
1436274660000 50.17
1436274720000 50.25
1436274840000 50.31
1436274960000 50.21
1436275020000 50.28
1436275080000 50.35
1436275140000 50.335
1436275200000 50.34
1436275440000 50.38
1436275620000 50.33
1436275740000 50.3
1436275860000 50.3
1436275920000 50.27
1436275980000 50.28
1436276040000 50.28
1436276100000 50.3
1436276340000 50.27
1436276400000 50.21
1436276520000 50.23
1436276640000 50.27
1436276700000 50.29
1436276820000 50.27
1436276880000 50.22
1436277000000 50.27
1436277300000 50.215
1436277420000 50.17
1436277540000 50.18
1436277600000 50.18
1436277720000 50.14
1436277840000 50.08
1436277900000 50.12
1436277960000 50.13
1436278080000 50.13
1436278200000 50.09
1436278380000 50.08
1436278440000 50.05
1436278500000 50.05
1436278620000 50.01
1436278680000 49.99
1436278740000 50.0
1436278800000 49.91
1436278980000 49.875
1436279100000 49.9
1436279220000 49.87
1436279280000 49.88
1436279400000 49.87
1436279460000 49.81
1436279520000 49.81
1436279580000 49.82
1436279940000 49.9
1436280060000 49.93
1436280120000 49.93
1436280180000 49.98
1436280420000 50.11
1436280480000 50.21
1436280540000 50.21
1436280600000 50.13
1436280660000 50.23
1436280720000 50.24
1436280780000 50.29
1436280840000 50.29
1436280900000 50.21
1436280960000 50.26
1436281020000 50.26
1436281080000 50.34
1436281140000 50.47
1436281260000 50.47
1436281320000 50.46
1436281380000 50.4
1436281440000 50.3939
1436281500000 50.44
1436281560000 50.36
