1405310400000 5.55
1405396800000 5.8
1405915200000 5.75
1406088000000 5.5501
1406779200000 5.6192
1406865600000 5.8962
1407124800000 6.01
1407211200000 5.55
1408334400000 6.01
1409198400000 5.22
1409630400000 5.57
1409716800000 5.7
1409803200000 5.75
1409889600000 5.5
1410148800000 5.4
1410321600000 5.365
1410926400000 5.53
1411012800000 5.07
1412136000000 5.11
1412222400000 4.21
1412308800000 4.9
1412740800000 4.93
1413518400000 4.96
1413864000000 4.834
1413950400000 4.799
1414036800000 4.88
1414382400000 4.6
1414468800000 4.89
1414555200000 4.9
1414728000000 5.4
1415163600000 5.2
1415250000000 5.388
1415595600000 5.43
1415682000000 5.47
1415768400000 5.49
1415941200000 5.538
1416286800000 5.4052
1416373200000 5.35
1416459600000 5.38
1416546000000 5.36
1416805200000 5.34
1416891600000 5.44
1417150800000 5.26
1417410000000 5.14
1417496400000 5.3
1417582800000 5.1601
1417669200000 5.24
1417755600000 5.45
1418014800000 5.28
1418101200000 5.49
1418360400000 5.3601
1418619600000 5.2
1418706000000 5.13
1418792400000 5.39
1418878800000 5.39
1418965200000 5.4
1419310800000 5.4
1419570000000 5.36
1419829200000 5.59
1419915600000 5.47
1420002000000 5.53
1420520400000 5.05
1420779600000 5.14
1423112400000 5.1399
1424149200000 5.19
1426478400000 5.24
1426651200000 5.34
1427428800000 4.45
1427688000000 4.32
1427774400000 4.65
1427860800000 4.41
1427947200000 4.6
1428292800000 4.72
1428379200000 4.96
1428465600000 5.0
1428552000000 4.9
1429588800000 5.5
1429675200000 5.73
1430107200000 5.3
1430366400000 5.3
1430712000000 5.3
1430798400000 5.2
1433304000000 5.58
1433908800000 6.22
1434081600000 6.68
1434340800000 6.79
1434600000000 6.76
1434686400000 6.75
1435032000000 7.17
