1436261400000 23.42
1436261520000 23.38
1436261580000 23.36
1436261640000 23.26
1436261700000 23.22
1436261760000 23.2
1436261820000 23.17
1436261880000 23.26
1436261940000 23.27
1436262000000 23.26
1436262120000 23.25
1436262180000 23.32
1436262240000 23.25
1436262300000 23.23
1436262360000 23.2
1436262480000 23.19
1436262600000 23.21
1436262660000 23.2
1436262840000 23.2
1436262900000 23.19
1436262960000 23.16
1436263020000 23.16
1436263080000 23.14
1436263140000 23.11
1436263200000 23.13
1436263260000 23.14
1436263320000 23.15
1436263380000 23.13
1436263440000 23.11
1436263500000 23.12
1436263560000 23.11
1436263620000 23.13
1436263680000 23.095
1436263740000 23.06
1436263800000 23.065
1436263860000 23.085
1436263920000 23.08
1436263980000 23.07
1436264040000 23.05
1436264100000 23.03
1436264160000 23.03
1436264220000 23.04
1436264280000 23.01
1436264340000 23.01
1436264460000 23.0
1436264520000 22.98
1436264580000 22.94
1436264640000 22.92
1436264700000 22.93
1436264760000 22.92
1436264820000 22.9097
1436264880000 22.88
1436264940000 22.89
1436265000000 22.87
1436265060000 22.88
1436265120000 22.8799
1436265180000 22.88
1436265240000 22.87
1436265300000 22.86
1436265360000 22.85
1436265420000 22.85
1436265480000 22.84
1436265540000 22.83
1436265600000 22.83
1436265660000 22.82
1436265720000 22.8
1436265780000 22.81
1436265840000 22.805
1436265900000 22.79
1436265960000 22.8
1436266020000 22.81
1436266080000 22.8
1436266140000 22.79
1436266200000 22.79
1436266260000 22.78
1436266320000 22.81
1436266380000 22.815
1436266440000 22.82
1436266500000 22.81
1436266560000 22.77
1436266620000 22.8
1436266680000 22.79
1436266740000 22.78
1436266800000 22.77
1436266860000 22.76
1436266920000 22.76
1436266980000 22.77
1436267040000 22.75
1436267100000 22.76
1436267160000 22.73
1436267220000 22.76
1436267280000 22.77
1436267340000 22.762
1436267400000 22.78
1436267460000 22.8
1436267520000 22.8
1436267580000 22.81
1436267640000 22.79
1436267700000 22.79
1436267760000 22.81
1436267820000 22.81
1436267880000 22.81
1436267940000 22.8
1436268000000 22.8
1436268060000 22.78
1436268120000 22.78
1436268180000 22.8
1436268240000 22.79
1436268300000 22.78
1436268360000 22.787
1436268420000 22.79
1436268480000 22.79
1436268540000 22.77
1436268600000 22.77
1436268660000 22.77
1436268720000 22.77
1436268780000 22.77
1436268840000 22.75
1436268900000 22.75
1436268960000 22.74
1436269020000 22.76
1436269080000 22.78
1436269140000 22.79
1436269200000 22.78
1436269260000 22.8
1436269320000 22.79
1436269380000 22.8
1436269440000 22.81
1436269500000 22.81
1436269560000 22.8
1436269620000 22.805
1436269680000 22.81
1436269740000 22.82
1436269800000 22.815
1436269860000 22.82
1436269980000 22.825
1436270040000 22.81
1436270100000 22.815
1436270160000 22.86
1436270220000 22.91
1436270280000 22.89
1436270340000 22.9
1436270400000 22.89
1436270460000 22.87
1436270520000 22.87
1436270580000 22.87
1436270640000 22.87
1436270700000 22.87
1436270760000 22.86
1436270820000 22.86
1436270880000 22.85
1436270940000 22.85
1436271000000 22.86
1436271060000 22.85
1436271120000 22.84
1436271180000 22.832
1436271300000 22.83
1436271360000 22.84
1436271420000 22.83
1436271480000 22.83
1436271540000 22.82
1436271600000 22.83
1436271720000 22.84
1436271840000 22.82
1436271900000 22.83
1436271960000 22.82
1436272020000 22.84
1436272080000 22.85
1436272140000 22.84
1436272200000 22.84
1436272260000 22.85
1436272380000 22.87
1436272500000 22.87
1436272620000 22.85
1436272680000 22.86
1436272740000 22.88
1436272800000 22.89
1436272860000 22.88
1436272920000 22.88
1436272980000 22.87
1436273040000 22.86
1436273100000 22.86
1436273160000 22.89
1436273220000 22.89
1436273400000 22.9
1436273460000 22.9
1436273520000 22.9
1436273640000 22.9
1436273700000 22.92
1436273760000 22.92
1436273820000 22.91
1436273880000 22.93
1436273940000 22.93
1436274000000 22.95
1436274060000 22.95
1436274120000 22.94
1436274180000 22.93
1436274240000 22.94
1436274300000 22.94
1436274360000 22.92
1436274420000 22.92
1436274480000 22.93
1436274540000 22.96
1436274600000 22.95
1436274660000 22.96
1436274720000 22.98
1436274780000 22.99
1436274840000 22.99
1436274900000 22.99
1436274960000 22.98
1436275020000 22.96
1436275140000 22.96
1436275200000 22.98
1436275320000 22.97
1436275380000 22.97
1436275440000 22.98
1436275500000 22.98
1436275620000 22.97
1436275680000 22.97
1436275740000 22.98
1436275800000 22.99
1436275860000 22.98
1436275980000 22.98
1436276040000 22.97
1436276100000 22.98
1436276220000 22.98
1436276280000 22.97
1436276340000 22.965
1436276400000 22.97
1436276460000 22.96
1436276520000 22.965
1436276580000 22.97
1436276640000 22.98
1436276700000 22.99
1436276820000 22.97
1436276880000 22.96
1436276940000 22.97
1436277000000 22.98
1436277060000 22.97
1436277180000 22.97
1436277360000 22.97
1436277480000 22.96
1436277540000 22.965
1436277600000 22.98
1436277720000 22.97
1436277840000 22.95
1436277960000 22.945
1436278020000 22.96
1436278080000 22.955
1436278140000 22.95
1436278260000 22.95
1436278380000 22.945
1436278440000 22.94
1436278500000 22.94
1436278560000 22.94
1436278680000 22.93
1436278740000 22.91
1436278800000 22.9
1436278860000 22.9
1436278920000 22.88
1436278980000 22.89
1436279040000 22.9
1436279100000 22.9
1436279160000 22.905
1436279220000 22.9
1436279280000 22.9
1436279340000 22.9
1436279460000 22.905
1436279520000 22.9
1436279580000 22.91
1436279640000 22.905
1436279820000 22.885
1436279880000 22.89
1436279940000 22.9
1436280000000 22.91
1436280060000 22.9
1436280120000 22.92
1436280180000 22.94
1436280240000 22.94
1436280300000 22.94
1436280360000 22.94
1436280420000 22.97
1436280480000 22.98
1436280540000 22.98
1436280600000 23.0
1436280660000 22.99
1436280720000 22.99
1436280780000 23.0
1436280840000 23.0
1436280900000 23.0
1436280960000 23.0
1436281020000 23.01
1436281080000 23.02
1436281140000 23.05
1436281200000 23.05
1436281260000 23.04
1436281320000 23.03
1436281380000 23.027
1436281440000 23.02
1436281500000 23.03
1436281560000 23.01
1436281620000 23.0
