1436261400000 7.29
1436261460000 7.3
1436261520000 7.3
1436261640000 7.2
1436261760000 7.1809
1436261820000 7.11
1436262000000 7.1
1436262060000 7.155
1436262180000 7.11
1436262480000 7.1242
1436262720000 7.1099
1436262900000 7.05
1436263080000 7.03
1436263140000 7.0793
1436263200000 7.01
1436263260000 7.0555
1436263320000 7.017
1436263440000 7.03
1436263500000 7.02
1436263560000 7.03
1436263620000 7.01
1436263680000 7.01
1436263740000 7.0285
1436263800000 7.0
1436263920000 7.0225
1436264040000 7.0
1436264280000 7.0
1436264400000 7.054
1436264760000 7.0101
1436264820000 7.06
1436264880000 7.09
1436265240000 7.05
1436265300000 7.06
1436265660000 7.0195
1436265720000 7.06
1436266020000 7.06
1436266080000 7.08
1436266320000 7.04
1436266560000 7.0466
1436266800000 7.04
1436266860000 7.0849
1436266980000 7.0207
1436267400000 7.065
1436267460000 7.03
1436267520000 7.04
1436267580000 7.03
1436267700000 7.01
1436267820000 7.02
1436267880000 7.01
1436267940000 7.03
1436268120000 7.011
1436268240000 7.011
1436268300000 7.01
1436268360000 7.07
1436268600000 7.09
1436268660000 7.0424
1436268960000 7.03
1436269020000 7.0477
1436269080000 7.0899
1436269260000 7.07
1436269380000 7.04
1436269740000 7.02
1436269800000 7.02
1436269860000 7.01
1436269980000 7.0
1436270040000 7.0306
1436270160000 7.01
1436270460000 7.01
1436270520000 7.02
1436270580000 7.0
1436270760000 7.02
1436271120000 7.01
1436271240000 7.01
1436271300000 7.02
1436271360000 7.01
1436271420000 7.01
1436271480000 7.0359
1436271540000 7.04
1436271600000 7.04
1436271660000 7.0565
1436271780000 7.05
1436271840000 7.05
1436271900000 7.04
1436272140000 7.04
1436272680000 7.09
1436272740000 7.12
1436272800000 7.1649
1436272920000 7.12
1436272980000 7.09
1436273040000 7.1
1436273100000 7.1
1436273160000 7.1
1436273220000 7.105
1436273280000 7.1
1436273340000 7.14
1436274360000 7.12
1436274420000 7.11
1436274480000 7.1
1436274540000 7.1
1436274600000 7.09
1436274660000 7.08
1436274960000 7.07
1436275080000 7.08
1436275200000 7.07
1436275380000 7.0601
1436275440000 7.07
1436275500000 7.07
1436275620000 7.07
1436275680000 7.08
1436275800000 7.09
1436275920000 7.08
1436275980000 7.11
1436276100000 7.1
1436276160000 7.09
1436276220000 7.08
1436276340000 7.07
1436276460000 7.07
1436276820000 7.08
1436276940000 7.08
1436277060000 7.07
1436277120000 7.07
1436277180000 7.09
1436277240000 7.08
1436277360000 7.09
1436277480000 7.09
1436277540000 7.14
1436277600000 7.13
1436277660000 7.13
1436277840000 7.12
1436277900000 7.11
1436277960000 7.1
1436278020000 7.09
1436278380000 7.11
1436278500000 7.1
1436278560000 7.1
1436278680000 7.11
1436278740000 7.11
1436278920000 7.1
1436279700000 7.0812
1436279760000 7.08
1436279820000 7.075
1436280120000 7.0786
1436280180000 7.12
1436280240000 7.14
1436280360000 7.1434
1436280420000 7.15
1436280480000 7.1401
1436280600000 7.14
1436280780000 7.1432
1436280840000 7.15
1436280900000 7.17
1436281020000 7.17
1436281080000 7.18
1436281140000 7.17
1436281200000 7.18
1436281320000 7.19
1436281380000 7.19
1436281440000 7.18
