1436261400000 42.71
1436261460000 42.63
1436261760000 42.29
1436261820000 42.36
1436261940000 42.49
1436262060000 42.57
1436262300000 42.61
1436262360000 42.56
1436262480000 42.6
1436262540000 42.72
1436262600000 42.73
1436262660000 42.63
1436262840000 42.61
1436263020000 42.61
1436263080000 42.655
1436263140000 42.62
1436263200000 42.575
1436263380000 42.545
1436263560000 42.53
1436263620000 42.48
1436263680000 42.41
1436263800000 42.5
1436263920000 42.6
1436263980000 42.56
1436264040000 42.6
1436264220000 42.5
1436264340000 42.54
1436264460000 42.48
1436264580000 42.52
1436264640000 42.35
1436264700000 42.36
1436264760000 42.33
1436264820000 42.34
1436265060000 42.3
1436265120000 42.26
1436265180000 42.28
1436265240000 42.2101
1436265300000 42.24
1436265360000 42.22
1436265420000 42.29
1436265540000 42.22
1436265660000 42.22
1436265720000 42.2
1436265780000 42.26
1436265960000 42.26
1436266080000 42.35
1436266140000 42.31
1436266260000 42.38
1436266320000 42.41
1436266380000 42.5
1436266440000 42.53
1436266500000 42.53
1436266560000 42.49
1436266620000 42.5
1436266680000 42.5
1436266740000 42.46
1436267040000 42.36
1436267160000 42.31
1436267280000 42.38
1436267460000 42.37
1436267700000 42.46
1436267880000 42.43
1436267940000 42.38
1436268000000 42.38
1436268060000 42.351
1436268180000 42.28
1436268540000 42.24
1436268660000 42.16
1436268720000 42.16
1436268780000 42.16
1436268840000 42.17
1436268900000 42.11
1436268960000 42.12
1436269020000 42.24
1436269140000 42.3
1436269320000 42.34
1436269440000 42.41
1436269620000 42.48
1436269740000 42.46
1436269800000 42.42
1436269980000 42.4
1436270160000 42.41
1436270220000 42.51
1436270280000 42.53
1436270460000 42.46
1436270520000 42.48
1436270580000 42.52
1436270640000 42.54
1436271000000 42.48
1436271060000 42.4576
1436271120000 42.45
1436271180000 42.44
1436271240000 42.44
1436271300000 42.45
1436271780000 42.46
1436271900000 42.4498
1436271960000 42.47
1436272020000 42.46
1436272080000 42.46
1436272140000 42.41
1436272320000 42.42
1436272500000 42.47
1436272620000 42.51
1436272680000 42.58
1436272740000 42.53
1436272800000 42.6
1436272860000 42.59
1436272920000 42.59
1436272980000 42.64
1436273040000 42.62
1436273100000 42.58
1436273160000 42.63
1436273220000 42.66
1436273280000 42.73
1436273340000 42.72
1436273400000 42.72
1436273520000 42.73
1436273580000 42.73
1436273640000 42.73
1436273700000 42.73
1436273760000 42.73
1436273880000 42.76
1436274060000 42.87
1436274120000 42.84
1436274180000 42.81
1436274240000 42.78
1436274300000 42.86
1436274360000 42.82
1436274540000 42.78
1436274660000 42.81
1436274720000 42.85
1436274840000 42.99
1436274900000 42.94
1436274960000 42.89
1436275020000 42.87
1436275140000 42.88
1436275200000 42.92
1436275380000 42.9
1436275440000 42.92
1436275500000 42.96
1436275740000 42.94
1436275860000 42.9
1436275920000 42.89
1436275980000 42.88
1436276040000 42.88
1436276100000 42.83
1436276280000 42.82
1436276340000 42.835
1436276460000 42.81
1436276520000 42.84
1436276640000 42.87
1436276700000 42.94
1436276760000 42.94
1436276820000 42.9
1436276940000 42.85
1436277000000 42.91
1436277180000 42.84
1436277240000 42.84
1436277300000 42.82
1436277360000 42.88
1436277600000 42.91
1436277900000 42.9
1436277960000 42.92
1436278140000 42.89
1436278560000 42.92
1436278680000 42.87
1436278740000 42.82
1436278860000 42.72
1436278980000 42.675
1436279040000 42.7
1436279160000 42.75
1436279340000 42.77
1436279460000 42.77
1436279520000 42.8
1436279640000 42.81
1436279700000 42.77
1436279880000 42.76
1436279940000 42.81
1436280000000 42.86
1436280060000 42.94
1436280120000 42.93
1436280180000 42.96
1436280240000 42.96
1436280360000 43.0
1436280420000 43.04
1436280480000 43.08
1436280540000 43.055
1436280600000 43.11
1436280720000 43.13
1436280780000 43.095
1436280840000 43.13
1436280900000 43.14
1436280960000 43.14
1436281020000 43.18
1436281080000 43.19
1436281140000 43.335
1436281200000 43.34
1436281260000 43.34
1436281320000 43.31
1436281380000 43.23
1436281440000 43.29
1436281500000 43.31
1436281560000 43.24
