1436261400000 87.1
1436261700000 87.22
1436261880000 87.08
1436262180000 87.28
1436262300000 87.3899
1436263620000 87.2849
1436263800000 87.28
1436263920000 87.29
1436264820000 87.09
1436264940000 87.0
1436265000000 87.09
1436265180000 87.055
1436265240000 87.04
1436265300000 87.06
1436265360000 86.89
1436265420000 87.08
1436265480000 86.89
1436265540000 87.03
1436265600000 86.94
1436265660000 87.03
1436265720000 86.71
1436265780000 86.98
1436265840000 86.67
1436265960000 86.79
1436266020000 86.8
1436266200000 86.765
1436266260000 86.79
1436266320000 86.83
1436266440000 86.74
1436266680000 87.12
1436266800000 86.85
1436266920000 86.805
1436267040000 86.91
1436267100000 86.89
1436267160000 86.505
1436267220000 86.39
1436267280000 86.48
1436267580000 86.425
1436267640000 86.465
1436267760000 86.65
1436267940000 86.3
1436268000000 86.62
1436268660000 86.3654
1436269080000 86.08
1436269140000 86.35
1436269200000 86.58
1436269260000 86.56
1436269320000 87.01
1436269380000 87.05
1436269440000 87.1
1436269560000 86.734
1436269680000 86.705
1436269740000 86.86
1436269800000 86.43
1436269860000 86.576
1436269920000 86.63
1436270160000 86.67
1436270220000 87.05
1436270400000 86.98
1436270700000 86.96
1436271660000 86.72
1436271840000 86.74
1436271960000 86.78
1436272260000 86.81
1436272680000 86.79
1436272740000 86.85
1436273880000 87.16
1436274240000 87.0
1436274360000 86.85
1436274480000 86.7375
1436274600000 86.75
1436274660000 86.78
1436274720000 86.7
1436274780000 86.92
1436274840000 87.1
1436274960000 86.93
1436276640000 87.05
1436276700000 87.05
1436277300000 87.11
1436278560000 87.0
1436278860000 86.92
1436278920000 86.72
1436279100000 86.68
1436279220000 86.64
1436279340000 86.78
1436279400000 86.78
1436279520000 86.83
1436279640000 86.79
1436279940000 86.875
1436280000000 86.96
1436280060000 87.02
1436280180000 87.02
1436280480000 87.05
1436280600000 87.05
1436280720000 87.2999
1436280840000 87.13
1436281020000 87.12
1436281080000 87.28
1436281200000 87.46
1436281260000 87.45
1436281440000 87.6308
1436281500000 87.47
