1436261400000 26.2
1436261460000 26.35
1436261580000 26.3
1436261640000 26.37
1436261700000 26.32
1436261760000 26.35
1436261880000 26.34
1436262000000 26.345
1436262060000 26.252
1436262180000 26.285
1436262300000 26.26
1436262360000 26.26
1436262420000 26.31
1436262480000 26.35
1436262540000 26.36
1436262600000 26.39
1436262660000 26.45
1436262720000 26.43
1436262780000 26.49
1436262840000 26.46
1436262900000 26.46
1436262960000 26.49
1436263020000 26.42
1436263080000 26.46
1436263140000 26.37
1436263200000 26.41
1436263260000 26.43
1436263320000 26.45
1436263380000 26.44
1436263440000 26.4
1436263500000 26.41
1436263560000 26.4
1436263620000 26.39
1436263680000 26.38
1436263740000 26.4
1436263800000 26.44
1436263860000 26.46
1436263920000 26.48
1436263980000 26.48
1436264040000 26.46
1436264100000 26.44
1436264160000 26.4
1436264220000 26.402
1436264280000 26.415
1436264340000 26.43
1436264400000 26.38
1436264460000 26.38
1436264580000 26.39
1436264640000 26.38
1436264700000 26.38
1436264760000 26.32
1436264820000 26.31
1436264880000 26.3
1436264940000 26.3
1436265000000 26.26
1436265060000 26.23
1436265120000 26.21
1436265180000 26.21
1436265240000 26.21
1436265300000 26.21
1436265360000 26.14
1436265420000 26.19
1436265480000 26.19
1436265540000 26.19
1436265600000 26.17
1436265660000 26.16
1436265720000 26.15
1436265780000 26.13
1436265840000 26.14
1436265900000 26.14
1436265960000 26.15
1436266020000 26.15
1436266140000 26.19
1436266260000 26.19
1436266320000 26.22
1436266380000 26.25
1436266440000 26.28
1436266500000 26.315
1436266560000 26.225
1436266620000 26.225
1436266680000 26.23
1436266740000 26.18
1436266800000 26.18
1436266860000 26.17
1436266920000 26.17
1436266980000 26.19
1436267040000 26.21
1436267100000 26.17
1436267160000 26.16
1436267220000 26.17
1436267280000 26.18
1436267340000 26.18
1436267400000 26.18
1436267460000 26.17
1436267520000 26.18
1436267580000 26.17
1436267700000 26.17
1436267760000 26.2
1436267820000 26.2
1436267880000 26.18
1436267940000 26.17
1436268000000 26.17
1436268060000 26.17
1436268120000 26.18
1436268240000 26.2
1436268300000 26.17
1436268360000 26.18
1436268420000 26.19
1436268480000 26.2
1436268540000 26.18
1436268600000 26.15
1436268660000 26.145
1436268720000 26.14
1436268780000 26.14
1436268840000 26.11
1436268960000 26.08
1436269020000 26.1
1436269080000 26.1
1436269140000 26.15
1436269200000 26.12
1436269260000 26.13
1436269320000 26.13
1436269380000 26.15
1436269440000 26.17
1436269500000 26.16
1436269560000 26.15
1436269620000 26.13
1436269680000 26.19
1436269740000 26.17
1436269800000 26.18
1436269860000 26.17
1436269920000 26.165
1436270040000 26.14
1436270100000 26.15
1436270160000 26.19
1436270220000 26.22
1436270280000 26.22
1436270400000 26.19
1436270460000 26.19
1436270580000 26.17
1436270640000 26.19
1436270700000 26.2
1436270760000 26.17
1436270820000 26.17
1436270880000 26.18
1436271000000 26.18
1436271060000 26.17
1436271120000 26.169
1436271180000 26.17
1436271240000 26.17
1436271300000 26.1656
1436271360000 26.16
1436271420000 26.17
1436271480000 26.18
1436271540000 26.18
1436271600000 26.18
1436271660000 26.18
1436271720000 26.17
1436271780000 26.17
1436271840000 26.17
1436271900000 26.19
1436271960000 26.19
1436272080000 26.2
1436272200000 26.2
1436272260000 26.2
1436272320000 26.22
1436272500000 26.22
1436272620000 26.23
1436272680000 26.24
1436272740000 26.25
1436272920000 26.24
1436272980000 26.23
1436273040000 26.24
1436273100000 26.25
1436273160000 26.25
1436273220000 26.25
1436273280000 26.245
1436273340000 26.25
1436273400000 26.25
1436273460000 26.22
1436273520000 26.229
1436273580000 26.23
1436273640000 26.24
1436273700000 26.29
1436273760000 26.27
1436273820000 26.27
1436273880000 26.3
1436273940000 26.34
1436274000000 26.35
1436274060000 26.35
1436274120000 26.35
1436274180000 26.34
1436274240000 26.35
1436274300000 26.33
1436274360000 26.33
1436274420000 26.33
1436274480000 26.32
1436274540000 26.33
1436274600000 26.33
1436274660000 26.35
1436274720000 26.4
1436274780000 26.41
1436274840000 26.4
1436274900000 26.4
1436274960000 26.35
1436275080000 26.33
1436275140000 26.35
1436275200000 26.37
1436275260000 26.3725
1436275320000 26.37
1436275380000 26.36
1436275440000 26.37
1436275500000 26.37
1436275620000 26.38
1436275680000 26.4
1436275740000 26.41
1436275800000 26.42
1436275860000 26.41
1436275920000 26.4
1436275980000 26.37
1436276040000 26.35
1436276100000 26.37
1436276220000 26.37
1436276280000 26.37
1436276520000 26.4
1436276580000 26.43
1436276640000 26.41
1436276700000 26.46
1436276760000 26.46
1436276820000 26.45
1436276880000 26.44
1436276940000 26.46
1436277000000 26.46
1436277060000 26.46
1436277120000 26.44
1436277180000 26.44
1436277300000 26.425
1436277360000 26.43
1436277420000 26.45
1436277480000 26.44
1436277540000 26.44
1436277720000 26.42
1436277780000 26.4
1436277840000 26.4
1436277900000 26.41
1436278020000 26.43
1436278080000 26.4188
1436278140000 26.4219
1436278260000 26.42
1436278320000 26.42
1436278440000 26.42
1436278500000 26.4225
1436278560000 26.42
1436278620000 26.41
1436278680000 26.4
1436278740000 26.39
1436278800000 26.36
1436278860000 26.37
1436278980000 26.35
1436279040000 26.36
1436279160000 26.35
1436279280000 26.36
1436279340000 26.33
1436279400000 26.33
1436279520000 26.32
1436279580000 26.34
1436279640000 26.33
1436279700000 26.33
1436279760000 26.34
1436279820000 26.32
1436279880000 26.33
1436280000000 26.35
1436280060000 26.37
1436280120000 26.38
1436280180000 26.41
1436280240000 26.42
1436280300000 26.42
1436280360000 26.43
1436280420000 26.44
1436280480000 26.46
1436280540000 26.45
1436280600000 26.44
1436280660000 26.43
1436280720000 26.43
1436280780000 26.44
1436280840000 26.43
1436280900000 26.43
1436280960000 26.45
1436281020000 26.43
1436281080000 26.41
1436281140000 26.52
1436281200000 26.54
1436281260000 26.54
1436281320000 26.52
1436281380000 26.52
1436281440000 26.52
1436281500000 26.53
1436281560000 26.53
1436281620000 26.53
