1436261400000 39.27
1436261460000 39.37
1436261520000 39.47
1436261580000 39.4501
1436261640000 39.4001
1436261700000 39.3
1436261760000 39.34
1436261820000 39.27
1436261880000 39.3699
1436261940000 39.36
1436262000000 39.36
1436262060000 39.37
1436262120000 39.38
1436262180000 39.4291
1436262240000 39.41
1436262300000 39.4
1436262360000 39.37
1436262420000 39.34
1436262480000 39.34
1436262540000 39.42
1436262600000 39.38
1436262660000 39.367
1436262720000 39.3701
1436262780000 39.43
1436262840000 39.44
1436262900000 39.45
1436262960000 39.41
1436263020000 39.38
1436263080000 39.386
1436263140000 39.36
1436263200000 39.34
1436263260000 39.31
1436263320000 39.28
1436263380000 39.2435
1436263440000 39.2
1436263500000 39.15
1436263560000 39.17
1436263620000 39.16
1436263680000 39.112
1436263740000 39.126
1436263800000 39.1354
1436263860000 39.21
1436263920000 39.19
1436263980000 39.185
1436264040000 39.16
1436264100000 39.14
1436264160000 39.12
1436264220000 39.11
1436264280000 39.13
1436264340000 39.1179
1436264400000 39.115
1436264460000 39.1
1436264520000 39.145
1436264580000 39.11
1436264640000 39.12
1436264700000 39.12
1436264760000 39.11
1436264820000 39.1
1436264880000 39.06
1436264940000 39.0549
1436265000000 39.0438
1436265060000 39.03
1436265120000 39.0249
1436265180000 39.04
1436265240000 39.01
1436265300000 39.01
1436265360000 38.98
1436265420000 39.0
1436265480000 39.0
1436265540000 38.99
1436265600000 38.995
1436265660000 38.975
1436265720000 38.955
1436265780000 38.95
1436265840000 38.935
1436265900000 38.985
1436265960000 38.99
1436266020000 38.97
1436266080000 38.99
1436266140000 38.995
1436266200000 38.99
1436266260000 38.99
1436266320000 39.0
1436266380000 38.99
1436266440000 38.99
1436266500000 39.04
1436266560000 39.0
1436266620000 39.0
1436266680000 39.02
1436266740000 39.03
1436266800000 39.03
1436266860000 38.99
1436266920000 39.01
1436266980000 39.01
1436267040000 38.99
1436267100000 38.99
1436267160000 38.96
1436267220000 38.975
1436267280000 38.98
1436267340000 38.98
1436267400000 38.98
1436267460000 38.985
1436267520000 38.995
1436267580000 39.01
1436267640000 38.99
1436267700000 38.99
1436267760000 39.01
1436267820000 39.029
1436267880000 38.99
1436267940000 39.01
1436268000000 39.01
1436268060000 38.9947
1436268120000 38.985
1436268180000 39.0
1436268240000 39.05
1436268300000 39.02
1436268360000 39.0148
1436268420000 39.0
1436268480000 39.025
1436268540000 39.0
1436268600000 39.005
1436268660000 38.995
1436268720000 39.0
1436268780000 39.0
1436268840000 38.98
1436268900000 38.975
1436268960000 38.965
1436269020000 38.99
1436269080000 39.0
1436269140000 39.0
1436269200000 39.01
1436269260000 39.03
1436269320000 39.02
1436269380000 39.055
1436269440000 39.075
1436269500000 39.09
1436269560000 39.1
1436269620000 39.09
1436269680000 39.113
1436269740000 39.1
1436269800000 39.095
1436269860000 39.11
1436269920000 39.11
1436269980000 39.12
1436270040000 39.15
1436270100000 39.145
1436270160000 39.19
1436270220000 39.27
1436270280000 39.28
1436270340000 39.28
1436270400000 39.281
1436270460000 39.28
1436270520000 39.285
1436270580000 39.29
1436270640000 39.3222
1436270700000 39.34
1436270760000 39.3
1436270820000 39.29
1436270880000 39.265
1436270940000 39.3
1436271000000 39.33
1436271060000 39.29
1436271120000 39.28
1436271180000 39.24
1436271240000 39.22
1436271300000 39.21
1436271360000 39.215
1436271420000 39.24
1436271480000 39.27
1436271540000 39.305
1436271600000 39.3
1436271660000 39.3255
1436271720000 39.35
1436271780000 39.35
1436271840000 39.371
1436271900000 39.39
1436271960000 39.4
1436272020000 39.44
1436272080000 39.44
1436272140000 39.455
1436272200000 39.45
1436272260000 39.45
1436272320000 39.44
1436272380000 39.46
1436272440000 39.46
1436272500000 39.47
1436272560000 39.46
1436272620000 39.46
1436272680000 39.469
1436272740000 39.47
1436272800000 39.49
1436272860000 39.485
1436272920000 39.49
1436272980000 39.5
1436273040000 39.495
1436273100000 39.54
1436273160000 39.58
1436273220000 39.58
1436273280000 39.58
1436273340000 39.61
1436273400000 39.6051
1436273460000 39.61
1436273520000 39.59
1436273580000 39.5705
1436273640000 39.59
1436273700000 39.605
1436273760000 39.61
1436273820000 39.61
1436273880000 39.63
1436273940000 39.66
1436274000000 39.68
1436274060000 39.69
1436274120000 39.69
1436274180000 39.65
1436274240000 39.67
1436274300000 39.66
1436274360000 39.63
1436274420000 39.59
1436274480000 39.58
1436274540000 39.595
1436274600000 39.61
1436274660000 39.615
1436274720000 39.64
1436274780000 39.68
1436274840000 39.7101
1436274900000 39.74
1436274960000 39.71
1436275020000 39.66
1436275080000 39.65
1436275140000 39.65
1436275200000 39.67
1436275260000 39.68
1436275320000 39.66
1436275380000 39.6655
1436275440000 39.688
1436275500000 39.6799
1436275560000 39.685
1436275620000 39.695
1436275680000 39.714
1436275740000 39.755
1436275800000 39.7699
1436275860000 39.76
1436275920000 39.7145
1436275980000 39.7349
1436276040000 39.71
1436276100000 39.7272
1436276160000 39.73
1436276220000 39.71
1436276280000 39.715
1436276340000 39.715
1436276400000 39.715
1436276460000 39.69
1436276520000 39.69
1436276580000 39.68
1436276640000 39.69
1436276700000 39.735
1436276760000 39.71
1436276820000 39.6846
1436276880000 39.68
1436276940000 39.69
1436277000000 39.71
1436277060000 39.69
1436277120000 39.68
1436277180000 39.685
1436277240000 39.68
1436277300000 39.6801
1436277360000 39.7
1436277420000 39.71
1436277480000 39.71
1436277540000 39.71
1436277600000 39.72
1436277660000 39.73
1436277720000 39.725
1436277780000 39.71
1436277840000 39.71
1436277900000 39.7
1436277960000 39.7
1436278020000 39.7
1436278080000 39.701
1436278140000 39.6951
1436278200000 39.725
1436278260000 39.72
1436278320000 39.73
1436278380000 39.72
1436278440000 39.72
1436278500000 39.72
1436278560000 39.71
1436278620000 39.697
1436278680000 39.715
1436278740000 39.67
1436278800000 39.64
1436278860000 39.63
1436278920000 39.6
1436278980000 39.59
1436279040000 39.58
1436279100000 39.585
1436279160000 39.61
1436279220000 39.59
1436279280000 39.58
1436279340000 39.5747
1436279400000 39.59
1436279460000 39.61
1436279520000 39.63
1436279580000 39.67
1436279640000 39.69
1436279700000 39.68
1436279760000 39.7053
1436279820000 39.73
1436279880000 39.73
1436279940000 39.785
1436280000000 39.76
1436280060000 39.789
1436280120000 39.84
1436280180000 39.83
1436280240000 39.88
1436280300000 39.9
1436280360000 39.88
1436280420000 39.9
1436280480000 39.93
1436280540000 39.91
1436280600000 39.91
1436280660000 39.87
1436280720000 39.85
1436280780000 39.86
1436280840000 39.88
1436280900000 39.88
1436280960000 39.87
1436281020000 39.89
1436281080000 39.8801
1436281140000 39.97
1436281200000 39.98
1436281260000 40.04
1436281320000 40.01
1436281380000 40.0
1436281440000 39.99
1436281500000 39.99
1436281560000 39.96
1436281620000 39.94
