1436261400000 43.99
1436261520000 44.25
1436261640000 43.92
1436261760000 43.73
1436261820000 43.64
1436261940000 43.6
1436262060000 43.86
1436262120000 43.87
1436262180000 44.0
1436262300000 43.945
1436262360000 43.8
1436262420000 43.65
1436262480000 43.7
1436262540000 43.92
1436262600000 43.53
1436262660000 43.65
1436262720000 43.72
1436262780000 43.82
1436262900000 43.85
1436263020000 43.67
1436263560000 43.7099
1436263740000 43.61
1436263800000 43.705
1436263920000 43.7899
1436264040000 43.755
1436264100000 43.702
1436264160000 43.66
1436264280000 43.67
1436264460000 43.68
1436264640000 43.66
1436264700000 43.67
1436264760000 43.67
1436264820000 43.7
1436265000000 43.67
1436265060000 43.62
1436265240000 43.64
1436265300000 43.64
1436265360000 43.63
1436265480000 43.65
1436265600000 43.7297
1436265720000 43.63
1436265780000 43.63
1436265960000 43.69
1436266020000 43.77
1436266080000 43.82
1436266140000 43.8999
1436266200000 43.89
1436266320000 43.92
1436266380000 43.97
1436266440000 44.05
1436266680000 44.14
1436266740000 44.07
1436267040000 43.92
1436267400000 43.78
1436267520000 43.79
1436267580000 43.79
1436267820000 43.7
1436267880000 43.69
1436267940000 43.84
1436268060000 43.68
1436268120000 43.68
1436268180000 43.662
1436268240000 43.67
1436268300000 43.65
1436268360000 43.65
1436268480000 43.7
1436268540000 43.65
1436268600000 43.65
1436268660000 43.65
1436268720000 43.7
1436268780000 43.65
1436268840000 43.65
1436268900000 43.67
1436268960000 43.71
1436269080000 43.7
1436269140000 43.7
1436269440000 44.05
1436269500000 44.04
1436269560000 44.04
1436269740000 44.0
1436270160000 44.09
1436270220000 44.11
1436270280000 44.19
1436270340000 44.195
1436270400000 44.1999
1436270460000 44.05
1436270520000 44.1
1436270580000 44.175
1436270640000 44.1
1436270700000 44.19
1436270760000 44.12
1436270820000 44.17
1436271000000 44.12
1436271120000 44.15
1436271240000 44.18
1436271360000 44.1
1436271540000 44.16
1436271600000 44.15
1436271660000 44.19
1436271720000 44.16
1436272200000 44.19
1436272260000 44.15
1436272380000 44.24
1436272440000 44.24
1436272500000 44.21
1436272620000 44.3899
1436272740000 44.38
1436272800000 44.34
1436272860000 44.365
1436273040000 44.3
1436273400000 44.32
1436273520000 44.27
1436273640000 44.37
1436273820000 44.39
1436273880000 44.415
1436274180000 44.38
1436274240000 44.37
1436274420000 44.3
1436274720000 44.33
1436275260000 44.51
1436275380000 44.4999
1436275560000 44.35
1436275920000 44.3799
1436275980000 44.23
1436276040000 44.21
1436276100000 44.19
1436276640000 44.17
1436276700000 44.18
1436276760000 44.26
1436276820000 44.18
1436277420000 44.145
1436277780000 44.145
1436277840000 44.09
1436277900000 44.12
1436277960000 44.09
1436278020000 44.14
1436278080000 44.11
1436278140000 44.12
1436278200000 44.09
1436278260000 44.051
1436278320000 44.04
1436278380000 44.06
1436278440000 44.041
1436278500000 44.0
1436278560000 44.05
1436278620000 44.05
1436278680000 43.95
1436278740000 43.95
1436278800000 43.93
1436278860000 43.93
1436278980000 43.88
1436279400000 43.9899
1436279460000 43.9899
1436279520000 43.99
1436279700000 44.05
1436279880000 44.0
1436279940000 44.0599
1436280000000 44.06
1436280180000 44.2
1436280240000 44.16
1436280300000 44.145
1436280360000 44.16
1436280480000 44.16
1436280600000 44.11
1436281080000 44.26
1436281260000 44.43
