1436261400000 9.58
1436261460000 9.58
1436261700000 9.57
1436263080000 9.52
1436263680000 9.5425
1436265780000 9.46
1436265840000 9.46
1436266020000 9.47
1436266080000 9.514
1436266140000 9.49
1436266260000 9.46
1436266380000 9.54
1436266440000 9.46
1436267040000 9.48
1436267760000 9.48
1436268720000 9.47
1436268780000 9.48
1436269740000 9.49
1436270640000 9.61
1436272740000 9.605
1436272860000 9.62
1436272920000 9.61
1436272980000 9.6
1436273040000 9.61
1436273220000 9.61
1436273340000 9.6
1436273880000 9.68
1436274540000 9.6
1436275140000 9.61
1436276580000 9.6
1436276640000 9.6
1436277600000 9.6199
1436278200000 9.635
1436279880000 9.58
1436280180000 9.62
1436280540000 9.65
1436281080000 9.66
1436281500000 9.7
1436281560000 9.7
