1436261400000 2.02
1436261520000 1.96
1436261580000 2.02
1436261640000 2.0301
1436261700000 2.03
1436261820000 2.02
1436261880000 2.02
1436262000000 2.0499
1436262360000 2.04
1436262660000 2.03
1436262720000 2.03
1436262780000 2.02
1436262840000 2.0
1436263140000 2.0
1436263200000 2.0
1436263260000 2.0
1436263320000 2.01
1436263380000 1.97
1436263500000 1.96
1436263560000 1.95
1436263620000 1.9284
1436263740000 1.94
1436263800000 1.9436
1436263860000 1.92
1436264160000 1.94
1436264220000 1.9499
1436264400000 1.92
1436264460000 1.92
1436264580000 1.9101
1436264640000 1.91
1436264700000 1.9
1436264880000 1.9041
1436264940000 1.92
1436265180000 1.94
1436265360000 1.937
1436265420000 1.9112
1436265540000 1.9105
1436265900000 1.92
1436266140000 1.928
1436266320000 1.91
1436266500000 1.91
1436266560000 1.91
1436266620000 1.91
1436266680000 1.91
1436266740000 1.91
1436266800000 1.91
1436267040000 1.92
1436267160000 1.925
1436267280000 1.918
1436267340000 1.913
1436267460000 1.91
1436267520000 1.91
1436267580000 1.91
1436267640000 1.91
1436267760000 1.9172
1436267940000 1.91
1436268000000 1.9
1436268120000 1.91
1436268180000 1.8986
1436268840000 1.89
1436269380000 1.8988
1436269440000 1.8801
1436269620000 1.898
1436269980000 1.92
1436270160000 1.92
1436270220000 1.92
1436270940000 1.9
1436271240000 1.92
1436271480000 1.93
1436271540000 1.9001
1436272440000 1.9
1436272500000 1.89
1436272560000 1.88
1436272620000 1.88
1436272680000 1.882
1436273160000 1.88
1436273220000 1.88
1436273280000 1.88
1436273340000 1.87
1436273400000 1.87
1436273460000 1.87
1436273520000 1.86
1436273580000 1.86
1436273700000 1.8577
1436273820000 1.85
1436273880000 1.85
1436273940000 1.888
1436274120000 1.888
1436274720000 1.87
1436275080000 1.87
1436275140000 1.87
1436275260000 1.87
1436275500000 1.897
1436275620000 1.87
1436276040000 1.87
1436276520000 1.87
1436276580000 1.8701
1436276760000 1.89
1436277120000 1.8742
1436277300000 1.888
1436277420000 1.87
1436277660000 1.89
1436277780000 1.87
1436277840000 1.87
1436277900000 1.87
1436277960000 1.87
1436278020000 1.87
1436278080000 1.87
1436278200000 1.87
1436278260000 1.87
1436278320000 1.87
1436278620000 1.88
1436278680000 1.87
1436278740000 1.8808
1436278800000 1.87
1436278860000 1.87
1436278920000 1.87
1436278980000 1.86
1436279040000 1.86
1436279160000 1.83
1436279280000 1.865
1436279400000 1.8343
1436279580000 1.811
1436279700000 1.8199
1436279760000 1.82
1436279820000 1.81
1436280120000 1.8
1436280420000 1.838
1436280900000 1.8399
1436280960000 1.837
1436281320000 1.8316
1436281500000 1.81
