1436261400000 4.28
1436261520000 4.3001
1436261580000 4.3595
1436261640000 4.33
1436261700000 4.33
1436261760000 4.32
1436261820000 4.3001
1436262000000 4.3
1436262120000 4.35
1436262180000 4.3184
1436262240000 4.36
1436262300000 4.36
1436262420000 4.37
1436262480000 4.35
1436262540000 4.35
1436262660000 4.35
1436262720000 4.35
1436262780000 4.36
1436262960000 4.37
1436263080000 4.348
1436263140000 4.3401
1436263200000 4.342
1436263320000 4.37
1436263500000 4.36
1436263560000 4.39
1436263620000 4.4
1436263680000 4.4
1436263740000 4.3901
1436263800000 4.4
1436263860000 4.41
1436263920000 4.41
1436263980000 4.42
1436264040000 4.42
1436264100000 4.4
1436264160000 4.3601
1436264520000 4.4
1436264640000 4.4
1436264700000 4.39
1436264760000 4.38
1436264820000 4.37
1436264880000 4.36
1436265060000 4.3799
1436265180000 4.353
1436265420000 4.3698
1436265480000 4.35
1436265660000 4.351
1436265720000 4.36
1436265900000 4.36
1436266020000 4.37
1436266200000 4.39
1436266260000 4.39
1436266320000 4.39
1436266380000 4.39
1436266440000 4.37
1436266620000 4.37
1436266680000 4.3988
1436266740000 4.36
1436266800000 4.399
1436266860000 4.3687
1436267160000 4.3714
1436267220000 4.39
1436267280000 4.36
1436267460000 4.3719
1436267520000 4.37
1436267580000 4.37
1436267640000 4.37
1436267700000 4.37
1436267820000 4.37
1436267940000 4.3701
1436268120000 4.4
1436268240000 4.3937
1436268540000 4.38
1436268660000 4.37
1436268840000 4.363
1436268900000 4.38
1436268960000 4.36
1436269140000 4.39
1436269200000 4.39
1436269260000 4.375
1436269320000 4.39
1436269440000 4.3645
1436269500000 4.39
1436269560000 4.4
1436269800000 4.42
1436269920000 4.43
1436270040000 4.4379
1436270100000 4.45
1436270160000 4.46
1436270220000 4.47
1436270280000 4.49
1436270340000 4.481
1436270520000 4.49
1436270580000 4.4863
1436270640000 4.49
1436270760000 4.47
1436270820000 4.48
1436270880000 4.47
1436271000000 4.48
1436271120000 4.47
1436271240000 4.4711
1436271300000 4.4734
1436271540000 4.48
1436271600000 4.462
1436271660000 4.48
1436271780000 4.51
1436271840000 4.51
1436272020000 4.4901
1436272080000 4.51
1436272200000 4.51
1436272260000 4.51
1436272380000 4.49
1436272440000 4.52
1436272680000 4.491
1436272740000 4.5
1436272800000 4.4975
1436272860000 4.49
1436273160000 4.52
1436273340000 4.5
1436273460000 4.52
1436273520000 4.55
1436273640000 4.58
1436273700000 4.58
1436273820000 4.6
1436273880000 4.6
1436273940000 4.5801
1436274000000 4.6
1436274120000 4.5888
1436274240000 4.59
1436274420000 4.58
1436274480000 4.58
1436274720000 4.59
1436274780000 4.595
1436274900000 4.6099
1436274960000 4.6
1436275140000 4.5902
1436275200000 4.6
1436275260000 4.58
1436275320000 4.598
1436275440000 4.6
1436275560000 4.6
1436275680000 4.5928
1436275740000 4.61
1436275800000 4.6099
1436275920000 4.6
1436276280000 4.5999
1436276340000 4.59
1436276580000 4.61
1436276640000 4.61
1436276700000 4.61
1436276760000 4.6
1436276880000 4.62
1436277000000 4.63
1436277060000 4.6258
1436277180000 4.63
1436277300000 4.63
1436277360000 4.61
1436277420000 4.6213
1436277720000 4.63
1436277900000 4.6273
1436278020000 4.64
1436278140000 4.6242
1436278200000 4.65
1436278260000 4.64
1436278440000 4.6291
1436278560000 4.6399
1436278680000 4.64
1436278740000 4.632
1436278920000 4.62
1436278980000 4.6051
1436279100000 4.61
1436279160000 4.61
1436279220000 4.6
1436279340000 4.6199
1436279400000 4.6199
1436279520000 4.6199
1436279820000 4.62
1436279940000 4.6199
1436280060000 4.602
1436280120000 4.6048
1436280180000 4.62
1436280240000 4.63
1436280300000 4.63
1436280600000 4.61
1436280660000 4.61
1436280720000 4.61
1436280840000 4.6
1436280960000 4.59
1436281080000 4.6
1436281140000 4.6
1436281260000 4.62
1436281380000 4.5997
