1436261400000 34.55
1436261460000 34.52
1436261640000 34.26
1436261820000 34.34
1436262240000 34.27
1436262300000 34.25
1436262360000 34.22
1436262420000 34.13
1436262480000 34.25
1436262660000 34.16
1436262720000 34.2
1436262780000 34.22
1436262840000 34.13
1436263800000 34.02
1436263860000 34.03
1436263920000 34.14
1436264040000 34.15
1436264100000 34.07
1436264760000 34.08
1436266020000 33.9181
1436266260000 33.93
1436266500000 34.01
1436266620000 33.99
1436266740000 33.99
1436267400000 33.91
1436267520000 33.93
1436267760000 33.91
1436268060000 33.87
1436268240000 33.81
1436268540000 33.78
1436268840000 33.7
1436269020000 33.81
1436269080000 33.8
1436269140000 33.86
1436269260000 33.87
1436269500000 33.92
1436269860000 33.86
1436270220000 34.02
1436270400000 34.01
1436270460000 34.0
1436270520000 34.0
1436270580000 34.01
1436271120000 34.0
1436271240000 34.0
1436271300000 34.0
1436271720000 33.95
1436272080000 33.95
1436272320000 33.93
1436272500000 34.01
1436272560000 34.01
1436272680000 33.99
1436272740000 34.0
1436273160000 34.0
1436273220000 34.04
1436273280000 34.07
1436273340000 34.08
1436273640000 34.11
1436273700000 34.1
1436273760000 34.08
1436273880000 34.1381
1436274060000 34.18
1436274240000 34.15
1436274360000 34.05
1436274540000 34.07
1436275140000 34.09
1436275200000 34.11
1436275260000 34.05
1436275320000 34.05
1436275440000 34.11
1436275560000 34.15
1436275740000 34.06
1436275860000 34.03
1436276040000 34.06
1436276340000 34.05
1436276640000 34.06
1436277060000 34.11
1436277120000 34.0617
1436277360000 34.05
1436277540000 34.12
1436277720000 34.14
1436278200000 34.19
1436278380000 34.15
1436278620000 34.175
1436278740000 34.14
1436278860000 34.13
1436278920000 34.03
1436279280000 34.01
1436279880000 33.98
1436280060000 34.06
1436280180000 34.14
1436280420000 34.2
1436280720000 34.16
1436280780000 34.11
1436280840000 34.12
1436281020000 34.13
1436281080000 34.2
1436281140000 34.19
1436281260000 34.22
1436281320000 34.21
1436281440000 34.11
