1436261400000 27.65
1436261760000 27.7
1436261820000 27.7
1436261880000 27.69
1436262300000 27.49
1436262360000 27.51
1436262600000 27.49
1436262660000 27.52
1436262780000 27.45
1436262840000 27.51
1436263200000 27.51
1436263260000 27.49
1436263380000 27.47
1436263500000 27.53
1436263560000 27.56
1436263620000 27.54
1436263680000 27.63
1436263800000 27.56
1436263860000 27.64
1436263920000 27.65
1436263980000 27.64
1436264040000 27.65
1436264100000 27.65
1436264160000 27.65
1436264220000 27.65
1436264340000 27.66
1436264400000 27.7
1436264460000 27.685
1436264700000 27.73
1436264760000 27.71
1436264940000 27.7
1436265000000 27.675
1436265060000 27.67
1436265120000 27.66
1436265180000 27.66
1436265240000 27.66
1436265300000 27.66
1436265360000 27.66
1436265420000 27.685
1436265480000 27.685
1436265540000 27.7
1436265600000 27.685
1436265660000 27.685
1436265720000 27.63
1436265960000 27.64
1436266020000 27.68
1436266080000 27.7
1436266140000 27.67
1436266200000 27.68
1436266260000 27.7
1436266380000 27.74
1436266440000 27.71
1436266620000 27.805
1436266680000 27.73
1436266740000 27.685
1436266860000 27.7
1436266980000 27.7
1436267040000 27.69
1436267100000 27.68
1436267220000 27.72
1436267280000 27.7
1436267580000 27.7116
1436267760000 27.72
1436267880000 27.78
1436267940000 27.705
1436268240000 27.72
1436268540000 27.69
1436268600000 27.62
1436268660000 27.68
1436268780000 27.65
1436268840000 27.64
1436268900000 27.66
1436268960000 27.64
1436269020000 27.64
1436269080000 27.7
1436269140000 27.69
1436269200000 27.69
1436269320000 27.7
1436269380000 27.7
1436269620000 27.67
1436269740000 27.7
1436270100000 27.7
1436270160000 27.7
1436270220000 27.7
1436270280000 27.7
1436270400000 27.67
1436270460000 27.68
1436270520000 27.66
1436270700000 27.7
1436270820000 27.7
1436271060000 27.69
1436271120000 27.69
1436271240000 27.69
1436271300000 27.7
1436271660000 27.64
1436271720000 27.69
1436271840000 27.65
1436271900000 27.69
1436271960000 27.66
1436272020000 27.69
1436272080000 27.7
1436272200000 27.665
1436272260000 27.7
1436272320000 27.69
1436272380000 27.7
1436272440000 27.695
1436272500000 27.69
1436272560000 27.69
1436272620000 27.69
1436272680000 27.7
1436272740000 27.705
1436272860000 27.73
1436272980000 27.72
1436273160000 27.72
1436273580000 27.67
1436273640000 27.67
1436273700000 27.705
1436273820000 27.74
1436274000000 27.74
1436274180000 27.73
1436274240000 27.74
1436274420000 27.715
1436274540000 27.715
1436274660000 27.7
1436274780000 27.71
1436274840000 27.72
1436274900000 27.72
1436274960000 27.7
1436275020000 27.71
1436275500000 27.72
1436275560000 27.72
1436275620000 27.72
1436275680000 27.725
1436275740000 27.75
1436275800000 27.76
1436275860000 27.75
1436275920000 27.76
1436276040000 27.77
1436276100000 27.75
1436276700000 27.75
1436276820000 27.74
1436277000000 27.78
1436277060000 27.79
1436277180000 27.75
1436277540000 27.77
1436277660000 27.77
1436277900000 27.74
1436278080000 27.735
1436278140000 27.74
1436278200000 27.69
1436278500000 27.7175
1436278740000 27.735
1436278860000 27.735
1436278980000 27.74
1436279040000 27.74
1436279100000 27.75
1436279220000 27.73
1436279340000 27.74
1436279400000 27.75
1436279460000 27.75
1436279520000 27.7499
1436279640000 27.74
1436279700000 27.76
1436279940000 27.77
1436280120000 27.84
1436280180000 27.82
1436280240000 27.79
1436280360000 27.8
1436280420000 27.8
1436280600000 27.81
1436280660000 27.795
1436280720000 27.8
1436280840000 27.83
1436281020000 27.82
1436281080000 27.83
1436281140000 27.84
1436281260000 27.85
1436281320000 27.84
1436281560000 27.83
