1436261400000 0.99
1436261700000 0.9903
1436261760000 0.99
1436261820000 0.99
1436261880000 0.99
1436262240000 1.0
1436262480000 1.0
1436263020000 1.0
1436263320000 0.98
1436263560000 0.98
1436264640000 1.0
1436265120000 0.98
1436266080000 0.9801
1436266260000 0.9801
1436266500000 0.9801
1436266560000 1.0
1436266620000 0.9998
1436266740000 0.98
1436266800000 0.9801
1436266860000 0.98
1436266980000 0.9997
1436267520000 0.9999
1436267580000 0.9825
1436267760000 0.9842
1436268060000 0.98
1436268120000 0.9801
1436268180000 0.98
1436268300000 0.984
1436268360000 0.984
1436268420000 0.984
1436268480000 0.987
1436268720000 0.984
1436268780000 0.984
1436268840000 0.984
1436268900000 0.984
1436268960000 0.984
1436269140000 0.984
1436269500000 0.984
1436269980000 0.9985
1436270160000 0.9983
1436270280000 0.984
1436270580000 0.984
1436270640000 0.984
1436271120000 0.984
1436271360000 0.9985
1436271900000 0.984
1436272080000 0.984
1436273040000 0.998
1436273220000 0.984
1436274060000 0.984
1436274180000 0.984
1436274240000 0.984
1436274300000 0.984
1436274420000 0.984
1436275740000 0.984
1436276580000 0.9978
1436277300000 0.9978
1436277360000 0.9978
1436277600000 0.99
1436277840000 0.984
1436277900000 0.984
1436277960000 0.984
1436278080000 0.984
1436278620000 0.984
1436278680000 0.984
1436278740000 0.984
1436278860000 0.984
1436278920000 0.984
1436278980000 0.984
1436279220000 0.9894
1436279700000 0.984
1436279760000 0.984
1436279820000 0.984
1436279940000 0.984
1436280840000 0.984
1436281020000 0.986
1436281440000 0.984
1436281500000 0.984
1436281560000 0.9863
1436281620000 0.9885
