1436261400000 52.63
1436261580000 52.5
1436261640000 52.29
1436261700000 52.023
1436261760000 52.21
1436261820000 52.23
1436261880000 52.68
1436261940000 52.32
1436262000000 52.26
1436262060000 52.17
1436262120000 52.23
1436262180000 52.17
1436262240000 52.17
1436262300000 52.13
1436262360000 52.0
1436262420000 51.93
1436262480000 52.0
1436262540000 52.13
1436262600000 52.07
1436262660000 52.0
1436262780000 52.01
1436262960000 51.89
1436263080000 51.79
1436263140000 51.76
1436263200000 51.77
1436263260000 51.73
1436263320000 51.79
1436263380000 51.94
1436263440000 51.87
1436263500000 51.93
1436263560000 51.91
1436263620000 51.93
1436263680000 51.81
1436263740000 51.77
1436263800000 51.78
1436263920000 51.93
1436263980000 51.92
1436264040000 51.88
1436264100000 51.842
1436264160000 51.85
1436264220000 51.85
1436264280000 51.85
1436264340000 51.88
1436264460000 51.86
1436264520000 51.85
1436264700000 51.84
1436264760000 51.825
1436264820000 51.79
1436264940000 51.74
1436265000000 51.73
1436265120000 51.73
1436265180000 51.72
1436265240000 51.7
1436265300000 51.73
1436265360000 51.76
1436265420000 51.71
1436265600000 51.65
1436265660000 51.61
1436265720000 51.57
1436265780000 51.6
1436265840000 51.6
1436265900000 51.54
1436265960000 51.57
1436266020000 51.59
1436266080000 51.59
1436266140000 51.55
1436266200000 51.56
1436266260000 51.53
1436266320000 51.48
1436266380000 51.52
1436266440000 51.5899
1436266500000 51.57
1436266560000 51.55
1436266740000 51.44
1436266800000 51.43
1436266860000 51.45
1436266980000 51.43
1436267040000 51.45
1436267100000 51.41
1436267220000 51.43
1436267280000 51.48
1436267400000 51.46
1436267460000 51.49
1436267520000 51.54
1436267640000 51.52
1436267700000 51.51
1436267760000 51.52
1436268000000 51.53
1436268060000 51.43
1436268120000 51.4
1436268180000 51.49
1436268240000 51.48
1436268300000 51.44
1436268360000 51.4
1436268420000 51.42
1436268480000 51.44
1436268540000 51.41
1436268720000 51.37
1436268780000 51.363
1436268840000 51.36
1436268900000 51.335
1436268960000 51.31
1436269020000 51.3
1436269080000 51.39
1436269140000 51.41
1436269200000 51.43
1436269260000 51.43
1436269320000 51.4
1436269380000 51.44
1436269440000 51.46
1436269500000 51.45
1436269680000 51.395
1436269740000 51.45
1436269800000 51.465
1436269920000 51.46
1436269980000 51.47
1436270040000 51.45
1436270100000 51.47
1436270160000 51.53
1436270220000 51.7
1436270340000 51.64
1436270400000 51.64
1436270520000 51.57
1436270580000 51.62
1436270640000 51.71
1436270700000 51.68
1436270820000 51.61
1436270880000 51.57
1436270940000 51.57
1436271060000 51.59
1436271180000 51.58
1436271300000 51.585
1436271420000 51.61
1436271480000 51.61
1436271540000 51.58
1436271600000 51.615
1436271780000 51.6
1436271840000 51.57
1436271900000 51.61
1436271960000 51.63
1436272080000 51.62
1436272140000 51.63
1436272200000 51.62
1436272260000 51.63
1436272380000 51.66
1436272440000 51.64
1436272500000 51.65
1436272620000 51.6
1436272680000 51.62
1436272740000 51.73
1436272800000 51.72
1436272920000 51.72
1436272980000 51.69
1436273040000 51.685
1436273100000 51.69
1436273160000 51.73
1436273220000 51.74
1436273340000 51.72
1436273400000 51.71
1436273460000 51.73
1436273640000 51.76
1436273700000 51.79
1436273760000 51.79
1436273880000 51.79
1436273940000 51.79
1436274000000 51.86
1436274060000 51.838
1436274120000 51.82
1436274240000 51.87
1436274300000 51.81
1436274360000 51.79
1436274480000 51.82
1436274660000 51.87
1436274720000 51.93
1436274780000 51.93
1436274900000 51.95
1436274960000 51.91
1436275020000 51.914
1436275080000 51.915
1436275140000 51.92
1436275200000 51.98
1436275320000 51.92
1436275440000 51.95
1436275680000 51.93
1436275740000 51.96
1436275860000 51.95
1436275920000 51.94
1436275980000 51.96
1436276040000 51.97
1436276400000 51.99
1436276520000 51.98
1436276580000 51.97
1436276640000 52.005
1436276700000 51.98
1436276820000 51.92
1436276940000 51.96
1436277000000 51.98
1436277180000 51.93
1436277420000 51.92
1436277480000 51.94
1436277540000 51.91
1436277720000 51.89
1436277900000 51.89
1436278020000 51.94
1436278080000 51.93
1436278140000 51.89
1436278260000 51.85
1436278500000 51.86
1436278620000 51.85
1436278680000 51.8
1436278740000 51.76
1436278800000 51.66
1436278860000 51.66
1436278920000 51.68
1436279040000 51.7
1436279280000 51.7
1436279340000 51.66
1436279520000 51.63
1436279640000 51.65
1436279700000 51.59
1436279820000 51.65
1436279880000 51.61
1436279940000 51.68
1436280000000 51.69
1436280060000 51.73
1436280120000 51.74
1436280180000 51.74
1436280240000 51.87
1436280360000 51.89
1436280420000 51.91
1436280660000 51.88
1436280720000 51.9
1436280840000 51.89
1436280900000 51.9
1436280960000 51.91
1436281020000 51.94
1436281080000 51.99
1436281140000 52.02
1436281200000 52.01
1436281320000 52.04
1436281440000 52.04
1436281560000 51.99
