1405483200000 24.35
1410494400000 25.25
1410840000000 25.25
1411012800000 25.25
1411099200000 24.75
1411358400000 24.39
1412222400000 22.7639
1412740800000 22.8123
1413172800000 21.41
1413345600000 20.0
1413864000000 21.5
1413950400000 21.16
1414382400000 21.33
1414990800000 24.28
1415250000000 23.71
1415595600000 23.8
1415768400000 23.78
1415854800000 23.79
1416459600000 22.26
1416546000000 22.08
1416805200000 22.14
1417150800000 22.17
1417410000000 21.39
1417496400000 21.51
1417669200000 21.78
1417755600000 22.47
1418014800000 22.46
1418274000000 22.26
1418619600000 21.1
1418706000000 21.52
1418792400000 21.91
1418878800000 23.05
1419224400000 23.42
1419310800000 23.8
1419570000000 24.1
1420002000000 24.5
1420520400000 21.78
1420693200000 22.34
1420779600000 21.6
1421038800000 21.32
1421125200000 21.53
1421384400000 19.66
1421730000000 20.08
1421989200000 21.669
1422248400000 21.912
1423026000000 22.85
1423198800000 24.56
1424149200000 25.25
1425358800000 24.4
1427774400000 24.67
1427947200000 25.44
1428465600000 25.44
1428897600000 25.49
1429156800000 25.88
1429502400000 26.45
1430107200000 25.7
1430452800000 26.07
1430712000000 26.49
1430971200000 26.12
1431662400000 27.74
1432267200000 27.91
1433736000000 28.95
1434340800000 29.88
1434600000000 29.8699
1434686400000 29.8099
1434945600000 30.22
1435291200000 31.22
1435550400000 30.78
1435723200000 31.8
1435809600000 30.77
