1436261400000 54.78
1436261580000 54.75
1436261700000 54.59
1436261820000 54.5
1436261880000 54.4
1436262060000 54.25
1436262120000 54.34
1436262300000 54.26
1436262360000 54.21
1436262720000 54.13
1436262780000 54.22
1436263020000 54.18
1436263080000 54.17
1436263320000 54.07
1436263380000 54.1
1436263560000 54.09
1436263620000 54.04
1436263680000 54.0
1436263740000 53.94
1436263800000 53.95
1436264040000 54.03
1436264100000 53.995
1436264220000 54.01
1436264280000 53.95
1436264460000 53.94
1436264520000 53.95
1436264580000 53.95
1436264640000 53.935
1436264700000 53.945
1436264760000 53.835
1436264880000 53.85
1436264940000 53.91
1436265000000 53.86
1436265180000 53.83
1436265300000 53.8
1436265360000 53.785
1436265420000 53.76
1436265480000 53.745
1436265540000 53.71
1436265600000 53.69
1436265660000 53.66
1436265720000 53.61
1436265780000 53.6226
1436265840000 53.5401
1436265900000 53.63
1436265960000 53.69
1436266020000 53.675
1436266080000 53.65
1436266200000 53.59
1436266260000 53.57
1436266320000 53.63
1436266380000 53.64
1436266440000 53.65
1436266500000 53.61
1436266560000 53.47
1436266620000 53.59
1436266680000 53.55
1436266800000 53.5728
1436266860000 53.49
1436266920000 53.53
1436267040000 53.5
1436267100000 53.48
1436267220000 53.455
1436267280000 53.4228
1436267400000 53.46
1436267460000 53.49
1436267580000 53.49
1436267640000 53.47
1436267700000 53.48
1436267760000 53.49
1436267880000 53.5
1436267940000 53.4601
1436268000000 53.47
1436268060000 53.4
1436268120000 53.39
1436268180000 53.41
1436268240000 53.38
1436268300000 53.38
1436268360000 53.41
1436268420000 53.41
1436268480000 53.385
1436268540000 53.35
1436268600000 53.32
1436268660000 53.34
1436268780000 53.32
1436268840000 53.3
1436268900000 53.23
1436268960000 53.25
1436269020000 53.285
1436269080000 53.32
1436269140000 53.37
1436269200000 53.425
1436269260000 53.44
1436269320000 53.42
1436269380000 53.45
1436269440000 53.515
1436269500000 53.52
1436269560000 53.42
1436269620000 53.44
1436269680000 53.43
1436269800000 53.43
1436269860000 53.44
1436269920000 53.39
1436269980000 53.41
1436270040000 53.44
1436270100000 53.48
1436270160000 53.51
1436270220000 53.64
1436270280000 53.71
1436270340000 53.64
1436270400000 53.6
1436270460000 53.59
1436270580000 53.6
1436270640000 53.57
1436270700000 53.63
1436270820000 53.65
1436270880000 53.63
1436270940000 53.625
1436271060000 53.535
1436271180000 53.51
1436271300000 53.56
1436271360000 53.57
1436271420000 53.51
1436271480000 53.51
1436271540000 53.55
1436271600000 53.58
1436271660000 53.54
1436271780000 53.51
1436271840000 53.53
1436271900000 53.52
1436271960000 53.54
1436272020000 53.59
1436272140000 53.53
1436272200000 53.52
1436272260000 53.56
1436272320000 53.56
1436272380000 53.55
1436272500000 53.56
1436272620000 53.58
1436272680000 53.58
1436272740000 53.62
1436272800000 53.68
1436272920000 53.63
1436272980000 53.6
1436273040000 53.6199
1436273100000 53.58
1436273160000 53.6
1436273220000 53.59
1436273280000 53.55
1436273400000 53.55
1436273580000 53.57
1436273640000 53.57
1436273700000 53.68
1436273820000 53.69
1436273880000 53.7
1436274060000 53.7435
1436274120000 53.72
1436274180000 53.71
1436274240000 53.73
1436274360000 53.72
1436274420000 53.61
1436274480000 53.62
1436274660000 53.71
1436274720000 53.75
1436274780000 53.8
1436274840000 53.82
1436274900000 53.83
1436274960000 53.8
1436275140000 53.76
1436275200000 53.79
1436275260000 53.76
1436275380000 53.77
1436275440000 53.78
1436275500000 53.79
1436275560000 53.79
1436275620000 53.775
1436275680000 53.79
1436275740000 53.83
1436275800000 53.82
1436275860000 53.8
1436275920000 53.78
1436275980000 53.78
1436276040000 53.76
1436276100000 53.78
1436276160000 53.78
1436276220000 53.78
1436276400000 53.81
1436276520000 53.8
1436276580000 53.82
1436276640000 53.83
1436276820000 53.87
1436276940000 53.86
1436277000000 53.87
1436277060000 53.84
1436277240000 53.82
1436277300000 53.79
1436277360000 53.8
1436277420000 53.8
1436277540000 53.74
1436277600000 53.765
1436277660000 53.79
1436277720000 53.82
1436277780000 53.74
1436277840000 53.77
1436277900000 53.8099
1436278020000 53.8
1436278080000 53.81
1436278140000 53.81
1436278200000 53.82
1436278260000 53.81
1436278320000 53.8
1436278380000 53.82
1436278440000 53.81
1436278500000 53.74
1436278620000 53.7093
1436278680000 53.6702
1436278740000 53.6722
1436278860000 53.67
1436278980000 53.63
1436279040000 53.65
1436279280000 53.68
1436279340000 53.61
1436279400000 53.65
1436279520000 53.68
1436279580000 53.7
1436279640000 53.6901
1436279700000 53.68
1436279760000 53.68
1436279820000 53.68
1436279880000 53.68
1436280000000 53.76
1436280060000 53.83
1436280120000 53.84
1436280180000 53.83
1436280420000 53.95
1436280480000 53.96
1436280600000 53.925
1436280660000 53.94
1436280720000 53.93
1436280780000 53.95
1436280900000 53.955
1436280960000 53.97
1436281020000 54.0
1436281080000 54.07
1436281140000 54.105
1436281200000 54.115
1436281320000 54.14
1436281380000 54.09
1436281440000 54.08
1436281500000 54.11
1436281560000 54.05
1436281620000 54.04
