1436261400000 104.35
1436261460000 104.255
1436261520000 104.45
1436261580000 104.37
1436261640000 104.178
1436261700000 103.76
1436261760000 103.6
1436261820000 103.91
1436261880000 104.13
1436261940000 104.83
1436262000000 104.385
1436262060000 104.2375
1436262120000 104.13
1436262180000 104.385
1436262240000 104.125
1436262300000 104.11
1436262360000 104.12
1436262420000 103.89
1436262480000 103.99
1436262540000 104.21
1436262600000 104.16
1436262660000 103.89
1436262720000 103.92
1436262780000 103.96
1436262840000 103.865
1436262900000 103.8
1436262960000 103.7016
1436263020000 103.51
1436263080000 103.375
1436263140000 103.515
1436263200000 103.69
1436263260000 103.635
1436263320000 103.67
1436263380000 103.6055
1436263440000 103.535
1436263500000 103.445
1436263560000 103.5
1436263620000 103.4
1436263680000 103.37
1436263740000 103.29
1436263800000 103.47
1436263860000 103.66
1436263920000 103.61
1436263980000 103.64
1436264040000 103.54
1436264100000 103.74
1436264160000 103.63
1436264220000 103.69
1436264280000 103.6
1436264340000 103.695
1436264400000 103.61
1436264460000 103.745
1436264520000 103.87
1436264580000 103.97
1436264640000 104.055
1436264700000 103.8401
1436264760000 103.86
1436264820000 103.98
1436264880000 103.87
1436264940000 103.89
1436265000000 103.91
1436265060000 104.085
1436265120000 104.063
1436265180000 104.14
1436265240000 104.13
1436265300000 104.06
1436265360000 104.21
1436265420000 104.06
1436265480000 103.995
1436265540000 103.96
1436265600000 103.9
1436265660000 103.905
1436265720000 103.71
1436265780000 103.79
1436265840000 103.76
1436265900000 103.825
1436265960000 103.765
1436266020000 103.79
1436266080000 103.97
1436266140000 103.9
1436266200000 104.01
1436266260000 103.95
1436266320000 103.9
1436266380000 103.96
1436266440000 103.97
1436266500000 103.98
1436266560000 103.88
1436266620000 103.83
1436266680000 103.72
1436266740000 103.74
1436266800000 103.62
1436266860000 103.57
1436266920000 103.51
1436266980000 103.53
1436267040000 103.58
1436267100000 103.58
1436267160000 103.52
1436267220000 103.44
1436267280000 103.58
1436267340000 103.63
1436267400000 103.56
1436267460000 103.5
1436267520000 103.53
1436267580000 103.59
1436267640000 103.5725
1436267700000 103.52
1436267760000 103.62
1436267820000 103.78
1436267880000 103.72
1436267940000 103.65
1436268000000 103.79
1436268060000 103.59
1436268120000 103.56
1436268180000 103.61
1436268240000 103.6
1436268300000 103.55
1436268360000 103.52
1436268420000 103.715
1436268480000 103.71
1436268540000 103.57
1436268600000 103.645
1436268660000 103.635
1436268720000 103.5
1436268780000 103.48
1436268840000 103.46
1436268900000 103.5
1436268960000 103.53
1436269020000 103.53
1436269080000 103.64
1436269140000 103.73
1436269200000 104.0
1436269260000 104.1
1436269320000 104.1701
1436269380000 104.47
1436269440000 104.45
1436269500000 104.5301
1436269560000 104.618
1436269620000 104.71
1436269680000 104.85
1436269740000 104.9
1436269800000 104.94
1436269860000 104.896
1436269920000 104.875
1436269980000 104.74
1436270040000 104.74
1436270100000 104.705
1436270160000 105.21
1436270220000 105.49
1436270280000 105.44
1436270340000 105.52
1436270400000 105.5549
1436270460000 105.355
1436270520000 105.43
1436270580000 105.74
1436270640000 105.768
1436270700000 105.74
1436270760000 105.64
1436270820000 105.7
1436270880000 105.75
1436270940000 105.75
1436271000000 105.8447
1436271060000 105.85
1436271120000 106.0
1436271180000 106.13
1436271240000 106.18
1436271300000 105.901
1436271360000 105.954
1436271420000 106.06
1436271480000 106.0361
1436271540000 106.59
1436271600000 106.78
1436271660000 107.0
1436271720000 107.83
1436271780000 107.6
1436271840000 107.5
1436271900000 107.41
1436271960000 107.41
1436272020000 107.62
1436272080000 107.5201
1436272140000 107.53
1436272200000 107.49
1436272260000 107.49
1436272320000 107.6
1436272380000 107.64
1436272440000 107.75
1436272500000 107.69
1436272560000 108.0689
1436272620000 108.1687
1436272680000 108.55
1436272740000 108.67
1436272800000 108.62
1436272860000 108.88
1436272920000 109.15
1436272980000 109.14
1436273040000 109.22
1436273100000 109.1
1436273160000 109.58
1436273220000 109.48
1436273280000 109.41
1436273340000 109.09
1436273400000 109.05
1436273460000 109.0
1436273520000 109.26
1436273580000 108.9103
1436273640000 108.92
1436273700000 109.05
1436273760000 109.27
1436273820000 109.245
1436273880000 109.45
1436273940000 109.39
1436274000000 109.145
1436274060000 109.11
1436274120000 108.84
1436274180000 108.86
1436274240000 108.89
1436274300000 108.87
1436274360000 109.07
1436274420000 109.09
1436274480000 108.98
1436274540000 108.9
1436274600000 108.95
1436274660000 109.0
1436274720000 108.98
1436274780000 109.446
1436274840000 109.53
1436274900000 109.99
1436274960000 110.11
1436275020000 109.5401
1436275080000 109.6599
1436275140000 109.76
1436275200000 109.89
1436275260000 109.76
1436275320000 109.54
1436275380000 109.46
1436275440000 109.36
1436275500000 109.32
1436275560000 109.435
1436275620000 109.45
1436275680000 109.65
1436275740000 109.86
1436275800000 109.835
1436275860000 109.79
1436275920000 109.73
1436275980000 109.7485
1436276040000 109.72
1436276100000 109.77
1436276160000 109.88
1436276220000 109.63
1436276280000 109.9
1436276340000 109.645
1436276400000 109.74
1436276460000 109.28
1436276520000 109.1961
1436276580000 109.26
1436276640000 109.29
1436276700000 109.76
1436276760000 109.43
1436276820000 109.322
1436276880000 109.51
1436276940000 109.55
1436277000000 109.504
1436277060000 109.44
1436277120000 109.67
1436277180000 109.92
1436277240000 109.69
1436277300000 109.7658
1436277360000 109.74
1436277420000 109.65
1436277480000 109.72
1436277540000 109.53
1436277600000 109.75
1436277660000 109.85
1436277720000 109.8709
1436277780000 109.955
1436277840000 109.92
1436277900000 110.11
1436277960000 110.07
1436278020000 110.05
1436278080000 109.95
1436278140000 110.02
1436278200000 109.85
1436278260000 109.85
1436278320000 110.01
1436278380000 109.88
1436278440000 109.91
1436278500000 109.925
1436278560000 109.9605
1436278620000 109.8599
1436278680000 109.85
1436278740000 109.91
1436278800000 109.83
1436278860000 109.835
1436278920000 109.66
1436278980000 109.378
1436279040000 109.401
1436279100000 109.525
1436279160000 109.68
1436279220000 109.72
1436279280000 109.84
1436279340000 109.6572
1436279400000 109.67
1436279460000 109.52
1436279520000 109.7
1436279580000 109.98
1436279640000 110.11
1436279700000 110.07
1436279760000 109.716
1436279820000 109.61
1436279880000 109.65
1436279940000 109.9775
1436280000000 110.04
1436280060000 110.09
1436280120000 110.38
1436280180000 110.57
1436280240000 110.75
1436280300000 110.78
1436280360000 110.91
1436280420000 111.0121
1436280480000 111.25
1436280540000 111.17
1436280600000 111.055
1436280660000 110.66
1436280720000 110.59
1436280780000 110.7801
1436280840000 110.78
1436280900000 110.75
1436280960000 110.8817
1436281020000 110.88
1436281080000 111.39
1436281140000 111.8
1436281200000 111.82
1436281260000 111.75
1436281320000 111.59
1436281380000 111.52
1436281440000 111.57
1436281500000 111.4
1436281560000 111.19
1436281620000 111.14
