1436261400000 7.54
1436261580000 7.52
1436261640000 7.52
1436261700000 7.43
1436261760000 7.45
1436262120000 7.43
1436262300000 7.45
1436262420000 7.44
1436262480000 7.44
1436262540000 7.45
1436262600000 7.458
1436262720000 7.42
1436262840000 7.42
1436262900000 7.44
1436263020000 7.43
1436263080000 7.43
1436263140000 7.43
1436263200000 7.43
1436263260000 7.44
1436263320000 7.44
1436263380000 7.45
1436263500000 7.45
1436263560000 7.45
1436263680000 7.42
1436263800000 7.41
1436263860000 7.41
1436263920000 7.44
1436263980000 7.432
1436264100000 7.43
1436264220000 7.41
1436264340000 7.43
1436264460000 7.395
1436264520000 7.37
1436264640000 7.381
1436264820000 7.38
1436264880000 7.36
1436265000000 7.37
1436265240000 7.38
1436265300000 7.37
1436265360000 7.37
1436265480000 7.35
1436265660000 7.35
1436265720000 7.35
1436265780000 7.335
1436265840000 7.335
1436265900000 7.345
1436265960000 7.35
1436266020000 7.36
1436266080000 7.37
1436266200000 7.38
1436266260000 7.38
1436266320000 7.39
1436266380000 7.4
1436266560000 7.46
1436266620000 7.46
1436266680000 7.44
1436266740000 7.43
1436266800000 7.4225
1436266860000 7.4
1436266920000 7.4
1436266980000 7.4
1436267040000 7.4
1436267100000 7.41
1436267160000 7.41
1436267220000 7.4122
1436267280000 7.41
1436267340000 7.41
1436267520000 7.41
1436267640000 7.39
1436267760000 7.4
1436268000000 7.39
1436268060000 7.4
1436268120000 7.4
1436268180000 7.39
1436268240000 7.395
1436268420000 7.4
1436268480000 7.395
1436268540000 7.39
1436268600000 7.27
1436268660000 7.29
1436268720000 7.27
1436268840000 7.25
1436268900000 7.23
1436268960000 7.23
1436269020000 7.24
1436269080000 7.26
1436269140000 7.28
1436269200000 7.29
1436269260000 7.32
1436269380000 7.33
1436269440000 7.365
1436269500000 7.39
1436269560000 7.37
1436269620000 7.37
1436269740000 7.38
1436269800000 7.38
1436269860000 7.38
1436269980000 7.38
1436270040000 7.38
1436270100000 7.38
1436270160000 7.38
1436270220000 7.41
1436270340000 7.41
1436270400000 7.41
1436270580000 7.39
1436270820000 7.37
1436271000000 7.36
1436271060000 7.36
1436271120000 7.37
1436271180000 7.37
1436271240000 7.38
1436271420000 7.38
1436271480000 7.38
1436271540000 7.39
1436271660000 7.39
1436271840000 7.4
1436271900000 7.4
1436271960000 7.4
1436272020000 7.4
1436272080000 7.4
1436272140000 7.4
1436272260000 7.4
1436272320000 7.41
1436272380000 7.41
1436272440000 7.415
1436272500000 7.41
1436272680000 7.41
1436272740000 7.42
1436272860000 7.4
1436272980000 7.41
1436273100000 7.42
1436273160000 7.4
1436273220000 7.41
1436273280000 7.41
1436273340000 7.41
1436273400000 7.41
1436273520000 7.41
1436273640000 7.41
1436273700000 7.41
1436273880000 7.42
1436273940000 7.41
1436274000000 7.42
1436274180000 7.41
1436274240000 7.42
1436274300000 7.41
1436274480000 7.42
1436274540000 7.42
1436274600000 7.41
1436274660000 7.42
1436274720000 7.42
1436274780000 7.41
1436274840000 7.42
1436275020000 7.4
1436275200000 7.4
1436275380000 7.4
1436275440000 7.41
1436275620000 7.4
1436275680000 7.41
1436275740000 7.42
1436275800000 7.42
1436275920000 7.41
1436276100000 7.41
1436276280000 7.42
1436276340000 7.41
1436276580000 7.4
1436276640000 7.41
1436276820000 7.43
1436276880000 7.42
1436276940000 7.42
1436277000000 7.42
1436277060000 7.43
1436277180000 7.42
1436277360000 7.41
1436277480000 7.41
1436277540000 7.41
1436277600000 7.41
1436277660000 7.42
1436277780000 7.415
1436277840000 7.42
1436277960000 7.42
1436278080000 7.42
1436278140000 7.41
1436278200000 7.42
1436278320000 7.42
1436278380000 7.4101
1436278500000 7.42
1436278620000 7.42
1436278680000 7.41
1436278740000 7.41
1436278980000 7.4
1436279040000 7.39
1436279100000 7.38
1436279280000 7.39
1436279400000 7.39
1436279460000 7.39
1436279520000 7.39
1436279580000 7.4
1436279760000 7.4
1436279820000 7.39
1436279880000 7.4
1436279940000 7.42
1436280000000 7.42
1436280060000 7.42
1436280120000 7.42
1436280180000 7.43
1436280240000 7.4401
1436280300000 7.45
1436280360000 7.45
1436280420000 7.45
1436280540000 7.47
1436280600000 7.47
1436280660000 7.46
1436280780000 7.46
1436280840000 7.47
1436281020000 7.47
1436281080000 7.48
1436281140000 7.49
1436281200000 7.51
1436281260000 7.51
1436281320000 7.49
1436281500000 7.48
1436281560000 7.47
1436281620000 7.47
