1436261400000 0.267
1436261460000 0.2675
1436261520000 0.267
1436261700000 0.2626
1436261760000 0.2626
1436261820000 0.2626
1436261880000 0.268
1436262480000 0.267
1436262660000 0.2618
1436262720000 0.2604
1436262840000 0.2658
1436262900000 0.2615
1436262960000 0.2615
1436263020000 0.261
1436263080000 0.26
1436263140000 0.26
1436263260000 0.2658
1436263800000 0.2611
1436263860000 0.26
1436264040000 0.26
1436264100000 0.26
1436264220000 0.26
1436264280000 0.258
1436264340000 0.258
1436264400000 0.252
1436264580000 0.259
1436264700000 0.2591
1436264760000 0.259
1436264820000 0.253
1436264880000 0.2502
1436265000000 0.2534
1436265060000 0.2611
1436265120000 0.2639
1436265420000 0.2506
1436265480000 0.2639
1436265660000 0.26
1436265780000 0.2563
1436265840000 0.264
1436265960000 0.2531
1436266260000 0.2638
1436266800000 0.2635
1436267040000 0.2633
1436267100000 0.2549
1436267460000 0.2537
1436267640000 0.2517
1436267760000 0.25
1436268180000 0.2418
1436268240000 0.2418
1436268300000 0.2421
1436268360000 0.2481
1436268600000 0.2481
1436268660000 0.2482
1436268720000 0.2421
1436268780000 0.2422
1436268840000 0.2421
1436268900000 0.2421
1436268960000 0.242
1436269020000 0.2411
1436269260000 0.2412
1436269320000 0.2412
1436269380000 0.2413
1436269560000 0.2479
1436269680000 0.2486
1436270040000 0.2474
1436270100000 0.2461
1436270280000 0.246
1436270340000 0.2453
1436270640000 0.2455
1436270940000 0.246
1436271000000 0.246
1436271120000 0.246
1436271180000 0.2486
1436271240000 0.25
1436271300000 0.25
1436271360000 0.25
1436271600000 0.2593
1436271780000 0.2599
1436272140000 0.253
1436273400000 0.255
1436273460000 0.255
1436274000000 0.255
1436274120000 0.2584
1436275320000 0.259
1436275380000 0.2531
1436277300000 0.255
1436277900000 0.2551
1436280240000 0.2551
1436280720000 0.253
1436280780000 0.2501
1436280960000 0.251
