1436261400000 39.68
1436261460000 39.29
1436261520000 39.5
1436261580000 39.58
1436261640000 39.46
1436261700000 39.17
1436261760000 39.27
1436261820000 39.18
1436261880000 39.14
1436261940000 39.26
1436262000000 39.12
1436262060000 39.05
1436262120000 38.98
1436262180000 39.15
1436262240000 39.1
1436262300000 38.97
1436262360000 38.9655
1436262420000 39.06
1436262480000 39.1499
1436262540000 39.18
1436262600000 39.17
1436262660000 39.09
1436262720000 39.139
1436262780000 39.38
1436262840000 39.34
1436262900000 39.23
1436262960000 39.1
1436263020000 39.1
1436263080000 38.94
1436263140000 38.9
1436263200000 38.86
1436263260000 38.81
1436263320000 38.83
1436263380000 38.899
1436263440000 38.735
1436263500000 38.72
1436263560000 38.6602
1436263620000 38.66
1436263680000 38.39
1436263740000 38.55
1436263800000 38.65
1436263860000 38.86
1436263920000 38.83
1436263980000 38.86
1436264040000 39.0225
1436264100000 38.86
1436264160000 38.6751
1436264220000 38.76
1436264280000 38.72
1436264340000 38.6528
1436264400000 38.59
1436264460000 38.51
1436264520000 38.64
1436264580000 38.66
1436264640000 38.65
1436264700000 38.59
1436264760000 38.48
1436264820000 38.53
1436264880000 38.31
1436264940000 38.48
1436265000000 38.39
1436265060000 38.31
1436265120000 38.1549
1436265180000 38.3
1436265240000 38.16
1436265300000 38.178
1436265360000 38.11
1436265420000 38.105
1436265480000 38.0
1436265540000 37.95
1436265600000 37.79
1436265660000 37.78
1436265720000 37.53
1436265780000 37.47
1436265840000 37.6
1436265900000 37.73
1436265960000 37.74
1436266020000 37.91
1436266080000 37.99
1436266140000 37.92
1436266200000 37.975
1436266260000 37.9855
1436266320000 38.14
1436266380000 38.12
1436266440000 38.17
1436266500000 38.34
1436266560000 38.127
1436266620000 38.2
1436266680000 38.14
1436266740000 38.07
1436266800000 38.07
1436266860000 37.91
1436266920000 37.96
1436266980000 38.049
1436267040000 37.95
1436267100000 37.95
1436267160000 37.79
1436267220000 37.83
1436267280000 37.89
1436267340000 37.889
1436267400000 37.9
1436267460000 37.98
1436267520000 38.15
1436267580000 38.27
1436267640000 38.16
1436267700000 38.15
1436267760000 38.25
1436267820000 38.27
1436267880000 38.17
1436267940000 38.06
1436268000000 38.06
1436268060000 37.94
1436268120000 37.81
1436268180000 37.83
1436268240000 37.93
1436268300000 37.8
1436268360000 37.75
1436268420000 37.77
1436268480000 37.81
1436268540000 37.72
1436268600000 37.63
1436268660000 37.54
1436268720000 37.599
1436268780000 37.67
1436268840000 37.59
1436268900000 37.55
1436268960000 37.49
1436269020000 37.63
1436269080000 37.7
1436269140000 37.84
1436269200000 37.85
1436269260000 37.98
1436269320000 37.99
1436269380000 38.1
1436269440000 38.19
1436269500000 38.293
1436269560000 38.14
1436269620000 38.09
1436269680000 38.175
1436269740000 38.1
1436269800000 38.0628
1436269860000 38.165
1436269920000 38.11
1436269980000 38.1
1436270040000 38.1
1436270100000 38.15
1436270160000 38.39
1436270220000 38.81
1436270280000 38.69
1436270340000 38.6801
1436270400000 38.61
1436270460000 38.44
1436270520000 38.54
1436270580000 38.55
1436270640000 38.6558
1436270700000 38.64
1436270760000 38.54
1436270820000 38.485
1436270880000 38.41
1436270940000 38.43
1436271000000 38.45
1436271060000 38.35
1436271120000 38.2
1436271180000 38.23
1436271240000 38.2
1436271300000 38.24
1436271360000 38.33
1436271420000 38.31
1436271480000 38.32
1436271540000 38.31
1436271600000 38.36
1436271660000 38.49
1436271720000 38.53
1436271780000 38.4457
1436271840000 38.4957
1436271900000 38.46
1436271960000 38.46
1436272020000 38.49
1436272080000 38.56
1436272140000 38.49
1436272200000 38.46
1436272260000 38.47
1436272320000 38.62
1436272380000 38.61
1436272440000 38.63
1436272500000 38.7
1436272560000 38.62
1436272620000 38.7043
1436272680000 38.75
1436272740000 38.9
1436272800000 39.02
1436272860000 39.0
1436272920000 39.04
1436272980000 39.07
1436273040000 38.97
1436273100000 39.06
1436273160000 39.24
1436273220000 39.21
1436273280000 39.1942
1436273340000 39.15
1436273400000 39.11
1436273460000 39.07
1436273520000 39.132
1436273580000 39.0999
1436273640000 39.06
1436273700000 39.31
1436273760000 39.29
1436273820000 39.29
1436273880000 39.365
1436273940000 39.53
1436274000000 39.52
1436274060000 39.5758
1436274120000 39.47
1436274180000 39.3
1436274240000 39.35
1436274300000 39.35
1436274360000 39.27
1436274420000 39.1
1436274480000 39.05
1436274540000 39.22
1436274600000 39.24
1436274660000 39.31
1436274720000 39.43
1436274780000 39.61
1436274840000 39.64
1436274900000 39.86
1436274960000 39.685
1436275020000 39.58
1436275080000 39.48
1436275140000 39.45
1436275200000 39.54
1436275260000 39.46
1436275320000 39.34
1436275380000 39.31
1436275440000 39.4123
1436275500000 39.5
1436275560000 39.45
1436275620000 39.47
1436275680000 39.53
1436275740000 39.59
1436275800000 39.69
1436275860000 39.71
1436275920000 39.58
1436275980000 39.56
1436276040000 39.4855
1436276100000 39.52
1436276160000 39.56
1436276220000 39.54
1436276280000 39.55
1436276340000 39.5999
1436276400000 39.6655
1436276460000 39.561
1436276520000 39.61
1436276580000 39.7
1436276640000 39.79
1436276700000 39.93
1436276760000 39.9002
1436276820000 39.86
1436276880000 39.83
1436276940000 39.8704
1436277000000 39.8752
1436277060000 39.7
1436277120000 39.75
1436277180000 39.67
1436277240000 39.6
1436277300000 39.59
1436277360000 39.63
1436277420000 39.6952
1436277480000 39.68
1436277540000 39.63
1436277600000 39.7
1436277660000 39.77
1436277720000 39.7996
1436277780000 39.6959
1436277840000 39.7346
1436277900000 39.76
1436277960000 39.69
1436278020000 39.6548
1436278080000 39.6
1436278140000 39.59
1436278200000 39.67
1436278260000 39.66
1436278320000 39.71
1436278380000 39.67
1436278440000 39.67
1436278500000 39.621
1436278560000 39.64
1436278620000 39.65
1436278680000 39.5401
1436278740000 39.41
1436278800000 39.28
1436278860000 39.33
1436278920000 39.19
1436278980000 39.1
1436279040000 39.203
1436279100000 39.22
1436279160000 39.2755
1436279220000 39.37
1436279280000 39.35
1436279340000 39.32
1436279400000 39.31
1436279460000 39.27
1436279520000 39.28
1436279580000 39.42
1436279640000 39.5
1436279700000 39.5
1436279760000 39.51
1436279820000 39.51
1436279880000 39.41
1436279940000 39.65
1436280000000 39.7
1436280060000 39.87
1436280120000 40.2
1436280180000 40.23
1436280240000 40.499
1436280300000 40.58
1436280360000 40.54
1436280420000 40.55
1436280480000 40.61
1436280540000 40.46
1436280600000 40.49
1436280660000 40.41
1436280720000 40.437
1436280780000 40.49
1436280840000 40.5546
1436280900000 40.54
1436280960000 40.56
1436281020000 40.71
1436281080000 40.72
1436281140000 41.06
1436281200000 41.03
1436281260000 41.1201
1436281320000 40.96
1436281380000 41.03
1436281440000 40.8946
1436281500000 40.96
1436281560000 40.87
