1436261400000 43.45
1436261460000 43.45
1436261520000 43.47
1436261580000 43.45
1436261640000 43.34
1436261700000 43.32
1436261760000 43.23
1436261820000 43.15
1436261880000 43.14
1436261940000 43.19
1436262000000 43.1301
1436262060000 43.18
1436262120000 43.24
1436262180000 43.16
1436262240000 43.1
1436262300000 43.12
1436262360000 43.16
1436262420000 43.175
1436262480000 43.12
1436262540000 43.08
1436262600000 43.06
1436262660000 43.07
1436262720000 43.09
1436262780000 43.105
1436262840000 43.1
1436262900000 43.09
1436262960000 43.04
1436263020000 43.03
1436263080000 43.01
1436263140000 42.96
1436263200000 42.98
1436263260000 42.97
1436263320000 42.94
1436263380000 42.93
1436263440000 42.91
1436263500000 42.92
1436263560000 42.92
1436263620000 42.92
1436263680000 42.87
1436263740000 42.84
1436263800000 42.86
1436263860000 42.87
1436263920000 42.87
1436263980000 42.9
1436264040000 42.905
1436264100000 42.855
1436264160000 42.82
1436264220000 42.8475
1436264280000 42.85
1436264340000 42.865
1436264400000 42.86
1436264460000 42.87
1436264520000 42.9
1436264580000 42.87
1436264640000 42.84
1436264700000 42.88
1436264760000 42.88
1436264820000 42.86
1436264880000 42.835
1436264940000 42.85
1436265000000 42.85
1436265060000 42.82
1436265120000 42.8
1436265180000 42.82
1436265240000 42.8
1436265300000 42.79
1436265360000 42.8
1436265420000 42.8
1436265480000 42.77
1436265540000 42.77
1436265600000 42.74
1436265660000 42.73
1436265720000 42.71
1436265780000 42.67
1436265840000 42.675
1436265900000 42.655
1436265960000 42.6975
1436266020000 42.785
1436266080000 42.88
1436266140000 42.94
1436266200000 42.935
1436266260000 42.92
1436266320000 42.98
1436266380000 42.98
1436266440000 43.04
1436266500000 43.09
1436266560000 43.07
1436266620000 43.085
1436266680000 43.07
1436266740000 43.07
1436266800000 43.06
1436266860000 42.98
1436266920000 42.99
1436266980000 43.0
1436267040000 42.95
1436267100000 42.96
1436267160000 42.89
1436267220000 42.93
1436267280000 42.92
1436267340000 42.9
1436267400000 42.89
1436267460000 42.87
1436267520000 42.89
1436267580000 42.918
1436267640000 42.88
1436267700000 42.87
1436267760000 42.85
1436267820000 42.84
1436267880000 42.795
1436267940000 42.75
1436268000000 42.76
1436268060000 42.75
1436268120000 42.73
1436268180000 42.73
1436268240000 42.75
1436268300000 42.72
1436268360000 42.7
1436268420000 42.71
1436268480000 42.73
1436268540000 42.68
1436268600000 42.69
1436268660000 42.65
1436268720000 42.65
1436268780000 42.64
1436268840000 42.63
1436268900000 42.6
1436268960000 42.582
1436269020000 42.64
1436269080000 42.66
1436269140000 42.69
1436269200000 42.74
1436269260000 42.752
1436269320000 42.73
1436269380000 42.77
1436269440000 42.77
1436269500000 42.79
1436269560000 42.77
1436269620000 42.77
1436269680000 42.79
1436269740000 42.77
1436269800000 42.76
1436269860000 42.73
1436269920000 42.72
1436269980000 42.72
1436270040000 42.75
1436270100000 42.74
1436270160000 42.79
1436270220000 42.9
1436270280000 42.89
1436270340000 42.89
1436270400000 42.87
1436270460000 42.835
1436270520000 42.845
1436270580000 42.86
1436270640000 42.875
1436270700000 42.94
1436270760000 42.91
1436270820000 42.91
1436270880000 42.92
1436270940000 42.95
1436271000000 42.95
1436271060000 42.94
1436271120000 42.91
1436271180000 42.93
1436271240000 42.92
1436271300000 42.92
1436271360000 42.95
1436271420000 42.92
1436271480000 42.91
1436271540000 42.91
1436271600000 42.91
1436271660000 42.95
1436271720000 42.93
1436271780000 42.93
1436271840000 42.94
1436271900000 42.93
1436271960000 42.94
1436272020000 42.92
1436272080000 42.955
1436272140000 42.96
1436272200000 42.98
1436272260000 43.0
1436272320000 43.04
1436272380000 43.03
1436272440000 43.05
1436272500000 43.07
1436272560000 43.06
1436272620000 43.06
1436272680000 43.07
1436272740000 43.1
1436272800000 43.1
1436272860000 43.11
1436272920000 43.09
1436272980000 43.105
1436273040000 43.09
1436273100000 43.1
1436273160000 43.13
1436273220000 43.125
1436273280000 43.12
1436273340000 43.11
1436273400000 43.1
1436273460000 43.09
1436273520000 43.11
1436273580000 43.115
1436273640000 43.13
1436273700000 43.15
1436273760000 43.14
1436273820000 43.16
1436273880000 43.15
1436273940000 43.19
1436274000000 43.18
1436274060000 43.2
1436274120000 43.18
1436274180000 43.16
1436274240000 43.17
1436274300000 43.17
1436274360000 43.19
1436274420000 43.22
1436274480000 43.2
1436274540000 43.25
1436274600000 43.23
1436274660000 43.25
1436274720000 43.3
1436274780000 43.34
1436274840000 43.35
1436274900000 43.38
1436274960000 43.31
1436275020000 43.27
1436275080000 43.23
1436275140000 43.241
1436275200000 43.23
1436275260000 43.22
1436275320000 43.22
1436275380000 43.23
1436275440000 43.28
1436275500000 43.29
1436275560000 43.29
1436275620000 43.3
1436275680000 43.328
1436275740000 43.37
1436275800000 43.39
1436275860000 43.38
1436275920000 43.32
1436275980000 43.33
1436276040000 43.32
1436276100000 43.36
1436276160000 43.36
1436276220000 43.36
1436276280000 43.36
1436276340000 43.39
1436276400000 43.4
1436276460000 43.37
1436276520000 43.37
1436276580000 43.4
1436276640000 43.41
1436276700000 43.44
1436276760000 43.43
1436276820000 43.43
1436276880000 43.4
1436276940000 43.41
1436277000000 43.4
1436277060000 43.38
1436277120000 43.38
1436277180000 43.36
1436277240000 43.33
1436277300000 43.33
1436277360000 43.34
1436277420000 43.38
1436277480000 43.36
1436277540000 43.36
1436277600000 43.37
1436277720000 43.38
1436277780000 43.37
1436277840000 43.38
1436277900000 43.39
1436278020000 43.37
1436278080000 43.36
1436278140000 43.34
1436278200000 43.37
1436278260000 43.37
1436278320000 43.38
1436278380000 43.38
1436278440000 43.38
1436278500000 43.37
1436278560000 43.35
1436278620000 43.37
1436278680000 43.36
1436278740000 43.32
1436278800000 43.27
1436278860000 43.24
1436278920000 43.18
1436278980000 43.16
1436279040000 43.17
1436279100000 43.19
1436279160000 43.22
1436279220000 43.24
1436279280000 43.215
1436279340000 43.19
1436279400000 43.16
1436279460000 43.16
1436279520000 43.18
1436279580000 43.23
1436279640000 43.27
1436279700000 43.23
1436279760000 43.24
1436279820000 43.28
1436279880000 43.23
1436279940000 43.3
1436280000000 43.3
1436280060000 43.31
1436280120000 43.35
1436280180000 43.35
1436280240000 43.4
1436280300000 43.42
1436280360000 43.39
1436280420000 43.42
1436280480000 43.42
1436280540000 43.41
1436280600000 43.45
1436280660000 43.46
1436280720000 43.49
1436280780000 43.51
1436280840000 43.53
1436280900000 43.51
1436280960000 43.53
1436281020000 43.52
1436281080000 43.52
1436281140000 43.63
1436281200000 43.63
1436281260000 43.65
1436281320000 43.61
1436281380000 43.59
1436281440000 43.5833
1436281500000 43.61
1436281560000 43.57
1436281620000 43.53
