1436261400000 30.41
1436261580000 30.71
1436261700000 30.55
1436261760000 30.34
1436261820000 30.35
1436262180000 30.31
1436262240000 30.25
1436262300000 30.19
1436262360000 30.3
1436262540000 30.37
1436262780000 30.21
1436262840000 30.23
1436262900000 30.2
1436262960000 30.1
1436263020000 30.08
1436263080000 29.93
1436263140000 29.86
1436263260000 29.83
1436263380000 29.89
1436263440000 29.76
1436263560000 29.78
1436263620000 29.78
1436263680000 29.66
1436263740000 29.65
1436263800000 29.6
1436263860000 29.81
1436263920000 29.73
1436263980000 29.75
1436264040000 29.7
1436264220000 29.72
1436264340000 29.66
1436264400000 29.68
1436264460000 29.59
1436264580000 29.5
1436264640000 29.53
1436264700000 29.54
1436264760000 29.46
1436264820000 29.46
1436264880000 29.44
1436264940000 29.58
1436265000000 29.46
1436265060000 29.44
1436265120000 29.44
1436265180000 29.34
1436265300000 29.36
1436265360000 29.36
1436265420000 29.33
1436265480000 29.26
1436265540000 29.3
1436265600000 29.27
1436265660000 29.26
1436265720000 29.28
1436265780000 29.27
1436265840000 29.32
1436265900000 29.36
1436265960000 29.39
1436266020000 29.57
1436266080000 29.62
1436266200000 29.64
1436266380000 29.67
1436266440000 29.67
1436266560000 29.82
1436266800000 29.73
1436266860000 29.63
1436267040000 29.45
1436267100000 29.4
1436267220000 29.37
1436267400000 29.35
1436267520000 29.3
1436267580000 29.47
1436267760000 29.34
1436267880000 29.28
1436267940000 29.4399
1436268000000 29.3
1436268180000 29.28
1436268240000 29.26
1436268360000 29.28
1436268420000 29.26
1436268480000 29.34
1436268540000 29.33
1436268660000 29.18
1436268720000 29.18
1436268780000 29.2
1436268840000 29.11
1436268960000 29.11
1436269080000 29.1
1436269140000 29.16
1436269200000 29.2301
1436269440000 29.41
1436269860000 29.52
1436269920000 29.42
1436270040000 29.42
1436270100000 29.43
1436270160000 29.51
1436270400000 29.57
1436270880000 29.45
1436271060000 29.25
1436271240000 29.25
1436271360000 29.21
1436271540000 29.2
1436271720000 29.27
1436271780000 29.35
1436271840000 29.35
1436272260000 29.3
1436272440000 29.27
1436272620000 29.27
1436272740000 29.41
1436272920000 29.45
1436273340000 29.65
1436273400000 29.72
1436273460000 29.9
1436273580000 30.0
1436273640000 30.0
1436273700000 30.0
1436274000000 30.09
1436274120000 30.08
1436274180000 30.02
1436274360000 30.02
1436274420000 29.89
1436274600000 29.93
1436274720000 30.0
1436274840000 30.05
1436275200000 29.95
1436275260000 29.95
1436275320000 29.95
1436275440000 30.0
1436275500000 29.9396
1436275560000 29.9283
1436275800000 30.03
1436275980000 30.045
1436276040000 30.03
1436276160000 30.04
1436276280000 30.0
1436276340000 30.035
1436276400000 29.96
1436276460000 29.95
1436276520000 29.98
1436277300000 30.115
1436277420000 30.105
1436277480000 30.095
1436277600000 30.02
1436277660000 30.09
1436277780000 30.02
1436277960000 30.02
1436278140000 30.01
1436278440000 30.02
1436278500000 30.0
1436278560000 30.0
1436278620000 30.0
1436278680000 30.0
1436278740000 30.0
1436278800000 29.8
1436278920000 29.65
1436278980000 29.78
1436279280000 29.64
1436279400000 29.64
1436279520000 29.53
1436279580000 29.54
1436279760000 29.54
1436279880000 29.58
1436280000000 29.6
1436280060000 29.59
1436280120000 29.96
1436280240000 30.07
1436280420000 30.06
1436280540000 29.835
1436280780000 29.98
1436280900000 29.81
1436280960000 29.8
1436281020000 29.88
1436281080000 29.98
1436281140000 30.08
1436281200000 30.1
1436281440000 30.1
