1436261400000 22.42
1436261580000 22.41
1436261640000 22.36
1436261700000 22.38
1436261940000 22.33
1436262120000 22.3
1436262240000 22.34
1436262540000 22.4519
1436262840000 22.42
1436263620000 22.32
1436263680000 22.28
1436263740000 22.38
1436263860000 22.44
1436264160000 22.35
1436264220000 22.39
1436264280000 22.31
1436264460000 22.31
1436264520000 22.28
1436264640000 22.19
1436264760000 22.12
1436264820000 22.11
1436265000000 22.14
1436265060000 22.11
1436265240000 22.11
1436265300000 22.16
1436265360000 22.12
1436265540000 22.04
1436265660000 22.05
1436265720000 21.985
1436265780000 21.95
1436265900000 22.0
1436265960000 21.99
1436266020000 22.16
1436266080000 22.19
1436266140000 22.22
1436266200000 22.21
1436266380000 22.31
1436266440000 22.35
1436266560000 22.35
1436266620000 22.37
1436266680000 22.26
1436266740000 22.27
1436266980000 22.21
1436267040000 22.17
1436267100000 22.11
1436267280000 22.06
1436267400000 22.17
1436267700000 22.26
1436267940000 22.21
1436268000000 22.09
1436268240000 22.0
1436268300000 22.03
1436268360000 22.06
1436268420000 22.02
1436268480000 21.98
1436268540000 22.02
1436268600000 22.12
1436268660000 22.14
1436268720000 22.11
1436268960000 21.9
1436269260000 22.09
1436269320000 22.15
1436269500000 22.24
1436269680000 22.218
1436269740000 22.18
1436269860000 22.14
1436270160000 22.21
1436270400000 22.22
1436270460000 22.18
1436270520000 22.18
1436270700000 22.2
1436271000000 22.14
1436271060000 22.13
1436271180000 22.04
1436271480000 22.07
1436271540000 22.175
1436271840000 22.16
1436272080000 22.07
1436272140000 22.01
1436272680000 22.08
1436272920000 22.14
1436272980000 22.18
1436273040000 22.18
1436273280000 22.26
1436273460000 22.25
1436273520000 22.3
1436273640000 22.29
1436273700000 22.34
1436273760000 22.3
1436274060000 22.29
1436274180000 22.36
1436274240000 22.33
1436274360000 22.27
1436274720000 22.33
1436274780000 22.31
1436274900000 22.29
1436275200000 22.31
1436275260000 22.325
1436275380000 22.35
1436275440000 22.33
1436275500000 22.27
1436275800000 22.25
1436275980000 22.29
1436276040000 22.3
1436276520000 22.38
1436276580000 22.38
1436276820000 22.37
1436276880000 22.33
1436276940000 22.37
1436277060000 22.36
1436277120000 22.27
1436277600000 22.33
1436277660000 22.33
1436277960000 22.37
1436278020000 22.445
1436278140000 22.44
1436278320000 22.36
1436278440000 22.37
1436278620000 22.31
1436278680000 22.23
1436278800000 22.22
1436278860000 22.22
1436278920000 22.15
1436278980000 22.2
1436279100000 22.28
1436279220000 22.26
1436279280000 22.31
1436279340000 22.29
1436279580000 22.24
1436279640000 22.2
1436279700000 22.24
1436279760000 22.29
1436279820000 22.42
1436279880000 22.3949
1436279940000 22.32
1436280000000 22.39
1436280060000 22.41
1436280180000 22.46
1436280420000 22.5
1436280480000 22.5
1436280600000 22.49
1436280660000 22.4
1436280780000 22.35
1436280840000 22.37
1436280900000 22.38
1436280960000 22.39
1436281080000 22.4
1436281140000 22.5
1436281320000 22.43
1436281440000 22.43
1436281560000 22.43
