1404705600000 2.47
1404792000000 2.46
1404878400000 2.54
1404964800000 2.44
1405310400000 2.45
1405396800000 2.5
1405483200000 2.58
1405569600000 2.71
1405656000000 2.78
1405915200000 2.78
1406001600000 2.9028
1406088000000 2.94
1406174400000 2.88
1406260800000 2.99
1406520000000 3.08
1406606400000 3.03
1406692800000 2.9
1406779200000 2.93
1406865600000 2.95
1407124800000 2.82
1407211200000 2.83
1407297600000 2.86
1407384000000 3.01
1407470400000 3.03
1407729600000 2.966
1407816000000 3.0
1407902400000 3.01
1407988800000 3.05
1408075200000 3.01
1408334400000 3.03
1408420800000 3.05
1408507200000 3.06
1408593600000 3.1
1408680000000 3.09
1408939200000 3.19
1409025600000 3.15
1409112000000 3.09
1409198400000 3.08
1409284800000 3.02
1409630400000 5.52
1409716800000 5.53
1409803200000 5.55
1409889600000 5.595
1410148800000 5.56
1410235200000 5.55
1410321600000 5.54
1410408000000 5.56
1410494400000 5.54
1410753600000 5.54
1410840000000 5.54
1410926400000 5.55
1411012800000 5.54
1411099200000 5.55
1411358400000 5.54
1411444800000 5.54
1411531200000 5.55
1411617600000 5.53
1411704000000 5.55
1411963200000 5.55
1412049600000 5.55
1412136000000 5.55
1412222400000 5.55
1412308800000 5.56
1412568000000 5.56
1412654400000 5.58
1412740800000 5.57
1412827200000 5.58
1412913600000 5.5616
1413172800000 5.54
1413259200000 5.56
1413345600000 5.56
1413432000000 5.56
1413518400000 5.56
1413777600000 5.56
1413864000000 5.55
1413950400000 5.57
1414036800000 5.56
1414123200000 5.57
1414382400000 5.56
1414468800000 5.6
1414555200000 5.56
1414641600000 5.6
1414728000000 5.6
