1436262000000 20.89
1436262420000 20.68
1436263620000 20.74
1436263860000 20.865
1436264700000 20.84
1436264760000 20.815
1436264820000 20.83
1436264880000 20.83
1436265000000 20.89
1436265900000 20.88
1436265960000 20.83
1436266080000 20.81
1436266380000 20.83
1436266680000 20.8236
1436266740000 20.78
1436267040000 20.7375
1436267640000 20.74
1436267940000 20.75
1436268060000 20.77
1436268840000 20.7
1436268960000 20.72
1436269080000 20.65
1436269260000 20.72
1436269560000 20.73
1436269620000 20.79
1436269860000 20.78
1436269980000 20.76
1436270100000 20.82
1436270400000 20.81
1436270760000 20.81
1436270820000 20.81
1436271300000 20.86
1436271480000 20.87
1436271720000 20.81
1436272380000 20.85
1436272680000 20.85
1436273580000 20.81
1436273880000 20.86
1436274000000 20.86
1436274240000 20.97
1436274300000 20.87
1436274360000 20.86
1436274720000 20.87
1436274960000 20.84
1436275200000 20.88
1436275920000 20.86
1436277120000 20.81
1436277780000 20.83
1436278740000 20.8
1436278800000 20.8
1436279520000 20.83
1436279820000 20.7994
1436280180000 20.83
1436280420000 20.85
1436280780000 20.81
1436280960000 20.83
1436281080000 20.84
1436281380000 20.92
1436281500000 20.9
1436281620000 20.9425
