1436261400000 2.12
1436261520000 2.12
1436261700000 2.12
1436262000000 2.12
1436262180000 2.12
1436262240000 2.12
1436262300000 2.12
1436262780000 2.1291
1436263380000 2.12
1436264160000 2.1233
1436264700000 2.1285
1436264760000 2.12
1436264880000 2.12
1436264940000 2.1037
1436265060000 2.09
1436265120000 2.101
1436265360000 2.1
1436265600000 2.1
1436265840000 2.09
1436265900000 2.06
1436266860000 2.069
1436266920000 2.07
1436267040000 2.07
1436267280000 2.075
1436268900000 2.07
1436268960000 2.08
1436269020000 2.07
1436269620000 2.06
1436269980000 2.06
1436270520000 2.07
1436270580000 2.0601
1436271600000 2.06
1436271840000 2.07
1436272320000 2.0799
1436274840000 2.08
1436275620000 2.08
1436276340000 2.0701
1436277540000 2.07
1436279400000 2.0625
1436280180000 2.0789
