1436261400000 21.34
1436261520000 21.46
1436261580000 21.44
1436261640000 21.44
1436262180000 21.48
1436262660000 21.41
1436263500000 21.43
1436263560000 21.55
1436264460000 21.48
1436264520000 21.48
1436264580000 21.48
1436264700000 21.48
1436264940000 21.483
1436265240000 21.3701
1436265360000 21.44
1436265480000 21.46
1436265660000 21.32
1436266440000 21.27
1436266920000 21.3247
1436267460000 21.39
1436268960000 21.3101
1436269020000 21.31
1436269140000 21.31
1436270160000 21.35
1436270280000 21.35
1436271840000 21.47
1436272080000 21.39
1436272200000 21.3901
1436272920000 21.43
1436272980000 21.39
1436273580000 21.405
1436273640000 21.435
1436273700000 21.37
1436274120000 21.4399
1436274240000 21.44
1436275200000 21.45
1436275440000 21.47
1436276340000 21.435
1436276640000 21.44
1436276700000 21.446
1436280180000 21.45
1436280240000 21.46
1436280420000 21.4
1436280900000 21.45
1436280960000 21.46
1436281020000 21.46
1436281140000 21.53
1436281200000 21.6
1436281260000 21.6
1436281500000 21.63
