1436261400000 12.54
1436261520000 12.58
1436261580000 12.57
1436261640000 12.53
1436261700000 12.45
1436261760000 12.44
1436261820000 12.42
1436261880000 12.41
1436262000000 12.43
1436262120000 12.3905
1436262180000 12.48
1436262300000 12.46
1436262360000 12.42
1436262420000 12.49
1436262480000 12.52
1436262540000 12.5165
1436262600000 12.52
1436262660000 12.53
1436262720000 12.52
1436262840000 12.52
1436262900000 12.52
1436262960000 12.46
1436263020000 12.48
1436263080000 12.49
1436263140000 12.485
1436263200000 12.46
1436263260000 12.4758
1436263320000 12.461
1436263380000 12.485
1436263500000 12.465
1436263560000 12.465
1436263620000 12.465
1436263680000 12.45
1436263740000 12.46
1436263800000 12.44
1436263860000 12.45
1436263920000 12.48
1436264040000 12.44
1436264100000 12.41
1436264220000 12.405
1436264280000 12.42
1436264340000 12.435
1436264400000 12.435
1436264460000 12.42
1436264760000 12.39
1436264820000 12.38
1436264880000 12.385
1436264940000 12.38
1436265000000 12.38
1436265060000 12.372
1436265120000 12.4
1436265300000 12.38
1436265360000 12.37
1436265420000 12.36
1436265480000 12.36
1436265540000 12.35
1436265600000 12.35
1436265660000 12.35
1436265720000 12.35
1436265780000 12.36
1436265840000 12.39
1436265900000 12.43
1436265960000 12.38
1436266020000 12.394
1436266080000 12.42
1436266140000 12.39
1436266200000 12.42
1436266260000 12.39
1436266320000 12.375
1436266380000 12.39
1436266440000 12.39
1436266500000 12.37
1436266560000 12.38
1436266620000 12.38
1436266740000 12.35
1436266800000 12.35
1436266860000 12.35
1436266920000 12.34
1436266980000 12.37
1436267040000 12.34
1436267100000 12.33
1436267220000 12.33
1436267340000 12.37
1436267400000 12.36
1436267460000 12.39
1436267700000 12.4
1436267760000 12.42
1436267880000 12.41
1436268000000 12.41
1436268060000 12.39
1436268120000 12.38
1436268240000 12.37
1436268360000 12.35
1436268480000 12.33
1436268540000 12.32
1436268600000 12.3
1436268660000 12.32
1436268720000 12.33
1436268780000 12.31
1436268840000 12.31
1436268960000 12.35
1436269140000 12.38
1436269200000 12.4
1436269380000 12.43
1436269440000 12.45
1436269500000 12.46
1436269680000 12.47
1436269800000 12.48
1436269860000 12.5
1436269920000 12.48
1436270040000 12.48
1436270100000 12.49
1436270160000 12.53
1436270280000 12.56
1436270340000 12.56
1436270400000 12.54
1436270460000 12.53
1436270520000 12.529
1436270640000 12.56
1436270700000 12.58
1436270760000 12.5785
1436270820000 12.55
1436270880000 12.549
1436271000000 12.53
1436271060000 12.5
1436271120000 12.47
1436271180000 12.47
1436271300000 12.46
1436271360000 12.45
1436271420000 12.45
1436271540000 12.43
1436271660000 12.44
1436271780000 12.46
1436271960000 12.46
1436272020000 12.4744
1436272200000 12.48
1436272260000 12.5
1436272320000 12.52
1436272500000 12.52
1436272560000 12.53
1436272620000 12.55
1436272680000 12.57
1436272860000 12.5801
1436272980000 12.58
1436273040000 12.6
1436273100000 12.6
1436273220000 12.62
1436273280000 12.62
1436273340000 12.63
1436273460000 12.6201
1436273640000 12.64
1436273700000 12.64
1436273880000 12.67
1436274120000 12.69
1436274240000 12.66
1436274360000 12.62
1436274540000 12.5775
1436274660000 12.59
1436274720000 12.609
1436274900000 12.67
1436274960000 12.6
1436275020000 12.58
1436275080000 12.59
1436275200000 12.6
1436275440000 12.57
1436275500000 12.571
1436275560000 12.57
1436275620000 12.57
1436275740000 12.61
1436275800000 12.61
1436275860000 12.59
1436275920000 12.6
1436276040000 12.59
1436276100000 12.59
1436276220000 12.5999
1436276460000 12.56
1436276520000 12.58
1436276640000 12.59
1436276700000 12.58
1436276760000 12.56
1436276820000 12.56
1436276880000 12.55
1436276940000 12.531
1436277000000 12.54
1436277060000 12.55
1436277120000 12.55
1436277300000 12.5301
1436277360000 12.51
1436277660000 12.49
1436277720000 12.49
1436277780000 12.4722
1436277840000 12.47
1436277900000 12.46
1436278020000 12.44
1436278080000 12.44
1436278140000 12.45
1436278200000 12.46
1436278260000 12.46
1436278560000 12.44
1436278680000 12.43
1436278740000 12.43
1436278860000 12.39
1436278920000 12.36
1436278980000 12.35
1436279040000 12.36
1436279100000 12.37
1436279160000 12.37
1436279280000 12.36
1436279340000 12.36
1436279520000 12.36
1436279640000 12.38
1436279820000 12.37
1436279880000 12.38
1436280000000 12.41
1436280060000 12.43
1436280120000 12.46
1436280180000 12.45
1436280300000 12.48
1436280360000 12.488
1436280420000 12.5
1436280480000 12.51
1436280660000 12.5
1436280720000 12.51
1436280780000 12.51
1436280960000 12.51
1436281020000 12.53
1436281080000 12.55
1436281140000 12.61
1436281260000 12.6
1436281380000 12.6
1436281440000 12.62
1436281500000 12.64
1436281560000 12.64
