1436261400000 56.04
1436261460000 54.2401
1436261520000 54.2
1436261580000 54.55
1436261640000 53.81
1436261700000 53.82
1436261760000 53.92
1436261820000 53.46
1436261880000 53.845
1436261940000 54.0501
1436262000000 54.16
1436262060000 54.52
1436262120000 54.84
1436262180000 54.84
1436262240000 54.575
1436262300000 54.63
1436262360000 54.56
1436262420000 54.3271
1436262480000 53.97
1436262540000 53.64
1436262600000 53.47
1436262660000 53.355
1436262720000 53.01
1436262780000 53.45
1436262840000 53.47
1436262900000 53.47
1436262960000 53.48
1436263020000 53.88
1436263080000 53.7
1436263140000 53.41
1436263200000 53.43
1436263260000 53.26
1436263320000 53.1
1436263380000 53.11
1436263440000 52.95
1436263500000 52.81
1436263560000 52.77
1436263620000 52.619
1436263680000 52.5499
1436263740000 52.4127
1436263800000 52.31
1436263860000 52.74
1436263920000 52.76
1436263980000 52.7323
1436264040000 52.88
1436264100000 52.88
1436264160000 52.46
1436264220000 52.6
1436264280000 52.59
1436264340000 52.43
1436264400000 52.4
1436264460000 52.3424
1436264520000 52.215
1436264580000 52.1147
1436264640000 52.14
1436264700000 52.15
1436264760000 52.16
1436264820000 52.22
1436264880000 52.16
1436264940000 52.23
1436265000000 52.24
1436265060000 52.3212
1436265120000 52.2352
1436265180000 52.2499
1436265240000 52.45
1436265300000 52.525
1436265360000 52.41
1436265420000 52.45
1436265480000 52.49
1436265540000 52.5
1436265600000 52.42
1436265660000 52.44
1436265720000 52.42
1436265780000 52.39
1436265840000 52.6
1436265900000 52.9402
1436265960000 52.895
1436266020000 53.0701
1436266080000 53.2299
1436266140000 53.31
1436266200000 53.603
1436266260000 53.555
1436266320000 53.57
1436266380000 53.38
1436266440000 53.58
1436266500000 53.735
1436266560000 53.46
1436266620000 53.5
1436266680000 53.1
1436266740000 53.23
1436266800000 53.38
1436266860000 53.47
1436266920000 53.46
1436266980000 53.4
1436267040000 53.49
1436267100000 53.65
1436267160000 53.75
1436267220000 53.71
1436267280000 53.81
1436267340000 53.94
1436267400000 53.88
1436267460000 53.815
1436267520000 53.8484
1436267580000 53.897
1436267640000 53.88
1436267700000 53.78
1436267760000 53.79
1436267820000 53.96
1436267880000 54.08
1436267940000 53.96
1436268000000 54.21
1436268060000 54.39
1436268120000 54.32
1436268180000 54.17
1436268240000 54.119
1436268300000 53.87
1436268360000 53.85
1436268420000 53.7
1436268480000 53.5
1436268540000 53.47
1436268600000 53.4999
1436268660000 53.5
1436268720000 53.56
1436268780000 53.6057
1436268840000 53.57
1436268900000 53.58
1436268960000 53.59
1436269020000 53.59
1436269080000 53.6
1436269140000 53.36
1436269200000 53.49
1436269260000 53.46
1436269320000 53.5
1436269380000 53.44
1436269440000 53.55
1436269500000 53.87
1436269560000 53.94
1436269620000 54.0001
1436269680000 53.94
1436269740000 53.94
1436269800000 53.8
1436269860000 53.72
1436269920000 53.82
1436269980000 53.99
1436270040000 54.287
1436270100000 54.2116
1436270160000 53.9911
1436270220000 54.0
1436270280000 54.07
1436270340000 53.85
1436270400000 53.85
1436270460000 53.7001
1436270520000 53.5
1436270580000 53.49
1436270640000 53.5
1436270700000 53.99
1436270760000 53.94
1436270820000 53.82
1436270880000 53.9
1436270940000 54.26
1436271000000 54.2101
1436271060000 54.1798
1436271120000 54.04
1436271180000 53.8299
1436271240000 53.77
1436271300000 53.6905
1436271360000 53.72
1436271420000 53.8
1436271480000 53.84
1436271540000 53.9
1436271600000 54.035
1436271660000 53.98
1436271720000 54.04
1436271780000 54.01
1436271840000 54.03
1436271900000 54.04
1436271960000 54.06
1436272020000 54.41
1436272080000 54.4001
1436272140000 54.286
1436272200000 54.38
1436272260000 54.68
1436272320000 54.53
1436272380000 54.63
1436272440000 54.64
1436272500000 54.68
1436272560000 54.57
1436272620000 54.61
1436272680000 54.635
1436272740000 54.9
1436272800000 55.35
1436272860000 55.33
1436272920000 55.08
1436272980000 54.9999
1436273040000 55.03
1436273100000 55.01
1436273160000 55.05
1436273220000 54.9459
1436273280000 54.9
1436273340000 54.91
1436273400000 54.93
1436273460000 54.85
1436273520000 54.86
1436273580000 54.865
1436273640000 54.9
1436273700000 55.011
1436273760000 55.11
1436273820000 55.01
1436273880000 55.05
1436273940000 55.0853
1436274000000 54.8051
1436274060000 54.88
1436274120000 54.98
1436274180000 54.9
1436274240000 54.85
1436274300000 54.84
1436274360000 54.9
1436274420000 54.82
1436274480000 54.7518
1436274540000 54.8001
1436274600000 54.905
1436274660000 55.04
1436274720000 55.04
1436274780000 55.06
1436274840000 55.04
1436274900000 55.03
1436274960000 55.1
1436275020000 55.0001
1436275080000 55.04
1436275140000 55.0377
1436275200000 55.15
1436275260000 55.03
1436275320000 54.96
1436275380000 54.975
1436275440000 55.02
1436275500000 55.1
1436275560000 55.1
1436275620000 55.345
1436275680000 55.22
1436275740000 55.22
1436275800000 55.34
1436275860000 55.3401
1436275920000 55.5732
1436275980000 55.5
1436276040000 55.54
1436276100000 55.49
1436276160000 55.42
1436276220000 55.3
1436276280000 55.37
1436276340000 55.47
1436276400000 55.44
1436276460000 55.455
1436276520000 55.67
1436276580000 55.7399
1436276640000 55.7062
1436276700000 55.72
1436276760000 55.693
1436276820000 55.738
1436276880000 55.74
1436276940000 55.7
1436277000000 55.68
1436277060000 55.75
1436277120000 55.738
1436277180000 55.8
1436277240000 55.8
1436277300000 55.71
1436277360000 55.67
1436277420000 55.69
1436277480000 55.5235
1436277540000 55.48
1436277600000 55.405
1436277660000 55.42
1436277720000 55.47
1436277780000 55.48
1436277840000 55.45
1436277900000 55.47
1436277960000 55.48
1436278020000 55.465
1436278080000 55.49
1436278140000 55.4151
1436278200000 55.42
1436278260000 55.42
1436278320000 55.31
1436278380000 55.24
1436278440000 55.26
1436278500000 55.21
1436278560000 55.24
1436278620000 55.27
1436278680000 55.2
1436278740000 55.22
1436278800000 54.8901
1436278860000 54.9449
1436278920000 55.0
1436278980000 55.0
1436279040000 54.99
1436279100000 55.02
1436279160000 55.01
1436279220000 55.01
1436279280000 54.965
1436279340000 54.88
1436279400000 54.83
1436279460000 54.8158
1436279520000 54.82
1436279580000 54.92
1436279640000 54.825
1436279700000 54.76
1436279760000 54.77
1436279820000 54.7401
1436279880000 54.75
1436279940000 54.73
1436280000000 54.7
1436280060000 54.77
1436280120000 54.8
1436280180000 54.89
1436280240000 55.0601
1436280300000 55.0501
1436280360000 55.12
1436280420000 55.2499
1436280480000 55.39
1436280540000 55.3
1436280600000 55.36
1436280660000 55.4
1436280720000 55.33
1436280780000 55.3483
1436280840000 55.36
1436280900000 55.44
1436280960000 55.44
1436281020000 55.31
1436281080000 55.35
1436281140000 55.42
1436281200000 55.56
1436281260000 55.538
1436281320000 55.47
1436281380000 55.3208
1436281440000 55.1365
1436281500000 55.23
1436281560000 55.19
