1436261400000 112.2
1436261580000 111.62
1436261640000 112.11
1436261700000 111.52
1436262360000 111.355
1436262540000 111.3
1436262600000 111.33
1436262780000 111.32
1436262840000 111.26
1436262900000 111.27
1436263020000 111.13
1436263080000 110.68
1436263200000 110.43
1436263260000 110.3651
1436263320000 110.57
1436263380000 110.58
1436263440000 110.59
1436263500000 110.47
1436263560000 110.4
1436263620000 110.194
1436263680000 109.99
1436263800000 110.22
1436263860000 110.53
1436263920000 110.67
1436264100000 110.41
1436264160000 110.51
1436264220000 110.6234
1436264280000 110.45
1436264460000 110.32
1436264520000 110.55
1436264580000 110.64
1436264700000 110.61
1436264760000 110.72
1436264820000 110.45
1436264880000 110.33
1436264940000 110.5
1436265000000 110.46
1436265120000 110.33
1436265240000 110.32
1436265300000 110.31
1436265360000 110.3
1436265420000 110.21
1436265480000 110.16
1436265540000 110.13
1436265600000 110.15
1436265660000 110.08
1436265720000 109.87
1436265840000 109.72
1436265960000 109.72
1436266020000 109.98
1436266080000 109.975
1436266140000 109.99
1436266200000 109.99
1436266260000 110.0
1436266320000 109.97
1436266380000 110.01
1436266440000 110.17
1436266500000 110.22
1436266740000 110.16
1436266800000 110.02
1436266980000 109.77
1436267040000 109.7766
1436267100000 109.61
1436267220000 109.58
1436267280000 109.58
1436267340000 109.57
1436267400000 109.75
1436267460000 109.98
1436267520000 110.17
1436267580000 110.25
1436267640000 110.095
1436267700000 110.14
1436267820000 110.24
1436267880000 110.18
1436267940000 110.27
1436268000000 110.21
1436268060000 110.15
1436268120000 110.14
1436268180000 110.2
1436268300000 110.12
1436268360000 110.31
1436268480000 110.15
1436268540000 110.14
1436268600000 110.01
1436268660000 109.66
1436268720000 109.61
1436268780000 109.79
1436268840000 109.75
1436268900000 109.7
1436268960000 109.43
1436269080000 109.4
1436269140000 109.71
1436269200000 109.92
1436269320000 110.14
1436269440000 110.18
1436269500000 110.375
1436269560000 110.456
1436269620000 110.27
1436269680000 110.331
1436269740000 110.25
1436269800000 110.28
1436269920000 110.255
1436269980000 110.25
1436270100000 110.25
1436270160000 110.27
1436270220000 110.7
1436270340000 110.76
1436270400000 110.7
1436270460000 110.62
1436270520000 110.59
1436270580000 110.62
1436270640000 110.59
1436270700000 110.72
1436270760000 110.65
1436270940000 110.66
1436271060000 110.64
1436271180000 110.57
1436271240000 110.48
1436271300000 110.63
1436271480000 110.74
1436271540000 110.66
1436271600000 110.76
1436271660000 110.81
1436271720000 110.85
1436271780000 110.76
1436271840000 110.56
1436271900000 110.7
1436272080000 110.6
1436272140000 110.55
1436272320000 110.71
1436272380000 110.755
1436272440000 110.78
1436272500000 110.83
1436272560000 110.85
1436272620000 110.9
1436272680000 111.01
1436272800000 111.145
1436272920000 111.12
1436272980000 111.28
1436273100000 111.41
1436273160000 111.38
1436273220000 111.45
1436273280000 111.51
1436273340000 111.54
1436273400000 111.538
1436273460000 111.44
1436273520000 111.43
1436273640000 111.3
1436273760000 111.44
1436273880000 111.52
1436273940000 111.65
1436274000000 111.5517
1436274060000 111.54
1436274120000 111.44
1436274180000 111.28
1436274300000 111.25
1436274360000 111.19
1436274480000 111.11
1436274660000 111.42
1436274720000 111.6
1436274840000 111.7
1436274900000 111.73
1436274960000 111.63
1436275020000 111.44
1436275200000 111.49
1436275320000 111.44
1436275380000 111.44
1436275440000 111.465
1436275500000 111.53
1436275620000 111.5
1436275680000 111.67
1436275740000 111.785
1436275800000 111.79
1436275860000 111.77
1436275920000 111.65
1436275980000 111.63
1436276040000 111.62
1436276100000 111.5
1436276160000 111.43
1436276220000 111.25
1436276340000 111.2
1436276580000 111.1701
1436276640000 111.31
1436276760000 111.56
1436276820000 111.645
1436276880000 111.6
1436276940000 111.47
1436277060000 111.3099
1436277300000 111.12
1436277540000 111.175
1436277600000 111.23
1436277660000 111.25
1436277720000 111.205
1436277780000 111.1
1436277960000 110.99
1436278140000 111.01
1436278260000 111.045
1436278380000 111.11
1436278440000 110.98
1436278500000 110.93
1436278560000 110.9
1436278680000 110.85
1436278740000 110.74
1436278800000 110.74
1436278860000 110.71
1436278980000 110.68
1436279040000 110.67
1436279160000 110.725
1436279340000 110.83
1436279520000 110.97
1436279580000 111.2
1436279700000 111.25
1436279820000 111.15
1436279880000 111.27
1436279940000 111.39
1436280000000 111.38
1436280060000 111.59
1436280120000 111.8
1436280180000 111.77
1436280360000 111.8
1436280420000 111.81
1436280480000 111.98
1436280540000 112.0
1436280600000 111.94
1436280660000 111.92
1436280720000 111.95
1436280780000 111.98
1436280900000 112.01
1436280960000 111.99
1436281080000 112.13
1436281140000 112.38
1436281200000 112.37
1436281260000 112.29
1436281320000 112.3
1436281380000 112.29
1436281500000 112.32
1436281560000 112.28
1436281620000 112.11
