1436261400000 12.98
1436261460000 12.98
1436261520000 12.98
1436261580000 12.95
1436261640000 12.89
1436261700000 12.8091
1436261760000 12.83
1436261820000 12.86
1436261880000 12.93
1436261940000 12.95
1436262000000 12.96
1436262120000 13.0
1436262180000 12.97
1436262300000 12.9601
1436262360000 12.96
1436262420000 12.92
1436262480000 12.92
1436262540000 12.93
1436262600000 12.92
1436262660000 12.92
1436262720000 12.92
1436262780000 12.92
1436262840000 12.98
1436262900000 12.99
1436262960000 12.89
1436263020000 12.92
1436263200000 12.9401
1436263500000 12.94
1436263560000 12.93
1436263620000 12.94
1436263680000 12.93
1436263740000 12.93
1436263800000 12.93
1436263860000 12.94
1436263920000 12.97
1436263980000 12.94
1436264100000 12.9
1436264160000 12.89
1436264220000 12.9
1436264280000 12.91
1436264340000 12.9066
1436264400000 12.88
1436264460000 12.86
1436264520000 12.88
1436264580000 12.89
1436264640000 12.85
1436264700000 12.89
1436264760000 12.89
1436264820000 12.88
1436264880000 12.86
1436264940000 12.84
1436265000000 12.8301
1436265060000 12.79
1436265120000 12.78
1436265180000 12.71
1436265240000 12.7
1436265300000 12.7
1436265360000 12.71
1436265420000 12.64
1436265480000 12.56
1436265540000 12.6
1436265600000 12.61
1436265660000 12.65
1436265720000 12.58
1436265780000 12.62
1436265840000 12.69
1436265900000 12.69
1436265960000 12.75
1436266020000 12.78
1436266080000 12.83
1436266140000 12.85
1436266200000 12.85
1436266260000 12.86
1436266320000 12.97
1436266380000 12.93
1436266440000 12.9348
1436266500000 12.94
1436266560000 12.94
1436266620000 13.0
1436266680000 12.96
1436266740000 12.84
1436266800000 12.9
1436266860000 12.98
1436266920000 12.8266
1436266980000 12.9
1436267040000 12.86
1436267100000 12.86
1436267220000 12.85
1436267280000 12.9
1436267340000 12.89
1436267400000 12.95
1436267580000 12.9
1436267640000 12.88
1436267700000 12.81
1436267760000 12.95
1436267820000 12.9235
1436267940000 12.94
1436268000000 12.86
1436268060000 12.89
1436268120000 12.88
1436268180000 12.93
1436268240000 12.92
1436268300000 12.936
1436268360000 12.89
1436268420000 12.88
1436268480000 12.93
1436268660000 12.9
1436268720000 12.9
1436268780000 12.91
1436268840000 12.92
1436268900000 12.9
1436268960000 12.92
1436269020000 12.92
1436269080000 12.92
1436269140000 12.93
1436269200000 12.93
1436269260000 12.93
1436269320000 12.94
1436269380000 12.98
1436269500000 12.97
1436269560000 12.97
1436269620000 12.95
1436269680000 12.9
1436269740000 12.99
1436269920000 12.95
1436269980000 12.97
1436270040000 12.96
1436270100000 12.96
1436270160000 12.97
1436270340000 13.02
1436270400000 13.0
1436270460000 12.97
1436270520000 12.95
1436270580000 12.99
1436270640000 12.98
1436270700000 12.98
1436270760000 12.98
1436270940000 13.0
1436271060000 13.01
1436271180000 12.97
1436271240000 12.93
1436271300000 12.93
1436271360000 12.98
1436271420000 13.0
1436271480000 13.02
1436271540000 13.0
1436271600000 12.98
1436271660000 13.02
1436271720000 12.96
1436271780000 13.0
1436271840000 13.0
1436271900000 13.03
1436271960000 13.0
1436272020000 13.01
1436272080000 13.01
1436272140000 13.01
1436272200000 12.98
1436272260000 12.99
1436272320000 12.97
1436272380000 12.95
1436272440000 12.98
1436272500000 13.01
1436272560000 12.99
1436272620000 12.99
1436272680000 12.98
1436272740000 13.0
1436272800000 13.0
1436272860000 13.0
1436272920000 13.02
1436273040000 13.07
1436273100000 13.08
1436273220000 13.09
1436273340000 13.11
1436273400000 13.1
1436273460000 13.15
1436273520000 13.15
1436273580000 13.18
1436273640000 13.17
1436273700000 13.15
1436273760000 13.22
1436273820000 13.18
1436273880000 13.32
1436273940000 13.22
1436274000000 13.24
1436274060000 13.28
1436274120000 13.29
1436274180000 13.29
1436274240000 13.34
1436274300000 13.33
1436274360000 13.37
1436274420000 13.3
1436274480000 13.3
1436274600000 13.27
1436274660000 13.3
1436274720000 13.32
1436274780000 13.37
1436274840000 13.36
1436274900000 13.33
1436274960000 13.3501
1436275020000 13.36
1436275080000 13.35
1436275140000 13.37
1436275200000 13.35
1436275260000 13.31
1436275320000 13.36
1436275380000 13.35
1436275500000 13.38
1436275560000 13.4538
1436275740000 13.4
1436275860000 13.38
1436275920000 13.35
1436276160000 13.35
1436276220000 13.33
1436276280000 13.35
1436276340000 13.35
1436276400000 13.35
1436276460000 13.3484
1436276820000 13.362
1436277180000 13.38
1436277240000 13.35
1436277300000 13.37
1436277480000 13.33
1436277600000 13.33
1436277660000 13.32
1436277780000 13.31
1436277840000 13.32
1436278140000 13.31
1436278200000 13.32
1436278260000 13.32
1436278920000 13.27
1436279100000 13.31
1436279220000 13.3
1436279280000 13.27
1436279400000 13.25
1436279580000 13.28
1436279640000 13.265
1436279700000 13.2601
1436279880000 13.27
1436280000000 13.35
1436280120000 13.33
1436280180000 13.35
1436280360000 13.36
1436280420000 13.355
1436280780000 13.32
1436280900000 13.33
1436280960000 13.32
1436281020000 13.3
1436281080000 13.33
1436281200000 13.355
1436281260000 13.35
1436281380000 13.35
1436281440000 13.35
1436281500000 13.34
