1436261400000 2.21
1436261700000 2.23
1436262000000 2.16
1436262420000 2.14
1436262540000 2.1699
1436262720000 2.1699
1436262780000 2.141
1436263380000 2.14
1436263440000 2.15
1436263740000 2.15
1436263920000 2.111
1436264100000 2.14
1436264280000 2.1207
1436264340000 2.1207
1436265000000 2.12
1436265060000 2.12
1436265300000 2.12
1436265540000 2.11
1436265900000 2.07
1436266080000 2.0501
1436266620000 2.11
1436266740000 2.1199
1436267940000 2.1136
1436268480000 2.11
1436268540000 2.1
1436269980000 2.1
1436270100000 2.095
1436270760000 2.1099
1436271420000 2.0901
1436271720000 2.1099
1436272200000 2.091
1436272440000 2.09
1436272620000 2.09
1436272800000 2.09
1436272860000 2.11
1436273520000 2.1
1436273700000 2.1
1436274300000 2.11
1436274420000 2.11
1436275260000 2.11
1436275860000 2.11
1436276160000 2.1
1436276400000 2.09
1436276460000 2.0801
1436276640000 2.081
1436276760000 2.07
1436277240000 2.0701
1436277300000 2.069
1436277720000 2.0699
1436278380000 2.05
1436278920000 2.05
1436278980000 2.0433
1436279220000 2.0492
1436279760000 2.04
1436279880000 2.07
1436279940000 2.055
1436280180000 2.0645
1436280360000 2.05
1436280600000 2.0499
1436280840000 2.0499
1436280960000 2.05
1436281020000 2.05
1436281080000 2.05
1436281200000 2.07
1436281320000 2.09
1436281380000 2.085
1436281560000 2.0899
