1404705600000 3.6
1404792000000 3.5
1404964800000 3.52
1405051200000 3.52
1405310400000 3.55
1405569600000 3.2
1405656000000 3.5715
1405915200000 3.38
1406001600000 3.4
1406088000000 3.4
1406174400000 3.54
1406692800000 3.3
1406865600000 3.12
1407124800000 3.0
1407211200000 3.08
1407297600000 3.0399
1407384000000 2.85
1407470400000 2.835
1407729600000 2.95
1407902400000 2.91
1408334400000 3.08
1408507200000 3.0
1408593600000 3.11
1408939200000 3.25
1409025600000 3.5
1410148800000 2.96
1410753600000 3.25
1411012800000 3.57
1411099200000 3.73
1411704000000 3.49
1412308800000 3.26
1412827200000 2.8
1413172800000 2.8
1413259200000 2.65
1413345600000 2.5
1413864000000 2.55
1415682000000 3.21
1415941200000 3.84
1416978000000 3.75
1417150800000 3.05
1417410000000 2.89
1418101200000 3.1
1418360400000 2.79
1418706000000 3.48
1418792400000 2.8
1418878800000 2.8
1419310800000 3.2
1420174800000 3.2
1420434000000 2.4225
1420520400000 2.57
1420693200000 2.62
1420779600000 2.62
1421038800000 2.42
1421125200000 2.13
1421211600000 2.3
1421298000000 2.04
1421730000000 2.04
1421902800000 2.04
1422507600000 1.85
1422594000000 1.76
1423112400000 1.8
1423198800000 1.76
1423458000000 2.392
1423544400000 2.41
1423717200000 2.45
1423803600000 2.45
1424408400000 2.45
1424840400000 2.34
1426132800000 2.308
1426219200000 2.26
1426564800000 2.26
1426651200000 2.15
1426737600000 2.15
1427688000000 2.2
1427860800000 2.3
1428292800000 2.37
1428379200000 2.16
1428465600000 2.2
1429070400000 2.3
1429156800000 2.38
1430193600000 2.45
1430280000000 2.5
1430366400000 2.4
1430798400000 2.5
1430884800000 2.53
1430971200000 2.57
1431057600000 2.5
1431489600000 2.42
1432094400000 2.3
1433131200000 2.36
1433217600000 2.9
1433304000000 2.9
1433476800000 2.9
1433736000000 2.46
1433822400000 3.18
1433908800000 3.49
1433995200000 3.35
1434081600000 3.4538
1434340800000 3.333
1434427200000 3.47
1434513600000 3.42
1434600000000 3.6
1435204800000 3.5
