1436261400000 11.56
1436261460000 11.5292
1436261520000 11.45
1436261580000 11.47
1436261640000 11.48
1436261700000 11.45
1436261760000 11.47
1436261820000 11.47
1436261880000 11.41
1436261940000 11.415
1436262000000 11.431
1436262060000 11.46
1436262120000 11.3801
1436262180000 11.44
1436262240000 11.44
1436262300000 11.51
1436262360000 11.52
1436262420000 11.46
1436262480000 11.53
1436262540000 11.608
1436262600000 11.56
1436262660000 11.57
1436262720000 11.56
1436262780000 11.62
1436262840000 11.67
1436262900000 11.6366
1436262960000 11.64
1436263020000 11.61
1436263080000 11.54
1436263140000 11.47
1436263200000 11.5
1436263260000 11.46
1436263320000 11.48
1436263380000 11.49
1436263440000 11.4946
1436263500000 11.55
1436263560000 11.5
1436263620000 11.53
1436263680000 11.49
1436263740000 11.46
1436263800000 11.47
1436263860000 11.5
1436263920000 11.47
1436263980000 11.4401
1436264040000 11.46
1436264100000 11.42
1436264160000 11.395
1436264220000 11.34
1436264280000 11.342
1436264340000 11.38
1436264400000 11.33
1436264460000 11.31
1436264520000 11.3301
1436264580000 11.37
1436264640000 11.3962
1436264700000 11.4
1436264760000 11.38
1436264820000 11.38
1436264880000 11.34
1436264940000 11.36
1436265000000 11.37
1436265060000 11.34
1436265120000 11.31
1436265180000 11.2954
1436265240000 11.28
1436265300000 11.28
1436265360000 11.2741
1436265420000 11.2028
1436265480000 11.19
1436265540000 11.2
1436265600000 11.16
1436265660000 11.16
1436265720000 11.14
1436265780000 11.18
1436265840000 11.21
1436265900000 11.17
1436265960000 11.16
1436266020000 11.24
1436266080000 11.25
1436266140000 11.29
1436266200000 11.28
1436266260000 11.25
1436266320000 11.29
1436266380000 11.274
1436266440000 11.32
1436266500000 11.375
1436266560000 11.31
1436266620000 11.325
1436266680000 11.3
1436266740000 11.28
1436266800000 11.25
1436266860000 11.221
1436266920000 11.24
1436266980000 11.24
1436267040000 11.26
1436267160000 11.2004
1436267220000 11.212
1436267280000 11.2209
1436267340000 11.27
1436267400000 11.26
1436267460000 11.27
1436267520000 11.29
1436267580000 11.31
1436267640000 11.29
1436267700000 11.31
1436267760000 11.3
1436267820000 11.32
1436267880000 11.315
1436267940000 11.3
1436268000000 11.32
1436268060000 11.3125
1436268120000 11.27
1436268180000 11.27
1436268240000 11.27
1436268300000 11.28
1436268360000 11.25
1436268420000 11.2659
1436268480000 11.295
1436268540000 11.26
1436268600000 11.24
1436268660000 11.23
1436268720000 11.21
1436268780000 11.1801
1436268840000 11.165
1436268900000 11.135
1436268960000 11.123
1436269020000 11.14
1436269080000 11.15
1436269140000 11.19
1436269200000 11.22
1436269260000 11.23
1436269320000 11.24
1436269380000 11.26
1436269440000 11.27
1436269500000 11.23
1436269560000 11.2
1436269620000 11.19
1436269680000 11.19
1436269740000 11.19
1436269800000 11.18
1436269860000 11.18
1436269920000 11.155
1436269980000 11.18
1436270040000 11.193
1436270100000 11.18
1436270160000 11.22
1436270220000 11.27
1436270280000 11.28
1436270340000 11.27
1436270400000 11.22
1436270460000 11.22
1436270520000 11.19
1436270580000 11.22
1436270640000 11.25
1436270700000 11.23
1436270760000 11.231
1436270820000 11.23
1436270880000 11.23
1436270940000 11.23
1436271000000 11.21
1436271060000 11.17
1436271120000 11.1668
1436271180000 11.18
1436271240000 11.17
1436271300000 11.18
1436271360000 11.18
1436271420000 11.18
1436271480000 11.19
1436271540000 11.2
1436271600000 11.1999
1436271660000 11.2
1436271720000 11.2
1436271780000 11.2
1436271840000 11.1999
1436271900000 11.19
1436271960000 11.2
1436272020000 11.19
1436272080000 11.2
1436272140000 11.21
1436272200000 11.19
1436272260000 11.2
1436272320000 11.2302
1436272380000 11.24
1436272440000 11.27
1436272500000 11.29
1436272560000 11.24
1436272620000 11.28
1436272680000 11.28
1436272740000 11.3
1436272800000 11.318
1436272860000 11.31
1436272920000 11.31
1436272980000 11.3061
1436273040000 11.31
1436273100000 11.34
1436273160000 11.325
1436273220000 11.315
1436273280000 11.31
1436273340000 11.3064
1436273400000 11.309
1436273460000 11.299
1436273520000 11.3
1436273580000 11.305
1436273640000 11.3
1436273700000 11.3
1436273760000 11.29
1436273820000 11.3
1436273880000 11.3
1436273940000 11.29
1436274000000 11.3
1436274060000 11.305
1436274120000 11.31
1436274180000 11.27
1436274240000 11.3
1436274300000 11.31
1436274360000 11.299
1436274420000 11.25
1436274480000 11.27
1436274540000 11.35
1436274600000 11.37
1436274660000 11.389
1436274720000 11.4101
1436274780000 11.41
1436274840000 11.4
1436274900000 11.43
1436274960000 11.41
1436275020000 11.371
1436275080000 11.37
1436275140000 11.39
1436275200000 11.41
1436275260000 11.4
1436275320000 11.3896
1436275380000 11.42
1436275440000 11.43
1436275500000 11.42
1436275560000 11.4
1436275620000 11.4
1436275680000 11.4
1436275740000 11.38
1436275800000 11.41
1436275860000 11.43
1436275920000 11.4099
1436275980000 11.4399
1436276040000 11.43
1436276100000 11.43
1436276160000 11.46
1436276220000 11.47
1436276280000 11.47
1436276340000 11.48
1436276400000 11.47
1436276460000 11.45
1436276520000 11.44
1436276580000 11.43
1436276640000 11.45
1436276700000 11.47
1436276760000 11.44
1436276820000 11.45
1436276880000 11.43
1436276940000 11.44
1436277000000 11.43
1436277060000 11.41
1436277120000 11.43
1436277180000 11.43
1436277240000 11.42
1436277300000 11.411
1436277360000 11.43
1436277420000 11.45
1436277480000 11.4355
1436277540000 11.41
1436277660000 11.43
1436277720000 11.39
1436277780000 11.351
1436277840000 11.39
1436277900000 11.39
1436277960000 11.365
1436278020000 11.38
1436278080000 11.38
1436278140000 11.39
1436278200000 11.4
1436278260000 11.36
1436278320000 11.345
1436278380000 11.34
1436278440000 11.34
1436278500000 11.31
1436278560000 11.28
1436278620000 11.28
1436278680000 11.27
1436278740000 11.26
1436278800000 11.24
1436278860000 11.235
1436278920000 11.22
1436278980000 11.21
1436279040000 11.24
1436279100000 11.25
1436279160000 11.26
1436279220000 11.26
1436279280000 11.26
1436279340000 11.26
1436279400000 11.265
1436279460000 11.26
1436279520000 11.27
1436279580000 11.29
1436279640000 11.3
1436279700000 11.27
1436279760000 11.3
1436279820000 11.3
1436279880000 11.3
1436279940000 11.31
1436280000000 11.32
1436280060000 11.3199
1436280120000 11.35
1436280180000 11.33
1436280240000 11.32
1436280300000 11.36
1436280360000 11.37
1436280420000 11.38
1436280480000 11.35
1436280540000 11.36
1436280600000 11.37
1436280660000 11.34
1436280720000 11.36
1436280780000 11.35
1436280840000 11.34
1436280900000 11.34
1436280960000 11.33
1436281020000 11.36
1436281080000 11.36
1436281140000 11.4
1436281200000 11.43
1436281260000 11.41
1436281320000 11.39
1436281380000 11.38
1436281440000 11.39
1436281500000 11.41
1436281560000 11.4
1436281620000 11.39
