1436261400000 46.03
1436261460000 45.69
1436261640000 45.5
1436262000000 45.3701
1436262060000 45.35
1436262120000 45.41
1436262180000 45.43
1436262300000 45.56
1436262360000 45.52
1436262420000 45.65
1436262780000 45.8128
1436263020000 45.63
1436263140000 45.5
1436263200000 45.5
1436263260000 45.5
1436263380000 45.5
1436263440000 45.55
1436263500000 45.5
1436263620000 45.37
1436263680000 45.3
1436263800000 45.64
1436263980000 45.75
1436264100000 45.62
1436264460000 45.41
1436264820000 45.32
1436265000000 45.31
1436265060000 45.29
1436265180000 45.3095
1436265420000 45.1201
1436265660000 45.0
1436265720000 44.93
1436265960000 44.99
1436266020000 44.93
1436266080000 44.96
1436266440000 45.29
1436266620000 45.23
1436266740000 45.1
1436266800000 45.1
1436266860000 45.0101
1436266980000 45.16
1436267040000 45.1
1436267100000 45.1
1436267520000 45.34
1436267580000 45.31
1436267640000 45.3
1436267940000 45.11
1436268000000 45.1
1436268060000 45.02
1436268120000 44.96
1436268180000 45.07
1436268300000 45.01
1436268420000 44.95
1436268480000 44.95
1436268540000 44.85
1436268600000 44.83
1436268660000 44.9101
1436268720000 44.89
1436269020000 44.95
1436269080000 44.95
1436269200000 45.14
1436269320000 45.25
1436269440000 45.28
1436269560000 45.231
1436269620000 45.13
1436269740000 45.12
1436269920000 45.1
1436269980000 45.1
1436270040000 45.1
1436270100000 45.22
1436270160000 45.5
1436270220000 45.49
1436270280000 45.47
1436270400000 45.44
1436270700000 45.4
1436271060000 45.22
1436271480000 45.21
1436271540000 45.21
1436271600000 45.21
1436271840000 45.24
1436272500000 45.49
1436272620000 45.41
1436272680000 45.5
1436272740000 45.5
1436273520000 45.63
1436273760000 45.75
1436273880000 45.86
1436274000000 45.91
1436274060000 45.86
1436274360000 45.63
1436274900000 45.99
1436274960000 45.9
1436275020000 45.86
1436275380000 45.78
1436275920000 45.82
1436276040000 45.82
1436276100000 45.78
1436276220000 45.78
1436276340000 45.8
1436276820000 45.99
1436276880000 46.03
1436277000000 45.95
1436277180000 45.82
1436278260000 45.92
1436278680000 45.9
1436278740000 45.82
1436278920000 45.71
1436279400000 45.82
1436279880000 45.95
1436280000000 46.04
1436280060000 46.07
1436280180000 46.45
1436280300000 46.51
1436281020000 46.56
1436281080000 46.59
1436281260000 46.65
1436281500000 46.65
