1436261400000 5.13
1436261700000 5.07
1436261760000 5.08
1436261820000 5.08
1436261880000 5.09
1436262060000 5.07
1436262300000 5.0766
1436262360000 5.08
1436262540000 5.05
1436262600000 5.05
1436262720000 5.07
1436262840000 5.09
1436263020000 5.07
1436263080000 5.08
1436263140000 5.08
1436263200000 5.05
1436263320000 5.04
1436263620000 5.05
1436263680000 5.05
1436263740000 5.0287
1436263920000 5.04
1436263980000 5.03
1436264160000 5.038
1436264220000 5.02
1436264280000 5.03
1436264520000 5.02
1436264580000 5.0154
1436264700000 5.01
1436264760000 5.01
1436264820000 5.0
1436264880000 5.0
1436265000000 5.0
1436265060000 5.01
1436265120000 5.01
1436265180000 5.01
1436265240000 5.0
1436265360000 5.0
1436265540000 5.0
1436265600000 5.01
1436265660000 5.0
1436265720000 5.0
1436265900000 5.0
1436265960000 5.01
1436266020000 5.0
1436266080000 5.0
1436266200000 5.0
1436266260000 5.01
1436266320000 5.01
1436266380000 5.01
1436266440000 5.0001
1436266500000 5.0
1436266680000 5.0001
1436266740000 5.0
1436266800000 4.99
1436266860000 4.9525
1436266920000 4.96
1436266980000 4.95
1436267280000 4.96
1436267520000 4.97
1436267580000 4.98
1436267640000 4.97
1436267760000 4.98
1436267820000 4.98
1436267880000 4.97
1436267940000 4.97
1436268000000 4.9759
1436268060000 4.97
1436268180000 4.97
1436268240000 4.97
1436268360000 4.97
1436268420000 4.97
1436268540000 4.97
1436268660000 4.97
1436268840000 4.97
1436268900000 4.97
1436268960000 4.97
1436269080000 4.97
1436269140000 4.97
1436269260000 4.97
1436269320000 4.96
1436269380000 4.965
1436269440000 4.97
1436269500000 4.97
1436269560000 4.98
1436269680000 4.97
1436269860000 4.97
1436269920000 4.97
1436269980000 4.97
1436270160000 4.97
1436270220000 4.98
1436270280000 4.99
1436270400000 4.99
1436270760000 5.0
1436270820000 5.01
1436271060000 5.0
1436271240000 5.01
1436271300000 5.0
1436271720000 5.01
1436272200000 5.0
1436272560000 5.01
1436272680000 5.01
1436272740000 5.02
1436272800000 5.02
1436273040000 5.02
1436273220000 5.02
1436273340000 5.03
1436273400000 5.03
1436273460000 5.03
1436273520000 5.03
1436273580000 5.03
1436273640000 5.03
1436273820000 5.04
1436273880000 5.04
1436274000000 5.04
1436274240000 5.04
1436274300000 5.03
1436274360000 5.03
1436274480000 5.03
1436274720000 5.03
1436274840000 5.04
1436274900000 5.05
1436274960000 5.05
1436275020000 5.04
1436275260000 5.04
1436275380000 5.0455
1436275440000 5.05
1436275500000 5.05
1436275620000 5.05
1436275800000 5.05
1436275860000 5.05
1436276040000 5.05
1436276100000 5.049
1436276160000 5.049
1436276220000 5.05
1436276280000 5.049
1436276340000 5.049
1436276400000 5.049
1436276640000 5.05
1436276880000 5.06
1436277000000 5.06
1436277060000 5.06
1436277120000 5.06
1436277180000 5.06
1436277360000 5.05
1436277480000 5.0401
1436277660000 5.05
1436277720000 5.05
1436277780000 5.0564
1436277900000 5.05
1436277960000 5.05
1436278020000 5.06
1436278260000 5.06
1436278440000 5.05
1436278560000 5.05
1436278620000 5.05
1436278680000 5.05
1436278740000 5.05
1436278800000 5.05
1436278860000 5.05
1436278920000 5.06
1436279040000 5.06
1436279220000 5.051
1436279520000 5.06
1436279580000 5.05
1436279700000 5.05
1436279820000 5.05
1436279880000 5.0568
1436280000000 5.06
1436280060000 5.07
1436280120000 5.08
1436280180000 5.08
1436280360000 5.09
1436280420000 5.09
1436280480000 5.09
1436280720000 5.09
1436280960000 5.09
1436281020000 5.09
1436281080000 5.09
1436281140000 5.09
1436281200000 5.1
1436281260000 5.1
1436281320000 5.1
1436281440000 5.1
1436281500000 5.1
1436281560000 5.09
