1436261400000 28.75
1436261460000 28.665
1436261580000 28.78
1436261880000 28.68
1436261940000 28.76
1436262000000 28.64
1436262060000 28.67
1436262120000 28.72
1436262180000 28.75
1436262240000 28.68
1436262300000 28.79
1436262360000 28.75
1436262540000 28.96
1436262960000 28.85
1436263020000 28.79
1436263080000 28.78
1436263200000 28.83
1436263260000 28.8
1436263320000 28.76
1436263380000 28.8
1436263500000 28.79
1436263560000 28.73
1436263620000 28.51
1436263740000 28.5
1436263920000 28.625
1436263980000 28.64
1436264040000 28.6
1436264100000 28.55
1436264220000 28.5
1436264280000 28.57
1436264400000 28.575
1436264460000 28.45
1436264520000 28.49
1436264580000 28.49
1436264640000 28.46
1436264760000 28.3869
1436264820000 28.38
1436264940000 28.45
1436265000000 28.47
1436265060000 28.455
1436265120000 28.45
1436265180000 28.4525
1436265240000 28.45
1436265300000 28.46
1436265360000 28.43
1436265420000 28.39
1436265480000 28.21
1436265540000 28.25
1436265600000 28.24
1436265660000 28.24
1436265720000 28.24
1436265780000 28.23
1436265840000 28.23
1436265900000 28.35
1436265960000 28.39
1436266020000 28.44
1436266080000 28.49
1436266140000 28.52
1436266200000 28.54
1436266260000 28.55
1436266320000 28.55
1436266380000 28.605
1436266440000 28.61
1436266500000 28.64
1436266560000 28.59
1436266620000 28.57
1436266680000 28.57
1436266740000 28.45
1436266800000 28.39
1436266860000 28.43
1436266920000 28.49
1436266980000 28.49
1436267100000 28.46
1436267160000 28.39
1436267220000 28.43
1436267280000 28.39
1436267400000 28.41
1436267460000 28.45
1436267580000 28.47
1436267640000 28.45
1436267700000 28.51
1436267880000 28.45
1436267940000 28.307
1436268060000 28.31
1436268180000 28.23
1436268240000 28.32
1436268360000 28.27
1436268420000 28.31
1436268480000 28.375
1436268540000 28.4
1436268600000 28.4
1436268660000 28.43
1436268720000 28.44
1436268780000 28.44
1436268840000 28.4
1436268900000 28.4
1436268960000 28.44
1436269020000 28.5
1436269080000 28.46
1436269140000 28.5
1436269200000 28.53
1436269260000 28.52
1436269320000 28.495
1436269380000 28.51
1436269440000 28.53
1436269500000 28.53
1436269560000 28.54
1436269620000 28.52
1436269680000 28.56
1436269740000 28.53
1436269800000 28.525
1436269860000 28.55
1436269980000 28.57
1436270040000 28.57
1436270100000 28.58
1436270160000 28.58
1436270220000 28.67
1436270280000 28.7
1436270340000 28.63
1436270460000 28.58
1436270520000 28.54
1436270580000 28.56
1436270700000 28.59
1436270880000 28.55
1436270940000 28.53
1436271000000 28.57
1436271060000 28.55
1436271120000 28.6
1436271180000 28.61
1436271240000 28.64
1436271300000 28.65
1436271360000 28.66
1436271420000 28.66
1436271480000 28.68
1436271540000 28.67
1436271600000 28.71
1436271660000 28.7
1436271720000 28.71
1436271780000 28.71
1436271840000 28.71
1436271960000 28.69
1436272200000 28.65
1436272260000 28.68
1436272320000 28.71
1436272380000 28.71
1436272440000 28.71
1436272560000 28.72
1436272680000 28.74
1436272740000 28.74
1436272800000 28.77
1436273040000 28.768
1436273100000 28.75
1436273160000 28.8
1436273220000 28.83
1436273280000 28.84
1436273340000 28.8201
1436273640000 28.87
1436273700000 28.89
1436273880000 28.87
1436273940000 28.9
1436274120000 28.85
1436274180000 28.8
1436274240000 28.82
1436274300000 28.85
1436274360000 28.8
1436274420000 28.7
1436274480000 28.71
1436274540000 28.7574
1436274660000 28.76
1436274720000 28.83
1436274840000 28.82
1436274960000 28.8
1436275080000 28.78
1436275200000 28.78
1436275380000 28.79
1436275440000 28.82
1436275500000 28.8
1436275680000 28.76
1436275860000 28.77
1436275920000 28.75
1436276040000 28.76
1436276280000 28.765
1436276340000 28.82
1436276400000 28.81
1436276520000 28.81
1436276640000 28.9
1436276700000 28.87
1436276760000 28.87
1436276820000 28.83
1436276880000 28.84
1436277060000 28.86
1436277240000 28.86
1436277420000 28.86
1436277480000 28.85
1436277540000 28.88
1436277600000 28.87
1436277720000 28.8443
1436277780000 28.91
1436277900000 28.87
1436277960000 28.9
1436278020000 28.91
1436278140000 28.88
1436278200000 28.87
1436278320000 28.85
1436278380000 28.85
1436278440000 28.83
1436278500000 28.79
1436278620000 28.75
1436278680000 28.72
1436278740000 28.71
1436278800000 28.71
1436278860000 28.75
1436278920000 28.71
1436278980000 28.724
1436279520000 28.75
1436279580000 28.81
1436279640000 28.83
1436279700000 28.77
1436280060000 28.84
1436280120000 28.83
1436280180000 28.86
1436280300000 28.91
1436280420000 28.9
1436280540000 28.9
1436280600000 28.8935
1436280780000 28.88
1436280840000 28.94
1436280900000 28.918
1436280960000 28.89
1436281020000 28.93
1436281080000 28.98
1436281140000 28.99
1436281200000 28.95
1436281320000 28.97
1436281380000 28.99
1436281440000 28.98
1436281500000 28.98
1436281560000 28.9
