1436261400000 1.88
1436261760000 1.8701
1436262300000 1.8277
1436263320000 1.8372
1436264400000 1.8401
1436265060000 1.8537
1436265540000 1.841
1436266200000 1.8421
1436267280000 1.86
1436267340000 1.84
1436268060000 1.84
1436269620000 1.8401
1436269920000 1.8668
1436271060000 1.85
1436271960000 1.84
1436272440000 1.85
1436272500000 1.8499
1436272620000 1.84
1436272680000 1.84
1436272800000 1.84
1436272860000 1.84
1436272980000 1.84
1436273040000 1.84
1436273100000 1.841
1436273160000 1.84
1436273220000 1.8401
1436273340000 1.84
1436273400000 1.84
1436273520000 1.84
1436273580000 1.8458
1436273640000 1.8301
1436274120000 1.8376
1436274360000 1.831
1436276100000 1.832
1436278080000 1.83
1436278800000 1.8408
1436280120000 1.836
