1436261400000 2.8
1436261460000 2.8
1436261520000 2.7899
1436261580000 2.785
1436261640000 2.785
1436261700000 2.775
1436261760000 2.77
1436261820000 2.77
1436261880000 2.77
1436261940000 2.779
1436262000000 2.775
1436262060000 2.7721
1436262120000 2.7701
1436262180000 2.77
1436262240000 2.775
1436262300000 2.775
1436262420000 2.7799
1436262480000 2.77
1436262540000 2.775
1436262600000 2.77
1436262660000 2.78
1436262720000 2.78
1436262780000 2.78
1436262840000 2.78
1436262900000 2.775
1436262960000 2.77
1436263020000 2.78
1436263080000 2.771
1436263140000 2.77
1436263200000 2.77
1436263260000 2.761
1436263320000 2.7699
1436263380000 2.77
1436263440000 2.77
1436263500000 2.761
1436263560000 2.77
1436263620000 2.77
1436263680000 2.77
1436263740000 2.77
1436263800000 2.77
1436263860000 2.77
1436263920000 2.765
1436263980000 2.765
1436264040000 2.7699
1436264100000 2.765
1436264160000 2.77
1436264220000 2.765
1436264280000 2.765
1436264340000 2.765
1436264400000 2.77
1436264460000 2.77
1436264520000 2.765
1436264580000 2.77
1436264640000 2.77
1436264700000 2.77
1436264760000 2.77
1436264820000 2.77
1436264880000 2.77
1436264940000 2.77
1436265000000 2.78
1436265060000 2.78
1436265120000 2.78
1436265180000 2.78
1436265240000 2.78
1436265300000 2.775
1436265360000 2.78
1436265420000 2.775
1436265480000 2.78
1436265540000 2.76
1436265600000 2.76
1436265660000 2.7601
1436265720000 2.77
1436265780000 2.76
1436265840000 2.76
1436265900000 2.765
1436265960000 2.76
1436266020000 2.77
1436266080000 2.77
1436266140000 2.77
1436266200000 2.78
1436266260000 2.77
1436266320000 2.7701
1436266380000 2.78
1436266440000 2.775
1436266500000 2.775
1436266560000 2.775
1436266620000 2.775
1436266680000 2.775
1436266740000 2.775
1436266800000 2.78
1436266860000 2.775
1436266920000 2.78
1436266980000 2.775
1436267040000 2.775
1436267100000 2.7701
1436267160000 2.775
1436267220000 2.78
1436267280000 2.78
1436267340000 2.78
1436267400000 2.78
1436267460000 2.775
1436267520000 2.78
1436267580000 2.775
1436267640000 2.78
1436267700000 2.775
1436267760000 2.79
1436267820000 2.785
1436267880000 2.79
1436267940000 2.79
1436268000000 2.78
1436268060000 2.79
1436268120000 2.775
1436268180000 2.775
1436268240000 2.78
1436268300000 2.775
1436268360000 2.78
1436268420000 2.78
1436268480000 2.775
1436268540000 2.775
1436268600000 2.77
1436268660000 2.77
1436268720000 2.78
1436268780000 2.78
1436268840000 2.775
1436268900000 2.775
1436268960000 2.78
1436269020000 2.77
1436269080000 2.77
1436269140000 2.775
1436269200000 2.775
1436269260000 2.78
1436269320000 2.77
1436269380000 2.775
1436269440000 2.775
1436269500000 2.78
1436269560000 2.78
1436269620000 2.78
1436269680000 2.78
1436269740000 2.78
1436269800000 2.775
1436269860000 2.775
1436269920000 2.775
1436269980000 2.77
1436270040000 2.775
1436270100000 2.77
1436270160000 2.78
1436270220000 2.78
1436270280000 2.775
1436270340000 2.78
1436270400000 2.775
1436270460000 2.78
1436270520000 2.78
1436270580000 2.77
1436270640000 2.77
1436270700000 2.78
1436270820000 2.7728
1436270880000 2.77
1436270940000 2.78
1436271000000 2.78
1436271060000 2.77
1436271120000 2.775
1436271180000 2.765
1436271240000 2.77
1436271300000 2.78
1436271360000 2.78
1436271420000 2.78
1436271480000 2.775
1436271540000 2.78
1436271600000 2.775
1436271660000 2.79
1436271720000 2.7892
1436271780000 2.79
1436271840000 2.79
1436271900000 2.79
1436271960000 2.79
1436272020000 2.79
1436272080000 2.79
1436272140000 2.78
1436272200000 2.79
1436272260000 2.79
1436272320000 2.8
1436272380000 2.8
1436272440000 2.8
1436272500000 2.79
1436272560000 2.795
1436272620000 2.8
1436272680000 2.8
1436272740000 2.8
1436272800000 2.8
1436272860000 2.8
1436272920000 2.82
1436272980000 2.82
1436273040000 2.82
1436273100000 2.825
1436273160000 2.83
1436273220000 2.83
1436273280000 2.83
1436273340000 2.83
1436273400000 2.83
1436273460000 2.835
1436273520000 2.84
1436273580000 2.84
1436273640000 2.84
1436273700000 2.84
1436273760000 2.85
1436273820000 2.845
1436273880000 2.85
1436273940000 2.85
1436274000000 2.84
1436274060000 2.845
1436274120000 2.85
1436274180000 2.85
1436274240000 2.85
1436274300000 2.85
1436274360000 2.84
1436274420000 2.84
1436274480000 2.83
1436274540000 2.84
1436274600000 2.8301
1436274660000 2.84
1436274720000 2.84
1436274780000 2.8492
1436274840000 2.845
1436274900000 2.84
1436274960000 2.85
1436275020000 2.845
1436275080000 2.85
1436275140000 2.845
1436275200000 2.85
1436275260000 2.85
1436275320000 2.85
1436275380000 2.85
1436275440000 2.83
1436275500000 2.83
1436275560000 2.835
1436275620000 2.83
1436275680000 2.83
1436275740000 2.83
1436275800000 2.83
1436275860000 2.83
1436275920000 2.83
1436275980000 2.835
1436276040000 2.835
1436276100000 2.84
1436276160000 2.835
1436276220000 2.835
1436276280000 2.835
1436276340000 2.835
1436276400000 2.84
1436276460000 2.835
1436276520000 2.835
1436276580000 2.835
1436276640000 2.84
1436276700000 2.84
1436276760000 2.85
1436276820000 2.845
1436276880000 2.845
1436276940000 2.845
1436277000000 2.86
1436277060000 2.865
1436277120000 2.865
1436277180000 2.865
1436277240000 2.85
1436277300000 2.85
1436277360000 2.85
1436277420000 2.85
1436277480000 2.845
1436277540000 2.845
1436277600000 2.845
1436277660000 2.86
1436277720000 2.855
1436277780000 2.855
1436277840000 2.855
1436277900000 2.85
1436277960000 2.855
1436278020000 2.86
1436278080000 2.855
1436278140000 2.86
1436278200000 2.86
1436278260000 2.86
1436278320000 2.86
1436278380000 2.855
1436278440000 2.855
1436278500000 2.86
1436278560000 2.86
1436278620000 2.855
1436278680000 2.855
1436278740000 2.85
1436278800000 2.845
1436278860000 2.84
1436278920000 2.85
1436278980000 2.83
1436279040000 2.835
1436279100000 2.84
1436279160000 2.83
1436279220000 2.835
1436279280000 2.83
1436279340000 2.83
1436279400000 2.83
1436279460000 2.835
1436279520000 2.835
1436279580000 2.835
1436279640000 2.845
1436279700000 2.835
1436279760000 2.84
1436279820000 2.83
1436279880000 2.84
1436279940000 2.85
1436280000000 2.85
1436280060000 2.85
1436280120000 2.845
1436280180000 2.85
1436280240000 2.85
1436280300000 2.84
1436280360000 2.845
1436280420000 2.84
1436280480000 2.84
1436280540000 2.84
1436280600000 2.845
1436280660000 2.84
1436280720000 2.845
1436280780000 2.85
1436280840000 2.8587
1436280900000 2.855
1436280960000 2.845
1436281020000 2.84
1436281080000 2.85
1436281140000 2.845
1436281200000 2.85
1436281260000 2.85
1436281320000 2.855
1436281380000 2.855
1436281440000 2.85
1436281500000 2.845
1436281560000 2.845
1436281620000 2.85
