1436261400000 12.4
1436261460000 12.39
1436261580000 12.45
1436261640000 12.4
1436261700000 12.36
1436261760000 12.28
1436261820000 12.28
1436261880000 12.29
1436261940000 12.28
1436262000000 12.2108
1436262060000 12.2301
1436262120000 12.26
1436262180000 12.26
1436262300000 12.22
1436262360000 12.22
1436262420000 12.21
1436262480000 12.17
1436262540000 12.19
1436262600000 12.19
1436262660000 12.17
1436262720000 12.15
1436262780000 12.14
1436262840000 12.15
1436262900000 12.12
1436262960000 12.0802
1436263020000 12.08
1436263080000 12.04
1436263140000 12.03
1436263200000 12.03
1436263260000 12.0199
1436263320000 12.04
1436263380000 12.05
1436263440000 12.05
1436263500000 12.0592
1436263560000 12.04
1436263620000 12.03
1436263680000 11.97
1436263740000 11.9599
1436263800000 11.96
1436263860000 11.96
1436263920000 11.99
1436264040000 11.99
1436264100000 11.99
1436264160000 11.98
1436264220000 11.99
1436264280000 11.99
1436264340000 11.99
1436264400000 12.01
1436264460000 12.01
1436264520000 11.9901
1436264580000 12.0
1436264640000 12.0
1436264700000 11.99
1436264760000 12.0
1436264820000 11.98
1436264880000 11.94
1436264940000 11.95
1436265000000 11.96
1436265060000 11.95
1436265120000 11.95
1436265180000 11.97
1436265240000 11.97
1436265300000 11.99
1436265360000 11.97
1436265420000 11.99
1436265480000 11.98
1436265540000 11.97
1436265600000 11.96
1436265660000 11.955
1436265720000 11.96
1436265780000 11.95
1436265840000 11.96
1436265900000 11.95
1436265960000 11.97
1436266020000 11.99
1436266080000 12.04
1436266140000 12.05
1436266200000 12.08
1436266260000 12.1
1436266320000 12.16
1436266380000 12.14
1436266440000 12.145
1436266500000 12.17
1436266560000 12.2
1436266620000 12.19
1436266680000 12.15
1436266740000 12.169
1436266800000 12.14
1436266860000 12.13
1436266920000 12.13
1436266980000 12.14
1436267040000 12.14
1436267100000 12.13
1436267160000 12.14
1436267220000 12.125
1436267280000 12.13
1436267340000 12.15
1436267400000 12.15
1436267460000 12.16
1436267520000 12.16
1436267580000 12.1928
1436267640000 12.1812
1436267700000 12.19
1436267760000 12.23
1436267820000 12.24
1436267880000 12.2401
1436267940000 12.245
1436268000000 12.24
1436268060000 12.25
1436268120000 12.21
1436268180000 12.21
1436268240000 12.21
1436268300000 12.23
1436268360000 12.2001
1436268420000 12.2
1436268480000 12.19
1436268540000 12.19
1436268600000 12.1859
1436268660000 12.2
1436268720000 12.19
1436268780000 12.18
1436268840000 12.18
1436268900000 12.17
1436268960000 12.18
1436269020000 12.19
1436269080000 12.19
1436269140000 12.2
1436269200000 12.2
1436269260000 12.19
1436269320000 12.22
1436269380000 12.25
1436269440000 12.28
1436269500000 12.29
1436269560000 12.3
1436269620000 12.3
1436269680000 12.3
1436269800000 12.31
1436269860000 12.36
1436269920000 12.34
1436269980000 12.325
1436270040000 12.32
1436270100000 12.32
1436270160000 12.31
1436270220000 12.35
1436270280000 12.37
1436270340000 12.38
1436270400000 12.383
1436270460000 12.29
1436270520000 12.3285
1436270580000 12.34
1436270640000 12.32
1436270700000 12.33
1436270820000 12.33
1436270880000 12.31
1436270940000 12.3
1436271000000 12.31
1436271060000 12.29
1436271120000 12.28
1436271240000 12.28
1436271300000 12.27
1436271360000 12.28
1436271480000 12.28
1436271540000 12.28
1436271600000 12.28
1436271660000 12.2799
1436271720000 12.28
1436271780000 12.28
1436271840000 12.3
1436271900000 12.29
1436271960000 12.31
1436272020000 12.34
1436272080000 12.35
1436272140000 12.35
1436272200000 12.32
1436272260000 12.36
1436272320000 12.37
1436272380000 12.36
1436272440000 12.36
1436272500000 12.39
1436272560000 12.34
1436272620000 12.3501
1436272680000 12.37
1436272740000 12.4
1436272800000 12.39
1436272860000 12.37
1436272920000 12.36
1436273040000 12.38
1436273100000 12.38
1436273160000 12.4
1436273220000 12.4
1436273280000 12.41
1436273340000 12.42
1436273400000 12.42
1436273460000 12.42
1436273520000 12.42
1436273580000 12.43
1436273640000 12.44
1436273760000 12.44
1436273820000 12.43
1436273880000 12.43
1436273940000 12.45
1436274000000 12.44
1436274060000 12.45
1436274120000 12.45
1436274180000 12.43
1436274240000 12.43
1436274300000 12.43
1436274360000 12.43
1436274420000 12.4
1436274480000 12.4
1436274540000 12.43
1436274600000 12.42
1436274660000 12.41
1436274720000 12.43
1436274780000 12.45
1436274840000 12.44
1436274900000 12.46
1436274960000 12.42
1436275020000 12.41
1436275080000 12.41
1436275140000 12.42
1436275200000 12.43
1436275260000 12.43
1436275320000 12.43
1436275380000 12.43
1436275440000 12.42
1436275620000 12.42
1436275680000 12.43
1436275740000 12.45
1436275800000 12.46
1436275860000 12.45
1436275920000 12.44
1436275980000 12.43
1436276040000 12.43
1436276100000 12.45
1436276220000 12.46
1436276280000 12.465
1436276340000 12.44
1436276400000 12.45
1436276460000 12.44
1436276520000 12.45
1436276580000 12.46
1436276640000 12.47
1436276700000 12.48
1436276760000 12.48
1436276820000 12.46
1436276880000 12.455
1436276940000 12.47
1436277000000 12.5
1436277060000 12.49
1436277120000 12.49
1436277180000 12.48
1436277240000 12.48
1436277300000 12.48
1436277360000 12.49
1436277420000 12.49
1436277480000 12.49
1436277540000 12.48
1436277600000 12.49
1436277660000 12.48
1436277720000 12.47
1436277780000 12.49
1436277840000 12.5
1436277900000 12.49
1436277960000 12.49
1436278020000 12.47
1436278080000 12.47
1436278140000 12.48
1436278200000 12.49
1436278260000 12.49
1436278320000 12.49
1436278380000 12.49
1436278440000 12.49
1436278500000 12.48
1436278560000 12.47
1436278620000 12.475
1436278680000 12.475
1436278740000 12.47
1436278860000 12.475
1436278920000 12.44
1436278980000 12.44
1436279040000 12.45
1436279100000 12.46
1436279160000 12.48
1436279220000 12.46
1436279280000 12.45
1436279340000 12.43
1436279400000 12.45
1436279460000 12.475
1436279520000 12.45
1436279580000 12.48
1436279640000 12.48
1436279700000 12.47
1436279760000 12.47
1436279820000 12.48
1436279880000 12.47
1436279940000 12.49
1436280000000 12.5
1436280060000 12.49
1436280120000 12.51
1436280180000 12.52
1436280240000 12.54
1436280300000 12.57
1436280360000 12.57
1436280420000 12.55
1436280480000 12.56
1436280540000 12.57
1436280600000 12.57
1436280660000 12.5636
1436280720000 12.57
1436280780000 12.575
1436280840000 12.57
1436280900000 12.57
1436280960000 12.5701
1436281020000 12.56
1436281080000 12.57
1436281140000 12.58
1436281200000 12.61
1436281260000 12.61
1436281320000 12.58
1436281380000 12.57
1436281440000 12.57
1436281500000 12.58
1436281560000 12.56
1436281620000 12.56
